"","1","2","3","4","5","6","7","8","9","10","11","12","13","14","15","16","17","18","19","20","21","22","23","24","25","26","27","28","29","30","31","32","33","34","35","36","37","38","39","40","41","42","43","44","45","46","47","48","49","50","51","52","53","54","55","56","57","58","59","60","61","62","63","64","65","66","67","68","69","70","71","72","73","74","75","76","77","78","79","80","81","82"
"1",1,0.00405562733140758,0.121207827960068,0.156645983003384,0.212077613032369,0.256935428979972,0.382494695496203,0.470584580846777,0.0521900386603223,0.355027473683867,0.519967326141299,0.61911839233227,0.496119753360105,0.487818952422704,0.54965862291188,0.48342343512383,0.641584642650357,0.637887751138463,0.602419288591138,0.419308096614462,0.66920445136326,0.583727882374574,0.684783287724938,0.546344214004196,0.435939687681106,0.26676950986411,0.372235436697131,0.704215180309321,0.649792587083195,0.57482306059655,0.595967810865276,0.676801298649668,0.613764880290543,0.326497379682688,0.373908794428926,0.36340200713616,0.228821018725557,0.248747809262464,0.288064199551496,0.627675151666247,0.337276042470594,0.395709633459698,0.171337893938891,0.595459168329102,0.526484275864251,0.614776343523414,0.169371623231443,0.398062768102129,0.394253058936351,0.669484898552406,0.667294255959561,0.124360562806873,0.439780762641622,0.418972819397415,0.397799184217858,0.639644973036966,0.557059499162111,0.68490033226664,0.675505400969182,0.64734227410228,0.648969082376035,0.690059067284276,0.643986254014575,0.404307083490473,0.613219346536706,0.384858324600129,0.198754834365656,0.439597313863355,0.578870273684435,0.595471575680114,0.519012540720429,0.544420750860822,0.352544688093931,0.443586034802922,0.183148259352352,0.11672576358949,0.482881131915997,0.150477644749582,0.587786341540572,0.372718294307563,0.515028343330086,0.64953315615517
"2",0.00405562733140758,1,0.124872573539115,0.000320888798634063,0.160283087544858,0.185704529823189,0.102789347746616,0.137175393107459,0.191951684254806,0.0234592467546258,0.201763721206672,0.178850132432619,0.229120730324102,0.286323075691951,0.116917348124113,0.146091346865154,0.154537853605648,0.222057616583373,0.0721068211426952,0.160721983903741,0.053865931448194,0.151062341177118,0.147304863455071,0.144266815647427,0.160151028308095,0.00969803712469815,0.120020116682773,0.131721861773944,0.165779809827879,0.218582292105969,0.145076313177996,0.18463782200839,0.115208593439991,0.125117101284464,0.109700539257224,0.0192572849425199,0.0322329151558884,0.0536535672665572,0.151613731550024,0.0548738498228176,0.0209959821944116,0.0309653442850731,0.0510137800635116,0.108157631855504,0.141669130134087,0.065499783649161,0.019294653667372,0.0771668382330642,0.0500958707939925,0.150081602447533,0.161334044904233,0.205237195674834,0.150233701634055,0.050805365647037,0.0221296825324006,0.113390770796099,0.102008780907302,0.19221821066941,0.131231169999994,0.201116896994056,0.140590960857635,0.125027542911945,0.0808575015385258,0.12201456533319,0.0994106255549776,0.100538237045623,0.252324787021711,0.340959441573847,0.0829814106978038,0.222215501117779,0.0468391227779067,0.106642332734618,0.062405240134078,0.0918022694497036,0.0359916204678672,0.246511444897501,0.0164100797693922,0.0765745712340751,0.0956404239339618,0.0955698798539623,0.124103199837644,0.126419051459479
"3",0.121207827960068,0.124872573539115,1,0.0838786309730303,0.47659640370155,0.522742773409792,0.155862987472392,0.233877307686605,0.439142647195636,0.197335377900816,0.169649493731598,0.0761434825005144,0.189026702207871,0.103334403921542,0.139541274717022,0.0254966107451302,0.135468340409033,0.1442638250373,0.068583134813097,0.180068798419834,0.103723049203134,0.0271525788391723,0.0361856171830426,0.0110739051917621,0.17246350680659,0.138387923650928,0.0112593419216385,0.119885149604225,0.0615241628215826,0.0219482275897532,0.254907772224385,0.0219657832290724,0.073727515172189,0.0127832226125303,0.154734144389633,0.40677028070343,0.124595073735812,0.470060830709882,0.0356433761073583,0.228836052118973,0.116041630805807,0.031457805613939,0.318683116829392,0.127602092953932,0.272673351308113,0.284551887568978,0.0435531763410019,0.0255049543274166,0.0210394384005728,0.052779340512806,0.0637686634605038,0.213955252367484,0.0127263682229957,0.023105375109792,0.29430377018198,0.0792922446832128,0.0173535593368936,0.0459145402662171,0.0682372612387778,0.00598117215752369,0.0791428765875799,0.0902161203762896,0.0745861760408832,0.246184942121165,0.15080140012377,0.40533801161498,0.541532848769246,0.186204504088861,0.074738895164718,0.0191375699467164,0.126944826728125,0.205756783659769,0.0686453814593547,0.439677706104588,0.240733829558303,0.307921327140604,0.069238951682893,0.0284685001552937,0.168150614500058,0.00598752038242271,0.0782689492290092,0.0457944982507384
"4",0.156645983003384,0.000320888798634063,0.0838786309730303,1,0.0668358297389186,0.249693849712849,0.142273777290926,0.0641973513134804,0.0286373166178487,0.172184209238891,0.187837342296866,0.245789350096047,0.211978335525375,0.251738509054011,0.177977657734435,0.227335384123315,0.193008976482839,0.258550365693022,0.229624492125383,0.319116614482267,0.180800066843995,0.247263118700483,0.25242828684873,0.255465299009509,0.277315292582506,0.131648985525914,0.153357662549484,0.260857954573761,0.213794801718358,0.277197927758138,0.215808365977377,0.244457002572201,0.286740320755003,0.039922812535387,0.112349388984303,0.0635255395523368,0.0771944766439865,0.209289892453151,0.108401210059659,0.177798589998785,0.115782876141376,0.155007176476496,0.0903583290393412,0.209056358968304,0.222011235376621,0.229769444560524,0.0796481892387204,0.0102539711245975,0.076320587040177,0.298634297687114,0.244556865654632,0.0643983279828835,0.224358587336493,0.183084500336915,0.195016322229962,0.254002508184074,0.294815379666917,0.22655107893546,0.229780149690705,0.280259051230263,0.270718590966061,0.240421525118842,0.244013387618025,0.286304263659773,0.232470511794168,0.218795926218811,0.113123166861803,0.13243435742118,0.271791690751322,0.296653537940924,0.169698458036078,0.151886304495659,0.130787237790616,0.0377199540669303,0.0575306215917656,0.00600284169141752,0.185848612358768,0.2559120831211,0.139512884335989,0.108921616179698,0.201622164142685,0.309166036101972
"5",0.212077613032369,0.160283087544858,0.47659640370155,0.0668358297389186,1,0.532467281193262,0.354927343875075,0.0926663448318125,0.419456873875336,0.377590944603621,0.510253746768815,0.402968125345928,0.487316339111525,0.317859029825888,0.258321915523969,0.248975396661196,0.294833521908675,0.467932354037781,0.23630061509333,0.448836261153208,0.284149721630382,0.386409003513486,0.370344541363756,0.369250316773996,0.428939181065979,0.3061323429231,0.182478478478877,0.268588179346791,0.328603529564127,0.298092086185002,0.127880872370394,0.425001602898695,0.44145678163808,0.382573578296703,0.413885716973336,0.153834702258782,0.104115958912129,0.538617834432756,0.146393206091956,0.185630227282594,0.11264679064559,0.296628840179346,0.414896699863068,0.495099691268179,0.0274134768902941,0.0020149682611207,0.235257449236603,0.223736957553949,0.238224886738943,0.357805444882113,0.357204209336444,0.281478781630488,0.293607215967816,0.210001738412221,0.0839834897789803,0.330157440951852,0.362904415233529,0.373962292552408,0.347691356797399,0.36358728495286,0.324893552731619,0.34650896116477,0.35227764944259,0.440034979746518,0.160442558618576,0.581210596435893,0.585468145996267,0.421420279152258,0.369145440180587,0.369919978545783,0.182113224380536,0.201925982233828,0.32184722451944,0.0878292500856358,0.0456979927028745,0.153037200923004,0.199319580461378,0.0198448779071887,0.223971770826682,0.211522192205302,0.217101551727623,0.308885407630716
"6",0.256935428979972,0.185704529823189,0.522742773409792,0.249693849712849,0.532467281193262,1,0.398143606449289,0.21716268975077,0.334574059404702,0.381913046966678,0.558057777386121,0.504332729256679,0.586299865660539,0.487011057693217,0.269345160860977,0.367541481372555,0.423685368153667,0.613321928170506,0.372936946745907,0.573871124826629,0.362106213026116,0.394421670856915,0.450771220509588,0.467963432732947,0.582403047275411,0.3059002431331,0.354351895057206,0.40840744900728,0.423586612816859,0.461021119864994,0.26502473107837,0.484196352207278,0.532016393821594,0.350095071348499,0.383030270097395,0.0993396076929981,0.0864098409895622,0.542654976395238,0.109377909818164,0.224973231722364,0.143768877989043,0.252122582647769,0.349070401565147,0.481918004859286,0.213416244501275,0.157662775836271,0.156754363636305,0.208060310953677,0.225276416942686,0.444300104089564,0.431072587496804,0.372669681965884,0.333915420388392,0.300550167173772,0.0369563776736251,0.319945090179478,0.467969058803516,0.46702936832663,0.432581661494605,0.485871813713753,0.428030244352609,0.415232049270041,0.379909810562601,0.514323544098254,0.265900275268384,0.618109606643626,0.565353460549602,0.510244741978678,0.392263167145654,0.469104063813705,0.234691565448934,0.261761374649718,0.451618146855619,0.154893998291761,0.0358429208177685,0.190955780958634,0.244684278908934,0.253276504676366,0.187086604973425,0.279746313885224,0.323120368353699,0.429301227037755
"7",0.382494695496203,0.102789347746616,0.155862987472392,0.142273777290926,0.354927343875075,0.398143606449289,1,0.309452337058397,0.255290122837063,0.423127328719438,0.545742401128367,0.490060427962384,0.552619893052466,0.459084406199153,0.394860053943283,0.373471670229944,0.489585196502979,0.569412183182976,0.491334446263753,0.430611194724731,0.493563914831267,0.412356625151774,0.528824393236186,0.345236998546503,0.452839282157762,0.179729674847728,0.462090043036482,0.479180707339196,0.473818738300706,0.414544138036909,0.372155255315944,0.514170988772403,0.493666041416829,0.24044295634696,0.424529094002578,0.0890614774456481,0.107318126176452,0.280571876582103,0.239636854360748,0.431686262041931,0.336860823049154,0.344299514072964,0.325645214686676,0.493242414866757,0.282336012965396,0.35954683691091,0.205063415293142,0.272532574615968,0.335430356316748,0.524690469353203,0.489813128841778,0.150048674043965,0.345722322522403,0.389150116176991,0.176147413130162,0.448870906652416,0.512630953154367,0.476636359529736,0.544838413251021,0.509162391806051,0.481443694221526,0.536754969538737,0.514046193985328,0.38659776269732,0.446170509751454,0.506957236568733,0.386793020543308,0.433340667267838,0.392235582871604,0.50198950231257,0.422042173449267,0.441820132527281,0.409617827747491,0.220301785169055,0.0311111891981904,0.102313539046997,0.400750990970105,0.0872341935376595,0.361282733300729,0.399856379937458,0.375894338713897,0.501605011073932
"8",0.470584580846777,0.137175393107459,0.233877307686605,0.0641973513134804,0.0926663448318125,0.21716268975077,0.309452337058397,1,0.00548016920436524,0.266439813077934,0.485539438193152,0.568947312995375,0.521955094214533,0.598984458214199,0.505797662956689,0.435065528118274,0.673309124358663,0.590229102351785,0.543618063010553,0.43549147872426,0.571844553326215,0.532846279856342,0.582383089471444,0.512125681114283,0.405877569906045,0.164522953650222,0.436074581525461,0.680201417964307,0.607438212789659,0.562404325144473,0.634701500896539,0.599875471740754,0.539330152243546,0.404582888767587,0.324680063845391,0.381339461909461,0.267401639971305,0.0333237933666051,0.255199167737641,0.54170160723073,0.402992481183941,0.339602121210834,0.102658500322082,0.50481646253806,0.525152712776311,0.566873924820125,0.0741361330058644,0.394718751405794,0.374088145673966,0.628283336816901,0.656899308480966,0.0748718747007239,0.465640920726947,0.435764383716474,0.356639096493277,0.502716671199279,0.500728427224938,0.644011088162885,0.672528237023474,0.60613395682697,0.608354171029653,0.646328005742012,0.589121561540533,0.275156371565285,0.596181800111752,0.287416098313006,0.13522634889034,0.429670289662079,0.371329291966924,0.52910925303015,0.498766371678149,0.499329329467528,0.361413027951433,0.39999277835804,0.175372070376338,0.064815697664668,0.458820678891648,0.182239309750686,0.464880776992256,0.352187395515747,0.597910746927597,0.592229474254373
"9",0.0521900386603223,0.191951684254806,0.439142647195636,0.0286373166178487,0.419456873875336,0.334574059404702,0.255290122837063,0.00548016920436524,1,0.236121496106771,0.267894591736786,0.127209801507029,0.283065744320633,0.181347967482873,0.0509203782268701,0.120459415993166,0.0623544090489497,0.211951295044427,0.0713579457104606,0.220081870690132,0.0757656042151039,0.107399671138107,0.0633702853932421,0.0505723745090936,0.167371684357697,0.093676969366744,0.128371052502945,0.0720461139229069,0.0730158764948066,0.0605564048647253,0.0443056511906636,0.176034881600337,0.153771802500182,0.117002356974728,0.196949941194308,0.181203973873259,0.185368284731157,0.278661703282186,0.0529472844787757,0.0149992489180484,0.05963827367687,0.156677394084779,0.297087077010698,0.235692315088255,0.093800885545165,0.135629997629775,0.154394712663012,0.109323240064646,0.0340217528114761,0.0878683565982641,0.104253909202928,0.2405069200202,0.0651220280939498,0.0919851295559796,0.149457306333597,0.0217321167446763,0.0735703623098936,0.124030938196975,0.127789858130938,0.141681921919757,0.0814071809083145,0.0790384239994227,0.0954276330459709,0.172012338815276,0.024611919100731,0.364808809335464,0.399004163878426,0.248476929772087,0.0769091115915146,0.0751411892482405,0.0173943024696841,0.00450615360087661,0.141625943826165,0.196775508422975,0.276697419127983,0.0805458527989352,0.0383776663594344,0.128548137972591,0.0519728385711799,0.0966045451805467,0.0430450953841246,0.0276078995692473
"10",0.355027473683867,0.0234592467546258,0.197335377900816,0.172184209238891,0.377590944603621,0.381913046966678,0.423127328719438,0.266439813077934,0.236121496106771,1,0.528719882301797,0.473445996180724,0.460454828092899,0.414282806843742,0.39852275987947,0.372815921859183,0.446155827429186,0.525498394436803,0.459418344833718,0.536082117456894,0.520640901006896,0.516188908735355,0.53374425857858,0.469814925320742,0.437178798153369,0.263636400252783,0.30694197841421,0.492554491503288,0.459643029259963,0.463128194795305,0.408924407577046,0.53975428239197,0.601714881358978,0.297062715527661,0.494620807808886,0.0677392578462126,0.0755607579458235,0.406877014354671,0.297131809262087,0.4491364422361,0.392860457895111,0.392809127235297,0.299715770899561,0.55098176760691,0.197481917522658,0.368953022447509,0.326169575172818,0.219867698512857,0.246670650672717,0.507645930458441,0.529705362718376,0.199220877554405,0.316838437774035,0.433865043248331,0.238008274775363,0.407031054232419,0.502328735853821,0.499923417934014,0.513446510117641,0.528159277734313,0.456322885173773,0.527473169164606,0.520345766196054,0.436693412177653,0.404324114625439,0.509710741415542,0.316714726044051,0.325589769407764,0.402935217879902,0.401282900968486,0.364215345292591,0.391936797458939,0.361819506509511,0.0785677253449711,0.113616544873166,0.116104888341117,0.289959814457301,0.120265914448697,0.286789920702153,0.271504169931676,0.306608055317037,0.509852014432152
"11",0.519967326141299,0.201763721206672,0.169649493731598,0.187837342296866,0.510253746768815,0.558057777386121,0.545742401128367,0.485539438193152,0.267894591736786,0.528719882301797,1,0.757843784773887,0.772209216479189,0.667181795893347,0.660519084984806,0.565039448744087,0.753876298608704,0.836759105446655,0.696575501733739,0.695323332513992,0.710008442547944,0.702946253590929,0.791015956447097,0.697751446408271,0.670090873303907,0.361822146310225,0.478984945654017,0.737272654546471,0.72965112892403,0.6813933897226,0.616566084384402,0.785860935789396,0.774965344711497,0.552939710801202,0.613829943226141,0.202674123753459,0.0517763014891299,0.480770874902083,0.373705966482405,0.661723087594237,0.402802606459695,0.489782436748966,0.429374677558716,0.768268887384047,0.408043754974848,0.523755560679907,0.321901432155998,0.359276540464879,0.450930182481477,0.782681084523058,0.762484096750933,0.249598889340257,0.58337724010725,0.56778969314657,0.286660085231349,0.721272185871392,0.715920313608837,0.793326969833581,0.791542341962072,0.757163458532048,0.761804090127702,0.792506036752963,0.749576459680901,0.543082907997746,0.615241030878753,0.666086227412857,0.555362123306378,0.615156163077611,0.643973934559487,0.719691161987374,0.518443547256138,0.613324722799073,0.472858432742027,0.244871259276946,0.0123608001964926,0.0426727571098315,0.434637965551355,0.180355850184843,0.581371564817559,0.425506400109868,0.563906908111048,0.726666088937769
"12",0.61911839233227,0.178850132432619,0.0761434825005144,0.245789350096047,0.402968125345928,0.504332729256679,0.490060427962384,0.568947312995375,0.127209801507029,0.473445996180724,0.757843784773887,1,0.710444335083136,0.684559077255337,0.65367567578653,0.560681965221044,0.798899560919215,0.846034786249753,0.70678975161406,0.622022484994538,0.769117259365285,0.754712345779614,0.829573966574475,0.733357695070728,0.645443565907441,0.36739275011728,0.407347209767252,0.79387291035142,0.800762971964896,0.719456590839121,0.699829174898644,0.817885483266219,0.781746184379353,0.538120970499771,0.523875984896581,0.264781250390258,0.185265449750063,0.419571338089672,0.324899588107499,0.716489066975739,0.38564893136741,0.417998407349075,0.291683596510233,0.746796402536009,0.538472007665693,0.642392176392598,0.206763584678774,0.446954888438897,0.454708199772919,0.81344571742981,0.83279895117489,0.22550584214635,0.63917306992252,0.548000366191813,0.301961046220029,0.762993804304569,0.702077229752931,0.837774195742453,0.804097440599341,0.784048482576194,0.81107436022638,0.827522864340957,0.763796368959457,0.568286973117018,0.683382995290647,0.599661433338079,0.459041471082203,0.641029422888773,0.686256474549853,0.753747575949449,0.570627359766299,0.650093978097417,0.536053674062343,0.402535018882491,0.117117027709561,0.0370725480323733,0.526528234643205,0.247236963172643,0.659430675118253,0.445987151486232,0.65687249866728,0.809053737579496
"13",0.496119753360105,0.229120730324102,0.189026702207871,0.211978335525375,0.487316339111525,0.586299865660539,0.552619893052466,0.521955094214533,0.283065744320633,0.460454828092899,0.772209216479189,0.710444335083136,1,0.675592892417565,0.630204037035334,0.612160315269376,0.751318818832709,0.82411737371891,0.684923902742449,0.707882717191904,0.676835938736062,0.661768462125815,0.757099645822057,0.670086765422777,0.675829619607794,0.28504583552579,0.552527801502405,0.718195508378483,0.746142044497741,0.719915744347493,0.641233213721166,0.757946139643756,0.726386102802348,0.420492534192581,0.598501297836169,0.179043653314479,0.0645751909280814,0.466139495498218,0.347645743723549,0.591167100836406,0.410164650587867,0.525525713564192,0.359449735119794,0.716279984650047,0.516339863081858,0.522785737938411,0.291274543115653,0.334719165902775,0.407934792027219,0.740551867320807,0.732324083170859,0.298896084705823,0.559601873096078,0.570296136728194,0.327426331843422,0.650270090216463,0.720887887603214,0.770947050314407,0.787707146345905,0.741273842454386,0.732472024369773,0.755783587379653,0.718676708749495,0.595704434433328,0.627480806692455,0.586980304076247,0.519421713108329,0.680699131041272,0.594182972372,0.757979128010882,0.5366270473884,0.597174546581785,0.485830155934148,0.26793967736643,0.0217687193099529,0.0194863590962868,0.439433652247623,0.254807457237204,0.492638437852569,0.498894761799579,0.509281430546106,0.68889812509864
"14",0.487818952422704,0.286323075691951,0.103334403921542,0.251738509054011,0.317859029825888,0.487011057693217,0.459084406199153,0.598984458214199,0.181347967482873,0.414282806843742,0.667181795893347,0.684559077255337,0.675592892417565,1,0.574705913126051,0.519781739150436,0.757010452133082,0.793713465273406,0.661226800443585,0.59278012956424,0.657686888041424,0.659795550924292,0.724588029696499,0.593100226060559,0.594970166191307,0.223139273420015,0.570334100338405,0.757883309507289,0.727638263957449,0.724197577082725,0.673555759262885,0.758332099576242,0.706027761706951,0.393562675809411,0.484642461341486,0.305487096683103,0.187969056214493,0.331751329934215,0.272083574901962,0.591126363708412,0.395023466138417,0.365731347835838,0.24493450929663,0.661225928796048,0.566157175752729,0.582528716477545,0.172081529370937,0.345102777042604,0.404569630445418,0.73979350484279,0.757017534751578,0.249635004525832,0.587998803762925,0.531324122444311,0.363952776912833,0.619386507033842,0.663824695580248,0.758728888839418,0.773078000203629,0.761567911076162,0.713462267417865,0.741089135332299,0.685239652966796,0.554680294977321,0.603048601045223,0.50673584805048,0.38834031504899,0.627883569492436,0.524869545199991,0.699151541949556,0.526343800217246,0.590964172274693,0.444258780916188,0.298963442411915,0.0356255174300368,0.00298960984104204,0.444397662495517,0.342002540301896,0.511240740693788,0.452601335824215,0.579337851970669,0.723591338330086
"15",0.54965862291188,0.116917348124113,0.139541274717022,0.177977657734435,0.258321915523969,0.269345160860977,0.394860053943283,0.505797662956689,0.0509203782268701,0.39852275987947,0.660519084984806,0.65367567578653,0.630204037035334,0.574705913126051,1,0.497844326678981,0.742374079504869,0.706756180135074,0.722445504043887,0.537682875853436,0.702458003928224,0.631178779723016,0.747756725567879,0.63478702021812,0.52541119704261,0.329901054363565,0.425610277458499,0.748907569337982,0.70848041799879,0.678216291540944,0.687819774942397,0.702279964293984,0.683607203099008,0.483362784795067,0.504637465423248,0.355217612000709,0.0947923476083984,0.291450098029528,0.372030480860241,0.69745808238965,0.399604473331863,0.446803033414283,0.270918553496645,0.632579436802235,0.523026348090578,0.602552791551359,0.261971163112448,0.334001786295754,0.344484808816017,0.737879686513721,0.72770646106784,0.163966848908128,0.607779512261613,0.537640504085164,0.42796364871497,0.710166735253964,0.6825858149197,0.732655986551144,0.753770930702737,0.734842114127727,0.774780533761681,0.777229984504455,0.748155459507541,0.349253792756312,0.677326945661048,0.410252884186839,0.288722840975885,0.51281788348159,0.609663839272464,0.673164027159508,0.593194847279127,0.657298972759573,0.428156407427918,0.460855994028939,0.0564478990883604,0.057313587345637,0.469990445136195,0.253444241753273,0.611859222141654,0.470083179327456,0.500835050269737,0.720999205756457
"16",0.48342343512383,0.146091346865154,0.0254966107451302,0.227335384123315,0.248975396661196,0.367541481372555,0.373471670229944,0.435065528118274,0.120459415993166,0.372815921859183,0.565039448744087,0.560681965221044,0.612160315269376,0.519781739150436,0.497844326678981,1,0.633960060923516,0.630664982229071,0.584639178291042,0.555844879234039,0.593269714947351,0.566148180659599,0.646399499586648,0.569551491381703,0.507280615086461,0.229843193781231,0.464974557831366,0.625159045027319,0.602124839127423,0.549008221292774,0.614393252603162,0.635680828116848,0.589997002240122,0.35746703676346,0.447829054228269,0.272761062108473,0.0825275469748897,0.344633786598187,0.302490642354347,0.538174372797766,0.389587205126949,0.397260162717213,0.221915586481108,0.561790062780085,0.470615689874457,0.483186016453107,0.228581674000475,0.289221631970778,0.306911302977323,0.627554758919125,0.590608402930409,0.115328268106811,0.440003039915487,0.493287849893394,0.298143656805165,0.572552658750853,0.601687617124626,0.624464165473434,0.643443937823365,0.619907061879576,0.611228601549197,0.65735707521675,0.607123933385206,0.430061098946528,0.511256519051497,0.414016033465933,0.302689983798515,0.45248675145678,0.46037042444886,0.578771259518089,0.425924943921038,0.549894429341313,0.371115469714241,0.236003256060067,0.0226659832052282,0.0941945346487914,0.376026633222962,0.185417224746405,0.404740946024538,0.327863931116161,0.48301712026963,0.572400400080537
"17",0.641584642650357,0.154537853605648,0.135468340409033,0.193008976482839,0.294833521908675,0.423685368153667,0.489585196502979,0.673309124358663,0.0623544090489497,0.446155827429186,0.753876298608704,0.798899560919215,0.751318818832709,0.757010452133082,0.742374079504869,0.633960060923516,1,0.89411753482116,0.841165500346031,0.665414404051277,0.867143374570285,0.816874974731157,0.893344098109044,0.778245352152698,0.669611930887133,0.381990500925963,0.587837051989392,0.898557820182148,0.896549289829535,0.838158927264443,0.891466144723571,0.8785446732501,0.813345502663859,0.49674651589527,0.596640459419584,0.456590059507332,0.165453515668743,0.312433040791755,0.42393514158815,0.805704456335164,0.522558016637351,0.46261749442805,0.258509599814365,0.783435698727778,0.697332823173329,0.764855843885611,0.265258960117113,0.386480274040075,0.460632192974632,0.889657990688736,0.878357464546512,0.205310724624086,0.706867812911162,0.651491258609319,0.52153603870366,0.806101145047837,0.831467113142752,0.898807794770133,0.936356206800671,0.856716270316949,0.895688073618024,0.926884763751519,0.880037134113789,0.552261700849242,0.796888356763105,0.499305391151347,0.32250467197188,0.658837559996903,0.669284134228075,0.809288507258889,0.681644855978773,0.790568849248343,0.525923478062113,0.550440186562091,0.133617875258646,0.138824186303476,0.570799696177142,0.298450597196474,0.707081123221107,0.527216057610751,0.669555579036715,0.853382966198005
"18",0.637887751138463,0.222057616583373,0.1442638250373,0.258550365693022,0.467932354037781,0.613321928170506,0.569412183182976,0.590229102351785,0.211951295044427,0.525498394436803,0.836759105446655,0.846034786249753,0.82411737371891,0.793713465273406,0.706756180135074,0.630664982229071,0.89411753482116,1,0.812215873338142,0.716376552827387,0.822125190668138,0.80092136053778,0.888591531386352,0.765213939641838,0.729485982587674,0.425000716469281,0.588103843210742,0.873234810950502,0.879925009337663,0.834656657758276,0.76394604186183,0.891253146020792,0.844218454227682,0.528176646900182,0.601497521615739,0.283845939723452,0.16918291828202,0.468963017434345,0.36236213767011,0.735047192526788,0.443611797434393,0.467032615456473,0.376894317805095,0.826633769630428,0.612141621043522,0.671368839473844,0.276386000863218,0.422743795880163,0.477834539058874,0.874706167160341,0.867005868015542,0.300923895358271,0.700789299825192,0.591383442768438,0.408406351823415,0.784390827698804,0.814952967715446,0.905500689284044,0.912700403747926,0.872674595535517,0.858537271246458,0.894597426253436,0.855489411658978,0.675464362326777,0.723130586819936,0.677481695748213,0.492880345446681,0.742001681864584,0.709297804720818,0.855635852759517,0.620865565561272,0.705646838910319,0.559168110025857,0.393138081192163,0.0772030653484029,0.00741815576972336,0.563291446896597,0.286424429095569,0.67421672413188,0.54330840004756,0.672906440992762,0.842586057503078
"19",0.602419288591138,0.0721068211426952,0.068583134813097,0.229624492125383,0.23630061509333,0.372936946745907,0.491334446263753,0.543618063010553,0.0713579457104606,0.459418344833718,0.696575501733739,0.70678975161406,0.684923902742449,0.661226800443585,0.722445504043887,0.584639178291042,0.841165500346031,0.812215873338142,1,0.615785710256939,0.813874968537553,0.712336760089106,0.837935857173691,0.691252887450393,0.63162254497909,0.374831280723392,0.569852945484756,0.840446596212862,0.812050977124931,0.775005963645484,0.824408390775364,0.804612571038145,0.754113776477696,0.376024855443075,0.565978944385755,0.406103770550226,0.150696622329556,0.325904990471335,0.465221177652869,0.752297606408605,0.532440279076761,0.461338248970302,0.283226000459671,0.729629449263079,0.610830785464794,0.722141201728581,0.291173775160127,0.318220202326742,0.41600780885229,0.82180743448313,0.792665215956448,0.176962941226353,0.621288997443476,0.618165760533773,0.536050968575903,0.762158038588839,0.79738454549761,0.80467253852899,0.876473444650576,0.814012051491548,0.834028358887954,0.865568187824664,0.850100623750704,0.497574092968994,0.747086950944969,0.486895859211785,0.298480130175283,0.561084705540376,0.64253086247691,0.753296820427903,0.668963456882984,0.740591471032065,0.45661322558793,0.529234788411198,0.0780816708362733,0.169632759612381,0.547023108096975,0.309778899853654,0.639893110574069,0.538046308045345,0.569875918227428,0.797507461829478
"20",0.419308096614462,0.160721983903741,0.180068798419834,0.319116614482267,0.448836261153208,0.573871124826629,0.430611194724731,0.43549147872426,0.220081870690132,0.536082117456894,0.695323332513992,0.622022484994538,0.707882717191904,0.59278012956424,0.537682875853436,0.555844879234039,0.665414404051277,0.716376552827387,0.615785710256939,1,0.628414757711623,0.629777800624775,0.69097632615759,0.640436027678411,0.608690359511432,0.248235899785768,0.542813171119027,0.662400027399742,0.650354985601514,0.656750355644051,0.593757630138367,0.686954350411754,0.709827703491209,0.412555033439012,0.598757257798879,0.200130759303195,0.043954009125367,0.472569230351668,0.42128411056376,0.562119865323642,0.432656300130107,0.514520625942322,0.334430689013119,0.706455569686673,0.436183681066531,0.486745027811303,0.350183100433186,0.26335104535364,0.304883195436488,0.744574923566086,0.657807064192961,0.238294057360214,0.468499999179172,0.577340899423975,0.349715914899695,0.597189509413187,0.713930023603515,0.654570433349235,0.720803365423296,0.711716021460636,0.686227393300872,0.702807986728887,0.713635020470771,0.529863170198082,0.576937535920444,0.544834837857067,0.437640413580946,0.530579878302769,0.569571484144601,0.595810331769724,0.517623190306194,0.589125939891517,0.483777667554046,0.11995893000145,0.0717519211860651,0.00630995848807675,0.376903365244586,0.361154698985285,0.355411459243178,0.372024168484236,0.453061762295939,0.675288595072408
"21",0.66920445136326,0.053865931448194,0.103723049203134,0.180800066843995,0.284149721630382,0.362106213026116,0.493563914831267,0.571844553326215,0.0757656042151039,0.520640901006896,0.710008442547944,0.769117259365285,0.676835938736062,0.657686888041424,0.702458003928224,0.593269714947351,0.867143374570285,0.822125190668138,0.813874968537553,0.628414757711623,1,0.777186917871206,0.868447660449817,0.726002716392004,0.620705814077246,0.382851741012835,0.52730982637079,0.857675168266332,0.866112366396504,0.759980855838359,0.831037409286661,0.837772555621417,0.782298519245052,0.426256847171143,0.560207116698732,0.393709337742363,0.108228674584873,0.317497409661241,0.463254666563867,0.820785963046806,0.563301721309256,0.45301549067603,0.260532923858603,0.794322026484087,0.660749283321443,0.747563766171296,0.319884251409471,0.395641991587247,0.422841917498359,0.851786190353697,0.849280220226376,0.158351702868114,0.646432930247277,0.643174073200959,0.520415223419904,0.788242161117017,0.807667797716347,0.832142760213339,0.878528685266296,0.818284568339369,0.850289463349896,0.894183840850577,0.853728227268439,0.549181814865903,0.787768040168604,0.480497022151153,0.283099505950135,0.549986276895997,0.696316213751072,0.727710826791042,0.664817622839177,0.774445345798989,0.466876078509008,0.56828535029408,0.0952747117764416,0.233301420917576,0.593032375541865,0.262252665993189,0.704231384321295,0.495494571096866,0.619065877450879,0.848431977634383
"22",0.583727882374574,0.151062341177118,0.0271525788391723,0.247263118700483,0.386409003513486,0.394421670856915,0.412356625151774,0.532846279856342,0.107399671138107,0.516188908735355,0.702946253590929,0.754712345779614,0.661768462125815,0.659795550924292,0.631178779723016,0.566148180659599,0.816874974731157,0.80092136053778,0.712336760089106,0.629777800624775,0.777186917871206,1,0.843947284649297,0.766820410495074,0.622439947242439,0.47426062760315,0.406538323830682,0.792564428223032,0.839524792160986,0.80826475550816,0.773014099876963,0.838697873175969,0.806123669074451,0.407097500053631,0.584001366335618,0.295873140288672,0.0792106035181848,0.421936111192651,0.34306803398331,0.769974205761101,0.499929902465634,0.421297252512686,0.198784054191692,0.778173649001378,0.601462416002374,0.65555289601206,0.350863022880086,0.288254113683366,0.370454840106982,0.786056388054283,0.792894940139772,0.276758227578648,0.592841202881557,0.596839011098894,0.467417991247521,0.75862476958905,0.763713596900575,0.83546598495071,0.80157763835409,0.799372753638659,0.794850139687522,0.845598091719874,0.822717526003882,0.624814280846971,0.747482904722764,0.528525794604424,0.383196665764042,0.569744712382425,0.712844662449078,0.700065925178013,0.578954244005907,0.685172427965301,0.456555820336004,0.44301833588651,0.100602773735017,0.131054901769046,0.482728424172512,0.258997104528624,0.602211398442206,0.402062143923899,0.538269201329917,0.805249907444822
"23",0.684783287724938,0.147304863455071,0.0361856171830426,0.25242828684873,0.370344541363756,0.450771220509588,0.528824393236186,0.582383089471444,0.0633702853932421,0.53374425857858,0.791015956447097,0.829573966574475,0.757099645822057,0.724588029696499,0.747756725567879,0.646399499586648,0.893344098109044,0.888591531386352,0.837935857173691,0.69097632615759,0.868447660449817,0.843947284649297,1,0.797546618986598,0.701083352227902,0.415847890117651,0.53337771180855,0.887434795107921,0.892755787232521,0.838855126198803,0.835971825796536,0.89326034728269,0.856357839951221,0.482321983154795,0.617702168843795,0.386787367660226,0.164318705326903,0.426516240046102,0.386460427239351,0.839421491996043,0.536580855594332,0.502794686567276,0.276827770774463,0.833485066277069,0.657605194502027,0.742097930123804,0.302576488800851,0.416342407354619,0.486030546237354,0.900604189986275,0.893018423156946,0.22984006531931,0.682159675867219,0.637774947077414,0.502053433862591,0.84410644203662,0.835543992404433,0.896208221893627,0.911816377605579,0.885217408362815,0.886415846318483,0.938160272312662,0.891222502522364,0.607147987944504,0.802642847037301,0.590154121102551,0.42245752855536,0.660733239787154,0.751618052157491,0.812578480506462,0.682771826212062,0.774822966583487,0.524895858846391,0.512394559814837,0.124623972206781,0.13827671398971,0.589486121391943,0.30765440330868,0.706387187256417,0.531684516664767,0.621746231627464,0.874759718392447
"24",0.546344214004196,0.144266815647427,0.0110739051917621,0.255465299009509,0.369250316773996,0.467963432732947,0.345236998546503,0.512125681114283,0.0505723745090936,0.469814925320742,0.697751446408271,0.733357695070728,0.670086765422777,0.593100226060559,0.63478702021812,0.569551491381703,0.778245352152698,0.765213939641838,0.691252887450393,0.640436027678411,0.726002716392004,0.766820410495074,0.797546618986598,1,0.643779515508557,0.498668577845283,0.34142859755866,0.72164191617958,0.777896046183807,0.761654558940068,0.731554184399512,0.762927601314983,0.781397651479999,0.463483841881572,0.544083221099847,0.263135452163077,0.0354406978930562,0.444843156693643,0.282549536444969,0.67341838379575,0.416481106171539,0.426977872889741,0.193585200487328,0.702909774620012,0.524189019895023,0.600723474297392,0.295747660000487,0.275854977715928,0.355641146915583,0.7785658807232,0.761036551601981,0.328588022601458,0.616388882803044,0.5325984244075,0.451065292567257,0.713859184751248,0.714948305293323,0.771293295188356,0.759823873272968,0.755124046127201,0.755906204875212,0.790657416617828,0.755713096094633,0.562133892991599,0.716908246697662,0.490976987346416,0.376710850446866,0.557495913621742,0.694090914347867,0.665471479338003,0.520108371683575,0.604393322221163,0.448527218852757,0.344447637420547,0.114054387354893,0.016948152911307,0.456762619077668,0.28638260988564,0.574557228794065,0.414479310076127,0.515683417937243,0.751621229490145
"25",0.435939687681106,0.160151028308095,0.17246350680659,0.277315292582506,0.428939181065979,0.582403047275411,0.452839282157762,0.405877569906045,0.167371684357697,0.437178798153369,0.670090873303907,0.645443565907441,0.675829619607794,0.594970166191307,0.52541119704261,0.507280615086461,0.669611930887133,0.729485982587674,0.63162254497909,0.608690359511432,0.620705814077246,0.622439947242439,0.701083352227902,0.643779515508557,1,0.36351894658579,0.383051234446241,0.651448806374378,0.683591490512315,0.658750840697428,0.567095531457413,0.69517003551878,0.661788466660182,0.413785756344347,0.572450544588171,0.161866939111023,0.0489408488297126,0.421871884533044,0.270883631552418,0.569984401454967,0.333670051237612,0.388965070532637,0.308149490479157,0.65896018978484,0.439970656829822,0.503720148487373,0.19907046463711,0.269392260450452,0.347175567322909,0.70874553212971,0.673006961021508,0.30473043686008,0.531743766274793,0.467093480369388,0.283587635748433,0.622641179838529,0.661578016390286,0.674734718473473,0.681140303817606,0.673645874030938,0.679922610031182,0.679586872097241,0.630300028755599,0.510187208323071,0.548907488417773,0.561487962408446,0.473848280042076,0.565626446663046,0.580857293960517,0.661460728554615,0.46827684757696,0.56407454176099,0.46958758157066,0.210678023859576,0.0277916072583992,0.0206495358693694,0.388966676475744,0.231490652294429,0.423882112392533,0.382899536081829,0.494319010874982,0.662578858846094
"26",0.26676950986411,0.00969803712469815,0.138387923650928,0.131648985525914,0.3061323429231,0.3059002431331,0.179729674847728,0.164522953650222,0.093676969366744,0.263636400252783,0.361822146310225,0.36739275011728,0.28504583552579,0.223139273420015,0.329901054363565,0.229843193781231,0.381990500925963,0.425000716469281,0.374831280723392,0.248235899785768,0.382851741012835,0.47426062760315,0.415847890117651,0.498668577845283,0.36351894658579,1,0.00157850242811038,0.341470336603785,0.430989449751668,0.407074460216366,0.306072851744136,0.325051480447783,0.427474154241251,0.299526876959143,0.286742608441779,0.00877966871298972,0.0127978712396033,0.299251293782539,0.0573109877825122,0.36508709452356,0.188163123118974,0.0914360531449826,0.0605216508333702,0.446829667737207,0.211794006281911,0.171095827783584,0.191871860961392,0.117447232606959,0.146916287139162,0.370653357570168,0.359614545049786,0.354136856000796,0.381200083513465,0.214396587172668,0.278073945714494,0.397909345483852,0.387406409210026,0.417996317974453,0.361419503117221,0.395440297177121,0.413105239887528,0.403063965307457,0.3822234462005,0.370331927054974,0.375593101478353,0.36521435429303,0.294614191449536,0.268814993077047,0.435263457141937,0.295174527579497,0.16316578537499,0.27938521081944,0.263733477264166,0.179490758559183,0.0839648174684556,0.0662312651871168,0.252672322885446,0.135921299592822,0.281961953443038,0.126585598884906,0.18695725171117,0.405705216981046
"27",0.372235436697131,0.120020116682773,0.0112593419216385,0.153357662549484,0.182478478478877,0.354351895057206,0.462090043036482,0.436074581525461,0.128371052502945,0.30694197841421,0.478984945654017,0.407347209767252,0.552527801502405,0.570334100338405,0.425610277458499,0.464974557831366,0.587837051989392,0.588103843210742,0.569852945484756,0.542813171119027,0.52730982637079,0.406538323830682,0.53337771180855,0.34142859755866,0.383051234446241,0.00157850242811038,1,0.572297747205788,0.531413621142078,0.496579529773081,0.580797376247592,0.557956052230331,0.495992998971683,0.233377596985013,0.377297067228361,0.315003366570463,0.115959763899136,0.218796103825798,0.356948741440167,0.424961891249153,0.376221040320176,0.340112635769369,0.24114386319015,0.444157983762822,0.483061876469598,0.459299203750143,0.216870225749868,0.18705614346113,0.257476536761165,0.544225462238892,0.532424226762225,0.116815612574847,0.387139687475956,0.487531826891072,0.362165892048374,0.433579266411768,0.543604838670469,0.503232713673774,0.635687949121944,0.531833294402875,0.508109929669909,0.543760199520031,0.579929818700613,0.383170956863064,0.455042870753315,0.350354052390825,0.244644622405459,0.43755228521616,0.299042221182543,0.52906129932526,0.418776591217827,0.515030645191365,0.335577051508282,0.237831729953567,0.0495579288361277,0.119906994891945,0.321618255550161,0.268151645374671,0.344186579523895,0.40961015756587,0.417535318541217,0.493550099698178
