"","1","2","3","4","5","6","7","8","9","10","11","12","13","14","15","16","17","18","19","20","21","22","23","24","25","26","27","28","29","30","31","32","33","34","35","36","37","38","39","40","41","42","43","44","45","46","47","48","49","50","51","52","53","54","55","56","57","58","59","60","61","62","63","64","65","66","67","68","69","70","71","72","73","74","75","76","77","78","79","80","81","82"
"1",1,0.2449819236853,0.489297594571204,0.278072607498855,0.344470776094692,0.212821438289879,0.0389804192485369,0.0972081368567726,0.157643609312368,0.440137863389873,0.389633275505195,0.482556058264719,0.510677564728515,0.307447247181618,0.327290205267441,0.327174841487563,0.562952797127203,0.515927590227289,0.565908010292145,0.557796074411795,0.493370488887251,0.544232112744671,0.606301194298373,0.259596843771851,0.176376021287963,0.0541676371629481,0.276157565731751,0.567959717623554,0.529105448519317,0.587141737763392,0.43780623316512,0.565532083583399,0.495344419125017,0.622750531840487,0.55382079802064,0.0554086009055662,0.313268980063549,0.546637602561473,0.0923337463009027,0.356410083768153,0.351005953137416,0.00804250205533564,0.183722615768769,0.526894332687116,0.54729422912067,0.2558420847351,0.405833159279305,0.128720754753362,0.453716887051872,0.515708412550857,0.408071438317331,0.254448242399384,0.0265436566697541,0.2397019835495,0.44539240271976,0.440174984988738,0.446046501082781,0.565365008031437,0.499279935027019,0.46839525927215,0.482798724241697,0.578948699663531,0.424740757168963,0.411010245944167,0.504685385105805,0.203048231766218,0.346808305827748,0.482078847997654,0.168358190416825,0.404544295732337,0.401086626062153,0.469379211463284,0.375405463435188,0.164912101141621,0.0665822168395969,0.319656938888042,0.355627360488314,0.454174306116189,0.198422149082922,0.190904999357546,0.279973651267595,0.510610115682284
"2",0.2449819236853,1,0.108520545919785,0.163794256274469,0.0511284878788263,0.0808670357168709,0.155090262775916,0.0799092059925856,0.0951002218215714,0.128826360026293,0.0708105506393308,0.173446218926785,0.225676698105361,0.0722577519202875,0.0359743594412902,0.105450545378637,0.198324805064435,0.167266417122543,0.256874122507196,0.225936546890089,0.179855445825121,0.273228590847119,0.210654231558532,0.0733940260407324,0.0357162343934292,0.0355301874928784,0.176609512356286,0.224237556410714,0.232650393193076,0.218921499731819,0.172130362789162,0.184436830205153,0.128831921379778,0.216415753041239,0.129808015596377,0.02630860962556,0.0952498354374683,0.179970393288902,0.165860408659499,0.0633137865141156,0.0730527313974311,0.053719828369374,0.0905374207529188,0.182114771839562,0.193966311505758,0.110264471570783,0.147016392175431,0.0117280108075557,0.166594890465,0.211050863748102,0.110306372775461,0.0960292331989597,0.0688402843520249,0.0383079714308606,0.135899157403994,0.0671659128407432,0.162446485484801,0.232023489778068,0.220450044062894,0.130590375573554,0.107720823675746,0.15136647156546,0.159957562970148,0.102408975273509,0.178976298018533,0.0813194194760218,0.177371416108755,0.130500926128385,0.00716001750013868,0.073259096572429,0.190905157134218,0.124108349387326,0.0960611725633294,0.0377878485608443,0.0308803980122936,0.139850812894481,0.0171875298752186,0.159968192231799,0.0884767504076241,0.0370427547775689,0.0673253753627025,0.139024705044301
"3",0.489297594571204,0.108520545919785,1,0.453083384046105,0.411208639716579,0.309143907814705,0.220690998998553,0.186250630233365,0.28543484208324,0.568736815324664,0.59845676228618,0.533412875541819,0.659863735151859,0.221035164018219,0.475136422140552,0.325829279527347,0.706192721341218,0.656276210758753,0.628385927407775,0.658241646330873,0.66652107354595,0.563176048004531,0.758129037932239,0.367327089325171,0.186563327475237,0.108699504611674,0.43231923350834,0.702137172274456,0.612685273060668,0.728123216873759,0.616069132559116,0.681137525179799,0.645427434692413,0.718165018642043,0.683453604510252,0.0721650457970927,0.379591548982366,0.621642892795555,0.0253606472753919,0.612082101150376,0.557909140616184,0.00938418397156985,0.185458738216088,0.674674882819755,0.63772702249371,0.396185776734655,0.524070572460243,0.167617130343752,0.618143859990625,0.645182705649327,0.635699629876927,0.332135593153569,0.0373036719975109,0.368667727843852,0.58757910043035,0.613513773367888,0.646962735687479,0.586679734665768,0.580147190246518,0.656746048885974,0.699161081844877,0.714423127404327,0.515575004876182,0.500948953331117,0.666949926582778,0.129809657394781,0.375840476219111,0.607373394664251,0.259686385072106,0.432670825179148,0.422739997350829,0.660818928859035,0.419819816298935,0.268942728862792,0.0961831619015828,0.284920278335596,0.528281015823611,0.554744478305319,0.256865118840148,0.314510105339658,0.290357037357356,0.596293478169482
"4",0.278072607498855,0.163794256274469,0.453083384046105,1,0.214456531447735,0.126654404072709,0.113105364939971,0.118535551946893,0.15775267879591,0.427622855487469,0.344685251128246,0.322898400200284,0.470023675221317,0.00415498795050044,0.269159719378678,0.195409212299004,0.444004222997953,0.370144670065611,0.435111776304858,0.447367168473676,0.425985420183299,0.343112715130742,0.512905010989159,0.031549483877081,0.10592423653043,0.0315781246800922,0.412666903440531,0.422190411058853,0.327555936126845,0.436742207615927,0.410827625892639,0.461681147819799,0.300314232443734,0.385101309418742,0.487576175485316,0.232607645644836,0.15620859830305,0.455725602657828,0.0310307247334396,0.367451296679469,0.512259854323822,0.0905272559744329,0.0897257900267384,0.440382179272398,0.393587280239064,0.225652786853332,0.366630748450435,0.106040406402808,0.349508200834436,0.393863836400969,0.456305361456424,0.103929017876398,0.159654795352196,0.275885110024195,0.434477905061502,0.268817878042767,0.353744096852275,0.331596548947191,0.2838107817003,0.404762566683311,0.410921679673434,0.402080931557207,0.241884783091533,0.222329522086881,0.436588250618399,0.0123814799915615,0.292565640345329,0.321785675780857,0.14477365464365,0.151678342671809,0.156237320861729,0.43007941305858,0.225800010640535,0.139431385703053,0.0444669459715119,0.289512839939249,0.460739455199941,0.444425267987402,0.00969715608682501,0.259685058010332,0.0692959169794323,0.260726768400853
"5",0.344470776094692,0.0511284878788263,0.411208639716579,0.214456531447735,1,0.590575910189206,0.332588464017439,0.260617381853617,0.295806256751221,0.50305993864408,0.636468700919033,0.478524795773517,0.598515386878816,0.418403787690139,0.531452629183949,0.344409791340434,0.672988177116291,0.746195573204222,0.534424619460925,0.676778726730532,0.551037283641128,0.617589156606345,0.557843124129068,0.573298073503245,0.506434809452883,0.417367797530134,0.327718846101009,0.592536954396089,0.690053863194631,0.559383955578802,0.61200998247736,0.654869955044099,0.659242419289647,0.500134485742224,0.470551747164217,0.00380643309373569,0.0972381385102806,0.46667482449719,0.207747549562593,0.451724568874866,0.333565438857728,0.217274264918609,0.304407169724434,0.560499627242999,0.31083236462459,0.448524129320196,0.245053225946406,0.0666975273558932,0.250322322221958,0.690226526695775,0.620354175698409,0.438339786245087,0.242386471732632,0.351886510229643,0.354187855849347,0.62033166048191,0.662716015447984,0.645237904856304,0.663769785523113,0.668947213951996,0.654868920458571,0.70260657154326,0.723799961767909,0.614056339337041,0.543465957827251,0.463447777924573,0.557346550354749,0.609099958069083,0.483621444849717,0.597547106237066,0.479656541243771,0.541843578442656,0.596747535105079,0.143755710697574,0.267038425027407,0.0296568935240068,0.171962986861785,0.508149775162583,0.359711100659923,0.354580667491177,0.568611786289928,0.632709776373419
"6",0.212821438289879,0.0808670357168709,0.309143907814705,0.126654404072709,0.590575910189206,1,0.290314708426592,0.262665999169895,0.193657113269583,0.274120897005151,0.646022247873122,0.337140580141584,0.40811343922454,0.533176596109596,0.375366858744413,0.245156338999426,0.497116801332917,0.696653806569382,0.371964790425242,0.507562179483276,0.344796117900808,0.602387169725514,0.337890533530348,0.592019910172945,0.66895739931932,0.43743442258459,0.138247253423682,0.466331483232344,0.616373512021719,0.449842929865551,0.37721187688477,0.501250425247814,0.518014919926914,0.272324482617301,0.227939673834274,0.0014972104509667,0.219861448641615,0.168951224259824,0.239709411147924,0.27433715524083,0.13507649115285,0.34193077656894,0.498121008459993,0.262192591002913,0.0927696842317776,0.242476460285912,0.0331796417129766,0.109856006278387,0.0669496236835648,0.60207942858442,0.505260663801574,0.449681714652506,0.395696092016756,0.259665666027399,0.0334859419441846,0.591197804196238,0.485666443844237,0.55732594134038,0.56574254246431,0.506624629641351,0.466148660422491,0.537408921123965,0.671046211771661,0.55534721258141,0.335622871084445,0.672257865698794,0.573569649004796,0.405037326482328,0.535044813971076,0.660517894556833,0.438209507484693,0.361528016248298,0.509843932681844,0.0785205037770023,0.305166211899468,0.0963174400430671,0.00779238930785763,0.374369870520896,0.22365137118764,0.182681656121475,0.627719694797838,0.615427025164267
"7",0.0389804192485369,0.155090262775916,0.220690998998553,0.113105364939971,0.332588464017439,0.290314708426592,1,0.0939921825283095,0.0940391390903685,0.312671920718996,0.377236895452957,0.303220053962318,0.345840443843588,0.219541345549306,0.327016912841431,0.255689847727123,0.3630235645983,0.410455690793464,0.367861500090739,0.39800820513513,0.337905461629683,0.384138067985297,0.330340498903134,0.262280623791777,0.250861168422624,0.124427440797578,0.201969412486555,0.341589803629736,0.427588927324238,0.300495718656491,0.362816319830995,0.319830855843882,0.336621877635399,0.269608257135309,0.183467924538204,0.0244455344544905,0.0809755152780221,0.21530746501969,0.361509345118807,0.238604141646315,0.177585175698723,0.138082391346245,0.171934733176399,0.360120461597471,0.155212735259478,0.238302328797786,0.110000989202408,0.060643644797981,0.225234864738571,0.402518876043187,0.338772323352303,0.177690544455689,0.246498129111247,0.202186077332289,0.216220678613087,0.283600751908014,0.347066899099796,0.360087517470267,0.469498350628488,0.337204209400611,0.360748537937793,0.401569720436569,0.392278588228956,0.314573329380632,0.355092967085038,0.216681940078663,0.351612684751874,0.351892529910713,0.228520407038465,0.192309230431951,0.400369327342754,0.271408910593951,0.293983065088675,0.160135745911183,0.0161948082543296,0.0780565468491108,0.0837233557869307,0.272369095353683,0.0367589858539316,0.0920670423035421,0.310080495537951,0.338907687704724
"8",0.0972081368567726,0.0799092059925856,0.186250630233365,0.118535551946893,0.260617381853617,0.262665999169895,0.0939921825283095,1,0.429991411065513,0.286345024989939,0.418670469281908,0.443949610048221,0.288694403037799,0.102950312450768,0.35691493704082,0.231950309544754,0.406272834347391,0.402547789774924,0.144484495141993,0.29928618436424,0.330061799993511,0.209464864789124,0.3589797619542,0.364200224767531,0.217340423447784,0.0996782926991808,0.292221591700312,0.425067173822301,0.267782448093163,0.40837223421232,0.409399328203792,0.431328455518977,0.407523495697984,0.28903933934195,0.307785078667878,0.0750129256508691,0.226368112249329,0.323167152077471,0.0690055956945484,0.231710193008137,0.30481688750895,0.162746905493036,0.054919862802326,0.299168818507263,0.151192722792019,0.386955095677142,0.183457390418172,0.00252876598468937,0.249204321552054,0.351035576717648,0.499906874340831,0.367742313473727,0.0112458145303443,0.187121857482848,0.269219507995984,0.438755049524794,0.378538837905088,0.311983750154051,0.370861344074863,0.369808336098783,0.439350856501249,0.394841196639036,0.277998766421592,0.307021528619822,0.341629642036962,0.0942042642200191,0.188923013250324,0.256009666644115,0.0914038490313548,0.279358913653225,0.116402946963152,0.366074604574112,0.0943329845464141,0.17549986363353,0.225175267198857,0.0187388005647446,0.226533497244588,0.2575181499277,0.0369140618512919,0.247320632615336,0.349986986326816,0.346769927815866
"9",0.157643609312368,0.0951002218215714,0.28543484208324,0.15775267879591,0.295806256751221,0.193657113269583,0.0940391390903685,0.429991411065513,1,0.333572870584079,0.433236855492678,0.422340482157808,0.258388380374165,0.195278408259034,0.338128831636208,0.0934037462279198,0.418151687544881,0.368272764361112,0.202479729037531,0.276608246888081,0.316795546341539,0.17631714343235,0.412397932528061,0.37761065062409,0.0382559095114815,0.112628702076168,0.113751978618719,0.383872649430972,0.291228259188097,0.401763084545938,0.404134442651158,0.327994383821739,0.429665748569287,0.32508953454163,0.365044305605647,0.0664096111977893,0.302306293973854,0.294833862709492,0.0515797409824298,0.265653026338514,0.32627350477328,0.00935797970989544,0.0348446678555362,0.313079275348641,0.20119315365042,0.36054889260878,0.22858916445992,0.11001819605792,0.224530064526229,0.364488802600535,0.460858320871139,0.308062197927408,0.0800392045457137,0.154480878956231,0.252812127677909,0.453448917008835,0.361816687819459,0.31951331785916,0.319306257249892,0.363826570703276,0.452761558982144,0.392642666213855,0.287995981664001,0.19611491710776,0.26744582292706,0.0264051740248023,0.218057537298609,0.336152444980396,0.0832760144698131,0.255285200309109,0.213411380724715,0.304432581828614,0.193531684322232,0.143432477131603,0.126557408662243,0.0440854916429619,0.15925900289471,0.227016768200814,0.0848992367139769,0.343137428033877,0.195652179943703,0.338900584318537
"10",0.440137863389873,0.128826360026293,0.568736815324664,0.427622855487469,0.50305993864408,0.274120897005151,0.312671920718996,0.286345024989939,0.333572870584079,1,0.617420333670137,0.599430369045908,0.704282413033597,0.157915692351814,0.564975711218625,0.415069957771739,0.734011632996073,0.664287187110039,0.634696814920023,0.68177316803441,0.741360098317469,0.552984588007103,0.747905515553806,0.369053714238271,0.257426305883498,0.10103168429409,0.495727574005577,0.703571150222213,0.61241574501213,0.655276892760045,0.739481889630038,0.721563529202118,0.604925688475867,0.688124971195457,0.658458094796465,0.00133583675593399,0.376082073759673,0.685016607320003,0.0861229207027882,0.639428055214255,0.583235015134801,0.10503625740307,0.113517081135729,0.738348005547572,0.520798902816304,0.574684652122446,0.543542465805284,0.19414027343302,0.545776042170161,0.684296817169155,0.662074619186079,0.332974721376637,0.0825220689428533,0.394917720298161,0.669264379343816,0.554727081364264,0.732256591975528,0.624872405931499,0.65536291593884,0.727008679636786,0.74522302241262,0.720753588223158,0.551986708649777,0.553926804797616,0.705345863552969,0.176461231895595,0.351642804101035,0.649412268304909,0.192458876912384,0.376339935867705,0.461043537416812,0.682979181938263,0.411574168614043,0.348001312460617,0.125095193161346,0.142279967022879,0.44155246638134,0.525730013985909,0.194417032134711,0.335444755478707,0.329065137192016,0.539427632837773
"11",0.389633275505195,0.0708105506393308,0.59845676228618,0.344685251128246,0.636468700919033,0.646022247873122,0.377236895452957,0.418670469281908,0.433236855492678,0.617420333670137,1,0.663919023798248,0.695992467667676,0.395616501714358,0.610007049186233,0.436428971983862,0.805129319684438,0.842947943177858,0.62023892909274,0.774114799063684,0.699768368391863,0.673521275306265,0.745547729919662,0.624364875099465,0.516284144480025,0.266650986606181,0.436861824639897,0.79161748499704,0.762850898777826,0.738417819846066,0.716332509465161,0.794409669902314,0.740509779744912,0.674199037190677,0.615163136862403,0.0390298165320009,0.226485862362266,0.573385365621637,0.179616718091644,0.559640314588697,0.508921932195732,0.200105054874219,0.315785635235904,0.677615072587379,0.41670758301361,0.518773454442396,0.40049228535649,0.0600210109462132,0.471680090600611,0.827706839581991,0.816435057299958,0.517481401142649,0.191813129333703,0.407291937513684,0.508453552059935,0.774679396505468,0.751287597893705,0.742444723059778,0.803048937807246,0.787926270326692,0.818678052287982,0.830033979130665,0.730933777230798,0.652408526853185,0.667253850525821,0.426848274999607,0.557658136673116,0.716645787318535,0.366855120897067,0.628450543241628,0.553226327129095,0.652021562067181,0.496149592668054,0.247747088805375,0.189409472388237,0.0686099862900662,0.358554670457396,0.522563878544947,0.298566313989496,0.337987624876582,0.644184507980891,0.757931844739808
"12",0.482556058264719,0.173446218926785,0.533412875541819,0.322898400200284,0.478524795773517,0.337140580141584,0.303220053962318,0.443949610048221,0.422340482157808,0.599430369045908,0.663919023798248,1,0.674433714680242,0.241298847027919,0.636908461606718,0.479393203470436,0.789752683664031,0.712190666423114,0.621900152767685,0.718429546153372,0.742788442662858,0.563093178518653,0.795243620543837,0.505962607488968,0.30083867017569,0.0470702865177804,0.492751751219881,0.796909212138086,0.641751361418999,0.731250103145578,0.783779063597631,0.739298832824601,0.709762491274704,0.736807664856807,0.663636705120885,0.118296622188394,0.508387925618205,0.674198597108636,0.0718211775348944,0.504021743467788,0.549715692488936,0.122717469578402,0.104347989876919,0.755580994589235,0.467822092286315,0.571644078679211,0.585434308900253,0.0998864130461564,0.617438406038195,0.720901578154644,0.728174192324565,0.435348194354793,0.0692331979197072,0.337776182997076,0.631336506921405,0.664070088962919,0.685769850727435,0.721336383108516,0.776334778360489,0.751371149745612,0.788486166910097,0.784392114438224,0.598192193803982,0.590636304268442,0.693065647655294,0.205697148895383,0.396658873148151,0.661347544418067,0.129273078151592,0.508205404781399,0.454907538132075,0.621429114408469,0.330784191082185,0.408556588421581,0.185066024181497,0.0970809861226181,0.378417423219322,0.542080240010234,0.213219364743558,0.31112252095973,0.538799672386669,0.620609114654583
"13",0.510677564728515,0.225676698105361,0.659863735151859,0.470023675221317,0.598515386878816,0.40811343922454,0.345840443843588,0.288694403037799,0.258388380374165,0.704282413033597,0.695992467667676,0.674433714680242,1,0.281105838561166,0.631150473952108,0.467707704482183,0.847507541758849,0.781181143872385,0.79503525613871,0.832033146489613,0.795856245250383,0.720296137937058,0.838977711041171,0.432031101760322,0.398504162043406,0.127898960273472,0.569626870487907,0.821443886664971,0.768925912382497,0.783054315338241,0.771742130988284,0.787710908834789,0.717919814859834,0.762467855232513,0.728070456662293,0.0320196004225939,0.385618220170478,0.721536731887879,0.146933467379842,0.638453098918979,0.644756281999936,0.152989910581977,0.156979078837293,0.826960366980302,0.564797454523151,0.535589325423166,0.584597218645985,0.173685746126765,0.591211847586568,0.830613267203634,0.732520851119415,0.346170425474991,0.010425056352237,0.49184608910028,0.700547340933269,0.685250325629988,0.780694804516661,0.80681379257851,0.764307684386026,0.804557691847511,0.780224769375737,0.848946560233614,0.690273319434563,0.604567122456715,0.797643726944691,0.274635875953279,0.49423871181304,0.749102860282994,0.284588691092243,0.558348502815792,0.569584618597796,0.727194080919145,0.494108515043111,0.329432059191137,0.189145327940445,0.253439482909163,0.547584899987275,0.620494443418691,0.313015398649948,0.310245617265712,0.442559471049774,0.651259104713227
"14",0.307447247181618,0.0722577519202875,0.221035164018219,0.00415498795050044,0.418403787690139,0.533176596109596,0.219541345549306,0.102950312450768,0.195278408259034,0.157915692351814,0.395616501714358,0.241298847027919,0.281105838561166,1,0.195034738891047,0.174018748368984,0.378952399377148,0.508529805157278,0.33656849814083,0.363236392903059,0.174864793159408,0.517509664561202,0.239578920349554,0.448703127221294,0.39474727959906,0.40797609634595,0.135883958697068,0.334079908800466,0.561114351624168,0.405004841597879,0.212951090563351,0.339839982728928,0.474768468429411,0.217007160904723,0.178096316422855,0.0351949623427848,0.14299129799635,0.12099375491026,0.0856650214622297,0.225060918018543,0.00470701750068347,0.130381646412136,0.474583132738838,0.154887021329367,0.142452405196365,0.0601650422418779,0.00901018405280343,0.224607986304571,0.0244821619727149,0.458296456283916,0.240204431836205,0.291692792409318,0.345503740408046,0.0578117556844173,0.0449456977187304,0.425193865958501,0.338842140620199,0.454873046436525,0.391514855339755,0.294320198110213,0.315983456597922,0.401159885925179,0.524397794866756,0.448167818068519,0.183176211344831,0.56235832156767,0.433643103898334,0.38117944823733,0.419847999319771,0.583991945970142,0.373297662054284,0.16270529489028,0.491684351425996,0.0821386042380541,0.142006534162481,0.0527957373625144,0.149047357198157,0.349036414768713,0.290387835748704,0.148187681190209,0.453309815996706,0.499595505872307
"15",0.327290205267441,0.0359743594412902,0.475136422140552,0.269159719378678,0.531452629183949,0.375366858744413,0.327016912841431,0.35691493704082,0.338128831636208,0.564975711218625,0.610007049186233,0.636908461606718,0.631150473952108,0.195034738891047,1,0.418358202336112,0.667290192734574,0.659328597174372,0.522896697898994,0.641105890060758,0.641880424386098,0.49425309025783,0.656158369936731,0.482097104723803,0.392102599018986,0.0807687220577648,0.500240214539067,0.641955475683901,0.60300459889664,0.567930161255789,0.670474266181775,0.668634520542291,0.663129409247665,0.575672546986164,0.51522438119958,0.046576286828564,0.324321633954285,0.577358939591315,0.0831339387769336,0.496292146303153,0.454701150480679,0.180822219228697,0.0722733711634242,0.650672337063393,0.366628057466725,0.482834912558974,0.425735841855829,0.13337721229119,0.402603227570124,0.653359247053875,0.612634180282147,0.39817845470214,0.0768572410823458,0.374009718775941,0.535731059685535,0.629768468990101,0.649997218553803,0.615822976544056,0.6596264529781,0.684740145823634,0.714958428199771,0.703775234185368,0.597361627439282,0.575693356477097,0.610528989573133,0.25153558476009,0.340209719607509,0.516187013857862,0.279640378511472,0.425173949337049,0.42578828542204,0.609438766464982,0.37041108264617,0.2671515301875,0.208735022032416,0.0214258206582047,0.327707047747666,0.433941234435099,0.16907020353488,0.318784395097623,0.478671350207923,0.549732029884235
"16",0.327174841487563,0.105450545378637,0.325829279527347,0.195409212299004,0.344409791340434,0.245156338999426,0.255689847727123,0.231950309544754,0.0934037462279198,0.415069957771739,0.436428971983862,0.479393203470436,0.467707704482183,0.174018748368984,0.418358202336112,1,0.502272284063983,0.482228017733412,0.458856219200628,0.525300005555813,0.471583692691899,0.484287793623107,0.518249043096578,0.339593420572318,0.215214476805799,0.00789114092305782,0.356552205321688,0.527631756217438,0.513037173099637,0.488501173266705,0.495161637320199,0.502720245233451,0.432051980572905,0.476754113760201,0.405239614505972,0.0134469776223088,0.282601817747871,0.448202364234311,0.132282601943343,0.297355388926497,0.296780269683716,0.216366356340429,0.107970090150752,0.498233212553771,0.363782319189042,0.303216019732477,0.31740347214258,0.0654320763493193,0.400212033304646,0.536697961743918,0.452789893056497,0.284184964895684,0.145926454109774,0.308595248868575,0.388263069144061,0.377405114239839,0.483834053205445,0.495213281423902,0.527606418044616,0.477054453725985,0.462397837289564,0.521688959600472,0.468911542831844,0.425645625421522,0.457927056359161,0.190168171561999,0.325027524909347,0.422728302168944,0.157601993792148,0.329347086539927,0.382717591718404,0.390354848898274,0.302820824523906,0.198388162215513,0.149025851293956,0.00659116823413819,0.20875120480047,0.404432961829551,0.0944896017059759,0.0954055719459723,0.291371766462613,0.443914297907367
"17",0.562952797127203,0.198324805064435,0.706192721341218,0.444004222997953,0.672988177116291,0.497116801332917,0.3630235645983,0.406272834347391,0.418151687544881,0.734011632996073,0.805129319684438,0.789752683664031,0.847507541758849,0.378952399377148,0.667290192734574,0.502272284063983,1,0.902473417288097,0.785360421761162,0.883773304837384,0.84589472175144,0.77790310307157,0.911007838457072,0.586708426913032,0.427647198067153,0.20165886765654,0.560695843361149,0.901633366066929,0.851188426598587,0.884199180141329,0.863719988828298,0.894340662148331,0.822867139007741,0.830328309576183,0.773007362318775,0.012204456533568,0.419688093055379,0.766704365785361,0.200376488070822,0.680807145617551,0.642684982426165,0.156714195724479,0.217639634223975,0.860045823522869,0.620851654994063,0.583788422702021,0.599481631474427,0.0948149567095662,0.648217394874566,0.89921663085542,0.860008070745071,0.522788043739689,0.0768386125001554,0.444480476892567,0.706523753023896,0.776571087979673,0.8520370630106,0.867332832086904,0.875419167437197,0.868733279473068,0.90152517030645,0.931174253888496,0.769287570456255,0.700071160850365,0.813005623915569,0.315241570113953,0.571927240001192,0.80830838164247,0.345201088356061,0.622596225194812,0.590482546130164,0.770664384495957,0.570352770987693,0.38419488898379,0.193877153749319,0.211242409894916,0.496591840079554,0.656611535622289,0.334156115169899,0.354721534382116,0.553584398169532,0.793925855937936
"18",0.515927590227289,0.167266417122543,0.656276210758753,0.370144670065611,0.746195573204222,0.696653806569382,0.410455690793464,0.402547789774924,0.368272764361112,0.664287187110039,0.842947943177858,0.712190666423114,0.781181143872385,0.508529805157278,0.659328597174372,0.482228017733412,0.902473417288097,1,0.735135797358948,0.861729330942824,0.773261638224323,0.825896205670122,0.813512552018304,0.70608725592372,0.576872589695782,0.327237117979001,0.480570265278114,0.856651346331947,0.898181260110485,0.853650838906572,0.79146302443267,0.866256192388744,0.846173427847044,0.728133333903042,0.667741411467905,0.00325802675715078,0.226467933505782,0.631611811526821,0.22126907836668,0.644491639134463,0.507704461757367,0.234252488840038,0.393694687117123,0.751685923187244,0.525955903203947,0.527370403402843,0.413226308548647,0.0474873924095881,0.48868047086464,0.902374669606551,0.838202255733814,0.594283502301073,0.243474139922821,0.43165403650893,0.53924922433056,0.817453188694693,0.826387972922319,0.873823030850981,0.884809436133489,0.847671930248335,0.874646838997776,0.912865862917825,0.848149495369012,0.781847382673833,0.743191847777422,0.533821325103014,0.646919541327322,0.767892857974749,0.481370797932679,0.742728862439333,0.628574002778513,0.706325304817909,0.65302973242037,0.271650667515482,0.240991019130147,0.112212850176006,0.343288889610371,0.650728722956871,0.36076324244662,0.329592217952625,0.710163469806079,0.836622998301215
"19",0.565908010292145,0.256874122507196,0.628385927407775,0.435111776304858,0.534424619460925,0.371964790425242,0.367861500090739,0.144484495141993,0.202479729037531,0.634696814920023,0.62023892909274,0.621900152767685,0.79503525613871,0.33656849814083,0.522896697898994,0.458856219200628,0.785360421761162,0.735135797358948,1,0.777620469220803,0.719115026666865,0.735774301051356,0.782406855467288,0.389631892063948,0.322118342551247,0.196704396623111,0.464289268729008,0.741752515160457,0.757460754137575,0.752481373268217,0.711434820211262,0.726214661064653,0.676575662821968,0.702450680086822,0.66670799303897,0.0246558103213066,0.329470121592704,0.677696108454183,0.141671134816739,0.57871537496823,0.552254176609218,0.140813163611126,0.241935387646414,0.758933101710879,0.588366416271504,0.471793633272855,0.541346241062981,0.15507847228029,0.546393492814803,0.779497817290962,0.63578199936523,0.313920560150293,0.032624745120266,0.46582180979784,0.61696262165115,0.600347527269748,0.687927141595171,0.771182327214876,0.732670795294113,0.72233642136568,0.680124671299658,0.783718803375856,0.651527146737967,0.584054702900953,0.733936950419049,0.288826372495966,0.49555027816634,0.680992917713511,0.23042447525507,0.55612974104645,0.562462581742175,0.650245936309229,0.519426877654538,0.278019050854659,0.0781514408180424,0.234451699010706,0.455067067078753,0.5642759809633,0.277570601691062,0.20979760163014,0.395309939747235,0.588507666343425
"20",0.557796074411795,0.225936546890089,0.658241646330873,0.447367168473676,0.676778726730532,0.507562179483276,0.39800820513513,0.29928618436424,0.276608246888081,0.68177316803441,0.774114799063684,0.718429546153372,0.832033146489613,0.363236392903059,0.641105890060758,0.525300005555813,0.883773304837384,0.861729330942824,0.777620469220803,1,0.807372832010185,0.767308486056929,0.858330245057388,0.522327047077756,0.443250614226048,0.150799981329797,0.571089174566029,0.867029926636379,0.826867682944485,0.805496665481493,0.799437636822869,0.852859452226223,0.771116482290672,0.779310417582091,0.735830083951614,0.0652386798802721,0.36842683264753,0.726004235204906,0.184933785039399,0.609054016903067,0.58865071281588,0.13894237985536,0.299709197694566,0.817478785405192,0.569141547755994,0.511161088887066,0.544421878381163,0.125044451505511,0.576920967101662,0.847173076132671,0.79476027960884,0.465495882048596,0.11462197275987,0.448092911323089,0.655628065184872,0.716470042688217,0.77035140713178,0.854355558423218,0.847647112687963,0.852328486845762,0.823869008458834,0.898830341182256,0.757092208909595,0.697793953503479,0.798494532793418,0.359018119079316,0.562038370596108,0.778300619182049,0.343844808220273,0.605376291753331,0.596552366879399,0.714943609809933,0.579277268359165,0.306399313355164,0.160181162110419,0.19150903942241,0.479716579729936,0.642144325969619,0.3218239609269,0.301578969576793,0.576936113162964,0.738516387920572
"21",0.493370488887251,0.179855445825121,0.66652107354595,0.425985420183299,0.551037283641128,0.344796117900808,0.337905461629683,0.330061799993511,0.316795546341539,0.741360098317469,0.699768368391863,0.742788442662858,0.795856245250383,0.174864793159408,0.641880424386098,0.471583692691899,0.84589472175144,0.773261638224323,0.719115026666865,0.807372832010185,1,0.630484028795228,0.862686595840377,0.45970708657031,0.359293451396206,0.0876044129552956,0.585522304218602,0.840554805712462,0.695447507728406,0.783750756367068,0.831212561271501,0.802251721887053,0.726086296806368,0.777272586168911,0.736335838985613,0.00771672071693596,0.483593457265461,0.752727320239305,0.152305275638615,0.641986833155265,0.625185557061877,0.10991124536492,0.0933383032005801,0.856384193070346,0.571630647175892,0.583385241871885,0.618807462101725,0.196186780522212,0.64267721836075,0.781093055669148,0.789469978228816,0.391174471799234,0.0456279970337305,0.438920504688994,0.731564956667448,0.680132612874057,0.779636786098032,0.748018248569391,0.800652155309817,0.83493158819127,0.854457319301141,0.84798759101263,0.64426893168159,0.634481585090134,0.818774857645803,0.171040964650815,0.430485738446923,0.734441224610543,0.237836633034716,0.475612658580371,0.526239848082078,0.737174930604262,0.472045131162445,0.44606892623435,0.121471946635648,0.167591173050072,0.519717396090764,0.588216230493284,0.262962861965341,0.307107782847639,0.46870649325108,0.659186102423186
"22",0.544232112744671,0.273228590847119,0.563176048004531,0.343112715130742,0.617589156606345,0.602387169725514,0.384138067985297,0.209464864789124,0.17631714343235,0.552984588007103,0.673521275306265,0.563093178518653,0.720296137937058,0.517509664561202,0.49425309025783,0.484287793623107,0.77790310307157,0.825896205670122,0.735774301051356,0.767308486056929,0.630484028795228,1,0.699132416150648,0.551815702168842,0.517831653161992,0.343774859173098,0.362608860312478,0.739270200398454,0.842815908154428,0.742132144265662,0.625527604252051,0.745748608409765,0.711876446903369,0.609342738997213,0.552457189389011,0.0978243265281696,0.10693188115704,0.560939000157259,0.246042970161002,0.494490122609157,0.393105669985731,0.221520371220914,0.440559692647925,0.645178902857962,0.502033768233405,0.314722095882235,0.278869544468557,0.0413209085900855,0.408540637476322,0.812392576642269,0.66059351077105,0.413466979864123,0.294956400899035,0.411488821183546,0.424640930094809,0.653282858164244,0.660340413535362,0.789611945442475,0.756517952016986,0.688965037101529,0.677208321276283,0.784048334887517,0.765290203281353,0.682901609153848,0.646449297118476,0.519955586143649,0.641110560477727,0.673366418627996,0.442907567253075,0.675510029187443,0.592275010330403,0.586751820766209,0.613544603775419,0.145436256042403,0.194438220269548,0.185805100209838,0.274571798289127,0.608076115292102,0.33311894704476,0.22678295442041,0.565663947643025,0.728374384636928
"23",0.606301194298373,0.210654231558532,0.758129037932239,0.512905010989159,0.557843124129068,0.337890533530348,0.330340498903134,0.3589797619542,0.412397932528061,0.747905515553806,0.745547729919662,0.795243620543837,0.838977711041171,0.239578920349554,0.656158369936731,0.518249043096578,0.911007838457072,0.813512552018304,0.782406855467288,0.858330245057388,0.862686595840377,0.699132416150648,1,0.466692689241849,0.255278382785808,0.0462504657032454,0.614090740897124,0.90805412342262,0.756239707783917,0.868835950659276,0.852955566542386,0.869375725863878,0.784309199595348,0.876998454334428,0.82658480592144,0.0581551699181816,0.566018114683193,0.805929847919052,0.0770760254990386,0.658827465871703,0.710352449095953,0.0524879488354532,0.136896685670419,0.89473075235612,0.696899298187188,0.568634128047843,0.680689947764927,0.192668091596229,0.723461979935771,0.841766303620852,0.831604951088789,0.425564727265294,0.0653458849126434,0.460175362261986,0.781112949240315,0.723546544770365,0.795682381064636,0.808058727625155,0.815517416794718,0.839739689041192,0.875809686868018,0.903744855164413,0.651708621557169,0.639173661024199,0.84817109046006,0.164374417523381,0.502662230499875,0.772087507685435,0.237332861628648,0.513090361401439,0.540837945415645,0.784911060035526,0.485917638609686,0.437179569474156,0.121769879287294,0.310023784137865,0.596529715239598,0.652146739736366,0.291349460273882,0.355980544568352,0.437213489982421,0.70507633925362
"24",0.259596843771851,0.0733940260407324,0.367327089325171,0.031549483877081,0.573298073503245,0.592019910172945,0.262280623791777,0.364200224767531,0.37761065062409,0.369053714238271,0.624364875099465,0.505962607488968,0.432031101760322,0.448703127221294,0.482097104723803,0.339593420572318,0.586708426913032,0.70608725592372,0.389631892063948,0.522327047077756,0.45970708657031,0.551815702168842,0.466692689241849,1,0.493098951475717,0.376955756635144,0.154066961999006,0.554713054711578,0.639502579792976,0.541807269158032,0.541674902747093,0.552528025237854,0.651573778626463,0.406602740727635,0.340601350093175,0.121788183867843,0.126333752726482,0.329772194656931,0.170933594548983,0.413588387842794,0.151325934681033,0.245992811993057,0.337355780058885,0.412227527704892,0.252736773350129,0.351742399479103,0.156112440809546,0.00787061501146053,0.235342262524297,0.635715656548421,0.556259375625195,0.542187439667781,0.287389159175122,0.205968067872373,0.228557209449576,0.612857050864988,0.573486967179079,0.608383026775414,0.659988930708715,0.533709301898491,0.632993780209231,0.616781663827051,0.651275269817886,0.609563788223972,0.409151407665708,0.51544666442059,0.446722452865034,0.487618236027941,0.326491013272709,0.643918434584354,0.499331032801914,0.37801187335251,0.520076382353527,0.159324001551473,0.24183202068075,0.102477970015893,0.0353434520856542,0.410252494677995,0.356193104102483,0.223679347341493,0.65688463254551,0.673714058973874
"25",0.176376021287963,0.0357162343934292,0.186563327475237,0.10592423653043,0.506434809452883,0.66895739931932,0.250861168422624,0.217340423447784,0.0382559095114815,0.257426305883498,0.516284144480025,0.30083867017569,0.398504162043406,0.39474727959906,0.392102599018986,0.215214476805799,0.427647198067153,0.576872589695782,0.322118342551247,0.443250614226048,0.359293451396206,0.517831653161992,0.255278382785808,0.493098951475717,1,0.333827492597631,0.16262494516579,0.405728260949867,0.524488018731445,0.368896038597808,0.313871138240461,0.448183122898489,0.422234716117974,0.227946858416044,0.192288506875136,0.0419493139758627,0.187443695182882,0.203810517359367,0.21125278698659,0.27774111603073,0.0826929678174879,0.274827196936482,0.357133882565356,0.254937619841587,0.0626764723686965,0.219924494152561,0.00637137143440133,0.139915937508748,0.0649044241676688,0.501748874305649,0.420777218801455,0.336643003455978,0.352479247047773,0.22312535197386,0.0669669058075524,0.49972263200145,0.425060253200632,0.491239047540035,0.507815787734974,0.441157954855197,0.429810601635832,0.45368411464319,0.578662801352849,0.527112475097456,0.301879372028093,0.565737466827412,0.438787554301231,0.312781827085981,0.411780616878758,0.557443905100436,0.350368432274739,0.264769184194965,0.359236783414577,0.0508039024788799,0.219451363822231,0.0944615576212837,0.00776268752339167,0.325311949801929,0.128278679406085,0.110778786519004,0.61053746089008,0.499711282434699
"26",0.0541676371629481,0.0355301874928784,0.108699504611674,0.0315781246800922,0.417367797530134,0.43743442258459,0.124427440797578,0.0996782926991808,0.112628702076168,0.10103168429409,0.266650986606181,0.0470702865177804,0.127898960273472,0.40797609634595,0.0807687220577648,0.00789114092305782,0.20165886765654,0.327237117979001,0.196704396623111,0.150799981329797,0.0876044129552956,0.343774859173098,0.0462504657032454,0.376955756635144,0.333827492597631,1,0.0728293461619805,0.0897560720788658,0.355866341747904,0.190330523282763,0.146681862392369,0.186342979903171,0.277549342448988,0.0120358626831246,0.0117978774388618,0.000764673835113804,0.286421038477311,0.0141481561332398,0.173474600713364,0.160245253234031,0.115280018354447,0.294229824470975,0.327188220438801,0.0560570692797653,0.0130947924675313,0.135690085719308,0.180956783327136,0.0326905445301396,0.140160606025982,0.245821752167449,0.15847216424925,0.260456885117864,0.325410933590042,0.0989317445938459,0.12973933117433,0.294368074049718,0.23749117307883,0.210555756340602,0.225342308704063,0.184422489731659,0.162448311167556,0.220829806422707,0.341558579267202,0.26070576634185,0.0658262755260001,0.477648415542202,0.305415229498702,0.179836832964582,0.371720749814238,0.352585613735946,0.254233668474276,0.106398536952705,0.40372065934039,0.155353436125333,0.125126807298801,0.0481475399845138,0.144001543236994,0.116627172678391,0.200862683836171,0.197924888372842,0.280427323817703,0.28929090063282
"27",0.276157565731751,0.176609512356286,0.43231923350834,0.412666903440531,0.327718846101009,0.138247253423682,0.201969412486555,0.292221591700312,0.113751978618719,0.495727574005577,0.436861824639897,0.492751751219881,0.569626870487907,0.135883958697068,0.500240214539067,0.356552205321688,0.560695843361149,0.480570265278114,0.464289268729008,0.571089174566029,0.585522304218602,0.362608860312478,0.614090740897124,0.154066961999006,0.16262494516579,0.0728293461619805,1,0.549611564154357,0.446299998507822,0.495434791044907,0.58044125182622,0.57214316089305,0.460291596369714,0.537389138924209,0.498590214564571,0.0771899745224828,0.351078059229191,0.523976371116293,0.15895988304641,0.367163110545205,0.537166767108004,0.0741689904208023,0.00272098536327016,0.663743037651866,0.502575640369274,0.489688198944791,0.472699002300976,0.223449496520332,0.468997808787796,0.471034896742668,0.567615734310716,0.289237964632927,0.113161417359969,0.336987781643842,0.631687774286541,0.365348660183841,0.538401797071114,0.446812680052999,0.543268515422393,0.581965570442127,0.546137175625819,0.512013403102793,0.37526571453301,0.368973956052517,0.609486111773153,0.0212844164386711,0.289698610643171,0.42641395251241,0.134386338755014,0.147282694104963,0.306735399144051,0.507052443850164,0.188819267287477,0.307473327244509,0.0141445271717285,0.088841744284803,0.540881001997366,0.335558937263817,0.156343086835028,0.144202858720695,0.221869267300065,0.3441430920818
