"","1","2","3","4","5","6","7","8","9","10","11","12","13","14","15","16","17","18","19","20","21","22","23","24","25","26","27","28","29","30","31","32","33","34","35","36","37","38","39","40","41","42","43","44","45","46","47","48","49","50","51","52","53","54","55","56","57","58","59","60","61","62","63","64","65","66","67","68","69","70","71","72","73","74","75","76","77","78","79","80","81","82"
"1",1,0.0639301217030236,0.353619658862792,0.05701925690753,0.511281320387221,0.483187932485767,0.306099404073217,0.215967645601496,0.231494863461099,0.23441981452046,0.455598646061858,0.514691386433952,0.481657464610072,0.484416907188132,0.438658571963545,0.364700162187275,0.409403786708222,0.586748300456454,0.288403053101318,0.442506247587096,0.382858399202828,0.492989027506248,0.365476728939169,0.31747305967375,0.316589308877184,0.390971125843122,0.175638033432078,0.477890358301161,0.518116451634701,0.57984239242784,0.473289207064076,0.503425895725978,0.425201428221307,0.333131492345267,0.3737769692358,0.153469492765485,0.195440586360565,0.280210447755086,0.110337617763818,0.559549378108773,0.111434234574163,0.213984059972987,0.121447061102964,0.441783251701359,0.320653778528182,0.211909304173789,0.0451968735838161,0.118929981541666,0.0402079623880523,0.492452237733521,0.544271221716716,0.337163738132806,0.442830284245964,0.216405659418196,0.196761733292887,0.339466654651568,0.367296917905606,0.534806042578422,0.528886274022684,0.567257941325253,0.463135977372067,0.560013373415027,0.514469127364144,0.504467274021489,0.45558717239332,0.393004529440368,0.463687704743109,0.483837431204789,0.42216865089012,0.417142811210401,0.358205456544262,0.386701694434956,0.406957838811048,0.296332231413934,0.35345122760384,0.074621100524508,0.0978723760857546,0.369129226222866,0.231140508589538,0.19145152302488,0.404448760402168,0.488228072814079
"2",0.0639301217030236,1,0.0918790012009449,0.0171182096647565,0.136488683431938,0.140549703862206,0.0163257527506462,0.257577695622826,0.0207301758909224,0.060291363745143,0.124967450700803,0.0347093236083188,0.0132967036734125,0.0370348162202743,0.0736920366445282,0.0838448546897051,0.209451961031907,0.0489249325107173,0.300714616594066,0.151279555301738,0.218242239249367,0.102136943737418,0.242103911855545,0.251992823496054,0.0466522294348795,0.210521987086002,0.355720025848479,0.0426108692134937,0.133950761762573,0.0309959151798939,0.171288922551039,0.0337682828053658,0.183988919758396,0.190567567535772,0.0425812108331334,0.110142744743725,0.2290097657539,0.0259318505048317,0.0424715696452546,0.0811561120733007,0.346607323346971,0.267304752434836,0.510034808052829,0.0275338067669425,0.118672382542737,0.202745649257836,0.219121440598099,0.0154747117483076,0.0993199373073916,0.173165968426121,0.091764940917929,0.31550609603908,0.0563533486180601,0.0903266096749056,0.166172138897019,0.208885365576641,0.249180071335451,0.0401935941745289,0.0108882786755507,0.0277796701882134,0.0733829868799753,0.00211674533140706,0.114826484007532,0.134162027763513,0.0758999242277282,0.079625991146631,0.141501063025271,0.01066166247263,0.0697606680350825,0.149428949960035,0.141807695163956,0.0518897971701477,0.0277923571172808,0.174579705220643,0.0430960880854674,0.23057659463025,0.463988914897015,0.18016282544848,0.0903940422429477,0.0601742770093569,0.0407254007095906,0.179233777953857
"3",0.353619658862792,0.0918790012009449,1,0.237419428656944,0.384002818353361,0.400139232250751,0.377305109379453,0.0652685070764499,0.383000481743664,0.426442604926496,0.540808532388143,0.533974005992507,0.551830734627666,0.401296171501354,0.266860804251603,0.371979912237415,0.608036866855786,0.572703381890394,0.534375864888294,0.5687690469797,0.58352222167277,0.591306796264924,0.628598713124924,0.558018533963003,0.371842895074214,0.0736209380040178,0.43578898356371,0.62162528656633,0.598406368159975,0.49640790651965,0.6163100442002,0.544355286728165,0.622293364058435,0.564514470813436,0.458625921541876,0.0612432122796332,0.00498267334831611,0.285973274293405,0.16939956508809,0.374236443210973,0.400457912212163,0.167996084433987,0.0222505680919755,0.527615310572326,0.531904313571898,0.420464389302407,0.249167960565136,0.260387823918961,0.207343338267225,0.61485468234237,0.540039477163156,0.144425383948394,0.302184459068257,0.451522452012966,0.448680714046277,0.554705972406047,0.605974051010323,0.563664322654558,0.59339031079039,0.593169238851362,0.620658637675981,0.585253167261574,0.608955840707357,0.473201084137864,0.4672069616535,0.479146408292171,0.483509922173651,0.450649244854215,0.398908991595373,0.547251362803771,0.470711134740327,0.49726344778486,0.473394771902661,0.153860890944066,0.299259475435788,0.00521913613032278,0.181652474026845,0.391386086691971,0.448118489936503,0.241158506176735,0.415381907362921,0.532284001111784
"4",0.05701925690753,0.0171182096647565,0.237419428656944,1,0.173665391370729,0.122322851348018,0.0335279010806319,0.145714362299589,0.00525548894140034,0.132267450448546,0.245198586011594,0.14318017698719,0.206618975574907,0.212941524941326,0.0288960132022522,0.0317325254051985,0.271054253379645,0.222466403384255,0.303563106570568,0.244911897830992,0.258089918648995,0.250663460677,0.312111219478816,0.293600025269961,0.101630259459794,0.025268266169444,0.233624942312267,0.27360814833237,0.247939366497728,0.210834713733744,0.275194388010877,0.264857287684317,0.250927559757113,0.332063856885598,0.186251500724726,0.0214708896874064,0.00266151125231818,0.210803626501692,0.00222054085610979,0.159640041840013,0.0794005275405873,0.140045111197228,0.0883423796587471,0.243038495425116,0.290291527037788,0.173209907143864,0.197878518318664,0.0660967458130913,0.366715120138977,0.223104527960388,0.209663083435853,0.0206986844577145,0.101181077326592,0.188456749191076,0.204688696986181,0.269218900084822,0.243876365279954,0.243875738279106,0.248417525295346,0.240303409755786,0.260942789573643,0.220533228171198,0.254378445296215,0.263790178964949,0.279777436621439,0.28123362688458,0.146093489085287,0.206503515440263,0.182845120643286,0.230138443342203,0.210742205885416,0.172844415554722,0.271225778454751,0.0616126038998982,0.046593124323722,0.0364618133037372,0.0152569371984089,0.305300930195828,0.238713236554373,0.0520544770080527,0.186033582313143,0.147405675970913
"5",0.511281320387221,0.136488683431938,0.384002818353361,0.173665391370729,1,0.783946609766004,0.472421772089762,0.301964350843992,0.382000218113594,0.262050093506284,0.622974243564764,0.630212162776682,0.645025799777779,0.727302193636884,0.545070336688394,0.47109948512935,0.547021192524744,0.826477742855513,0.359763473030347,0.65841105547459,0.528860069975661,0.674443098692104,0.498437090289455,0.482327828809399,0.569715672435319,0.521715744993693,0.157022324000816,0.737833399713224,0.69061665269759,0.762820549347799,0.611764314605678,0.729198424208337,0.566141266916009,0.528826778321762,0.405419304112573,0.126007111570795,0.201989877801281,0.375738737704801,0.0491065746648356,0.709021229745401,0.123868037829867,0.45262003838248,0.229805337161212,0.720341688228886,0.382820165151408,0.160610839609491,0.0394643914256379,0.1807664518398,0.0733470268491905,0.682989917516877,0.732688860272384,0.465764096767197,0.572810105434672,0.368206897865689,0.278413750641309,0.516957213818657,0.463800478016726,0.775560993632723,0.780637195341018,0.753497714008564,0.665495821794568,0.794325074530703,0.692508241074358,0.663460551663288,0.60337698602611,0.610860379919619,0.645894127015188,0.625365245181072,0.672587916643193,0.626695657653649,0.455986732055078,0.575071123218586,0.534973040861296,0.226008509511167,0.50473785010314,0.185429880158028,0.324663816843227,0.498509012518522,0.408106308294902,0.271726058976182,0.589592568235844,0.68778533177534
"6",0.483187932485767,0.140549703862206,0.400139232250751,0.122322851348018,0.783946609766004,1,0.464786354599009,0.30520404197233,0.467059605671493,0.246540720447922,0.570313239413862,0.640493469942494,0.556086688267728,0.688044254584777,0.456607290622598,0.450336887043076,0.464973203280681,0.80623929334744,0.322828535437517,0.621736082624571,0.499535225092057,0.614043664820702,0.43947602738552,0.480717981435566,0.544022345628055,0.472243954819684,0.172426500417182,0.673768436275623,0.646284739454275,0.703992378044458,0.584895162486177,0.74106430139218,0.536056352177097,0.479292887544099,0.340703001891959,0.0648199769912852,0.269952102988057,0.323619267416886,0.0308817624805451,0.682329945570959,0.0955832050353542,0.479526845460643,0.325870757391722,0.684614044320653,0.396752743402379,0.148381890486881,0.0237083011150811,0.178496516327888,0.0637090740584318,0.656787320594885,0.698074499423383,0.542542063877809,0.603038264187621,0.321645843062533,0.293117040929131,0.468767306989768,0.429104672607631,0.730520329151066,0.757103925439224,0.702374550551277,0.597684415516132,0.779197693420033,0.652830249779473,0.639327229286661,0.545977500925413,0.600834985391797,0.596961929174732,0.564267602443138,0.633619013592968,0.615865763148316,0.415753152600974,0.542942173886567,0.515959912916782,0.248565726132959,0.411934580990183,0.207377462346975,0.346804800330848,0.456026499205764,0.362291078171452,0.281756411247343,0.514844473095106,0.63255011913342
"7",0.306099404073217,0.0163257527506462,0.377305109379453,0.0335279010806319,0.472421772089762,0.464786354599009,1,0.068543018601628,0.422280789003465,0.301277470265181,0.501098996926239,0.479045809989115,0.416827268433853,0.423829306803824,0.354834527552923,0.460372977853938,0.446484771807252,0.576840885880202,0.337234846795585,0.522200387336847,0.460620327499322,0.527305537392761,0.465650510257016,0.484042816510503,0.442164969442452,0.234469826061627,0.335181821621653,0.526223189373047,0.553773467135825,0.554834384891633,0.517119974681233,0.570634058532146,0.481069395137298,0.394023036097481,0.301265492378338,0.0793699320049896,0.138570088553512,0.253165309782785,0.130244963455315,0.493139083268479,0.320974156295154,0.245617632328901,0.0790973919761217,0.501438347094811,0.353049439867063,0.246008338208646,0.0958563222518001,0.267048968234394,0.0160489873255319,0.546894120673425,0.545479119665513,0.284754150766943,0.373153078952317,0.351678991733276,0.376097409739366,0.462636803093125,0.501894823272784,0.480086482105349,0.596654259780178,0.519219732134674,0.525630549151165,0.572395536922032,0.526861912340679,0.420148430992366,0.372181808054002,0.38827087388779,0.537299046001654,0.39451849577201,0.376016755411817,0.478742986970054,0.398314197779398,0.434019778794135,0.422111834478146,0.200973994026795,0.273090444505063,0.0278126836080294,0.0610195944033327,0.161508516176974,0.276858052064536,0.203807309927283,0.410873427143133,0.555981738578068
"8",0.215967645601496,0.257577695622826,0.0652685070764499,0.145714362299589,0.301964350843992,0.30520404197233,0.068543018601628,1,0.0492568115298594,0.137652021119736,0.235238160368992,0.269989335966182,0.202195874183886,0.337276601464206,0.230004252254761,0.0315815727713585,0.107484007148762,0.269228228216745,0.0754054004640392,0.191866506215612,0.0880468158632994,0.193940387034488,0.0472338589649508,0.0616139189634825,0.23462623340968,0.290251328113384,0.112674520547748,0.228021753373686,0.160357713248912,0.203375282958995,0.123711155720529,0.255552729970831,0.130690207714466,0.123442055468397,0.153012551974143,0.0382226923938213,0.16678659515319,0.211522113303656,0.108382282706351,0.187933127214917,0.133045407946419,0.233851849342446,0.277003245384135,0.297491730924638,0.178802414968144,0.0492086854144658,0.031573583486118,0.0576797910858093,0.0849785935657805,0.11415013059881,0.226891289180659,0.28316252212977,0.164482938574527,0.136982405829672,0.0330587997407361,0.134076409494412,0.0420849147329837,0.352560558470821,0.265617421399275,0.25602909268895,0.220852683857125,0.276620572590921,0.208629176895169,0.347150321469228,0.229892901888724,0.355419285878805,0.0227591857325637,0.265286235872968,0.29209709915643,0.134494375557158,0.10471560436783,0.197649377578608,0.121260455826555,0.00284885850549481,0.1073233276076,0.0646518658196096,0.36067923198261,0.298065264508141,0.126134677705247,0.0249279212024043,0.233065314829452,0.163902394248535
"9",0.231494863461099,0.0207301758909224,0.383000481743664,0.00525548894140034,0.382000218113594,0.467059605671493,0.422280789003465,0.0492568115298594,1,0.0976017492704194,0.414368132335374,0.396954700447242,0.362311602946134,0.271125751586957,0.0781974528412619,0.280948026155805,0.300801500141477,0.484266674537773,0.213630695247012,0.433892734330869,0.373145864822179,0.384331466244101,0.334392780564784,0.443177037473733,0.422444365799643,0.175012622356162,0.262243980084321,0.37017979659906,0.442274068405296,0.378148971914301,0.379566288531212,0.505729457572632,0.39397766296117,0.33342988296632,0.183596077315358,0.12277259271319,0.0738308966173456,0.128804559575463,0.119053727215114,0.399209940043645,0.249357673168201,0.201053941532234,0.0990680765402463,0.328608710013306,0.232784332575867,0.140179754897035,0.071262023883611,0.199815084592258,0.148968173203669,0.500784516032085,0.466815496163913,0.244637447560226,0.420112078930099,0.127461824762014,0.294443819643645,0.315402414830206,0.31037637194905,0.413471391166533,0.460898986800823,0.306554114208952,0.376918775703385,0.458571417211742,0.406058326084645,0.260434413904913,0.202444973030325,0.317138898358038,0.409843201481934,0.319238809557301,0.319133137033799,0.423375820703697,0.152354453726727,0.395324246936956,0.232193006401861,0.195774934769517,0.192676185042574,0.017205908474268,0.0674511285162316,0.0883444333327472,0.305465509586887,0.317982489502535,0.324058023895711,0.420025162416135
"10",0.23441981452046,0.060291363745143,0.426442604926496,0.132267450448546,0.262050093506284,0.246540720447922,0.301277470265181,0.137652021119736,0.0976017492704194,1,0.546994171099964,0.452087681115013,0.424883825222483,0.334380857651451,0.408753393137156,0.432688634415299,0.613640309093966,0.474624205401255,0.487394046400714,0.527037462179857,0.535844314002629,0.575689681906356,0.592723930689563,0.47834211214797,0.305745986038537,0.0452575162420862,0.292267109532104,0.541496671248249,0.512733407776394,0.430907002728631,0.52900104658314,0.485198576962425,0.570573189695079,0.507511594884291,0.428206641971356,0.0213911199647281,0.0845145665291786,0.349547826294596,0.196769536196204,0.299456955495978,0.473628701098634,0.0337853647521338,0.16043430968305,0.44799776431055,0.418572859725896,0.535112451308512,0.343679248819222,0.21511636389107,0.395878935127144,0.495120328961771,0.42653105332246,0.0169462550465462,0.127356114196011,0.528557223692329,0.440140947822911,0.580943600014123,0.586986390041775,0.480498159135298,0.468690220675054,0.524029306950466,0.591454078925645,0.513388593919089,0.525753600050085,0.413898132518878,0.499346812710841,0.355777246452169,0.3751535018468,0.434964816433972,0.33755933620441,0.487604626439878,0.481597506588175,0.468235050994123,0.419093624757063,0.0694572502803392,0.244350361462119,0.0820380948841246,0.223216743648664,0.250138154767726,0.455872055170105,0.0956856971635358,0.448507072806582,0.486018687893162
"11",0.455598646061858,0.124967450700803,0.540808532388143,0.245198586011594,0.622974243564764,0.570313239413862,0.501098996926239,0.235238160368992,0.414368132335374,0.546994171099964,1,0.717442263323052,0.727142292989705,0.685493198022183,0.545029340086032,0.587423997513131,0.848378431795049,0.820911882037409,0.641435289360747,0.832277918365789,0.82164259619293,0.805867035733763,0.828840410959399,0.733744451204803,0.59288606142168,0.246721321275218,0.433199767734668,0.809028171387792,0.874279365306933,0.799676699921806,0.856029221616096,0.836558942459685,0.83205981615657,0.796807106160283,0.636744631752142,0.159003926011674,0.051624612198384,0.474297034451809,0.235619941981496,0.618899492189014,0.54547687428181,0.163660599481447,0.139014724874954,0.713761781796508,0.579498693815215,0.616986043052842,0.33563062744189,0.306880911717065,0.38562498301112,0.852547918948185,0.806994433419501,0.145610959711511,0.4233917507784,0.566465782262398,0.544651257184288,0.814274196394508,0.785793400046566,0.8190720678572,0.795294313731817,0.816709050720337,0.851858769991461,0.855858310908569,0.863305688905946,0.643220782203334,0.723144112404277,0.644069231817342,0.717767369671026,0.746198511045299,0.670359553381542,0.776915918450182,0.636070167949756,0.717155497456031,0.626549860626649,0.112687697280218,0.471154175950514,0.116887586090597,0.160743837914757,0.4673198180289,0.641504638308455,0.296871971035902,0.673757380269058,0.809117410047203
"12",0.514691386433952,0.0347093236083188,0.533974005992507,0.14318017698719,0.630212162776682,0.640493469942494,0.479045809989115,0.269989335966182,0.396954700447242,0.452087681115013,0.717442263323052,1,0.686834321750017,0.701137842161615,0.507764668559597,0.51588887766852,0.68782984294217,0.790168527318874,0.475391348714876,0.727100024818805,0.653054838867624,0.741106261150782,0.654855932081739,0.603911462966018,0.563082168621479,0.368986802509047,0.263509636405221,0.733512983448826,0.773339711421226,0.741109545375386,0.702184178220536,0.746020462405966,0.732288599202715,0.619081965861946,0.493817089577634,0.171334368736327,0.124358015570486,0.372271033413978,0.12728530058984,0.630082241400708,0.408611912039704,0.256008815254624,0.00886028007423734,0.654453947026397,0.476728259106615,0.438817811008294,0.168763064953444,0.178448965285673,0.115426520844472,0.777722342526078,0.771233339488101,0.264645208831967,0.543594712579955,0.50743670427454,0.406228921575807,0.643045625320178,0.621348916975535,0.768807421544714,0.75806283517198,0.740995319142729,0.732141745505825,0.792532773509337,0.777317764411185,0.639441212683408,0.60245698857969,0.564342794514448,0.698437519447953,0.657229210445892,0.590352458979955,0.7257352931531,0.472454324502681,0.645885353847968,0.517925895647563,0.157971183323602,0.436469766505446,0.0229455050076407,0.0379389886808176,0.352422010620786,0.424194029625415,0.245905319427283,0.625564043180257,0.746154529393055
"13",0.481657464610072,0.0132967036734125,0.551830734627666,0.206618975574907,0.645025799777779,0.556086688267728,0.416827268433853,0.202195874183886,0.362311602946134,0.424883825222483,0.727142292989705,0.686834321750017,1,0.65637848226408,0.477232779976578,0.495427049943464,0.755366793311268,0.782756716117602,0.519576122658147,0.751818452219965,0.697033262671315,0.7341362610881,0.711023959134233,0.588808415034553,0.59520157937571,0.303899644787509,0.30336311231538,0.725607881617947,0.776081698905424,0.747832295118238,0.758668692300532,0.750867613481833,0.720228065419503,0.669705068277548,0.583106075685605,0.158413111403764,0.0671639719952857,0.410659950006459,0.230843490024657,0.593390100249135,0.449286395940553,0.233880804449794,0.0149103678710163,0.661786875980982,0.469639443996286,0.476356589173678,0.184604381474888,0.223634845089998,0.200037240722644,0.749085322901755,0.739917809411666,0.177522344361829,0.439068837834108,0.562775630006927,0.429941808847736,0.685800194295709,0.649958988814121,0.766739171744863,0.76025428128021,0.75143009562424,0.739087547141833,0.784906346126582,0.795059716714108,0.621838247987577,0.62055253827256,0.611040095372976,0.670792553529914,0.692905513144112,0.609606459433938,0.674892142781567,0.537809760901852,0.659274656514797,0.53379706287151,0.0901897347597242,0.439008671244324,0.00574134233831836,0.083080636396815,0.387650155073,0.499803172700221,0.257799012676723,0.569132071434345,0.742405196504082
"14",0.484416907188132,0.0370348162202743,0.401296171501354,0.212941524941326,0.727302193636884,0.688044254584777,0.423829306803824,0.337276601464206,0.271125751586957,0.334380857651451,0.685493198022183,0.701137842161615,0.65637848226408,1,0.547691857246901,0.454514852289118,0.620415133438848,0.802481381319327,0.407495997120767,0.716188716756459,0.595944796620682,0.710317764878433,0.564093619257214,0.559890208114489,0.552595386457138,0.411339943734497,0.18835198748856,0.728456023391165,0.74152503032791,0.790094064956268,0.682854555661474,0.750351409869676,0.632093815249891,0.593692862490203,0.502579646888488,0.0834222961086202,0.180473448235174,0.422126950235145,0.0797886631336392,0.633633720682558,0.191677335231362,0.305818867496043,0.103396002433584,0.717372946142208,0.465167694974677,0.298683514276399,0.10890550858467,0.138388319655156,0.214957375955196,0.715205466694902,0.749765463212903,0.374250034981166,0.495486135659362,0.396226463714097,0.3457546907842,0.59177498833574,0.530339703909391,0.789519994597965,0.777257112783621,0.783409740057503,0.698853088441531,0.79440695119902,0.747171684984004,0.69337484591239,0.628456440842512,0.643871939568654,0.632962937006647,0.684359452349249,0.692632835750411,0.64385883565468,0.542084427301724,0.58291267348971,0.608867578864098,0.110036718922625,0.446711852484532,0.0503977418776171,0.185761872550188,0.483736451669879,0.430017340524441,0.221705984084499,0.576598521082145,0.687214812307208
"15",0.438658571963545,0.0736920366445282,0.266860804251603,0.0288960132022522,0.545070336688394,0.456607290622598,0.354834527552923,0.230004252254761,0.0781974528412619,0.408753393137156,0.545029340086032,0.507764668559597,0.477232779976578,0.547691857246901,1,0.4248157712219,0.482146788587551,0.58459786792069,0.311001688875692,0.475568560917076,0.406193996471796,0.557978659051581,0.383430989963838,0.278369481872907,0.288534924322179,0.342975575415178,0.0821408621787594,0.57329545242215,0.52119262187788,0.598129825051548,0.516496893049708,0.48158857061305,0.46897283000167,0.347920906096723,0.367568047454708,0.0930563582884517,0.236794953563787,0.353786752478393,0.0144862960132347,0.507562496972693,0.130643458230289,0.240791435947218,0.115294272674162,0.535233349839095,0.287885479882666,0.193856376130684,0.0514099751287869,0.191913108053504,0.180024657915016,0.468745910459751,0.520197871630715,0.308865339034134,0.313110835828902,0.40184410752868,0.187742709539017,0.404876483625354,0.405305631549454,0.553099930880888,0.530582592845482,0.658047104473138,0.567855085891506,0.581873356828584,0.531510754811952,0.543494874377429,0.526983353247357,0.41535785896905,0.487391014954358,0.55826877646549,0.418690271693199,0.442784642802604,0.436898931637069,0.381259998544924,0.468331025245206,0.156237505052328,0.428023862310528,0.140366005976019,0.181733093425166,0.423210730956257,0.257822623238346,0.122784080907268,0.500810740725948,0.534670107314833
"16",0.364700162187275,0.0838448546897051,0.371979912237415,0.0317325254051985,0.47109948512935,0.450336887043076,0.460372977853938,0.0315815727713585,0.280948026155805,0.432688634415299,0.587423997513131,0.51588887766852,0.495427049943464,0.454514852289118,0.4248157712219,1,0.586845679804496,0.580435328148883,0.380205751124386,0.588008640407088,0.585538332765283,0.600910025793404,0.55735420839396,0.508763805942503,0.4015023185521,0.208913268479766,0.282758449206564,0.547107217911127,0.594190816794315,0.572312365571652,0.570594862048771,0.556941248384097,0.546346277007259,0.542636314925092,0.451212220731137,0.171089478329924,0.0187240228316661,0.260741323267951,0.110532248841725,0.485476165028225,0.442146178307684,0.13901204840199,0.102800329890777,0.400124973707294,0.328196358448226,0.412797116471568,0.216973005126659,0.215445992393583,0.118871914670464,0.622552307530848,0.58015115402213,0.000107771703716396,0.388311315070453,0.380388750265498,0.371373772943799,0.570931840862222,0.574949159682051,0.521034105968864,0.49805626888386,0.573600166090601,0.578788029649297,0.620899743835373,0.604650649203011,0.409944179205706,0.515969718351913,0.346084367822359,0.593107859040892,0.509493125714619,0.482109965917155,0.511271395790063,0.41593876313651,0.518379168705805,0.423414951976789,0.121703102945678,0.348594878578628,0.0647965352391331,0.184205061969445,0.246024072005499,0.375080448446469,0.308659302059547,0.466308591186703,0.617249274679637
"17",0.409403786708222,0.209451961031907,0.608036866855786,0.271054253379645,0.547021192524744,0.464973203280681,0.446484771807252,0.107484007148762,0.300801500141477,0.613640309093966,0.848378431795049,0.68782984294217,0.755366793311268,0.620415133438848,0.482146788587551,0.586845679804496,1,0.78027267984975,0.733750280499673,0.852906364195707,0.8753894198535,0.807486658762293,0.90952727842159,0.792398705744091,0.572163492871808,0.194860676626912,0.523374128759481,0.807616267929379,0.876527067990846,0.775769602748277,0.882162903838252,0.801390506639276,0.882024895066629,0.835587840374732,0.702042717088232,0.148086337626319,0.103094020813962,0.497716479531928,0.273043930183837,0.553950330411895,0.682075329109585,0.0599307686779037,0.282494158327074,0.67778256328615,0.601608929060598,0.682908974329882,0.413780476867615,0.319418456017477,0.480727552013156,0.852366545553164,0.7831592016349,0.0213465074802519,0.355197794163169,0.64657916621705,0.619529015621414,0.8617442114471,0.871968397381458,0.791085145007052,0.768620256239575,0.788247801805571,0.877873186273628,0.816547630450344,0.891449688811715,0.594933396177165,0.743846256057021,0.625431905481954,0.717193613218701,0.730528025757383,0.628851359651648,0.783260489255545,0.665398083071284,0.738687948184886,0.654908295566553,0.0350429218490156,0.386990294865851,0.239600216822081,0.33872227015083,0.438226717603874,0.64082924231057,0.292780318708583,0.645083673263137,0.801679022701448
"18",0.586748300456454,0.0489249325107173,0.572703381890394,0.222466403384255,0.826477742855513,0.80623929334744,0.576840885880202,0.269228228216745,0.484266674537773,0.474624205401255,0.820911882037409,0.790168527318874,0.782756716117602,0.802481381319327,0.58459786792069,0.580435328148883,0.78027267984975,1,0.560091680680525,0.856769398407375,0.746406512372207,0.84436980294393,0.743842051099241,0.689630637957461,0.677224288691192,0.45335348080757,0.316730154321234,0.872157643401552,0.889667676791839,0.8972088139936,0.827187078170326,0.906100495702195,0.793408274326055,0.724458298171629,0.584446432299994,0.12971288101637,0.163377211799976,0.4729317477778,0.183658142883984,0.762606383585512,0.36609214298468,0.398176300568743,0.107868172223753,0.822645881723113,0.553090586433856,0.424668410218327,0.213478509005257,0.279793213158479,0.201508058822156,0.873821999759857,0.883005057822275,0.426594914453442,0.620771542269837,0.535579543257367,0.480665129540692,0.740826916725791,0.701038404032548,0.923457769636796,0.923598977762598,0.888808427692479,0.870640255568106,0.948999949866458,0.888142914345961,0.767765363496062,0.73143181536522,0.740345087349556,0.759544121155101,0.780970078216937,0.739714824447001,0.802456722991849,0.620174841828876,0.743112271404803,0.678503622696844,0.210117446563353,0.517629101051741,0.0674637582126346,0.0892204025053708,0.529672898895007,0.547091412502418,0.30400366499524,0.723929946344183,0.834362152507657
"19",0.288403053101318,0.300714616594066,0.534375864888294,0.303563106570568,0.359763473030347,0.322828535437517,0.337234846795585,0.0754054004640392,0.213630695247012,0.487394046400714,0.641435289360747,0.475391348714876,0.519576122658147,0.407495997120767,0.311001688875692,0.380205751124386,0.733750280499673,0.560091680680525,1,0.669142980384511,0.706639380822676,0.599005301385229,0.771034159064889,0.731558674302451,0.345716583490476,0.0606932622976991,0.611641762665467,0.689791145864104,0.684556110291216,0.570840672304565,0.738789292582369,0.614299543704243,0.701145968076233,0.648606180102107,0.460787806402424,0.170522028972246,0.137194014939554,0.448107252114975,0.0320686788178943,0.397782827360527,0.549123490322894,0.0809730620078101,0.356479832517077,0.575413667722788,0.554943842492297,0.517094200559105,0.413160029154089,0.28743290044006,0.421442951763661,0.678402653043069,0.613259770334331,0.0730055388153818,0.262360058535128,0.466485890523831,0.617906699717848,0.701492220485925,0.771557515506062,0.558643071394354,0.617185763402723,0.614823954411697,0.663364005568488,0.577374499069998,0.685859577062519,0.406202705325269,0.544419680049208,0.430290198887119,0.561517761926031,0.45092358712018,0.414017883563179,0.654009018438287,0.61322407794652,0.473043211175085,0.544753320767524,0.0589156931659305,0.239720864464991,0.15628155300235,0.330177303361577,0.335270195698184,0.492260715463395,0.268098715750153,0.474244880342942,0.598937961229997
"20",0.442506247587096,0.151279555301738,0.5687690469797,0.244911897830992,0.65841105547459,0.621736082624571,0.522200387336847,0.191866506215612,0.433892734330869,0.527037462179857,0.832277918365789,0.727100024818805,0.751818452219965,0.716188716756459,0.475568560917076,0.588008640407088,0.852906364195707,0.856769398407375,0.669142980384511,1,0.84523350823325,0.814206026551627,0.850140117845184,0.823302345257164,0.643198007722099,0.191524352333615,0.45925720886704,0.845772434093145,0.893840885168523,0.800405667306838,0.845329165962264,0.884616502874476,0.852982893971761,0.812239175212675,0.611326817442271,0.180368861026803,0.0592872062359216,0.507047575132016,0.180608348192464,0.61686354650251,0.574434389748335,0.210897886351516,0.172819529972397,0.761123833294068,0.586760513856291,0.570628957153425,0.305617869051302,0.302540879066896,0.337915396152082,0.896121858311803,0.85576706764904,0.217345172855217,0.518531565372442,0.586941247689534,0.581043365566661,0.837258388724024,0.808101761373604,0.847129953866937,0.828066959037886,0.796033606000229,0.86192146857985,0.876733624455527,0.904245466474328,0.6289448036807,0.724594397354311,0.674792882615321,0.7735141633131,0.738795069405523,0.707222147785874,0.799993413649752,0.66048754681083,0.74146295987281,0.677502608139637,0.0680560684377847,0.430851526289433,0.121896718653072,0.184919065244729,0.427201291965785,0.60742585838698,0.321415205332225,0.693921861453936,0.834406083931947
"21",0.382858399202828,0.218242239249367,0.58352222167277,0.258089918648995,0.528860069975661,0.499535225092057,0.460620327499322,0.0880468158632994,0.373145864822179,0.535844314002629,0.82164259619293,0.653054838867624,0.697033262671315,0.595944796620682,0.406193996471796,0.585538332765283,0.8753894198535,0.746406512372207,0.706639380822676,0.84523350823325,1,0.76468384046275,0.888525497180793,0.831260446855335,0.558081592436258,0.0943083943187225,0.578586634740178,0.782168041497973,0.855429587241106,0.714703357077524,0.835705159005105,0.814017312797975,0.856299355792184,0.830129928465209,0.632255944609825,0.219526785694554,0.158197917785708,0.457385863958174,0.232488718988029,0.531035013615406,0.663452468319312,0.100143205830122,0.290793963965379,0.649567777351166,0.596481552777779,0.634801000424806,0.414709268901161,0.335774646392104,0.387600053347378,0.864446214206318,0.772326056743569,0.00244402094668439,0.395103979493893,0.559361725642949,0.626796618394573,0.843147446827913,0.837802419667387,0.749639324579509,0.735396601799574,0.734234032126075,0.818164286407173,0.80570634937684,0.861380228540466,0.517669817345513,0.703376511055203,0.595033117255178,0.748350636914222,0.652192689727769,0.603114210263783,0.767296866703421,0.630092371597702,0.707672576693248,0.604367628634599,0.0474521826632367,0.358159179956888,0.18664476577603,0.311113627886195,0.377472648845705,0.677261467868481,0.328703423639274,0.60565585427845,0.782113410582984
"22",0.492989027506248,0.102136943737418,0.591306796264924,0.250663460677,0.674443098692104,0.614043664820702,0.527305537392761,0.193940387034488,0.384331466244101,0.575689681906356,0.805867035733763,0.741106261150782,0.7341362610881,0.710317764878433,0.557978659051581,0.600910025793404,0.807486658762293,0.84436980294393,0.599005301385229,0.814206026551627,0.76468384046275,1,0.784081802501526,0.714019060071297,0.579420092037432,0.314183596722011,0.400513054935318,0.819090931230216,0.870618231575366,0.814463069335101,0.800112443735468,0.827082006980406,0.80027203008975,0.727293747728036,0.61371747206971,0.166012030143502,0.0420199586025251,0.441102224659422,0.175232412773995,0.657428909025443,0.49308252230518,0.227860719165641,0.0570580762206775,0.715791780199263,0.569588747724972,0.515912450741975,0.263500335420784,0.291026802351714,0.300835732585511,0.839988112480531,0.800669645386851,0.234849550220233,0.463755927525544,0.575442068571591,0.526899419348247,0.77776448595841,0.73924673432623,0.829947333027009,0.819444713050914,0.836483469569671,0.843204561978042,0.855672381887359,0.852082221473802,0.700576549720511,0.727104611304249,0.638670768503536,0.71419554251137,0.715946403883237,0.625149803234437,0.752495517692265,0.621966975883997,0.699642548533103,0.639279316298182,0.118386528533998,0.47879358442087,0.0898331862568059,0.103259186373913,0.464758801676085,0.570119784878054,0.236524792642349,0.678705606226624,0.822827492669852
"23",0.365476728939169,0.242103911855545,0.628598713124924,0.312111219478816,0.498437090289455,0.43947602738552,0.465650510257016,0.0472338589649508,0.334392780564784,0.592723930689563,0.828840410959399,0.654855932081739,0.711023959134233,0.564093619257214,0.383430989963838,0.55735420839396,0.90952727842159,0.743842051099241,0.771034159064889,0.850140117845184,0.888525497180793,0.784081802501526,1,0.85327053946392,0.539643848507496,0.0812617080285167,0.609963361020892,0.807420706796696,0.867354970620038,0.719158264371792,0.870098713680828,0.797139175297767,0.884973920503081,0.866386222710257,0.686098823863411,0.204438536144602,0.15738557949083,0.463633508739215,0.257660938977455,0.535179108677043,0.720400841333917,0.0608470151335509,0.313418814897822,0.668461946662947,0.644564102324023,0.700339917429299,0.462801052999044,0.351931081885625,0.485006521473788,0.875609520592131,0.762128536494139,0.0140362333586264,0.327404648662303,0.631854956053917,0.68016457823408,0.888388702575314,0.8958959741279,0.755676783044238,0.758979828639563,0.748771389613365,0.860977416112327,0.789539379378304,0.871878957733193,0.535001843464383,0.702361849734588,0.604211087130617,0.690456157229403,0.647684472290563,0.57621865993309,0.780147795956281,0.664021671347811,0.732145965952115,0.644881717844164,0.0434810260773625,0.361108251395857,0.240501545577356,0.391525264730968,0.401288597488323,0.684920770464177,0.303235609447733,0.587091390970859,0.784408966564195
"24",0.31747305967375,0.251992823496054,0.558018533963003,0.293600025269961,0.482327828809399,0.480717981435566,0.484042816510503,0.0616139189634825,0.443177037473733,0.47834211214797,0.733744451204803,0.603911462966018,0.588808415034553,0.559890208114489,0.278369481872907,0.508763805942503,0.792398705744091,0.689630637957461,0.731558674302451,0.823302345257164,0.831260446855335,0.714019060071297,0.85327053946392,1,0.545525682672086,0.00971907855375034,0.631937995930186,0.753070573703882,0.802459077104738,0.646431651045277,0.788526384870579,0.798471146536959,0.810001955568327,0.780624151859311,0.578032594175575,0.229334371687382,0.165841005513674,0.482518001411694,0.150862966378629,0.50010287515406,0.628979723692563,0.13493092435224,0.312806538640451,0.63956551589257,0.656782394181589,0.555654382381488,0.404980815971127,0.317443858705557,0.355594826838198,0.839131440087357,0.760360429633517,0.0851026465665575,0.382242568881816,0.506038597213929,0.73055255927514,0.817137924931143,0.83215721618768,0.71502409281454,0.731117522832271,0.656537425099539,0.771750007735448,0.745855953400089,0.810584912212606,0.485233513487768,0.607123920837031,0.555823571944908,0.657192852084334,0.562183767485203,0.561501756007325,0.744675434335932,0.627764518181522,0.666459161434329,0.62209750718051,0.0263179678689158,0.27731266299347,0.234085102719284,0.32313591423044,0.33346767889662,0.578107153441731,0.349211370064199,0.547599511662443,0.73411722488857
"25",0.316589308877184,0.0466522294348795,0.371842895074214,0.101630259459794,0.569715672435319,0.544022345628055,0.442164969442452,0.23462623340968,0.422444365799643,0.305745986038537,0.59288606142168,0.563082168621479,0.59520157937571,0.552595386457138,0.288534924322179,0.4015023185521,0.572163492871808,0.677224288691192,0.345716583490476,0.643198007722099,0.558081592436258,0.579420092037432,0.539643848507496,0.545525682672086,1,0.324040927402162,0.238085451511334,0.602930152123492,0.620781936002996,0.597787216544489,0.554288062206995,0.658242162256812,0.568189553685786,0.549576316704663,0.405396399648062,0.0289676516138672,0.107033944721424,0.304119639475855,0.202409747989002,0.458530804139085,0.284860955044305,0.260517150433285,0.0439855639960364,0.569866101191486,0.431791349613808,0.345909368992189,0.193016439352317,0.174521505646238,0.117594404507758,0.638036763558184,0.640909948930553,0.228504095789877,0.39732330183662,0.378710142846942,0.382905208289114,0.542385861917639,0.487659770168738,0.661597408888549,0.648715578588183,0.558758468314293,0.620000067226578,0.676459674792118,0.652635824837735,0.543281797897723,0.457155067735397,0.557372352498291,0.563152445495188,0.524089916466843,0.557300121434737,0.591631649583907,0.399525476271869,0.569862225693005,0.362352952943242,2.51809042242112e-06,0.38382874600201,0.0463665139795303,0.00334250812510269,0.255602662759668,0.449180817471408,0.204739294452899,0.513581714717862,0.624800711609621
"26",0.390971125843122,0.210521987086002,0.0736209380040178,0.025268266169444,0.521715744993693,0.472243954819684,0.234469826061627,0.290251328113384,0.175012622356162,0.0452575162420862,0.246721321275218,0.368986802509047,0.303899644787509,0.411339943734497,0.342975575415178,0.208913268479766,0.194860676626912,0.45335348080757,0.0606932622976991,0.191524352333615,0.0943083943187225,0.314183596722011,0.0812617080285167,0.00971907855375034,0.324040927402162,1,0.17082562334842,0.252607308488234,0.285051855723438,0.416018262576393,0.226043045572869,0.302985144954122,0.192868443688924,0.122556836474815,0.171068408016825,0.00543584344412715,0.29529999409788,0.103014136659721,0.201974613043512,0.410766116159273,0.0730911349760608,0.220188281245827,0.339338675734362,0.335853234623319,0.0476253755020487,0.0210606760267855,0.0843003891801001,0.0924968534410615,0.159964779537782,0.258027966557419,0.367936997722846,0.359967537968445,0.269288309233117,0.114487506258499,0.0783098927407344,0.0906876412897168,0.0326561804166853,0.391589603643167,0.399658508423068,0.377018389176845,0.276292875716627,0.398692106532923,0.288869815564561,0.405550724977136,0.287540225690195,0.279554188576434,0.298923484506932,0.339765924065784,0.349836205649965,0.266690587895521,0.0581624632283384,0.251442385932888,0.167774421125334,0.184014414463674,0.342184308376766,0.196822972823072,0.350172726183891,0.218866895903136,0.0836094919587528,0.0987683309519602,0.278772535956379,0.343059009635288
"27",0.175638033432078,0.355720025848479,0.43578898356371,0.233624942312267,0.157022324000816,0.172426500417182,0.335181821621653,0.112674520547748,0.262243980084321,0.292267109532104,0.433199767734668,0.263509636405221,0.30336311231538,0.18835198748856,0.0821408621787594,0.282758449206564,0.523374128759481,0.316730154321234,0.611641762665467,0.45925720886704,0.578586634740178,0.400513054935318,0.609963361020892,0.631937995930186,0.238085451511334,0.17082562334842,1,0.427760173812079,0.483611891906827,0.344436571892039,0.552636995471163,0.429298234264253,0.531899165462606,0.502263243890167,0.312254155571482,0.209017747052926,0.221145504023933,0.21422515625179,0.0724124814847807,0.233262561495401,0.528672840912992,0.0663885313157836,0.380528882677131,0.340157336162587,0.433429048901768,0.433731145078372,0.341533323975887,0.225469765365535,0.247938589915562,0.527223438267022,0.431622341759329,0.120601104244706,0.187475253336296,0.309824366420712,0.47130229064586,0.525858101586898,0.619779663064326,0.320063634262841,0.438389374338401,0.356103422444046,0.418806451635272,0.385635812402043,0.490712562175251,0.139660033236925,0.289841307010284,0.260183461645449,0.408894399173963,0.262864440054723,0.248183120161378,0.449719155693037,0.422200374057255,0.32044932319112,0.360126928354985,0.0195251812160332,0.115556185270512,0.265363931736581,0.428095827035208,0.153164160527585,0.39324378028096,0.284405320785109,0.198911374928124,0.412269428105496
