"","1","2","3","4","5","6","7","8","9","10","11","12","13","14","15","16","17","18","19","20","21","22","23","24","25","26","27","28","29","30","31","32","33","34","35","36","37","38","39","40","41","42","43","44","45","46","47","48","49","50","51","52","53","54","55","56","57","58","59","60","61","62","63","64","65","66","67","68","69","70","71","72","73","74","75","76","77","78","79","80","81","82"
"1",1,0.260364675520672,0.242219023882569,0.448556129800042,0.411614582492344,0.643717334475572,0.0970310151119278,0.146267236315253,0.223507078931788,0.358883850329398,0.361792160589811,0.0345353911210808,0.102188484870387,0.00607564824373351,0.168894079642122,0.323471382249347,0.303032127713513,0.584567641235805,0.0653875356056969,0.11306716568991,0.271950309816504,0.432348829522461,0.0928426813318199,0.194260996363088,0.0869031871992957,0.166320175093861,0.458805107641615,0.258267657056821,0.0467527653636196,0.454519812052456,0.392029691583924,0.233239848291265,0.232759853999634,0.0378245597169909,0.488563621893988,0.170379977783154,0.25046981106357,0.258251393829607,0.0748445957815572,0.416015391127592,0.0799907700311273,0.537126690389895,0.343931065453934,0.369557242352225,0.141026419307634,0.0892410609428439,0.0743346146429773,0.285379741779168,0.106499190864346,0.176430714611403,0.249497248060197,0.0968822259180957,0.0609069623594528,0.283947440403865,0.263331835027044,0.248886288728118,0.334109358115948,0.502847654995943,0.461525408710309,0.436293228867537,0.449130335686913,0.254855408126556,0.361569709667558,0.306409335859187,0.508683462104743,0.133594255122329,0.120730038085599,0.467979343952374,0.114048149031583,0.0873404167139262,0.127019799491093,0.0456912285724034,0.336132851208453,0.170143004031206,0.359313296870306,0.148331518065339,0.200876265762665,0.486521200326792,0.179235276104203,0.236380046578392,0.123897310288817,0.326277756423636
"2",0.260364675520672,1,0.0303325681072815,0.45916539003918,0.179653956375826,0.197923851035035,0.169059704477405,0.0215336772114725,0.334748995331414,0.0975981797469478,0.153974516848504,0.49679533293871,0.365746937061356,0.432760037095594,0.373894129415545,0.0418518376444375,0.404952750724106,0.0758141801361911,0.350487494912317,0.37377808244923,0.273008023779585,0.258062040418315,0.423303704357822,0.243124284125525,0.241137125693668,0.219810411451772,8.98269827865465e-05,0.296242435231563,0.54289300330263,0.249736378741933,0.234243941635915,0.398912515782812,0.25215226715572,0.391711626454687,0.0288212732748752,0.169188348123618,0.267307801863055,0.0288181272388882,0.0469314484865273,0.114200168495458,0.365642209845037,0.549790633496337,0.40235449797491,0.0984545279199594,0.287003566497037,0.421306582739619,0.288431981733691,0.124896376423983,0.302104448104733,0.431267317461874,0.328976338115598,0.0925363198585364,0.32150045735453,0.0751495634438084,0.0220036697995021,0.391411917989879,0.206251032316719,0.0961323704021198,0.177272522502094,0.210965774887474,0.0518626295753277,0.391718894051379,0.244300018875743,0.212620300307432,0.102352903226541,0.325076889007824,0.421546294877582,0.120156531625299,0.497049602995846,0.361462082746419,0.325230795989709,0.281906584923975,0.172472113712033,0.122251479224396,0.242096974564108,0.172967971060362,0.339995004486419,0.213842775923574,0.186477893439308,0.356704560469293,0.258875520030943,0.25117390013878
"3",0.242219023882569,0.0303325681072815,1,0.248344910427688,0.352555052370331,0.484305149356458,0.376927739873203,0.551826163101622,0.132184688869038,0.220459476571442,0.641678044739147,0.229774945271719,0.133245127775258,0.126877613831785,0.194525478428219,0.321206655649776,0.474070364933883,0.614460931413161,0.680583773843743,0.448690917417217,0.589293392573281,0.519476695115388,0.588168560724252,0.295642283958368,0.102930459078554,0.281831853650728,0.176625243995572,0.623569082486397,0.455025224101351,0.556058863199096,0.644401829827218,0.465004264136601,0.609343923026207,0.39402470402527,0.534499911347628,0.332850503834032,0.176600592633146,0.608912144570797,0.229897344979424,0.574128537716998,0.416055153580992,0.307321646554671,0.0942327219883718,0.611297001223114,0.428157447297947,0.405407708785981,0.340396478982956,0.154086367628139,0.176660183090803,0.421946652201979,0.508484356306652,0.454125149440997,0.100400676146783,0.522300922717212,0.205657630947691,0.463822617660997,0.515951364703243,0.589589454138723,0.506669691266779,0.583564138011132,0.594059034736988,0.514731694214027,0.527974372999591,0.364861360997402,0.33576184840752,0.61078415004592,0.359146171678637,0.611896924486269,0.153993675122415,0.196938585073631,0.273700905611135,0.510253230738261,0.367528355304581,0.138928054370276,0.0309487613043144,0.061590866985219,0.159813178735583,0.154976950988913,0.465920830187129,0.146249698369409,0.444082315391705,0.576406575682662
"4",0.448556129800042,0.45916539003918,0.248344910427688,1,0.0215580688245177,0.516925682738343,0.0492136499095808,0.33021117481702,0.341052273385128,0.102545287939076,0.0572403538616486,0.490091862951876,0.388282772771686,0.397512953426471,0.246220983888689,0.176621281636118,0.163426618936232,0.29233960191299,0.075438804927907,0.279869872060257,0.101180680511001,0.08379350955945,0.298414037155068,0.264997389972678,0.36147395736746,0.293578381229355,0.291792978104682,0.113018850994925,0.420972638968508,0.108652518023592,0.141913752121712,0.254077964925583,0.103219220627113,0.372624765025356,0.253961158834235,0.350219758194895,0.257322702769852,0.279522465599627,0.0324007069303119,0.129213442468466,0.32411417735376,0.842391558999046,0.708276090553192,0.0622376874989046,0.114651486786101,0.456120787639656,0.18675364122975,0.429199905125391,0.39317175230071,0.345998784217057,0.136923492550457,0.170121394466471,0.446976466086752,0.058393400617551,0.319149599316922,0.212809121995842,0.0172010551237399,0.125407002344601,0.0487936164727708,0.0703016841169012,0.149587384751986,0.182268794934374,0.0427412371170106,0.101773676667027,0.184731476274768,0.204397411669328,0.30593933678728,0.119666880330922,0.576268965920585,0.438553599234106,0.217947953300576,0.189023087978392,0.190704256052205,0.194837358709314,0.401343558048175,0.348229746975338,0.546669604079703,0.394881863708815,0.0547820232415337,0.439746139993826,0.332008513838423,0.00310089010714153
"5",0.411614582492344,0.179653956375826,0.352555052370331,0.0215580688245177,1,0.567616871149872,0.253460426806961,0.0957446713503268,0.103695185554285,0.566584907767921,0.613802430857991,0.655009128949438,0.589426469866856,0.51121373918881,0.523652310567316,0.3951512937241,0.749483513220631,0.709653679238779,0.397704417025778,0.613132818627618,0.604540113468223,0.706681122959399,0.582474791517701,0.654646989264769,0.590242196138432,0.13896666864861,0.458388807805908,0.700001977270111,0.614017406355492,0.625328231969703,0.527899048197364,0.719095454036082,0.658988509924121,0.552732234586694,0.392243157800362,0.109187425247637,0.195371667530493,0.265908804152481,0.116053463577259,0.567326665444212,0.477321610917054,0.0700451361722621,0.112412353829642,0.689101769557464,0.411541168394388,0.314840852652082,0.324366533274855,0.108789453324956,0.306962755406129,0.734733635989665,0.712208139866842,0.191620644626244,0.471481694226234,0.532410356136737,0.222584011753931,0.724081299100761,0.719602379877509,0.736534436771056,0.812504383834026,0.771124900924967,0.70197807492092,0.764355063185701,0.741115840632637,0.557866249808742,0.695158672615305,0.533591741348898,0.558282690765359,0.614436518986747,0.449414248090638,0.599785110665348,0.615854138350159,0.405246966159102,0.525872143822826,0.471050591381642,0.175212980838637,0.157255707710241,0.286410715333362,0.43600830895018,0.326410107944186,0.0746282363371044,0.487730706420091,0.672304198673411
"6",0.643717334475572,0.197923851035035,0.484305149356458,0.516925682738343,0.567616871149872,1,0.203842969365797,0.362900573158532,0.148373751103331,0.42603151006175,0.579250860292323,0.170373134145162,0.171631224858563,0.0807363177405595,0.257680554535537,0.4846255049262,0.476926904378523,0.790836038575465,0.289430327678436,0.270724380283578,0.433727766648043,0.60878722202741,0.261000288186405,0.351082759431083,0.137519895392595,0.115078722846787,0.510418661324262,0.484750098424785,0.191806691955555,0.612058033318772,0.54483763995823,0.407628565760683,0.469794668533256,0.201213660180521,0.59407382504164,0.22041828968409,0.255935024425739,0.392296026932684,0.138822486863893,0.582078112058135,0.170338730691312,0.643619841540315,0.396080815946091,0.584014624073911,0.282325458669998,0.00154514410527517,0.160091382645076,0.340795250427652,0.0334371652650343,0.336411532498762,0.482365362356916,0.277321746659379,0.0148173986764141,0.512548088899978,0.394305583744682,0.416958725411898,0.530720322678148,0.70207927712576,0.657695732295409,0.669803262660321,0.658066087139105,0.45803668779198,0.553081549840147,0.373825027867393,0.671135314319619,0.302961893351393,0.248791009710724,0.623285303183708,0.0405109420419398,0.188967283176702,0.273564028809452,0.239402455324255,0.451058181589102,0.115557379083206,0.377616477141962,0.219836890327706,0.173153711517736,0.529778968140796,0.299102949522202,0.208917864473635,0.216574453811675,0.540230957571171
"7",0.0970310151119278,0.169059704477405,0.376927739873203,0.0492136499095808,0.253460426806961,0.203842969365797,1,0.332134954171323,0.0954212450999261,0.232135787776311,0.406867719363834,0.256470970989663,0.124776967921976,0.103143073007002,0.151052004365071,0.152766850089241,0.339316771745465,0.320781655572029,0.455562003993209,0.370605764176036,0.446104825667637,0.350676751901746,0.500694113148442,0.193121348938189,0.153017962151844,0.31136875079806,0.0180319162363816,0.442095228847485,0.392350504874403,0.349663361396994,0.402503071254564,0.378009226198856,0.476052849282506,0.218023282314806,0.41514935969528,0.205465440615478,0.258876482937098,0.398811311588086,0.0664349083209337,0.382853129208491,0.388369426427854,0.010291613791295,0.136185988840817,0.388822994513503,0.301660233476141,0.41946665812623,0.304236202410284,0.0127240422352446,0.147245111188272,0.301698106773053,0.312034653239045,0.327227859726182,0.0866395630340634,0.329022186863756,0.0202619975678459,0.348879392320815,0.355459769068188,0.342103787440529,0.252597318661695,0.353420704079817,0.326194244645017,0.362423676856696,0.352988882790472,0.289742464358065,0.162302170462855,0.463198874298868,0.318372170718748,0.351148906641708,0.242598700402304,0.123839086903471,0.283531526231118,0.446161978406314,0.14917403434465,0.0351398918777286,0.110439768980465,0.175350454155701,0.034773301823289,0.120053932105923,0.356775613904653,0.222529069928542,0.39140731436928,0.395655895789662
"8",0.146267236315253,0.0215336772114725,0.551826163101622,0.33021117481702,0.0957446713503268,0.362900573158532,0.332134954171323,1,0.09064862649407,0.0322519392794877,0.545084305131456,0.0115856081758318,0.0777962015415293,0.159074356771797,0.0864198700335182,0.153375417922977,0.235426884488164,0.430377914408763,0.557168510143244,0.270399480830383,0.416126700643753,0.374003238008617,0.34172897147658,0.036545307765954,0.159586797836998,0.315076358320038,0.0166174203588844,0.353417218998248,0.269085928354587,0.44318823241008,0.496545256728861,0.277100529123839,0.365175555858609,0.202935353682468,0.508654997491557,0.407945084437212,0.278692227579736,0.581204231132361,0.0147231004316004,0.385490018641227,0.198456174046532,0.373464464947634,0.0800867984091081,0.394171072391208,0.344186130889889,0.320723545118406,0.259845634757741,0.161884943946178,0.0757216717952847,0.192333675042494,0.236159673566402,0.371530576299031,0.258512059880934,0.412320514920187,0.415096893010344,0.179024437637423,0.285977194897005,0.375459223804906,0.261852946547661,0.361348574217493,0.362555528050667,0.278540927776192,0.314549292277211,0.308205181992143,0.191872552023581,0.379930459581322,0.28634401636311,0.451075502478936,0.0288736627033804,0.0289020437372437,0.10161902755832,0.49706377205462,0.176636790864741,0.323975231107627,0.0578923327906897,0.236207209655382,0.382326368638458,0.0393408339637123,0.471925550743743,0.09681789380413,0.272660778041304,0.417119071313995
"9",0.223507078931788,0.334748995331414,0.132184688869038,0.341052273385128,0.103695185554285,0.148373751103331,0.0954212450999261,0.09064862649407,1,0.00257819739659664,0.216590820609462,0.343218166895582,0.299279702949557,0.34586086128877,0.203762591097173,0.00879884373664904,0.235586684086765,0.0394115935703596,0.308942147129454,0.381119847924648,0.220259597595623,0.110095407188585,0.36662174774033,0.322656650981188,0.337258164254502,0.27925061594914,0.151992928561002,0.274424455921988,0.438919159840793,0.095729826541607,0.171572898816724,0.270176927258277,0.290028341058901,0.385608190492076,0.00396070126512082,0.0978742578548892,0.204361946974653,0.00142311219488079,0.00385817512380057,0.085653049267616,0.314828684929624,0.367154831357681,0.328257875341689,0.192067878581927,0.187201924555535,0.328915395395328,0.187497731376971,0.100888248705704,0.207361236710191,0.320859156468647,0.234684624025418,0.225744877681921,0.349701706862959,0.108053607125602,0.0165662046916674,0.287625749309802,0.17500162663127,0.0615081882670797,0.14126618755344,0.174384004764732,0.175573683548612,0.251786857652321,0.22371316920988,0.235186072467511,0.0129325294297387,0.323126063039361,0.308701296849471,0.0697759163677631,0.424565098506649,0.40563048908423,0.263230910350882,0.242015486567459,0.126732872053429,0.0260030484197707,0.226171976377944,0.128610055568879,0.270408268464627,0.130020538227282,0.103895939193739,0.29475829996956,0.194371726785674,0.223460333162994
"10",0.358883850329398,0.0975981797469478,0.220459476571442,0.102545287939076,0.566584907767921,0.42603151006175,0.232135787776311,0.0322519392794877,0.00257819739659664,1,0.477279629051852,0.522466242236118,0.445133435177061,0.382922674766356,0.368546021344318,0.291899958638508,0.579232331988062,0.544565360119093,0.241115141734729,0.432553012171341,0.508361406140542,0.52716408599329,0.443864272891542,0.452374655643505,0.409492740025859,0.0933125822288917,0.347190766756071,0.527521609079928,0.431200659492428,0.474364970388336,0.455203308206545,0.514217866849239,0.505585294689565,0.379282844448414,0.389705690081859,0.0215325401608393,0.0916142477559805,0.121810303666405,0.135576855016069,0.435970187597112,0.407202484004283,0.0579347077683496,0.0875167707201515,0.499415349860524,0.276747914781752,0.280042409566879,0.246837473512473,0.0348788603105686,0.173585777730264,0.537518508419928,0.49004100309084,0.113360837995414,0.23773994816163,0.444076966629419,0.111525589508674,0.531142669356727,0.557206650899758,0.613572412758648,0.581830616713437,0.525260505301843,0.533181514789646,0.520490762427303,0.530671544587668,0.455426826259396,0.537939830755806,0.412762824114075,0.385575324464999,0.529228519799152,0.33781862056031,0.435605223560988,0.396657134962575,0.342389393816356,0.34231243901737,0.356529632391532,0.0516259533409983,0.00299980196578856,0.285068036593963,0.220898929977364,0.286359286920187,0.0320058137025839,0.425758928914989,0.495030024872559
"11",0.361792160589811,0.153974516848504,0.641678044739147,0.0572403538616486,0.613802430857991,0.579250860292323,0.406867719363834,0.545084305131456,0.216590820609462,0.477279629051852,1,0.555064874740258,0.43421074733809,0.341792243134108,0.450050114463401,0.399188665418881,0.73610379046412,0.795775110497574,0.703118585994262,0.686532975895686,0.764168437959485,0.759918782849771,0.747517297081915,0.556383561730131,0.388312705105082,0.327924638544294,0.268229845882205,0.795720567231687,0.687753685466758,0.761544340928236,0.747066607054071,0.740761513141757,0.786955353875719,0.624481312026732,0.643564062492891,0.153615396958036,0.188596548376146,0.544264952537347,0.0713834622731331,0.651576700388323,0.580538171511491,0.207857729457864,0.105380966079149,0.767877552982261,0.544526987141934,0.579971111596028,0.461360998667726,0.107151535830932,0.253995937674319,0.693184689088653,0.703607250038301,0.410035864107946,0.182225632790875,0.672726238614452,0.346294165991841,0.678078703024622,0.718025222855142,0.796658610263673,0.745981032610354,0.810465554301035,0.799625962827422,0.769779021507151,0.798316546632815,0.652615508266862,0.600448640442418,0.718384755006974,0.595500095597565,0.757616051669118,0.412241365260564,0.509441902702003,0.496293215100292,0.686057572223343,0.478593927388579,0.110263043038093,0.00606781432811344,0.151330979489342,0.070439179053839,0.230640609632042,0.564506426648453,0.175506999358848,0.617497524726709,0.779204819791639
"12",0.0345353911210808,0.49679533293871,0.229774945271719,0.490091862951876,0.655009128949438,0.170373134145162,0.256470970989663,0.0115856081758318,0.343218166895582,0.522466242236118,0.555064874740258,1,0.720281956194248,0.67718534922075,0.565411697026264,0.263138410863072,0.781324583730655,0.476419019845855,0.488965049451429,0.742062787881901,0.606398869252158,0.596994750445242,0.736582039790687,0.69353218041099,0.66392648762908,0.339688979893095,0.26114268393566,0.709487862857483,0.816767862686557,0.536688705906417,0.473144700915079,0.794026511080286,0.648488807307876,0.719275789486685,0.257834920368499,0.203413888441997,0.107943841830305,0.152286573446743,0.100154605696272,0.413565449099974,0.640907810416428,0.413952002270578,0.48931680947456,0.572333059012319,0.441645230474562,0.57400274840836,0.460060714767082,0.146530384311372,0.439099611476159,0.850265748987666,0.715951117996663,0.107903781257166,0.603785274931755,0.450107978594265,0.00692575437955823,0.770835992595393,0.654741192729459,0.598345081722001,0.687153477711687,0.64503409145628,0.537042444042783,0.78891861518965,0.698609260895634,0.574995210215887,0.5013068034352,0.606288564841508,0.689336854965777,0.494246931861436,0.727902033904975,0.777186375947813,0.647659215616186,0.532194497544356,0.390228722411273,0.408910985593751,0.105341020652428,0.110450169772118,0.560148694476418,0.106711259916099,0.374888468044253,0.298621950888754,0.651722212608056,0.629996599768162
"13",0.102188484870387,0.365746937061356,0.133245127775258,0.388282772771686,0.589426469866856,0.171631224858563,0.124776967921976,0.0777962015415293,0.299279702949557,0.445133435177061,0.43421074733809,0.720281956194248,1,0.509014998891616,0.455645531810267,0.201397216358973,0.635890803832054,0.356119350891072,0.330138380383983,0.594097100377878,0.480232643245349,0.458782277899768,0.546556894710895,0.573823042654335,0.5983819880796,0.218294089614661,0.246797710464619,0.561521019607731,0.654100758667427,0.37090385576459,0.295968490420762,0.607242812846963,0.554289729307624,0.565239451935801,0.148510903682241,0.303499367698795,0.0416460067451076,0.0457305277547197,0.113780992499085,0.330553940534126,0.556393210612569,0.325383539690742,0.388067515118746,0.489066540856266,0.343013014448691,0.411885890113743,0.313796805349515,0.15956758279777,0.375915202033034,0.690999973590226,0.575738955214296,0.000568543628458498,0.59150701106952,0.339873853718163,0.0247922142588255,0.602331318332722,0.554167630934963,0.474956607356204,0.586754261524128,0.526187575845247,0.463329693568294,0.623405858031826,0.611896659323238,0.431803248467623,0.44397801776972,0.437394579324925,0.516390219640376,0.363238206005469,0.596081559293404,0.670417495334793,0.54803864559951,0.339372660119703,0.302303622429777,0.405358700229626,0.085074810504187,0.0736153620553986,0.560900712647788,0.244788148071696,0.206490936293175,0.188469375876106,0.487467303062318,0.455076081928167
"14",0.00607564824373351,0.432760037095594,0.126877613831785,0.397512953426471,0.51121373918881,0.0807363177405595,0.103143073007002,0.159074356771797,0.34586086128877,0.382922674766356,0.341792243134108,0.67718534922075,0.509014998891616,1,0.491758249239023,0.17090364143448,0.60003807799462,0.334477465736537,0.284255552532894,0.567924359488598,0.400401400324499,0.442934659210121,0.511015317446118,0.667331420180573,0.59740538287261,0.150453742339081,0.327815291729487,0.530687014527422,0.606139671849611,0.359997435599314,0.309064222835935,0.595102884403254,0.471306177237235,0.572100766598961,0.120000302846001,0.272782942091587,0.032819363430985,0.0228964866759291,0.202694758805924,0.317169535431391,0.449863431296683,0.36219946227759,0.304020641116302,0.356672250908955,0.32106962306865,0.311057300629669,0.214910009843333,0.0513115233553846,0.39109243035568,0.612507394168456,0.597753279232054,0.141602968805072,0.544635836680287,0.300505442492812,0.0417739927604868,0.638541251505647,0.490308155387567,0.422380219725763,0.529318824623144,0.475307058637364,0.362610520631852,0.592495472527561,0.50902921488723,0.414250055773028,0.420073722442569,0.451684785569095,0.483792044371122,0.290082995452357,0.592749777930942,0.674687587475083,0.526093136432582,0.266118108093786,0.36634281714275,0.41629098703995,0.0288228826179934,0.0631130786966534,0.47941787281006,0.135694288762273,0.201011912998244,0.214079622313586,0.393934206305663,0.400984389255339
"15",0.168894079642122,0.373894129415545,0.194525478428219,0.246220983888689,0.523652310567316,0.257680554535537,0.151052004365071,0.0864198700335182,0.203762591097173,0.368546021344318,0.450050114463401,0.565411697026264,0.455645531810267,0.491758249239023,1,0.218350008375206,0.548302069960691,0.439004776891167,0.344948928251073,0.493386819629804,0.381767315189041,0.53328561779263,0.441400568557244,0.505364558163705,0.455886416418642,0.199439851495669,0.323137220984829,0.475634655886405,0.536023736586649,0.467714214050384,0.365873918278621,0.592752400326057,0.439674452244978,0.549908910749724,0.261688812897713,0.123318814310456,0.0269016848780297,0.14157814773572,0.0279257785374111,0.382844331414648,0.367931230972242,0.129102986386015,0.255896660209422,0.412863397447906,0.34006492573103,0.288872585919603,0.285081976599263,0.0205130570695616,0.209409883250208,0.586585701085311,0.554804210338267,0.0868243323845,0.447170833228274,0.367616590790152,0.254036175116363,0.559763134582563,0.501086265103245,0.461030490709411,0.53016776331784,0.55202962992661,0.400766991003903,0.601444006096653,0.529672089023903,0.432800399890493,0.475394951007835,0.369963160459056,0.55072815713191,0.375413441269485,0.433652761834975,0.595452050884948,0.465673653433453,0.345348203912269,0.324006103606293,0.37368337254203,0.0166162060675628,0.0102100539575368,0.28646664497808,0.221639854877139,0.293168974699421,0.142418963634025,0.359819885008507,0.506993530958325
"16",0.323471382249347,0.0418518376444375,0.321206655649776,0.176621281636118,0.3951512937241,0.4846255049262,0.152766850089241,0.153375417922977,0.00879884373664904,0.291899958638508,0.399188665418881,0.263138410863072,0.201397216358973,0.17090364143448,0.218350008375206,1,0.378741325683398,0.463549155548332,0.218566033565762,0.230660072729397,0.344794624201166,0.41797513193652,0.279122876669496,0.243588963660768,0.158555835168251,0.0384700735673621,0.270256876083217,0.392971843558292,0.238528032554553,0.394230379156987,0.342840507454054,0.315442061583482,0.346575063876569,0.164086717268627,0.354496016765038,0.0950194720258985,0.109324569070713,0.20267439984504,0.190997313170969,0.316130148272611,0.22226931548202,0.282905292518573,0.130738722977382,0.428442442568804,0.19551207232458,0.120072140188727,0.188829636451511,0.139849709698218,0.0399684019550584,0.273393812232703,0.374924546227568,0.124876441064336,0.0213471111824562,0.31774092677057,0.141830912908342,0.352919076784358,0.446839297560868,0.443643293097769,0.450211707934515,0.460223131784794,0.437460516450039,0.352421864196908,0.44390535699508,0.244067699812101,0.455466310669431,0.302026170272339,0.219283663705017,0.356188745659763,0.0621265315911903,0.21072271790311,0.283400632148929,0.196712568921052,0.336816871409973,0.154193971739299,0.23885299102865,0.0884787743186301,0.0247701227036951,0.289238535919682,0.172783049275425,0.146642824734431,0.254192881659307,0.402580294596801
"17",0.303032127713513,0.404952750724106,0.474070364933883,0.163426618936232,0.749483513220631,0.476926904378523,0.339316771745465,0.235426884488164,0.235586684086765,0.579232331988062,0.73610379046412,0.781324583730655,0.635890803832054,0.60003807799462,0.548302069960691,0.378741325683398,1,0.773872144609428,0.673499766064987,0.753669640716797,0.776173192026666,0.809588447896709,0.815325746409279,0.713856259978933,0.564187530313359,0.266423138986907,0.426595257043827,0.857471189216844,0.821680876615039,0.786430406844584,0.758481220232709,0.869829303781056,0.785391552765048,0.67796789883055,0.534810428952893,0.0577336699116625,0.0864097942556695,0.35816162175931,0.2161541116508,0.672229341266792,0.700310393595206,0.0696672543978593,0.144597921004535,0.75976751781527,0.551564516404987,0.576999761769431,0.464602703988117,0.0213244399365559,0.33239438797968,0.867039799386882,0.825682322438305,0.284190258430177,0.382196748647545,0.629972087448102,0.14527155875218,0.841169036160377,0.783802131395307,0.812104375455506,0.846187316511304,0.835704772383982,0.741941733287083,0.888393569393655,0.831597239533549,0.657283188862505,0.669910975349618,0.722737560590186,0.726339372558946,0.73624663620327,0.649797105660628,0.672409308944862,0.645060405533378,0.636592111704855,0.545890470345612,0.34078085177047,0.00730221730511146,0.0731874325907305,0.365544492687872,0.237717887667281,0.515334336986367,0.23399218818345,0.698308790503944,0.759528237227277
"18",0.584567641235805,0.0758141801361911,0.614460931413161,0.29233960191299,0.709653679238779,0.790836038575465,0.320781655572029,0.430377914408763,0.0394115935703596,0.544565360119093,0.795775110497574,0.476419019845855,0.356119350891072,0.334477465736537,0.439004776891167,0.463549155548332,0.773872144609428,1,0.592011140914724,0.556469464859192,0.701210099331193,0.844514964584204,0.626420995779987,0.576529902878892,0.333220291027285,0.152591243710837,0.527481603861451,0.759658103639296,0.568649234531326,0.859350404847449,0.805830576152251,0.724183508847431,0.714659112273871,0.489443126856166,0.712660267342703,0.185172880446143,0.0206617433202481,0.521351577040772,0.162027016247026,0.730118103760197,0.472674826380105,0.428324427335501,0.129189365302763,0.773849128022156,0.492166465737679,0.332303966434354,0.39033172406481,0.264375273358226,0.128964410997298,0.659914136654819,0.723639284160853,0.377565778301405,0.123424188450911,0.670541697453049,0.396411992805418,0.691851187077362,0.756392224781571,0.88577461394906,0.859497008861554,0.865979379538479,0.839153633057447,0.763040108005377,0.776784086428699,0.626301320126291,0.755591346444231,0.61211441708105,0.558191826747438,0.822895694271967,0.271034787708194,0.419520803749269,0.473056899031755,0.534012209685621,0.581998053532002,0.181672577674818,0.224816677798445,0.0664674595272328,0.0104702925054339,0.447368882291682,0.532736045061453,0.00276393385107122,0.517219226476755,0.778369515713283
"19",0.0653875356056969,0.350487494912317,0.680583773843743,0.075438804927907,0.397704417025778,0.289430327678436,0.455562003993209,0.557168510143244,0.308942147129454,0.241115141734729,0.703118585994262,0.488965049451429,0.330138380383983,0.284255552532894,0.344948928251073,0.218566033565762,0.673499766064987,0.592011140914724,1,0.6964725331308,0.703229788469103,0.594594737265342,0.800384095123259,0.452938118268036,0.274394942673804,0.450893277378995,0.0531109222399603,0.768933632630566,0.740615024291728,0.602714094187189,0.707332142219498,0.673574309746964,0.730154834645732,0.57650242142772,0.538620203625466,0.180218777353291,0.382212905389471,0.577280868388525,0.139953342321205,0.572070363882599,0.653442006589668,0.0273262054522453,0.140272471330481,0.647751953351035,0.566798766414757,0.686933671447071,0.549084321125706,0.00708161698888507,0.31939998405737,0.657574830724445,0.663095546212381,0.459316915690278,0.0831504595590077,0.574767324678915,0.161066667104564,0.632166895761776,0.601532243585497,0.567400853903793,0.559088816372119,0.652455101873791,0.576591143754422,0.696656004137509,0.647421953731772,0.477348169586299,0.330057076024302,0.760516926153865,0.6011281816206,0.606942508667921,0.485668543199279,0.406410596842545,0.457692729383516,0.733578861723376,0.325390715309522,0.0620253852075745,0.158443725179296,0.201571399233443,0.0447556243922044,0.0220267619077576,0.548449001195367,0.383099261492786,0.645193324159178,0.674191430402282
"20",0.11306716568991,0.37377808244923,0.448690917417217,0.279869872060257,0.613132818627618,0.270724380283578,0.370605764176036,0.270399480830383,0.381119847924648,0.432553012171341,0.686532975895686,0.742062787881901,0.594097100377878,0.567924359488598,0.493386819629804,0.230660072729397,0.753669640716797,0.556469464859192,0.6964725331308,1,0.696260664648517,0.611178097777991,0.80679911189054,0.699113812001368,0.595403279910621,0.417946298026678,0.209432732147357,0.807130850332853,0.834905913486022,0.536934047982847,0.578125616596096,0.795193323048679,0.766421988446427,0.777129886439246,0.387139081735417,0.0410006175167448,0.232512633675055,0.394816533967733,0.138894478067986,0.504549021713531,0.653129447447552,0.233183903645196,0.323256165671487,0.684445111414814,0.552314737984694,0.617970130686981,0.545953430543842,0.111561064330418,0.413426311916651,0.807055806910312,0.72630392710849,0.393114821322816,0.404857245539263,0.551926900689961,0.172984974937981,0.775696004335374,0.707314241553156,0.63730874951326,0.713900818439931,0.721065499733499,0.631979030796026,0.824363722384303,0.74507780100362,0.569955725316051,0.476467664347201,0.704985282347429,0.670223974852496,0.551614545496275,0.682707692567279,0.730490045418583,0.664958149942252,0.636438631262731,0.436606078475346,0.298154108947984,0.0791875332208794,0.0721098003476095,0.359810333097399,0.136234826526112,0.462971607866891,0.387034665995562,0.668322209640952,0.73013378990756
"21",0.271950309816504,0.273008023779585,0.589293392573281,0.101180680511001,0.604540113468223,0.433727766648043,0.446104825667637,0.416126700643753,0.220259597595623,0.508361406140542,0.764168437959485,0.606398869252158,0.480232643245349,0.400401400324499,0.381767315189041,0.344794624201166,0.776173192026666,0.701210099331193,0.703229788469103,0.696260664648517,1,0.688015867724728,0.796112825699553,0.590339733698399,0.417302716971075,0.378124882750559,0.216229002339079,0.815445311798368,0.73324142964979,0.687328777208948,0.726739494693406,0.749231573870019,0.779006137819181,0.574120566305231,0.602902478356561,0.125533057252254,0.198901036158152,0.501630777550047,0.216028784872408,0.636068904609064,0.649595596553897,0.0414678650542339,0.161394938503514,0.735372593503896,0.493751430000821,0.641186488045449,0.494894965629207,0.0234885814111693,0.321881715800553,0.729217359136629,0.715757034744512,0.399028198997623,0.201191183606607,0.63938185463574,0.195631737358243,0.731985398070513,0.700631609765998,0.72590820395371,0.711248914039293,0.729407599620276,0.737882878488219,0.767565254924767,0.749784302677066,0.58898134479103,0.529530181393694,0.719622227016915,0.602093565215844,0.706099830601697,0.477381853975983,0.534217965812668,0.57971570247276,0.679944324840377,0.413218593021936,0.106628452817062,0.0171812166952332,0.111674019783408,0.139153579650322,0.13793620746501,0.562818630774842,0.235938648702761,0.674612746852785,0.747792518578382
"22",0.432348829522461,0.258062040418315,0.519476695115388,0.08379350955945,0.706681122959399,0.60878722202741,0.350676751901746,0.374003238008617,0.110095407188585,0.52716408599329,0.759918782849771,0.596994750445242,0.458782277899768,0.442934659210121,0.53328561779263,0.41797513193652,0.809588447896709,0.844514964584204,0.594594737265342,0.611178097777991,0.688015867724728,1,0.682585107937656,0.5551651844097,0.387652420891015,0.23643480109053,0.492142862678027,0.767999775597296,0.668181461618498,0.833908162784356,0.766200659635077,0.779364734997585,0.709481382690637,0.543860923433219,0.612577433068185,0.125174855013779,0.0418693891908354,0.473981067375605,0.107995668654705,0.65143916189531,0.551633381813058,0.186441452474072,0.0449606945176616,0.71723985338706,0.516103444660994,0.426561235160519,0.427404771429034,0.184333062594785,0.193520454083028,0.722685353641148,0.746313783545582,0.3296423133555,0.243275523668641,0.652989848524479,0.336361076997282,0.729009493634339,0.754135647360165,0.816634882916718,0.807021311364694,0.836392018570456,0.730833978182911,0.810369311311681,0.78489484329801,0.615104546856928,0.724556448839206,0.609864999766164,0.644382465544501,0.757664252292988,0.40075724518412,0.503174040546364,0.544828094583587,0.555535104380892,0.532605176463488,0.301013978447842,0.11550037381797,0.0474628002679152,0.134491045816533,0.302836182969731,0.516993972554018,0.106447524113325,0.563804953397124,0.744097019918623
"23",0.0928426813318199,0.423303704357822,0.588168560724252,0.298414037155068,0.582474791517701,0.261000288186405,0.500694113148442,0.34172897147658,0.36662174774033,0.443864272891542,0.747517297081915,0.736582039790687,0.546556894710895,0.511015317446118,0.441400568557244,0.279122876669496,0.815325746409279,0.626420995779987,0.800384095123259,0.80679911189054,0.796112825699553,0.682585107937656,1,0.656293384271965,0.515296125777939,0.493590628370957,0.154034022104903,0.899238995545513,0.884274724497807,0.66078153549048,0.719359453022547,0.831777618121275,0.835723724158253,0.735558198898583,0.503478250114223,0.0425122948773986,0.285635718529076,0.423431115310225,0.210354728752122,0.619573316338749,0.787158120659181,0.208726535261474,0.34648797785737,0.754873845313751,0.595235696568919,0.768196820754193,0.571363488837681,0.0985340055753823,0.419088803009992,0.836209557109682,0.774538835220896,0.412826211374113,0.290073583332859,0.61295190001999,0.0441158076341157,0.797667201892029,0.734294026691274,0.688029963159613,0.687840614871176,0.755677267790144,0.69467572110666,0.844320122006132,0.760530339371289,0.606865846469263,0.455559628722332,0.831906633990141,0.693793382677246,0.672596163948919,0.674461548381091,0.623817536901265,0.604994468702379,0.77398181167215,0.399102280702972,0.161032038399209,0.232982866282024,0.196244657629945,0.299050756554138,0.0101787902960076,0.551280941271442,0.420493748689007,0.789097134925616,0.758680352614753
"24",0.194260996363088,0.243124284125525,0.295642283958368,0.264997389972678,0.654646989264769,0.351082759431083,0.193121348938189,0.036545307765954,0.322656650981188,0.452374655643505,0.556383561730131,0.69353218041099,0.573823042654335,0.667331420180573,0.505364558163705,0.243588963660768,0.713856259978933,0.576529902878892,0.452938118268036,0.699113812001368,0.590339733698399,0.5551651844097,0.656293384271965,1,0.672906676580332,0.235718254068512,0.381262149290601,0.718185424692202,0.680986753872125,0.518320701180663,0.474684676763511,0.706251818383505,0.681050032239458,0.629122490736936,0.364101388583257,0.171693853368746,0.0509379439699044,0.200913922505238,0.198803473889861,0.537142727151273,0.546595435576708,0.140250453822276,0.22890177329017,0.633924782753584,0.481530937858838,0.384211200070062,0.343147060269075,0.000168043855766827,0.321982540085523,0.738538268251802,0.723214769253832,0.292497550623819,0.476297522518988,0.459755394613272,0.0744185391573208,0.752855792624863,0.68578157073962,0.649754002379462,0.753076662957041,0.686470687086856,0.655211554423597,0.745551490354412,0.692231300686445,0.541664531826212,0.547137745683144,0.614579947001332,0.58861552730645,0.515667450996065,0.598563477491792,0.714324429590682,0.610654171388788,0.425598150882497,0.486429354578036,0.41186909900737,0.0421948560222876,0.0615934085509928,0.403449262151058,0.309336117136262,0.360396242288609,0.2013199347228,0.584296005411306,0.629740924540777
"25",0.0869031871992957,0.241137125693668,0.102930459078554,0.36147395736746,0.590242196138432,0.137519895392595,0.153017962151844,0.159586797836998,0.337258164254502,0.409492740025859,0.388312705105082,0.66392648762908,0.5983819880796,0.59740538287261,0.455886416418642,0.158555835168251,0.564187530313359,0.333220291027285,0.274394942673804,0.595403279910621,0.417302716971075,0.387652420891015,0.515296125777939,0.672906676580332,1,0.241902925029247,0.242392610787424,0.56572432411534,0.544132319996674,0.305019342435889,0.272768565612289,0.547581334959046,0.515982590559454,0.555559298599464,0.173788360582155,0.250570265423654,0.0956421161347359,0.0568173626871667,0.094971675945883,0.34872007370405,0.407612935290947,0.317312489036566,0.268518127342315,0.467196732296446,0.246649292659111,0.293398360638351,0.209842865913127,0.140430070555268,0.331678303528006,0.661271826911622,0.597425630679735,0.133526303030707,0.527811326431797,0.352144387377299,0.0505326170285439,0.613231616404352,0.506539391900472,0.432327467369308,0.558088791138625,0.512546757340344,0.478352624426606,0.620906437990522,0.553246673192453,0.397477791811078,0.41085086353426,0.436961453748799,0.470351295812037,0.2811749761454,0.571103611471451,0.662130826646985,0.550801647835627,0.2910879734803,0.294339714760002,0.486163828590045,0.00823169843858748,0.096909011384456,0.528370278208717,0.212968024631842,0.134882526416299,0.171487747252737,0.43233910574828,0.467724718135065
"26",0.166320175093861,0.219810411451772,0.281831853650728,0.293578381229355,0.13896666864861,0.115078722846787,0.31136875079806,0.315076358320038,0.27925061594914,0.0933125822288917,0.327924638544294,0.339688979893095,0.218294089614661,0.150453742339081,0.199439851495669,0.0384700735673621,0.266423138986907,0.152591243710837,0.450893277378995,0.417946298026678,0.378124882750559,0.23643480109053,0.493590628370957,0.235718254068512,0.241902925029247,1,0.244077317003788,0.393229643649362,0.478999158897984,0.220404602587686,0.274116773027532,0.394768149529267,0.370985482022677,0.395826439158388,0.199608122378235,0.0690048231946834,0.339444352348191,0.215461489667211,0.0654653441806186,0.213352475447198,0.420982924155061,0.28902048452548,0.387490174745227,0.324743897034198,0.230164451713942,0.514802395968739,0.368431114945116,0.183323590717716,0.280437890177217,0.404871901012162,0.333269786970789,0.176998365806389,0.119680859266327,0.242567204090358,0.0388240883780252,0.258459976513572,0.235980871872715,0.202502972729276,0.181362013177434,0.282206500816455,0.185825046063225,0.373397615277223,0.300468927710957,0.341550614175524,0.0288580027021798,0.427449753207304,0.422178329913596,0.198267370438518,0.407644297264285,0.340097435047638,0.255254037129336,0.501488040134854,0.0106257706004254,0.0619137779278597,0.313964324932806,0.320290176392409,0.172718610848131,0.135140623538192,0.321528163364597,0.39638102443503,0.436267856479655,0.372191342650446
"27",0.458805107641615,8.98269827865465e-05,0.176625243995572,0.291792978104682,0.458388807805908,0.510418661324262,0.0180319162363816,0.0166174203588844,0.151992928561002,0.347190766756071,0.268229845882205,0.26114268393566,0.246797710464619,0.327815291729487,0.323137220984829,0.270256876083217,0.426595257043827,0.527481603861451,0.0531109222399603,0.209432732147357,0.216229002339079,0.492142862678027,0.154034022104903,0.381262149290601,0.242392610787424,0.244077317003788,1,0.335837237925092,0.154996616356597,0.446985329368117,0.385444511493331,0.323301744533206,0.267296190353532,0.146243011778253,0.329497027974215,0.00559166938121869,0.268440495839089,0.135654668229867,0.20354039008163,0.364041035249546,0.0695737201171388,0.30377111379994,0.306211759343845,0.365505388068336,0.244129270281355,0.18704123368322,0.0291381867280818,0.239032702049261,0.0220314621298559,0.296531816271157,0.377973895413156,0.155649373499779,0.126417579239931,0.375012828270751,0.261821352704373,0.417161483378456,0.450542681984421,0.498562958252725,0.560654876408607,0.472450334635437,0.405635144095639,0.405977831387788,0.355644098167588,0.192747483127103,0.562543154611639,0.140769285980175,0.208321256161735,0.377538862311045,0.0353816010041946,0.274340953460859,0.275711712457014,0.000111365713834628,0.483176597675436,0.348085743277198,0.370606938735287,0.361721532549472,0.1048096500136,0.522499659563277,0.156606554573513,0.196676631228891,0.0847335734420561,0.315677015607083
