"","1","2","3","4","5","6","7","8","9","10","11","12","13","14","15","16","17","18","19","20","21","22","23","24","25","26","27","28","29","30","31","32","33","34","35","36","37","38","39","40","41","42","43","44","45","46","47","48","49","50","51","52","53","54","55","56","57","58","59","60","61","62","63","64","65","66","67","68","69","70","71","72","73","74","75","76","77","78","79","80","81","82"
"1",1,0.0248963379289439,0.492309597309406,0.164732720582923,0.666901146195989,0.493854984060767,0.325999937197348,0.272232798548263,0.0533787291698855,0.482011000003539,0.564765051412308,0.566344106305755,0.604720964095551,0.423861927835248,0.213085948338281,0.126287520796774,0.680159508269665,0.711897593062875,0.508042630342263,0.683292365360468,0.570764997386159,0.568969381422365,0.682827110290158,0.603606012642212,0.457685945438892,0.231034939947601,0.371729022741678,0.684448722897175,0.619864914373871,0.649003890783884,0.664161886674092,0.703381953847899,0.646800129273932,0.161449044270165,0.577651624835815,0.0148432415875677,0.467002142118772,0.572472459905832,0.149937341462975,0.426308113791519,0.31657611412813,0.146999402001741,0.0272737195044028,0.641249447617152,0.326256847319398,0.307571201610718,0.464675664290284,0.285848409166623,0.447874971360752,0.686681773958309,0.441114694701928,0.182315839648756,0.394997381592897,0.474490818662921,0.428773726216401,0.66240733183932,0.705565478331677,0.668691026861011,0.667886203848377,0.692264596304962,0.520707152782079,0.562741335617319,0.680304595200745,0.398185880010885,0.57325454798189,0.473097338075409,0.533118015490132,0.51170280911321,0.437071493274287,0.580544713956489,0.539431114438427,0.561715997182629,0.413131479790555,0.267482035509758,0.449414560015765,0.122712615989879,0.33631421097423,0.358265873523938,0.519739487680774,0.344894782326574,0.34745518403525,0.525858298238612
"2",0.0248963379289439,1,0.0134748288902375,0.224862526930394,0.00082512175653269,0.249627674532786,0.0700084250615287,0.108923012536103,0.242982172544784,0.20277929771882,0.0713833069457292,0.0045004555096921,0.0910437423180516,0.120012664854276,0.0547232332108977,0.204548131621197,0.0850814493753738,0.0290269194539621,0.00332159369471039,0.0338762722850944,0.0745011408515567,0.0229236227014209,0.0393361873709571,0.00736174285408864,0.105284698681335,0.0108632812975992,0.177788162018291,0.060857703436023,0.0871944187801343,0.0825283254018318,0.0579647451866689,0.0198622328258408,0.0251164328336721,0.288040842784485,0.0966608592982675,0.00561923571064552,0.242302419854375,0.0247125011270332,0.00931882846099507,0.158858371036441,0.166839520011092,0.31325305977645,0.287577291975162,0.0803803361965116,0.0645092156819433,0.0642292049010852,0.0764409486295633,0.0938889669329607,0.131902306098045,0.0250126078154926,0.000241986338194559,0.257907491547703,0.0495350928567973,0.0438168723831925,0.0592460963424349,0.036106740420627,0.0845924539523526,0.149732152565575,0.056349355660762,0.00628916916701275,0.0362871980748811,0.100361257395422,0.0710930594952162,0.0407263775191237,0.0214825035900524,0.191014585862691,0.146329208446042,0.019784791886406,0.123124522470589,0.0293629907067854,0.0607484741423529,0.0939655516114457,0.176747877797238,0.264712520754318,0.161691460523749,0.205595477723767,0.0301003075624772,0.0815759537949628,0.0291983707318345,0.00484415556901397,0.218334128124549,0.0113320020328604
"3",0.492309597309406,0.0134748288902375,1,0.0584471911061102,0.547269706263649,0.278261141773434,0.3487617860365,0.250863669510814,0.0439467300868604,0.369239446312054,0.49839870516513,0.475133920804848,0.510250500641742,0.350624839885232,0.204088313714211,0.154891170901108,0.579662090061567,0.609775564943212,0.403593683430962,0.573127574314463,0.521298537211208,0.499260899006601,0.583949546925226,0.52960857996372,0.383937450674633,0.159900329932201,0.334360491938292,0.566214662272236,0.507375040270701,0.487336792947107,0.583361484482904,0.57603786775415,0.542045572886791,0.0994242481692006,0.36405523024974,0.107568245446256,0.462013683582847,0.424401919090777,0.061606051076525,0.400529540025508,0.38116262044985,0.191606524909873,0.00715439279372426,0.528075933078494,0.369083596447534,0.313675652782431,0.34919511808883,0.254043848031458,0.380700855113224,0.581407511887178,0.46166089136529,0.0437831708506632,0.293222300136209,0.309403147778682,0.445214908817601,0.543531973286845,0.571962467919316,0.544865694480997,0.569219609586787,0.578853634889861,0.543992337688387,0.472043597999121,0.54050090340648,0.400253930798941,0.527001194222538,0.407294982238928,0.419702554669104,0.507202428255355,0.24126706374519,0.521236148753855,0.521026913598541,0.498015855377221,0.343996802382542,0.216394381311537,0.439091775717797,0.0531620826671081,0.137761462261351,0.250380585488018,0.46750373717058,0.297832427619412,0.189414512765475,0.458304387044299
"4",0.164732720582923,0.224862526930394,0.0584471911061102,1,0.108672617392463,0.31076437259593,0.138956198740125,0.0289207776112838,0.374686281225665,0.370517175683299,0.11725791306638,0.0255371998761264,0.142902590297863,0.263531272565911,0.103338860962662,0.208240292331725,0.120489472615409,0.000227993781266701,0.100334557971277,0.0774645846375937,0.124879952460675,0.0682658291994245,0.0283857259083216,0.156582685266007,0.00865524932002704,0.20822896593908,0.112009763592514,0.0902616122192869,0.100687048966,0.0553584628191315,0.052435263892453,0.0835366103108838,0.0572384196528413,0.410775040941308,0.0411281914142033,0.180086016396997,0.477598789709988,0.0406694133121593,0.10416752722308,0.232766182906614,0.266391451028183,0.61056321805571,0.504974031159748,0.07987938282531,0.0404691786766373,0.049542699868867,0.353352757002688,0.240847427990026,0.00368230786434226,0.0397976204427804,0.080481221037123,0.544265145271991,0.0984248620479722,0.157215780708868,0.145146714545157,0.0937259806793671,0.194029051681543,0.123305969798935,0.121263324978657,0.0824740835346705,0.037507445448511,0.146389663614391,0.0146706819326287,0.09110845502823,0.00642472189054442,0.234980772575829,0.188296534507018,0.0228397312972019,0.259394364015148,0.133492740589193,0.0797655535527318,0.171977701766649,0.264380638899337,0.373703898811389,0.392915166813021,0.152775849432142,0.270734933446221,7.48907213505438e-05,0.0850648659660198,0.0372785745933888,0.142552641838938,0.106289481380152
"5",0.666901146195989,0.00082512175653269,0.547269706263649,0.108672617392463,1,0.544484114986131,0.397040520303172,0.418391403051686,0.0496876916668028,0.439277906944118,0.73436056285758,0.676290632958082,0.703934092282156,0.483093501509997,0.378836846377717,0.203311991682344,0.827794019764666,0.821461183824002,0.513058709844029,0.821691913781112,0.718527676311249,0.755536524649633,0.763395931388516,0.731260093141542,0.555341282543727,0.265376116475165,0.393419215082,0.802258395350367,0.74609337635076,0.714484838048173,0.797225005956489,0.827025297450027,0.752711936885839,0.299978084656245,0.618996453005242,0.137825848837036,0.534643571508204,0.622198818734236,0.103447776708938,0.485649616131794,0.366550560191964,0.124987180744303,0.0729624398638275,0.779862481076717,0.344715217375666,0.399487412245475,0.457299612599364,0.365036102658569,0.539812185601948,0.817544736811219,0.614714944431156,0.139714700653496,0.539081715032332,0.410610305847386,0.444542209570372,0.806226541215667,0.769814479678043,0.759160448153455,0.80999317355401,0.80325233353743,0.669320671855614,0.749867610213244,0.766324080966985,0.450724666370218,0.714113181557481,0.598009747367825,0.661276961406914,0.700204193541437,0.455031941552824,0.70235127545109,0.699416673268879,0.721058455522894,0.462030530103193,0.255797191958671,0.492464955902478,0.0697532330337267,0.23268876410645,0.344546261829435,0.665232390061196,0.400032171467812,0.341573629329197,0.708095049453786
"6",0.493854984060767,0.249627674532786,0.278261141773434,0.31076437259593,0.544484114986131,1,0.282800622096269,0.268842784886722,0.14951520788358,0.201524315589208,0.595335732937534,0.557712262600576,0.412849343477656,0.515495184768418,0.282112081651053,0.0560285003043674,0.518469289156136,0.611727513633841,0.45787555868588,0.568455453609275,0.638737741352603,0.552541541576027,0.650938783760236,0.481547154676474,0.407181844612258,0.318758817390937,0.155702883414796,0.670639362216926,0.674854113556208,0.595931628717261,0.528482319876756,0.568507396811208,0.564733433591965,0.57436287097839,0.424088211717183,0.106736676200438,0.0339270453426513,0.419508493778707,0.129168317823898,0.209399635531061,0.202378357168144,0.414685278686077,0.402424052886764,0.540810686484166,0.290588431406484,0.232459546257929,0.147859647598702,0.112874531124774,0.465017947989696,0.601299415047787,0.501048408716673,0.171828875228292,0.462477569715738,0.275402592162298,0.2539868648865,0.608309086987646,0.495744879318134,0.6751952781502,0.543880702882044,0.630698415364944,0.427507086439059,0.630829125926476,0.643017556911509,0.268911430988637,0.436169788865103,0.620520840112443,0.633201899860829,0.495994222134878,0.530428387551937,0.389417669971343,0.45807232764786,0.430582235417358,0.560728823087144,0.1488699688861,0.159567169561586,0.258627235402783,0.1875874844768,0.459200058387453,0.449703455476872,0.288861791266734,0.517626539298533,0.540229125984862
"7",0.325999937197348,0.0700084250615287,0.3487617860365,0.138956198740125,0.397040520303172,0.282800622096269,1,0.116148676992168,0.143882039911004,0.0860694547226536,0.431088355573108,0.365006142522379,0.342341496293305,0.334981243107614,0.264396960304286,0.00353073715849192,0.438913620803167,0.47406645469759,0.284757068359431,0.433446550954297,0.410843933272451,0.44803999317946,0.424334489403548,0.345307280636913,0.288496381497373,0.198791788366962,0.185046888523998,0.458723891739062,0.442515652496107,0.434680047669368,0.420205861221409,0.493059389734329,0.442980675106775,0.197562288578543,0.346431238627346,0.174717142547367,0.183779794406303,0.396812455951531,0.0814566865268943,0.302960331181284,0.100851329882411,0.0124798001569905,0.186482146612277,0.380536624780586,0.197842009125375,0.278706904104511,0.162331986919848,0.0510141675637186,0.206040265364089,0.428216678577568,0.339019204595299,0.210077041217677,0.269486523945842,0.223497013438785,0.272264413081705,0.406563430751074,0.414702262258571,0.455723599267135,0.388681082281847,0.411490896287508,0.498052741895686,0.418572013292327,0.450450134378656,0.343132586468992,0.433078877247343,0.426388784112423,0.393334809211683,0.440979002920274,0.370121483514021,0.376323000583131,0.37846739000068,0.377393727007112,0.357190241055586,0.136137815832306,0.159017509580765,0.0308194392750265,0.0529697690039385,0.0186355754378217,0.339859855072573,0.154717512578425,0.172606265680195,0.501745599938035
"8",0.272232798548263,0.108923012536103,0.250863669510814,0.0289207776112838,0.418391403051686,0.268842784886722,0.116148676992168,1,0.171526012719195,0.302144220744049,0.407164829885573,0.333586311140282,0.409615967197503,0.175872247315258,0.256869629088433,0.248596389597374,0.487472989073896,0.436811980034793,0.245778377919872,0.483716401012666,0.429946296956582,0.352880043205099,0.42018218276879,0.374797904418111,0.261244239642755,0.343536991105953,0.243213127456527,0.364239079819328,0.426909562616539,0.311384123664198,0.43830552482365,0.348741831008414,0.39710392574387,0.140440562327744,0.188316247234766,0.0921697093724825,0.346269451098718,0.239059787628801,0.257963444453011,0.245473719320912,0.250465666417968,0.0904309254159087,0.0071421801014078,0.463665322335921,0.135695389737716,0.342682956443203,0.164829122865762,0.191355867709045,0.320134127419768,0.411833800977306,0.496257173620161,0.0919677173579156,0.278582607029654,0.149182652020522,0.139216528029059,0.474947302760618,0.290363652908157,0.369970277647799,0.491791335991154,0.433921360160905,0.298155592551163,0.374500053401173,0.410021280871172,0.141855888800203,0.426887974830393,0.247192720796927,0.325512538105698,0.375961596851043,0.239566263034968,0.366638341421412,0.355660736007243,0.334872606460393,0.250435899867851,0.137280282571936,0.38185199430329,0.136488296697077,0.164767468504003,0.241310862618931,0.328255370044104,0.180893075005836,0.0114146852717739,0.308712181452228
"9",0.0533787291698855,0.242982172544784,0.0439467300868604,0.374686281225665,0.0496876916668028,0.14951520788358,0.143882039911004,0.171526012719195,1,0.194278204051349,0.0340267810040329,0.0258114384849023,0.0539166568020638,0.268046907964808,0.0508029276834117,0.230487439856679,0.0296359986349139,0.0273911126655646,0.0517398860076328,0.0670298354926608,0.0271564825518506,0.0515461811535298,0.0365685336564178,0.0683366691116226,0.0387924223254924,0.0779240293194292,0.0990749605350913,0.0710247523143919,0.125123247107224,0.154438265141538,0.00961387302948664,0.00382159932496405,0.0341085183960133,0.215388739153756,0.0897001406445383,0.183764290560586,0.286674915633772,0.0237370316421423,0.0181728897747458,0.0998514813902081,0.0994645061497791,0.266776193043485,0.308902982217852,0.130600509540767,0.232494575653571,0.102407959657959,0.107465833942798,0.087856437787959,0.114072058161813,0.0175811484372367,0.0721248224192716,0.259813304054665,0.0378016420561887,0.0255264929865106,0.0426079626335662,0.00580050981802529,0.0117190848292989,0.120824347454779,0.0471468250766636,0.086301376283039,0.0838542627584748,0.0929250125797911,0.090979395743263,0.163299273264528,0.0397882284038617,0.18149416533905,0.163621565007746,0.0490592719090836,0.135246568945369,0.0020488200144828,0.0956044813671103,0.138146674829874,0.177841754132035,0.239429770298202,0.278320946912836,0.0301348667281076,0.15663794140347,0.105131593632705,0.138025555230995,0.0114835705007571,0.146861312263989,0.0452246783564728
"10",0.482011000003539,0.20277929771882,0.369239446312054,0.370517175683299,0.439277906944118,0.201524315589208,0.0860694547226536,0.302144220744049,0.194278204051349,1,0.185082372598145,0.383624523314808,0.472523383811308,0.0262039618739048,0.00174333892179932,0.267790440968075,0.486185104102779,0.467372522360214,0.49361958360341,0.47113248586159,0.244547157241167,0.229510810430463,0.444736812849894,0.436685975207238,0.238245784535414,0.0763599828983412,0.468538191510137,0.322233881414399,0.276880547226905,0.295299196431393,0.46683134539488,0.418403135100821,0.445747649301611,0.171095517501096,0.30788481589554,0.166797926806126,0.647013753806103,0.401291889524683,0.189037072382246,0.493493956492506,0.558861163313489,0.420809650842656,0.412177106972742,0.49678670887334,0.255153969634319,0.201770782201945,0.449262737117312,0.340564771966638,0.312870833268772,0.410879618086804,0.218106542251527,0.475670533294948,0.0593535248509561,0.50923197517404,0.399894366773769,0.513571792531049,0.593830310274135,0.302779506906705,0.487830939806704,0.491287200896365,0.227531917633078,0.133491489757767,0.4010068416367,0.371450097032533,0.36968924109703,0.145983701869878,0.123382264675504,0.347438165609981,0.151384774612084,0.352394296737355,0.287634375747725,0.419436500639031,0.0884112301431931,0.324266967403922,0.654383835071481,0.0985137293048383,0.443562963537789,0.104297180268635,0.286184315331159,0.217477132997784,0.0268538590271928,0.131068094261237
"11",0.564765051412308,0.0713833069457292,0.49839870516513,0.11725791306638,0.73436056285758,0.595335732937534,0.431088355573108,0.407164829885573,0.0340267810040329,0.185082372598145,1,0.619175813195086,0.668115859762484,0.625832389910399,0.531776371896954,0.161578027993485,0.788637504245197,0.829605962525447,0.390475072393747,0.782624859620933,0.825300472994082,0.819271130241997,0.769086269589065,0.657952230095361,0.558969864471667,0.39225692394749,0.292239053965633,0.818354441174642,0.827018310319696,0.762707386265141,0.789176133204747,0.799001407526015,0.760682504441256,0.515422134606928,0.578560920805822,0.303341989750742,0.305274580208426,0.558490745128475,0.0624900287964363,0.36948804620539,0.162354321290522,0.124615378743228,0.368748784027559,0.733870469708948,0.34012916917907,0.459220135109647,0.282801881158716,0.180298083474506,0.516924184337034,0.814251594432633,0.726124614760686,0.179266075730786,0.644696422784658,0.287728554350129,0.387050639049794,0.750329967400384,0.634830157241702,0.836429936392772,0.779978548453581,0.773198042053268,0.711755838079168,0.87933218336019,0.766485310685821,0.406638917462301,0.745573375181422,0.698063470431167,0.764317643308658,0.720556038231185,0.560539891580138,0.662980512772066,0.679643323453282,0.65452481119873,0.562250630141255,0.167265373824449,0.29660073134153,0.159220999492756,0.0492279179244965,0.397742140321891,0.681976424636689,0.374661088135689,0.388848935488938,0.798412805793642
"12",0.566344106305755,0.0045004555096921,0.475133920804848,0.0255371998761264,0.676290632958082,0.557712262600576,0.365006142522379,0.333586311140282,0.0258114384849023,0.383624523314808,0.619175813195086,1,0.633081011986704,0.47558194398629,0.436959514740261,0.283513977740326,0.743903818672773,0.756620986718824,0.592013116781542,0.69635884056782,0.686854961523016,0.698001297559589,0.700198929665225,0.651648036219407,0.577967875430059,0.203010033230346,0.248891044356104,0.711489517311031,0.689911851373338,0.677753594818899,0.701160453548316,0.715951890865332,0.735437416589013,0.306211567212052,0.509572445575057,0.117541785572038,0.390819346829305,0.513607657819474,0.134170904185115,0.460997864388179,0.357337897531168,0.00275193852748474,0.129589055478193,0.638756323989015,0.360599664302386,0.407044325651228,0.373429522031622,0.245889471769721,0.427245155952872,0.729174115613604,0.630316588809764,0.0420157697316698,0.463025020871369,0.447099472202281,0.481364587099947,0.691282338535081,0.637573644054483,0.699974031512237,0.752765226093834,0.750681980749675,0.68824292160155,0.674596344599488,0.739350869904492,0.483384314091318,0.574817628098479,0.551118911901007,0.642782573890169,0.619934177505365,0.402094561934514,0.637557927124478,0.608278812896047,0.684310888737761,0.385581900935223,0.173442266813642,0.339671382578527,0.0649328056723646,0.167312689057592,0.243105528955385,0.574379160136479,0.322224969768054,0.433733317423891,0.641693697250598
"13",0.604720964095551,0.0910437423180516,0.510250500641742,0.142902590297863,0.703934092282156,0.412849343477656,0.342341496293305,0.409615967197503,0.0539166568020638,0.472523383811308,0.668115859762484,0.633081011986704,1,0.428263783839545,0.357951880036061,0.271114190755539,0.796411276814877,0.775588894585468,0.483538139937558,0.74682505280969,0.686189707363489,0.678851464757327,0.705572381454121,0.690783828410611,0.541087996709815,0.280968317072582,0.403042144510027,0.70068280552348,0.688769841804501,0.659795800448048,0.770250380870016,0.750808908439397,0.718516015812499,0.17632549797695,0.520704654491319,0.1506833905822,0.550539274177872,0.56451350793635,0.143730245345491,0.535233116042568,0.382713391590273,0.189743034678733,0.0135172423524225,0.715878614801623,0.393230782685811,0.399246916008438,0.401286927773845,0.311361244020951,0.43192042903664,0.745598011916478,0.620654259751033,0.160153373741962,0.422287591950827,0.491296794603081,0.421293620997856,0.735289515704466,0.721757423701876,0.669288533136661,0.771907993316719,0.747719987629582,0.644203660394298,0.622384226590864,0.726866944151171,0.531003016014217,0.66648805364584,0.488975700738217,0.569821004212475,0.650334004551781,0.422138083824758,0.653730222520583,0.596876609228765,0.690017804482941,0.364918276717008,0.293098178906243,0.522720527010159,0.0383529269215057,0.232898235556567,0.297177478416397,0.538651464629786,0.38982289931403,0.305050543696431,0.619193992240711
"14",0.423861927835248,0.120012664854276,0.350624839885232,0.263531272565911,0.483093501509997,0.515495184768418,0.334981243107614,0.175872247315258,0.268046907964808,0.0262039618739048,0.625832389910399,0.47558194398629,0.428263783839545,1,0.397568944905587,0.0549579702598011,0.573194026737986,0.636075487604193,0.384507144902076,0.517024909225105,0.618614652436171,0.665077035997818,0.568452884266505,0.513901657039035,0.530610511618623,0.246860233585164,0.0996565888726011,0.674486176596845,0.665331475189254,0.683865150766619,0.593225008928123,0.585467499381469,0.537642917147401,0.469400846552439,0.488810043783341,0.281591142085817,0.0619732612932184,0.388587687320657,0.0425636296917978,0.164489326834121,0.0436965281072019,0.228878263707213,0.477942374836933,0.45399873062243,0.31189288983244,0.297043307200302,0.163526463822889,0.131494766609339,0.349203592737221,0.592200849063168,0.548287044183085,0.239311864861943,0.457161734281676,0.176213473867495,0.316363185705134,0.52350564884925,0.441628666136499,0.688561338378191,0.579815649661591,0.54341445930348,0.565292405971764,0.709929466347282,0.626786201534424,0.412655442618144,0.475457002227696,0.5496362942038,0.680042992292471,0.506736633103238,0.491741287367514,0.503972389165326,0.47233070674666,0.478523238938967,0.476714406181018,0.00337134258599619,0.0231624294178915,0.179797064217009,0.0320062505423933,0.278030207028397,0.465978549787809,0.237572252272973,0.4601115988345,0.641097746754584
"15",0.213085948338281,0.0547232332108977,0.204088313714211,0.103338860962662,0.378836846377717,0.282112081651053,0.264396960304286,0.256869629088433,0.0508029276834117,0.00174333892179932,0.531776371896954,0.436959514740261,0.357951880036061,0.397568944905587,1,0.261674005419153,0.467034737922125,0.442910483203265,0.241645241502185,0.416818987078604,0.522798571062177,0.50661102291585,0.403313092716904,0.396015061106987,0.439770891955482,0.118299916201114,0.00953757626590156,0.451536913462007,0.486898325756124,0.432466970922488,0.420737675035478,0.437416345761344,0.428049635559398,0.318399929156122,0.294548482913762,0.196757903533928,0.127375285028813,0.265840293952553,0.0177958093008746,0.185322398135119,0.0197779949183348,0.0674406143755425,0.324002629560082,0.363273882575941,0.151557775643296,0.257830851796466,0.0709531262027407,0.129939824471928,0.204905177513296,0.489567302712595,0.523966760737738,0.146828882949787,0.438402524316226,0.105795773313161,0.232126368098728,0.371923681927553,0.2880976251829,0.432144776339505,0.445763075357735,0.409529238837351,0.53695456816127,0.575988870084489,0.474022750634961,0.250035995692265,0.427447143135828,0.348660439623325,0.501938928348653,0.38628986922451,0.256856010107392,0.432758916002138,0.459230536120077,0.44708938765721,0.210150281422113,0.0330836488228679,0.0159815978171544,0.0110222342322592,0.165795938699003,0.0785007204177749,0.385733762084047,0.175775521011133,0.307276706545021,0.528367997912259
"16",0.126287520796774,0.204548131621197,0.154891170901108,0.208240292331725,0.203311991682344,0.0560285003043674,0.00353073715849192,0.248596389597374,0.230487439856679,0.267790440968075,0.161578027993485,0.283513977740326,0.271114190755539,0.0549579702598011,0.261674005419153,1,0.263874850098746,0.199488018636391,0.189667506025825,0.261909822512249,0.29273170975519,0.139665595380939,0.217583409886635,0.250223573856645,0.239256667090456,0.0452483834285196,0.00908570292045173,0.205551822117709,0.18702210937336,0.159548234223214,0.197046174727123,0.197417797336542,0.20882209585947,0.0784663948349833,0.00167494321515784,0.00359203131457949,0.323467219391314,0.0679674595367575,0.034581847642263,0.251917094226585,0.227003371146479,0.209731592614857,0.101025960984329,0.19206039487041,0.00533203533029673,0.214785228910089,0.203214092554115,0.133795146493389,0.0170910475969402,0.29253100772525,0.288440634986944,0.276099809567986,0.218135852187916,0.140338061866982,0.234518029702129,0.214463053011932,0.151532957871981,0.0856546021856684,0.339059211497611,0.286300785459965,0.154147561912296,0.220801198202279,0.288048687889104,0.126470354313594,0.171587655569353,0.0324010024726415,0.205593220217219,0.141522691507011,0.0152489060339363,0.201475170078804,0.272313457601787,0.323220938760809,0.0144422063804028,0.133598154301077,0.242109941705692,0.0863549065630645,0.0139601872177697,0.0850287763872367,0.237154282562474,0.110617581420226,0.124202356301136,0.183842901031204
"17",0.680159508269665,0.0850814493753738,0.579662090061567,0.120489472615409,0.827794019764666,0.518469289156136,0.438913620803167,0.487472989073896,0.0296359986349139,0.486185104102779,0.788637504245197,0.743903818672773,0.796411276814877,0.573194026737986,0.467034737922125,0.263874850098746,1,0.904590469414897,0.582794163285136,0.86978663915061,0.786824149442001,0.808371916954332,0.823744812028531,0.788728845444795,0.631314693679922,0.312200087830703,0.429735178115349,0.846712246983965,0.825550153487566,0.792600661886043,0.890235471672844,0.876040170439803,0.818893943592524,0.251812482105301,0.626031863516121,0.167517038110948,0.586594966213647,0.62101810417674,0.178529782176278,0.561210616279175,0.416555057677446,0.183744692699585,0.0841701371963661,0.832031181716408,0.42141815049897,0.484364851402222,0.462519945911582,0.332718591693688,0.520347691196508,0.874388364086322,0.710490508258488,0.135349072046653,0.559238460941735,0.495664719264708,0.553035321495409,0.851052317733199,0.808073016023403,0.801711390473673,0.911285274163297,0.855692435156904,0.755625012215183,0.779123283135229,0.841377745244069,0.595921634424556,0.758345162411143,0.608698350592897,0.705694252998449,0.76850992299469,0.511003992953964,0.793901774772962,0.734530698166476,0.78279282689006,0.471759159406754,0.306367210713417,0.560181061188908,0.0210558478848459,0.227812226166779,0.350558906502484,0.693982347236216,0.419811715558291,0.340262151843472,0.744185323518497
"18",0.711897593062875,0.0290269194539621,0.609775564943212,0.000227993781266701,0.821461183824002,0.611727513633841,0.47406645469759,0.436811980034793,0.0273911126655646,0.467372522360214,0.829605962525447,0.756620986718824,0.775588894585468,0.636075487604193,0.442910483203265,0.199488018636391,0.904590469414897,1,0.61263777266452,0.882153770611271,0.83015705700193,0.842791910820581,0.88727882453979,0.777027101658857,0.61944451615592,0.347156575121322,0.433213350558565,0.883424309549092,0.848654727683722,0.83212306173627,0.914660239755459,0.899402246829763,0.869550765369125,0.364378042831889,0.661303600516385,0.204023419701385,0.516362541466962,0.661092007285492,0.107553050048233,0.537254898612872,0.397911281113575,0.0442140173946414,0.164972500508552,0.836195898579183,0.466963831858283,0.485307680550444,0.422829259494892,0.297733941064125,0.577370947931056,0.890922668212983,0.731396141591876,0.00168871116793849,0.572610483626965,0.52157593501818,0.52844259109588,0.871215677280292,0.818337965511436,0.895907694707024,0.906161136888717,0.881552271783665,0.780949451541546,0.832837915215842,0.874134945310836,0.598865088745657,0.788140037743406,0.688675907287263,0.760494889451644,0.769649953118701,0.566539767616133,0.771494933682143,0.710733961234406,0.77717169359066,0.537404545312361,0.251851408214566,0.485089276340925,0.0777936602951835,0.217661109032802,0.382776402934904,0.710870657874801,0.448068433718578,0.427199619452617,0.762553392647787
"19",0.508042630342263,0.00332159369471039,0.403593683430962,0.100334557971277,0.513058709844029,0.45787555868588,0.284757068359431,0.245778377919872,0.0517398860076328,0.49361958360341,0.390475072393747,0.592013116781542,0.483538139937558,0.384507144902076,0.241645241502185,0.189667506025825,0.582794163285136,0.61263777266452,1,0.583653086327076,0.462094245684115,0.480555059782057,0.609686920357024,0.546355346817194,0.434115695574971,0.0224997800866321,0.259384679515497,0.583666423408998,0.534264310429864,0.566534534399352,0.55952460237708,0.559780369732113,0.650010744019289,0.0936792267668795,0.451331594335702,0.00183087697838462,0.425481600552726,0.435861754875263,0.116519452840259,0.400555655527825,0.455176183632481,0.0965319102076198,0.0733399756082223,0.503366230491132,0.411699905768033,0.239188801277278,0.383837691801473,0.262663844299317,0.394727118429767,0.597782685434643,0.440367810471417,0.205764060543927,0.243275201620149,0.517404036659481,0.460854269375763,0.612187566003618,0.672812602003002,0.596051191725967,0.651400072015137,0.654858033828877,0.429766105056743,0.428955663275579,0.638699810459221,0.507446753377752,0.447875743243564,0.430984488055218,0.454699498751258,0.503962804350231,0.28309076567904,0.493995547486089,0.488667618655202,0.551124548020214,0.295668987197503,0.118096280284798,0.461263975844782,0.0113750744432202,0.269381137856762,0.192253753804546,0.457579056838846,0.328032295346701,0.409938822980248,0.374619725042075
"20",0.683292365360468,0.0338762722850944,0.573127574314463,0.0774645846375937,0.821691913781112,0.568455453609275,0.433446550954297,0.483716401012666,0.0670298354926608,0.47113248586159,0.782624859620933,0.69635884056782,0.74682505280969,0.517024909225105,0.416818987078604,0.261909822512249,0.86978663915061,0.882153770611271,0.583653086327076,1,0.772179267006211,0.757463389014207,0.831127105598917,0.757894220839446,0.56232341464757,0.301841056156558,0.415520796380927,0.821326539809682,0.798912148648212,0.744507371082012,0.816710889944073,0.836776709341335,0.807583275131121,0.288450545433964,0.580675668726385,0.14042423226548,0.562901020268177,0.632319833500586,0.168654968544819,0.545970079528344,0.401607856088107,0.0956502406931339,0.112094650080375,0.802879103719961,0.414125834182714,0.494651777663751,0.456383628625081,0.341977976627249,0.575355772617036,0.858933681600174,0.694568627619623,0.10771022022333,0.53754841935371,0.467951002625389,0.481681596036407,0.853548882014971,0.792714355183008,0.809166365775172,0.874742039587442,0.850342389783032,0.682269587184193,0.765068156946373,0.821499513251122,0.491046490962798,0.76670618458301,0.600576302550417,0.694726917698103,0.766889524217319,0.499365040506091,0.742889924580803,0.704676017101209,0.741739957881335,0.514784286276216,0.244177683966085,0.545139451987484,0.0402983101153785,0.223502092971121,0.401844265634826,0.707583079670367,0.439613774676438,0.326826242524056,0.712867139106301
"21",0.570764997386159,0.0745011408515567,0.521298537211208,0.124879952460675,0.718527676311249,0.638737741352603,0.410843933272451,0.429946296956582,0.0271564825518506,0.244547157241167,0.825300472994082,0.686854961523016,0.686189707363489,0.618614652436171,0.522798571062177,0.29273170975519,0.786824149442001,0.83015705700193,0.462094245684115,0.772179267006211,1,0.78694236814821,0.788930810588492,0.683533688381064,0.610316966919563,0.30965969845738,0.200691574284232,0.830072193009097,0.854796809982908,0.769456726421262,0.786586167174407,0.781506014099796,0.755288298232325,0.489040029481913,0.529600606826548,0.248524541276092,0.292586471890138,0.482225672073971,0.0569495561188526,0.372286718564102,0.272337942045559,0.139526023368518,0.384683596361072,0.707968767607195,0.362250967810737,0.454479215945729,0.284673955371407,0.198713622590848,0.49401700850345,0.837939185878859,0.782351313211567,0.111576219723593,0.656124104834209,0.31245195275582,0.447261534265996,0.745615151244747,0.639315036631065,0.824423314658357,0.808527690955783,0.805563792085538,0.732802192186705,0.864757520536776,0.828968292982217,0.469271403229681,0.687534631699689,0.675762593786322,0.770053530060187,0.695992006107588,0.501061279931376,0.659803840129886,0.648181981563724,0.705555136233125,0.49774029282841,0.136105373448611,0.278134206312602,0.128509411395051,0.0636821475427768,0.430249241317309,0.684647857941729,0.41180550015988,0.501369104115165,0.779634411561285
"22",0.568969381422365,0.0229236227014209,0.499260899006601,0.0682658291994245,0.755536524649633,0.552541541576027,0.44803999317946,0.352880043205099,0.0515461811535298,0.229510810430463,0.819271130241997,0.698001297559589,0.678851464757327,0.665077035997818,0.50661102291585,0.139665595380939,0.808371916954332,0.842791910820581,0.480555059782057,0.757463389014207,0.78694236814821,1,0.777201022820273,0.702438452538291,0.634073598075455,0.376443800090499,0.305529093172853,0.83394628175172,0.822750912373349,0.789883658358994,0.820804469672871,0.802073519568602,0.782939802032601,0.438489508557824,0.60329842190198,0.29766272859975,0.319818080538927,0.564577435259499,0.0498562794373672,0.388535147369662,0.219232111868427,0.0776784256559961,0.301150937858067,0.729430819699903,0.32928165233957,0.471759378351705,0.307855338925855,0.202832659882416,0.509339786517185,0.795127718510192,0.731249546638368,0.12943754172167,0.584577281098053,0.35230418294644,0.435856082889315,0.740178945107361,0.663813099681417,0.821925268430552,0.803255268105962,0.755929748023819,0.77017666098046,0.84734156196128,0.7786977244173,0.49636077702418,0.714618814311625,0.656058392952319,0.762773834798101,0.70590516067578,0.540746861389814,0.697543500880648,0.66008683045117,0.698494831658024,0.523414984847619,0.190448260912357,0.308952903030398,0.05209532433879,0.00416771079069511,0.32001056230737,0.682513083572027,0.355351385778345,0.406282204020767,0.790887696087432
"23",0.682827110290158,0.0393361873709571,0.583949546925226,0.0283857259083216,0.763395931388516,0.650938783760236,0.424334489403548,0.42018218276879,0.0365685336564178,0.444736812849894,0.769086269589065,0.700198929665225,0.705572381454121,0.568452884266505,0.403313092716904,0.217583409886635,0.823744812028531,0.88727882453979,0.609686920357024,0.831127105598917,0.788930810588492,0.777201022820273,1,0.738680712309785,0.568278841281056,0.279532453204534,0.369796328118531,0.842199836060234,0.824113224384695,0.782273551949579,0.8347560347216,0.83560848820575,0.825685512238893,0.376722020746425,0.611484728914774,0.121014818678608,0.439825065894419,0.60666779637807,0.103204333532071,0.515854581925816,0.431954786042743,0.0211335904073946,0.190669514064055,0.771263764796487,0.446851496801391,0.47901726343338,0.393149911683792,0.241667332183624,0.568070423508322,0.844642727128815,0.700369305949117,0.0187039732385758,0.550986602555234,0.477390915668674,0.515484248964701,0.839467889161847,0.767743635462953,0.841701930988915,0.839307210380773,0.84830491800842,0.680478340130879,0.789618140290882,0.841907916808994,0.519207307999573,0.719998187394494,0.666039316702832,0.71205264225959,0.7144044336371,0.539139991991132,0.667291687206495,0.650581107633624,0.718231938405979,0.570817761044484,0.214017453747974,0.467992602759902,0.0971384131238769,0.227609274129558,0.417185246795666,0.657317027391636,0.468539762426674,0.433843187649055,0.716922526824719
"24",0.603606012642212,0.00736174285408864,0.52960857996372,0.156582685266007,0.731260093141542,0.481547154676474,0.345307280636913,0.374797904418111,0.0683366691116226,0.436685975207238,0.657952230095361,0.651648036219407,0.690783828410611,0.513901657039035,0.396015061106987,0.250223573856645,0.788728845444795,0.777027101658857,0.546355346817194,0.757894220839446,0.683533688381064,0.702438452538291,0.738680712309785,1,0.581395359171891,0.108905019000751,0.330423246217832,0.761296895030509,0.735954299201873,0.663251227374021,0.745958613664373,0.759590040874963,0.776792767640256,0.211815074518637,0.593363078993278,0.134892588348148,0.539633505461936,0.518500188382104,0.154663404509859,0.409436617721686,0.413860111333128,0.194644675629503,0.0863716333165967,0.675035781553319,0.417880775321071,0.392928239373991,0.466832310223383,0.368517597601779,0.50008856154769,0.788032485096501,0.64259219086231,0.175102441437893,0.434293555914535,0.413764489903969,0.505293910691157,0.771297658117066,0.732619045676319,0.710626986077233,0.827052033030046,0.734167257591404,0.655091674114841,0.671601702013489,0.758874379529042,0.56695916226282,0.641260637851074,0.492615430760382,0.648912103725439,0.663087659145465,0.452554934867208,0.700671344131487,0.647152529272202,0.695959442850999,0.450510348008266,0.230563436617213,0.461345461594639,0.0526889992697715,0.267439305590658,0.30693141490441,0.622563378705218,0.334787528883627,0.404199339514273,0.649089828990601
"25",0.457685945438892,0.105284698681335,0.383937450674633,0.00865524932002704,0.555341282543727,0.407181844612258,0.288496381497373,0.261244239642755,0.0387924223254924,0.238245784535414,0.558969864471667,0.577967875430059,0.541087996709815,0.530610511618623,0.439770891955482,0.239256667090456,0.631314693679922,0.61944451615592,0.434115695574971,0.56232341464757,0.610316966919563,0.634073598075455,0.568278841281056,0.581395359171891,1,0.139351028085747,0.200426992864389,0.66289474581866,0.571928730413808,0.585790723215308,0.61857403564366,0.611086779408272,0.595567141168709,0.281927698522365,0.426877760890662,0.220610241776123,0.304510590857834,0.442259347758097,0.0172636242169584,0.362497165500227,0.274870420577917,0.00130627238459172,0.174501888054297,0.519625238111253,0.335138826002513,0.353947204487875,0.356576523439325,0.254618098941044,0.304749385663939,0.693774297721195,0.548445648451889,0.0451413802924823,0.439628117032126,0.264322664170779,0.417579699530531,0.536249087171994,0.56245187078461,0.613970485528383,0.635371059990673,0.616325312938637,0.603938566591008,0.634927661059288,0.626445371538685,0.432559592994267,0.46733154555882,0.437125142116964,0.582813088398189,0.507530604477102,0.364263203436552,0.560152614486592,0.540778081751805,0.607271200382578,0.347663121392831,0.141707165728938,0.225265736745117,0.103918439053111,0.077008283292999,0.248678551012225,0.580524222678175,0.297195643167899,0.471543953673108,0.593732990186044
"26",0.231034939947601,0.0108632812975992,0.159900329932201,0.20822896593908,0.265376116475165,0.318758817390937,0.198791788366962,0.343536991105953,0.0779240293194292,0.0763599828983412,0.39225692394749,0.203010033230346,0.280968317072582,0.246860233585164,0.118299916201114,0.0452483834285196,0.312200087830703,0.347156575121322,0.0224997800866321,0.301841056156558,0.30965969845738,0.376443800090499,0.279532453204534,0.108905019000751,0.139351028085747,1,0.252965305424714,0.319401239566953,0.33991089125648,0.280372422176429,0.332001581851075,0.234801464681206,0.217911334348718,0.296158560544469,0.149918311507443,0.143431043650797,0.0183363270668274,0.311475382732307,0.154661608867935,0.10498462642277,0.0649367698677074,0.154362179210079,0.22014934766709,0.336124307748235,0.0258208335236298,0.265444194387764,0.0843320590798254,0.131083265435131,0.228571037925346,0.227848388228869,0.331199804900958,0.309218675029185,0.299512269287084,0.0556553926370998,0.021593336326942,0.251741765807243,0.136890393382679,0.334125071365115,0.24589357371629,0.260735134294619,0.237602152618215,0.353078117073533,0.25908724468662,0.0763379312681182,0.319923188755896,0.381533130806484,0.279388287371074,0.296185147998971,0.321996781437942,0.181786254891799,0.24528294389402,0.190879715084951,0.34289318494685,0.0358748395787037,0.144547526204764,0.00874989588335398,0.0428457184435016,0.198687793069082,0.213717330245007,0.0924281983923956,0.0506943731998488,0.353773379716675
