"","1","2","3","4","5","6","7","8","9","10","11","12","13","14","15","16","17","18","19","20","21","22","23","24","25","26","27","28","29","30","31","32","33","34","35","36","37","38","39","40","41","42","43","44","45","46","47","48","49","50","51","52","53","54","55","56","57","58","59","60","61","62","63","64","65","66","67","68","69","70","71","72","73","74","75","76","77","78","79","80","81","82"
"1",1,0.00238132234435627,0.451161802824988,0.226630507027481,0.468444881815595,0.453522951032588,0.257077147544166,0.188458405693684,0.0752026268125107,0.362274518200725,0.474127245128203,0.512084539106802,0.465972754476146,0.4177114444721,0.473423680247904,0.406612521674509,0.515273277260327,0.575032538937479,0.397605003808205,0.465182921683561,0.479804040591851,0.523643687814824,0.532031235485485,0.386014834292134,0.281670685291477,0.340178873980638,0.145579869496281,0.514328596250306,0.515345386460146,0.585742294935774,0.524300175736746,0.548360644151008,0.467099504217073,0.484529495084275,0.468373040576067,0.11862446916333,0.17413298189504,0.239291384333899,0.10828065466149,0.43240407964312,0.306956125667582,0.235583361105395,0.177602887080432,0.4523970128235,0.26481025290096,0.375132333549418,0.0976679911866838,0.0736408225014247,0.230379927500637,0.554999985871705,0.533249038255042,0.0887502029685517,0.358230267144037,0.259619877387222,0.379908322976459,0.514952379629381,0.365226671465317,0.555670396770617,0.559082751392364,0.565926947926485,0.518119079236799,0.571002190883766,0.569705548158203,0.379139620919848,0.415332721550106,0.319578685107305,0.374840099973244,0.370720186915997,0.421784236666703,0.490351003500763,0.196692878588034,0.402470811619216,0.335853310372857,0.0149362082168795,0.247020644152265,0.245339931894172,0.149882043414754,0.334636849178627,0.270573676795185,0.0546097986350261,0.40071123496427,0.493412166309197
"2",0.00238132234435627,1,0.00843025292154454,0.00562115425662028,0.0156715387080164,0.00804445887423865,0.0833550715613309,0.187787295906181,0.143662719538282,0.0917954820088873,0.00238041212143652,0.100001756253939,0.0703938767814345,0.00399325746249967,0.0273172536569847,0.129057315208152,0.0663713243449841,0.0305061613317418,0.0842722272966089,0.0211210081905348,0.0686131972179608,0.0507211721990611,0.0796079284610956,0.00868010828032299,0.0982133201921007,0.0388393123520707,0.123601064758271,0.0492019100897068,0.0828837212594059,0.0683971032403618,0.077116860978311,0.0211304798079373,0.0925496929629629,0.0439529679620454,0.0453386474570645,0.114126628779771,0.00281310574848537,0.0340408153030966,0.00503512168792333,0.11548621705721,0.011846195063316,0.0753483132041563,0.0598817536463827,0.00400414398681567,0.00626048161403299,0.0601697745254439,0.015596260902861,0.122665258320383,0.12889423852632,0.120402526742315,0.0668195268362969,0.199951731860729,0.0187219163247396,0.00654950395862421,0.12645910513327,0.0743148791331064,0.104941281487824,0.0425539136549341,0.0433632779633489,0.00140881956484512,0.0849517161906463,0.0506818040877925,0.00601369968639266,0.0355042582959397,0.0646410626011877,0.180041339639646,0.0345306149556603,0.0715322972922231,0.077568777536964,0.0648036718412863,0.00291966940205292,0.00307151465759712,0.0243666063421373,0.0729831704758864,0.0450133763374224,0.112144369992995,0.0872031344346886,0.0861081889202198,0.00904887193704391,0.0296268299163171,0.016510873548953,0.0253090703413653
"3",0.451161802824988,0.00843025292154454,1,0.237222644155012,0.549755708159376,0.583163903791796,0.274774831725934,0.160447823445205,0.201611892266295,0.238454193326036,0.586638201589958,0.544600426761976,0.543662571711578,0.471894134885724,0.528540782459565,0.339661763309168,0.537763491861375,0.66540596623919,0.497006190185459,0.642858604243042,0.613226376836395,0.676497851840877,0.603549845865948,0.510334712624077,0.350400119183119,0.299227376866944,0.191471267378557,0.660251443105508,0.619460003078633,0.559083307301213,0.557163497291845,0.577163910731758,0.55237060409952,0.56264800372764,0.396712701187937,0.0963944170233939,0.139343589582662,0.266822011778765,0.165877301752626,0.402339030942719,0.180960900134062,0.320964664025669,0.326275118196371,0.565548627963428,0.241411822817144,0.397338864698616,0.138683841150684,0.0762046172578355,0.22079020376437,0.621257845382943,0.588415840695745,0.273017483482157,0.384629982485552,0.426928900737129,0.367879909913144,0.531932570257701,0.52976003988719,0.645935157336333,0.659476538166306,0.656323101043461,0.594757864296599,0.651072899471872,0.6133596310804,0.433309396699305,0.532460840322479,0.423424150859317,0.515363616006666,0.451501596182343,0.387034923580438,0.592523538892492,0.298246254507402,0.381486347765303,0.413502723530177,0.00959559780143424,0.148797070858034,0.107245467490296,0.0680724938673532,0.199170797236695,0.375532366191052,0.0818940941051336,0.630344318060213,0.597319874236694
"4",0.226630507027481,0.00562115425662028,0.237222644155012,1,0.309767724082928,0.210442273892544,0.394489300587617,0.0834002771970421,0.125136703547948,0.297347060462903,0.426062817406964,0.302389118791247,0.420460820225913,0.28974000198756,0.210662294043322,0.337853149095355,0.526279505263449,0.295198019348058,0.438591739985066,0.380976494548977,0.420209598259137,0.336116878885891,0.507526944836766,0.390775473221994,0.195250402647489,0.0292697583305967,0.403526596672028,0.362321957873428,0.35635280586832,0.354099088716206,0.475441802160066,0.393517604995664,0.396367910836572,0.187119829795888,0.405690946986137,0.141211455322714,0.484030064123774,0.220627429421135,0.254966811993905,0.451527862481556,0.169867995084675,0.239995058999597,0.162873454912791,0.339466319602751,0.315244182132307,0.22639997319271,0.250503839675297,0.0518314525393458,0.578885816036105,0.439734993520428,0.374999581553204,0.0736093305778772,0.0467299557843105,0.272150071288553,0.229651242594831,0.450016219076028,0.453848806216205,0.357851764003635,0.371747825753517,0.398509460035601,0.390373869585526,0.459523238211092,0.365859908314069,0.284533867293535,0.293110123708035,0.303070680851791,0.0401673899709831,0.414799906436302,0.349382762616929,0.407170555932774,0.188459331921068,0.48346576099063,0.284339775996171,0.0101735501484048,0.321121428951646,0.103301090796015,0.172238184618496,0.241408749045403,0.260170763623092,0.143877636494026,0.255685053548206,0.382075237895921
"5",0.468444881815595,0.0156715387080164,0.549755708159376,0.309767724082928,1,0.680950756719447,0.38327581609601,0.275626681842395,0.0329228589361135,0.316317639231725,0.72674623705633,0.664571467456507,0.653665095038018,0.630036980532408,0.563442430549635,0.534649062614443,0.676884866740311,0.793823917047975,0.515314165056338,0.694796938207996,0.644172308082079,0.676471932407898,0.677748944296868,0.535343675123004,0.482652312318195,0.239083396637438,0.210179780781215,0.773637727716689,0.706852162036084,0.682946658357499,0.648941899628846,0.73179512448455,0.628899208647847,0.6517132208684,0.582214693215952,0.100398063083325,0.282192215886366,0.436561674501907,0.175842917605591,0.542048055490012,0.279798945861562,0.254958257643035,0.130335281607723,0.691927138665651,0.423238009816045,0.472193229769866,0.220536822151724,0.190341542757489,0.257444173972902,0.674894494327132,0.682777853672256,0.206277845043725,0.40183851083235,0.437329927101695,0.39118503120423,0.666691939376336,0.618455319737227,0.761754602310456,0.79120434506856,0.772273230398171,0.740206424510869,0.750810082334367,0.746517292072112,0.514252416951854,0.587428152608837,0.555118930015817,0.524771775392091,0.519280480377857,0.569093207505794,0.637700818279017,0.477952345435729,0.545718528599887,0.494160399604349,0.00841030582320355,0.310232625719637,0.194925567357713,0.262790835654035,0.384452368598898,0.467878685639391,0.0877328029955844,0.64621718042991,0.701444663916765
"6",0.453522951032588,0.00804445887423865,0.583163903791796,0.210442273892544,0.680950756719447,1,0.300360272388217,0.304543400928983,0.0756318007992865,0.168914498190741,0.719299580604757,0.602609041709471,0.586636695258007,0.596334082083768,0.571131602116089,0.41317514517755,0.571371067831208,0.797937634309472,0.434589376237365,0.688284453431566,0.598496749963694,0.675201163966336,0.567179769622325,0.501587448305251,0.395643334166036,0.277465926106875,0.0764859159372656,0.740558475298342,0.684711427081242,0.619974711980047,0.583990365903676,0.684706023427074,0.602494445450523,0.60767361190697,0.493084239490574,0.0414683612365867,0.0765657567892981,0.368406527149853,0.101528817916049,0.40171656270434,0.158688466323671,0.157619634217171,0.205668848488964,0.668152683189635,0.308968857815523,0.426369146713795,0.122143952311332,0.197689927130913,0.14318923019885,0.617216441461469,0.63806506120418,0.195897592325399,0.508987112847128,0.416846215427163,0.263039916586986,0.55071281909653,0.526246938898345,0.721046396863832,0.75791455761412,0.747014819025509,0.673787802573989,0.670815038847083,0.740435475460117,0.386352047425829,0.585877392696719,0.563288627160701,0.55814345865379,0.448951387455262,0.491478048560342,0.606245011508747,0.470577082100755,0.426284031133682,0.58840439744552,0.0110550202331858,0.197327169732469,0.172189612173774,0.193515297249354,0.342959105136035,0.423345382789674,1.09013226545349e-05,0.691840750707026,0.638357139301092
"7",0.257077147544166,0.0833550715613309,0.274774831725934,0.394489300587617,0.38327581609601,0.300360272388217,1,0.105254425543421,0.156558999711206,0.250509883082189,0.40110293193608,0.427017455379108,0.440740763798615,0.285100810039291,0.273038545728752,0.407699048549538,0.592118947109907,0.347539659445536,0.483480717429123,0.449258479187921,0.471135364731334,0.432555339463253,0.528566098374415,0.431531909313004,0.23243947610267,0.0794187084916411,0.547671708661528,0.396897742088288,0.356298425351821,0.40588588466173,0.484872051609848,0.435876035794218,0.429785793747408,0.313171278852363,0.403097219569753,0.0288376646479396,0.296751972573478,0.253267671617245,0.300641612843123,0.471471331711862,0.354538814849785,0.0578373902229837,0.0463389007927189,0.470022933295215,0.451154981391732,0.260698455751426,0.245704654084723,0.0260261289425489,0.457680182347243,0.471422500914675,0.458909417337752,0.300033212103068,0.0725964784590314,0.380757165890385,0.43067812076565,0.484918006133609,0.574951791975532,0.417994667542941,0.445778027242575,0.424424000098055,0.493836438082332,0.495469982959565,0.451400116114442,0.337965870584876,0.398788928438741,0.277713643932061,0.20689261612988,0.544990776625511,0.34042815151057,0.489655620073362,0.254933540385819,0.447981014923088,0.391745704939953,0.0660951611963484,0.24442085235502,0.0166265558811666,0.149153474130395,0.203007554760015,0.235079606157975,0.162614037051234,0.314056734251962,0.463950508965515
"8",0.188458405693684,0.187787295906181,0.160447823445205,0.0834002771970421,0.275626681842395,0.304543400928983,0.105254425543421,1,0.162952442023539,0.0828968253177337,0.426663381336711,0.239316350665416,0.179064983201178,0.34260612846406,0.307430032777334,0.185020988487537,0.255082916651458,0.354971747545172,0.104539437686767,0.317281279253922,0.161368460641627,0.23827688498172,0.226899728882302,0.245959506355598,0.200772819847292,0.133830556156558,0.0427177694803204,0.307061104050617,0.239821466269869,0.233065965532195,0.267794762977467,0.329062509660406,0.242511796041204,0.217294605440289,0.333019240834119,0.0564880888800536,0.132468225239988,0.27826808113631,0.056198004119612,0.178365277866327,0.131441777325137,0.0607320122095828,0.0125205617760108,0.303317357715537,0.0912964542022306,0.196389392703368,0.176340100756157,0.159861832785986,0.0814734014440087,0.222052522293211,0.244570277582644,0.194501423967648,0.136941000981452,0.173613688963055,0.0644609469080815,0.228374376596827,0.169447004194714,0.321483339838028,0.390117516835119,0.289901146435056,0.276413146841881,0.273377899713352,0.344986332476162,0.165576743914591,0.232363643536432,0.354430916753747,0.166087467069394,0.189541666571123,0.333687136268921,0.227306359197056,0.194484111372164,0.264300041369351,0.142499999898918,0.0591053771722447,0.140455255799046,0.132614130622078,0.144903277304417,0.30607762015435,0.308635788770554,0.0413811064792513,0.229556625536715,0.293413727661058
"9",0.0752026268125107,0.143662719538282,0.201611892266295,0.125136703547948,0.0329228589361135,0.0756318007992865,0.156558999711206,0.162952442023539,1,0.177344227969551,0.0850781978418078,0.26345314458726,0.213569129710637,0.0996478002410759,0.0743437341838866,0.114826517038005,0.176870318003719,0.154509812837312,0.482187027186417,0.132156960736673,0.243448830163543,0.210671199426277,0.284302040735871,0.277758832644861,0.0453518308292239,0.115514058897742,0.109999359079041,0.173656810089298,0.256703050729212,0.200468485501896,0.242352986084421,0.149146162562385,0.285376608842136,0.0718259369447575,0.0424530450690448,0.0655438141226118,0.11045090130294,0.163909361544306,0.148426828509248,0.182438730691831,0.126463880528414,0.218152316386173,0.0279206903086581,0.20867356854893,0.0817230739838271,0.164294735459675,0.122003466803693,0.0314025387967362,0.146842080903325,0.293704545413208,0.326731459866363,0.314259165874104,0.168401294829606,0.0161127351722623,0.208821491001866,0.199543182096761,0.236819392879217,0.256316578662563,0.139360953587271,0.0809717800890952,0.214097641219329,0.188956015884841,0.139358235942609,0.304561044597285,0.210127027576873,0.0647756740127734,0.243078465450314,0.281063853791341,0.066147763694317,0.314627705474979,0.0381611073895421,0.102272553516912,0.156172754609081,0.0302471210340921,0.0172258928730164,0.173871921481159,0.148133874390985,0.1275470603756,0.0388030941989707,0.0549885734743962,0.167335887922319,0.0598358964376367
"10",0.362274518200725,0.0917954820088873,0.238454193326036,0.297347060462903,0.316317639231725,0.168914498190741,0.250509883082189,0.0828968253177337,0.177344227969551,1,0.347485858976915,0.413602286757005,0.460669760288351,0.217440222094293,0.28373877783159,0.309344092232829,0.506527624132269,0.376693439315605,0.388570720362733,0.314058627669111,0.439318152974876,0.375115695911931,0.529888850815509,0.408534123524914,0.201855317667826,0.198257648107825,0.212748855271959,0.355092743785127,0.370592197724919,0.486072805084778,0.510197956128681,0.431423288921718,0.389959689155116,0.315405605686589,0.440507988010118,0.186527643282065,0.266913088853517,0.126544305014157,0.0712283422135254,0.488459359083749,0.355388199684666,0.289585199564449,0.0551525628381265,0.322408481296899,0.33927527991426,0.286386867768299,0.134026391205432,0.039135002318287,0.356945082142696,0.53213118519628,0.447129606900648,0.0959320888171214,0.189717980440669,0.182775514700094,0.386826413527709,0.506367987194492,0.444949455983562,0.415044352702304,0.430305503068568,0.35973575591009,0.434389304692467,0.475216889413475,0.415716282614381,0.412243863624679,0.284757545079821,0.117927823667616,0.285550198047493,0.391728978288591,0.280507100095733,0.409518046055799,0.068638074982123,0.424552918691596,0.172636779541067,0.0332875029962725,0.2474460915599,0.121659936347502,0.0943231622119723,0.189140770573015,0.151652581852324,0.20984410714458,0.286902940761623,0.410354304518534
"11",0.474127245128203,0.00238041212143652,0.586638201589958,0.426062817406964,0.72674623705633,0.719299580604757,0.40110293193608,0.426663381336711,0.0850781978418078,0.347485858976915,1,0.722985081953122,0.698771172087897,0.688580522808357,0.639640512831339,0.536477337475168,0.774996309612711,0.860272528644838,0.551215540117412,0.772124573716226,0.688767598373959,0.719251472467869,0.757699020912793,0.627345054760111,0.436330784795658,0.342772760516354,0.221753646054265,0.792058526041769,0.753942044009284,0.748276867813661,0.759651354775976,0.808146020346374,0.700967451858018,0.676532672268515,0.676857458891861,0.0846031057283842,0.269723421277562,0.468179064006209,0.261826125465217,0.567609349833773,0.291992995766318,0.246387611237911,0.133607387732414,0.744368353288711,0.411299028890905,0.517168131158728,0.238859535848587,0.13921946919648,0.331955239778395,0.750038026942078,0.763600718359197,0.140853096855112,0.424018285377907,0.475911169441609,0.362627971112593,0.722464699400053,0.631396413259032,0.819858823526683,0.861281356447627,0.807162930008652,0.782378013713733,0.82899773248751,0.824693868861993,0.527726693840448,0.636553300351567,0.610767808476821,0.535271668251952,0.575439052977246,0.640969178918234,0.722330670681565,0.380827791679846,0.62672969028549,0.567218313341193,0.0597206938568311,0.305649488048281,0.205336791285446,0.247087052118328,0.448020292610365,0.531457425954236,0.0904919408940776,0.699672557592939,0.73719176066349
"12",0.512084539106802,0.100001756253939,0.544600426761976,0.302389118791247,0.664571467456507,0.602609041709471,0.427017455379108,0.239316350665416,0.26345314458726,0.413602286757005,0.722985081953122,1,0.72472493948729,0.60762394841446,0.589482623606924,0.506018790551625,0.749346751240875,0.778817134016443,0.620923839263307,0.722543623884465,0.721227962428255,0.708551254678728,0.768540214077129,0.647465497369257,0.445892452594034,0.404293977017621,0.230473974244838,0.768121131628612,0.748793314745499,0.733375478273802,0.73444887155377,0.751051073438056,0.749879456033845,0.629251466035106,0.568111364958455,0.0661637367438128,0.248476815678514,0.320261377503212,0.237946168598787,0.607861383969792,0.40104178553382,0.395640237414093,0.172239947642104,0.70927661509365,0.418513125209745,0.436495293131614,0.252258672973628,0.0658663922147224,0.288637992383645,0.797053654568723,0.79687871851245,0.252963541911676,0.445749794185577,0.470839689425192,0.449962355976315,0.723335823100478,0.660468843115005,0.78960673065083,0.77463022266267,0.751895156862854,0.763869595898854,0.814664111464291,0.782982682646752,0.517883344194072,0.637834122761084,0.472293279498845,0.607118699963042,0.622213144045106,0.508921115824781,0.743867637225332,0.336352317875799,0.594455969029362,0.494823769452474,0.0154634514603459,0.282195759819552,0.112817328729514,0.11928067349488,0.313443965671119,0.393171496502096,0.154396654233244,0.661924179604324,0.692158700453162
"13",0.465972754476146,0.0703938767814345,0.543662571711578,0.420460820225913,0.653665095038018,0.586636695258007,0.440740763798615,0.179064983201178,0.213569129710637,0.460669760288351,0.698771172087897,0.72472493948729,1,0.538880371596542,0.520405997667775,0.525748734553578,0.786732338009007,0.73249357988488,0.621193645505986,0.714879024370805,0.720148120567694,0.707193332903702,0.802215270977975,0.65518418608338,0.41485686447022,0.269546852051772,0.314169853195776,0.739969433735236,0.695643756208138,0.733589293664454,0.720477099054344,0.727679059206562,0.714671183302784,0.627057018051153,0.624489514539065,0.123897143152995,0.365992112032911,0.269790907694134,0.267714133540866,0.654325240020899,0.377382363553497,0.363046216641528,0.145523333856597,0.721466872964302,0.459345512728249,0.497416288078939,0.203847371445709,0.0925609234542269,0.44885227575752,0.785071007907632,0.782071557308827,0.269005929748686,0.363781782604606,0.481096329589586,0.441835827643188,0.745820569858483,0.708380430973739,0.75476607510966,0.752654731053828,0.762684448574505,0.771558989750732,0.82718491810671,0.756027126335612,0.528721469732321,0.599242623223807,0.500192151308724,0.520713644087267,0.660811802633116,0.528944256045698,0.74774757762939,0.328873736123255,0.639737276977949,0.519240931862921,0.00955803241858595,0.314353298608237,0.0999793125298524,0.176413333245248,0.259028685106911,0.404988196316926,0.174845863753114,0.6495371768095,0.727369766513368
"14",0.4177114444721,0.00399325746249967,0.471894134885724,0.28974000198756,0.630036980532408,0.596334082083768,0.285100810039291,0.34260612846406,0.0996478002410759,0.217440222094293,0.688580522808357,0.60762394841446,0.538880371596542,1,0.572505487543932,0.429582150359255,0.597537814699731,0.727211621827168,0.492482116618725,0.630395330337798,0.529107214982092,0.647523502143629,0.583153104866965,0.488293736780996,0.366444172648421,0.266900928937149,0.185940424517054,0.691522592440931,0.747041061952431,0.671124250500475,0.67386197129398,0.712430236245172,0.555501166815941,0.549556339805142,0.475146685359102,0.0397383832564287,0.172313942961609,0.366810675719305,0.150804477486181,0.468451772693754,0.196773347710498,0.0867936200623162,0.0302802702221404,0.611333793150598,0.400495078844213,0.448550813007304,0.284026624758262,0.251146285802073,0.220343532270668,0.609333682426211,0.652673890300573,0.223949096381582,0.483755681893952,0.371789498617969,0.279090860325711,0.551812371694698,0.478959858751513,0.707771172042436,0.718933859585146,0.697147925158017,0.65691019951243,0.63008712794044,0.711334128350868,0.46033227891912,0.587410335813307,0.539987020825232,0.553552612957636,0.477330690669162,0.552874252410816,0.582839443554659,0.442619496620137,0.482881784744456,0.599324148430001,0.0119112496531881,0.240694310261116,0.216011382626224,0.282918811608605,0.469443790629655,0.450672801534608,0.058478845454789,0.545780697352106,0.515719433351988
"15",0.473423680247904,0.0273172536569847,0.528540782459565,0.210662294043322,0.563442430549635,0.571131602116089,0.273038545728752,0.307430032777334,0.0743437341838866,0.28373877783159,0.639640512831339,0.589482623606924,0.520405997667775,0.572505487543932,1,0.373852331300236,0.545958435218955,0.671015539397456,0.472774900166049,0.59861880717831,0.562467805256107,0.64844428937374,0.588572525014801,0.488844312156573,0.376668200262304,0.249182136450349,0.124078452932088,0.652614815475483,0.668001036936417,0.602763684606555,0.603036973300145,0.652443216194858,0.552668170570633,0.547706130394418,0.422192258393,0.094526084712315,0.208781792740949,0.322511466600418,0.0824642977652112,0.488581900465975,0.24471043054929,0.23765078787334,0.159955253972958,0.544938415858371,0.34143996934268,0.357888237268745,0.111793212819609,0.0291925133420789,0.24496794470541,0.630696765017038,0.600367856887216,0.196009942585051,0.458612824999414,0.332331840099611,0.329139465343163,0.535363222145976,0.494958426603989,0.655368892832029,0.662378010581242,0.642233140172523,0.638512379876657,0.646597455140729,0.639126812304899,0.438018328565666,0.503415424754236,0.397667108487594,0.550605249940261,0.422569547909227,0.454596356068573,0.57661991516253,0.332626024181564,0.390540512549224,0.48339781074595,0.0534484906621841,0.265205065256962,0.269131075624252,0.166935274092692,0.251056010383434,0.343224959453894,0.0711479714826467,0.550609807838911,0.57026102882789
"16",0.406612521674509,0.129057315208152,0.339661763309168,0.337853149095355,0.534649062614443,0.41317514517755,0.407699048549538,0.185020988487537,0.114826517038005,0.309344092232829,0.536477337475168,0.506018790551625,0.525748734553578,0.429582150359255,0.373852331300236,1,0.625445052391693,0.553928369356213,0.427812764523521,0.474100188996878,0.506253711942988,0.50535216934675,0.62086550630758,0.493799705549406,0.297257790788411,0.214455997406153,0.299782751445544,0.530202469390895,0.529886778457178,0.588296566127526,0.605849987357357,0.580076989580469,0.532023049557003,0.559222139570505,0.506077453588053,0.0806698830766781,0.260416694933715,0.245010142891902,0.167324624026589,0.517178677684612,0.346620606311923,0.206798994949098,0.0935534238650952,0.495941687155434,0.375433836087807,0.468059815215816,0.262817161732831,0.115714025001406,0.296293402379822,0.611535557525965,0.550625729890082,0.173449972168763,0.197062579002685,0.37830545473234,0.461592980338701,0.597692806314326,0.544858146467999,0.579137282502013,0.539049110066237,0.562787205463781,0.584559083551789,0.623970973268256,0.579576765334211,0.42677296944297,0.472753378197776,0.247398522799683,0.380663073173469,0.505575605476763,0.386799395619437,0.547363534505253,0.167848973285025,0.466399884886049,0.342582816626306,0.00302656696481051,0.219120057930665,0.153051568675736,0.0183541721115439,0.286719229050009,0.276682319975355,0.167730978489224,0.451061260928983,0.560752096856807
"17",0.515273277260327,0.0663713243449841,0.537763491861375,0.526279505263449,0.676884866740311,0.571371067831208,0.592118947109907,0.255082916651458,0.176870318003719,0.506527624132269,0.774996309612711,0.749346751240875,0.786732338009007,0.597537814699731,0.545958435218955,0.625445052391693,1,0.768990311762162,0.689438464628436,0.745504534825551,0.798856554304908,0.736083641217489,0.894191550942057,0.731804319313569,0.431711092013232,0.343709046386427,0.511372401610045,0.770934563729126,0.720894932105858,0.79235532134456,0.832619959678187,0.804293001184873,0.760045434524504,0.649244037364815,0.72697025705639,0.0659753917460245,0.443102849368167,0.378088465632506,0.367660049097879,0.727762865990161,0.506371036858528,0.258102967857638,0.0240941640346257,0.773079860238664,0.608394489931081,0.572464215975251,0.281241698096298,0.0945880954387047,0.559804566698724,0.860392941843253,0.820847385800103,0.253156394851028,0.300680657176239,0.55129752493806,0.543835724212359,0.831825829707147,0.785589591117711,0.807194049436795,0.819083315906691,0.777374348963179,0.813966805646734,0.87740191589092,0.826961931856692,0.599457239594575,0.656115315264106,0.518173113925171,0.442171372640621,0.766915973295167,0.611465595915254,0.815442954875437,0.328953527322149,0.721659540814272,0.528050071453977,0.0144692329293598,0.370566674698939,0.112792441755861,0.23779850108154,0.403843545636308,0.470376518631176,0.274996302317343,0.651797613214856,0.765172406984147
"18",0.575032538937479,0.0305061613317418,0.66540596623919,0.295198019348058,0.793823917047975,0.797937634309472,0.347539659445536,0.354971747545172,0.154509812837312,0.376693439315605,0.860272528644838,0.778817134016443,0.73249357988488,0.727211621827168,0.671015539397456,0.553928369356213,0.768990311762162,1,0.586776027172465,0.802710046900743,0.748232162384247,0.788320815227144,0.77754852200114,0.675789319097091,0.502640049844477,0.439677297241144,0.118810912112847,0.864263998016686,0.856001566722577,0.837926323921699,0.792548318299699,0.882487303298326,0.764338402674325,0.763380309411753,0.655802237846711,0.0648886422100998,0.209350079682072,0.419831897328769,0.194787763531447,0.586398702254322,0.321463724555241,0.293988223008975,0.18158166041672,0.779803536605773,0.407778279226882,0.567033981790266,0.229370771324811,0.167536204947441,0.235946590675764,0.819701270608797,0.808765403230795,0.186043188246801,0.549166441909355,0.478099302851612,0.423026141620312,0.760102403682114,0.652210249081981,0.893844451143824,0.916177623082896,0.85016978926936,0.830754964315449,0.865942872937976,0.880681368537415,0.593423436568096,0.68605406356309,0.582409144802056,0.690152793142149,0.583772619039822,0.620563944384885,0.771306036076156,0.423029179309659,0.607883526052104,0.595793526826468,0.0216374839758673,0.265268021272388,0.248172730072961,0.208971399624162,0.430764151332935,0.520802942738672,0.104050252432399,0.760008605824271,0.750313593780639
"19",0.397605003808205,0.0842722272966089,0.497006190185459,0.438591739985066,0.515314165056338,0.434589376237365,0.483480717429123,0.104539437686767,0.482187027186417,0.388570720362733,0.551215540117412,0.620923839263307,0.621193645505986,0.492482116618725,0.472774900166049,0.427812764523521,0.689438464628436,0.586776027172465,1,0.609404907023207,0.671920577070713,0.633740645893852,0.724608474942433,0.61682048149492,0.393181833189073,0.192661903225625,0.498252408346733,0.671968852624015,0.658853755931602,0.602465182531765,0.675990773758112,0.619870144146174,0.667811665524902,0.479142300153296,0.446315393822458,0.103590721154961,0.316813627743584,0.244175571955433,0.323966365980434,0.589948952027034,0.355299886102127,0.252938896606365,0.0343183544333607,0.612733611701071,0.502577396488883,0.416694930379514,0.28922848476761,0.062536402356701,0.43863657157242,0.678752836695997,0.708134534481587,0.446733229261307,0.326209927135431,0.392567454144637,0.468939278859039,0.660188035765656,0.6912845149688,0.705777552128028,0.64013818257118,0.597351006402057,0.672906074033052,0.677204532824049,0.633366896239475,0.569379190897511,0.55624445028862,0.415795247618085,0.490157293142818,0.640551373380883,0.395239854717709,0.674773243410289,0.355114770389191,0.493104046640713,0.555424265558109,0.060353515268036,0.17875125706421,0.0522623422337992,0.143388017459904,0.217483426482127,0.343113614867,0.238449241081869,0.575337906143909,0.516466805868088
"20",0.465182921683561,0.0211210081905348,0.642858604243042,0.380976494548977,0.694796938207996,0.688284453431566,0.449258479187921,0.317281279253922,0.132156960736673,0.314058627669111,0.772124573716226,0.722543623884465,0.714879024370805,0.630395330337798,0.59861880717831,0.474100188996878,0.745504534825551,0.802710046900743,0.609404907023207,1,0.75214102070426,0.746634438942729,0.75103097178628,0.645580419162852,0.524980068110991,0.258885814545194,0.291474512862514,0.824645882857038,0.730952207149755,0.685563024976273,0.685750232148122,0.789730366216071,0.726022748374867,0.642317407750437,0.589018523726659,0.0691999928356473,0.208615833626464,0.452869344385962,0.309958764931592,0.52780568194116,0.336356954390125,0.341156988380521,0.238282232597329,0.762921471859158,0.447185909640207,0.518086147095322,0.217563595474044,0.037957259278692,0.296404734017056,0.751818982128346,0.788779394981044,0.225401123517386,0.442612047836054,0.543580124669856,0.382920836824295,0.739106173529706,0.706006896406779,0.806957711687126,0.837834218852935,0.799798714283745,0.756408441913889,0.810000898158939,0.804742186763553,0.492088915107721,0.633298541245892,0.643919827400867,0.56498069148987,0.615157818177829,0.607437131813257,0.727871111179594,0.466143812565241,0.612887201128553,0.546507382179036,0.024660293838421,0.22165060437656,0.0665456155805674,0.216621509522308,0.29691381211086,0.5250526694895,0.166545925469736,0.778511434492485,0.75619438199414
"21",0.479804040591851,0.0686131972179608,0.613226376836395,0.420209598259137,0.644172308082079,0.598496749963694,0.471135364731334,0.161368460641627,0.243448830163543,0.439318152974876,0.688767598373959,0.721227962428255,0.720148120567694,0.529107214982092,0.562467805256107,0.506253711942988,0.798856554304908,0.748232162384247,0.671920577070713,0.75214102070426,1,0.754032327681903,0.7926881837202,0.673416885843756,0.458479755017689,0.283562437203813,0.392438889247728,0.769241292779721,0.728150032962334,0.707567919264554,0.729225427203988,0.765929781638635,0.746905550161616,0.658325792565279,0.549944306447511,0.0833065870233313,0.354552000970807,0.327490611210751,0.286762101024018,0.603090073770415,0.438603056512866,0.335824122006965,0.173421926986608,0.736329602138445,0.505830709323146,0.492765014275433,0.217746154327264,0.00408926428561179,0.43338149893596,0.780709277213718,0.770707579466724,0.302034034612296,0.381974713543836,0.504925438354532,0.544866114605159,0.729138298909181,0.720738929736668,0.783515738470929,0.77095962263949,0.754475393883584,0.782188026602205,0.813960569854264,0.752750307099156,0.574373568017235,0.654889783257496,0.48420717047343,0.506898640326283,0.640523802177742,0.469609250110896,0.742822019137841,0.368490610672704,0.544164196902516,0.523835813382674,0.018589668771006,0.269389271320743,0.10268220716915,0.164328621073553,0.259329156968249,0.432155640966185,0.220197191293396,0.692823268432019,0.745505983878814
"22",0.523643687814824,0.0507211721990611,0.676497851840877,0.336116878885891,0.676471932407898,0.675201163966336,0.432555339463253,0.23827688498172,0.210671199426277,0.375115695911931,0.719251472467869,0.708551254678728,0.707193332903702,0.647523502143629,0.64844428937374,0.50535216934675,0.736083641217489,0.788320815227144,0.633740645893852,0.746634438942729,0.754032327681903,1,0.749242508205047,0.619897431663884,0.462823393148544,0.297810103807189,0.309748567241099,0.811932562727972,0.786869465801808,0.754846767799855,0.757578708973098,0.776698669231231,0.722304523875042,0.641715602131827,0.546414507352884,0.0880499254789771,0.279151929146151,0.344036992788181,0.217243306068483,0.596534691109602,0.363023602620961,0.267394355888502,0.167155926004144,0.711429447557934,0.516218299364784,0.52178700249786,0.269376208078496,0.156774669531601,0.347371805998452,0.770430050377629,0.789165780127218,0.315772069591229,0.441373266439639,0.480099482366129,0.492033207590787,0.73523193808721,0.671357516242538,0.804499423840171,0.80576773859722,0.770194744788995,0.778194386661536,0.806630373709948,0.779263367988588,0.52913248129734,0.671435970430754,0.508167085147206,0.648745525657381,0.606934731025049,0.519230368930117,0.733444968501965,0.459316748219423,0.562198127479541,0.560532117805259,0.022008310837672,0.316803954872906,0.191486658495903,0.170021712051906,0.342192421731574,0.409434193665337,0.119541665332815,0.693907890837739,0.710877931442797
"23",0.532031235485485,0.0796079284610956,0.603549845865948,0.507526944836766,0.677748944296868,0.567179769622325,0.528566098374415,0.226899728882302,0.284302040735871,0.529888850815509,0.757699020912793,0.768540214077129,0.802215270977975,0.583153104866965,0.588572525014801,0.62086550630758,0.894191550942057,0.77754852200114,0.724608474942433,0.75103097178628,0.7926881837202,0.749242508205047,1,0.761084820030577,0.4229129319895,0.381882994373824,0.454962206810783,0.770589692667643,0.755385776868371,0.811138663177128,0.851322911230225,0.812261586115962,0.807178034275211,0.690238954482251,0.681131902938213,0.120367912426703,0.409966128928717,0.328805404342828,0.332532409347536,0.720777187152417,0.514872476127359,0.308937531460986,0.149498591843415,0.750277599614512,0.572638582904587,0.581977753280093,0.290641286022694,0.0761716108669692,0.558331117551248,0.886434885128252,0.833110883907681,0.276403448287951,0.333521666668161,0.531784881124683,0.591035486526169,0.814741985695761,0.793668540643789,0.814571106820455,0.82197556985648,0.781434294099584,0.83777696938973,0.881213325792011,0.829517270707778,0.613945235612977,0.69177411522267,0.47811483075533,0.541925494778455,0.755839954233481,0.547501449554934,0.832810573452073,0.302881320025993,0.684892464081066,0.533763083774656,0.055841810715694,0.352422002199244,0.146136049115722,0.172392695653351,0.343825635408616,0.400521090255162,0.274072286528848,0.667054466635912,0.785749759847504
"24",0.386014834292134,0.00868010828032299,0.510334712624077,0.390775473221994,0.535343675123004,0.501587448305251,0.431531909313004,0.245959506355598,0.277758832644861,0.408534123524914,0.627345054760111,0.647465497369257,0.65518418608338,0.488293736780996,0.488844312156573,0.493799705549406,0.731804319313569,0.675789319097091,0.61682048149492,0.645580419162852,0.673416885843756,0.619897431663884,0.761084820030577,1,0.411300359296318,0.388019457997617,0.360216139884448,0.646631886069389,0.682605480642085,0.659361961745648,0.727394126589315,0.688323095983443,0.678657173224236,0.556640742284471,0.582441499903196,0.0698704678764277,0.330993510795683,0.186145651139359,0.24554461907801,0.550749879371787,0.424071423197808,0.352639782811264,0.101928410126845,0.652487964511195,0.463009897778295,0.457847022870597,0.274255469197995,0.0639269766296913,0.427902577070213,0.752350591550711,0.709448131137748,0.319890687197037,0.379259908106702,0.432720459633755,0.506361924438841,0.644378177719183,0.629116686703158,0.690760504172339,0.692103780517003,0.635324213450719,0.694984815566267,0.72901516501195,0.698011373305969,0.55640504539212,0.571753518850085,0.376053483495306,0.462259855140781,0.677200508495417,0.472600261270617,0.687983187132096,0.271001975555586,0.545782004083437,0.482986024621335,0.000108331049387116,0.232268977935711,0.16052562366475,0.120484409637944,0.242953392498559,0.304183169314821,0.205515517812985,0.587081973416686,0.588842412469003
"25",0.281670685291477,0.0982133201921007,0.350400119183119,0.195250402647489,0.482652312318195,0.395643334166036,0.23243947610267,0.200772819847292,0.0453518308292239,0.201855317667826,0.436330784795658,0.445892452594034,0.41485686447022,0.366444172648421,0.376668200262304,0.297257790788411,0.431711092013232,0.502640049844477,0.393181833189073,0.524980068110991,0.458479755017689,0.462823393148544,0.4229129319895,0.411300359296318,1,0.114079377105351,0.231215594393125,0.526624472878303,0.435586261101492,0.411223019538129,0.369063978148157,0.483767313843667,0.440586917751627,0.381522281692128,0.398609945981574,0.051889717984392,0.2030488562374,0.286368760853422,0.156066536282835,0.318787404687432,0.218050277354819,0.198970292263286,0.0273957917930648,0.422769849910926,0.331222403964841,0.310288339581679,0.135061077071069,0.0937241618091996,0.201913005120686,0.431309883359701,0.477584035860597,0.13636646387598,0.259365030885477,0.253753600487997,0.259514267837317,0.460970950662105,0.39498200736592,0.497866862103808,0.53549807727256,0.47052123795966,0.46069959396072,0.515488489346156,0.488769217355844,0.355093545242187,0.37506953201577,0.41947710874743,0.342023419328563,0.38384647393237,0.37169981320923,0.440958893917637,0.366995908237515,0.34111435109479,0.321121789052292,0.0451054216563552,0.138757124117062,0.00277985335587746,0.221942267115035,0.20410734515567,0.372327839039136,0.0878028036884727,0.513457588538704,0.452383756223097
"26",0.340178873980638,0.0388393123520707,0.299227376866944,0.0292697583305967,0.239083396637438,0.277465926106875,0.0794187084916411,0.133830556156558,0.115514058897742,0.198257648107825,0.342772760516354,0.404293977017621,0.269546852051772,0.266900928937149,0.249182136450349,0.214455997406153,0.343709046386427,0.439677297241144,0.192661903225625,0.258885814545194,0.283562437203813,0.297810103807189,0.381882994373824,0.388019457997617,0.114079377105351,1,0.0184337739301238,0.297847630681217,0.346504551751475,0.400064745090174,0.371214022177391,0.390153668397813,0.297010719121175,0.332564231745536,0.385996724034934,0.0766065060892913,0.061124729519099,0.0118040255068961,0.118598858000496,0.239012494644451,0.328437399030651,0.229971024121616,0.152740152677568,0.313743204114186,0.130166687044128,0.26542098335153,0.0402343008364134,0.0338991509587742,0.0985956407786612,0.42558614140843,0.336270586887081,0.0243571818656727,0.282181350118946,0.23021896530634,0.27443442757944,0.325196211017907,0.173021647587099,0.31775313427616,0.39059011463726,0.313963885794826,0.295123648606364,0.366831703521587,0.346502888159296,0.225788108048263,0.256149532094644,0.0568778148880677,0.322987385801068,0.311659947368787,0.122704028212634,0.370175151044342,0.0457209159503926,0.286829378014446,0.204420914710804,0.021284537363047,0.217177839653385,0.207440592516312,0.0250780681736184,0.170572585655106,0.120504784062398,0.0982870987068399,0.311748833082726,0.290946107150197
"27",0.145579869496281,0.123601064758271,0.191471267378557,0.403526596672028,0.210179780781215,0.0764859159372656,0.547671708661528,0.0427177694803204,0.109999359079041,0.212748855271959,0.221753646054265,0.230473974244838,0.314169853195776,0.185940424517054,0.124078452932088,0.299782751445544,0.511372401610045,0.118810912112847,0.498252408346733,0.291474512862514,0.392438889247728,0.309748567241099,0.454962206810783,0.360216139884448,0.231215594393125,0.0184337739301238,1,0.296886682695734,0.244562923699981,0.24606092852034,0.398475577545924,0.262777965492573,0.325632225691617,0.207616925832092,0.260802618504343,0.0238383927953409,0.368696231367252,0.147627012402011,0.361364688979446,0.451936115319803,0.313537778676045,0.0179221875334051,0.167824237326183,0.274887038379561,0.526978539131291,0.198135799820784,0.296067421965285,0.048060674881069,0.542525436764158,0.353398233561686,0.323506069046862,0.434926662632497,0.0553224559891717,0.252064220876669,0.426075358011463,0.384083965649724,0.488591617368102,0.292388775531273,0.261148496185891,0.27319110001474,0.357933268227767,0.358626846194649,0.272917197779277,0.305798420029741,0.333439565814289,0.236125124029896,0.0107032446876372,0.528845837947433,0.194582795055662,0.365305431778445,0.221126282198933,0.318402918067342,0.29797855002601,0.138770403320633,0.178160582726136,0.137455825303103,0.212326151554345,0.124624243452008,0.163504232582093,0.249600135259933,0.214830572844866,0.287678576453657
