"","1","2","3","4","5","6","7","8","9","10","11","12","13","14","15","16","17","18","19","20","21","22","23","24","25","26","27","28","29","30","31","32","33","34","35","36","37","38","39","40","41","42","43","44","45","46","47","48","49","50","51","52","53","54","55","56","57","58","59","60","61","62","63","64","65","66","67","68","69","70","71","72","73","74","75","76","77","78","79","80","81","82"
"1",1,0.265086509585809,0.184562991685037,0.179273450785165,0.567851145758772,0.531561474777691,0.357850819982904,0.503742828765057,0.310206120330564,0.355096015754849,0.583417000343537,0.425485593347045,0.432633290432976,0.315656173045266,0.361441406993843,0.210309297131779,0.346776988273741,0.566423682423438,0.204054643168391,0.522912798365313,0.516969059211262,0.396814464119369,0.493213376366471,0.43138206177698,0.435889115222705,0.0776632414872441,0.176908384278139,0.495613587573475,0.53476386370323,0.584023044979904,0.409909907510218,0.603547092672791,0.667860276071161,0.361767561155849,0.425397043154729,0.0371952172929215,0.0923939592870546,0.000109457986655239,0.219567195016727,0.339869553736087,0.465172664430783,0.339040577107157,0.608505141881053,0.573044303044466,0.126081194185718,0.301956374701067,0.101679686228458,0.18624951459678,0.18198410360159,0.426208090901713,0.617309461443792,0.432967887269641,0.348626069926219,0.428291343466599,0.370387764603116,0.468328181164027,0.430908905498618,0.525563460842037,0.577015408348267,0.521475007385173,0.463833296638829,0.606377940630403,0.539790476261554,0.245825309785225,0.509418220803782,0.380327969330861,0.506125564769102,0.297715689828979,0.409724270113796,0.506809668428646,0.350451768804996,0.223417261994572,0.547157319707054,0.10695999931401,0.263656454378258,0.111803695665687,0.171209745359047,0.178696156522812,0.243876185900973,0.240156809318278,0.22831340148341,0.52222825426116
"2",0.265086509585809,1,0.377234184347596,0.319745041685636,0.133189960309555,0.0599452318983618,0.239107280704922,0.166182254704134,0.282563544861355,0.0755990150452139,0.0762942327180483,0.0576154078738671,0.152386022433901,0.0781170628925815,0.0457560311539636,0.129580348221368,0.0846642310545889,0.143583612316191,0.0874902452330361,0.153984862779098,0.107432843353306,0.00841203823479763,0.0941166857561166,0.00173434051916548,0.14652904382706,0.0956738725758628,0.070622480891227,0.091186677380729,0.149162849975739,0.100593770516931,0.0523138408525741,0.156638938640858,0.302431370077525,0.0594596565183918,0.0447663182927699,0.175170354053065,0.27897895866216,0.0114560781404543,0.0937266724749727,0.00222660948459651,0.0463983605021641,0.0892955097668992,0.1627026148745,0.12956128906483,0.0369491062371586,0.0726191643974516,0.128192705287997,0.348767562059324,0.175930508714175,0.0200842808920281,0.147008732040385,0.0334995476429396,0.0811191607984895,0.282108891534383,0.401306203693951,0.0256577055010723,0.0883756454533377,0.110354644278083,0.111030348567346,0.0762024577936282,0.0730334003851843,0.172016713977174,0.0729695408450207,0.179177129543274,0.0363494192263984,0.000858373941960504,0.202230256590219,0.109384115592876,0.0625527446936925,0.0471733829152838,0.0162890828498101,0.158954979325121,0.322229544023479,0.140000072024229,0.174170097398119,0.0159399691089753,0.123617288471888,0.173623986826895,0.35410921533934,0.0762279313121952,0.127487207609803,0.165457403300119
"3",0.184562991685037,0.377234184347596,1,0.615913223991538,0.0605277401813877,0.117253840177799,0.27477896820753,0.212493794834869,0.158238126391756,0.174678561029162,0.0372539566231685,0.00388827344461167,0.0309251373384163,0.0666017472255051,0.16614970623928,0.272093186523184,0.162024280162719,0.0205290950323392,0.264434073680849,0.272029995736876,0.230805427540562,0.0685579262653875,0.0395926516252268,0.0192548241892333,0.136983369444419,0.104349729628638,0.0377920048956652,0.0234394723531137,0.0354732552099532,0.00514329437828894,0.114421386497796,0.0459974345485864,0.366874750293427,0.121567541414934,0.132519091862644,0.216277179885495,0.469408400714567,0.100084864416962,0.265134207679374,0.0505842440537428,0.00889876740908766,0.150696711236417,0.0687688334699505,0.160022484204555,0.0734892620017277,0.123220271519366,0.178803799818874,0.482610856784899,0.101275550551583,0.0976552132295836,0.126940821977633,0.127011280623865,0.299950054825331,0.414490179863152,0.514386696251137,0.173463094679045,0.00687744214165821,0.0886037984387145,0.0637382008572782,0.0114378381071028,0.02148065674893,0.161160171303389,0.0479341397520871,0.318185095066769,0.196948531202326,0.115547060275817,0.0227213562427569,0.223204373874234,0.145535063230897,0.0680603862915758,0.175467416318956,0.278780263723777,0.15980835191566,0.154563540229938,0.469541128903299,0.0511271073739682,0.306460759031521,0.274665835961543,0.603846047155906,0.0863599236016133,0.182808997294827,0.25619762118512
"4",0.179273450785165,0.319745041685636,0.615913223991538,1,0.0604619809452416,0.107407363002423,0.00425355007589834,0.255726499050328,0.00373076263762915,0.117179539538678,0.123721984116845,0.209163246477413,0.119423014000735,0.211068444249225,0.273765955523895,0.300834939703379,0.363739558040438,0.115029009580427,0.488255315361135,0.138108479122936,0.100814729190511,0.271949328737818,0.199545821297555,0.178869166710181,0.0151295527430378,0.328310764235984,0.190996642931713,0.203086395242393,0.155432114194574,0.156111406186293,0.270120919312269,0.0852911151084075,0.283254416127425,0.315572264451534,0.193367535474201,0.306446287582738,0.46269436004299,0.0324034128523379,0.389659195527918,0.195246676324041,0.159221188316141,0.230813985933008,0.0302329288978986,0.00779290118783681,0.168404597732967,0.350170406299586,0.229747194116958,0.516079346834809,0.315641129680568,0.294862399984131,0.0429452322510914,0.161541240447344,0.423559683052641,0.521188370930357,0.529842568011564,0.289803554929167,0.181899215638633,0.183283345029254,0.124583471156047,0.171370137159156,0.160318642940278,0.00894933014189455,0.126704947595674,0.50509783561987,0.282138168461909,0.276723492333159,0.0542836712557596,0.406374443406665,0.280106736110874,0.20422759864472,0.271104901583758,0.464943837091358,0.108492933798397,0.0791494869758487,0.443017976306595,0.103494795059719,0.203580995559115,0.486613376220335,0.693761519540222,0.0288279239827075,0.0169463621477588,0.0179971780159876
"5",0.567851145758772,0.133189960309555,0.0605277401813877,0.0604619809452416,1,0.789366634567082,0.542511959453954,0.491113147254711,0.444252744566566,0.349376568601701,0.848828407589224,0.70617618525486,0.70485150055969,0.668236406366886,0.724149887383745,0.537942387193798,0.776907847394175,0.876426876848942,0.618986328755201,0.717666494878786,0.67487675840648,0.731491000533899,0.77911740299709,0.751189647021357,0.669618912374094,0.360492153814634,0.330449776075186,0.814894477248362,0.798283010433786,0.833442636375867,0.772953000073545,0.831531667675905,0.742244705798617,0.728539346018501,0.432372684326224,0.172477637638129,0.178305698963266,0.289802230517229,0.585947162728067,0.640096559684885,0.35066961718309,0.0566483504723136,0.673664392180836,0.791986502655711,0.29016182265845,0.613775332667325,0.0321063450037077,0.0241406606367435,0.0389388353806035,0.80104278852743,0.833910744486605,0.515554862593432,0.693153285552342,0.148710588529655,0.227930882152504,0.80212954470192,0.697240170912461,0.802559391763951,0.836666502432613,0.828049254645168,0.810856544910021,0.847326572214097,0.812259450909861,0.612847464615834,0.779364898512697,0.747985717044776,0.71673619297928,0.699227879498882,0.727105998789743,0.808737104067638,0.657739579664356,0.654047062518089,0.615389010845183,0.133799217343691,0.572071238114252,0.220660423125796,0.0911171757532718,0.54726047747923,0.015653430283669,0.331757998715961,0.589881638902332,0.774565534882831
"6",0.531561474777691,0.0599452318983618,0.117253840177799,0.107407363002423,0.789366634567082,1,0.442118527139658,0.442699883541843,0.334988273254263,0.363770921007934,0.825582753631038,0.686344449964519,0.641126648814701,0.633437836392708,0.700308177761269,0.538953157555729,0.746293549128845,0.856500254586349,0.579108734320129,0.68454418612589,0.610662918359114,0.701612068381936,0.721751405295603,0.731334704628724,0.626843528845693,0.354932091781218,0.283404549034973,0.784783727844986,0.74865367630671,0.79716341380835,0.74971300035461,0.81180353300756,0.646202211390441,0.697152220217182,0.42915553017793,0.177181971507265,0.192794556244182,0.235207123590793,0.573129644013621,0.587480189406415,0.327621072500653,0.128579493249327,0.68299964144187,0.720027711662733,0.161163431436882,0.590804462099422,0.0872138951154087,0.12142815159222,0.0350490074368814,0.759360120706382,0.749841385572767,0.614409124843904,0.706031130458878,0.105418333726793,0.16976810782106,0.80009711585596,0.653809185280788,0.766285279145094,0.787589955286175,0.817697118361312,0.756657135243331,0.794956815387666,0.789709664092797,0.605283870998445,0.732778502253983,0.752199392852824,0.71204688648953,0.64134832829229,0.710499539960269,0.76171879323161,0.658816182743534,0.673575495146476,0.540307360119317,0.0743165102339621,0.633759829199711,0.190188642686475,0.0471495095569271,0.531726575618964,0.071629837447792,0.32788775798177,0.471138522076842,0.709707593981228
"7",0.357850819982904,0.239107280704922,0.27477896820753,0.00425355007589834,0.542511959453954,0.442118527139658,1,0.187681265531569,0.515278171457308,0.020547682327471,0.517104531062001,0.62407301511629,0.5551172161179,0.572136036379793,0.530389919212577,0.312125540323781,0.594959228963868,0.650367211954335,0.558621758968233,0.483198531923309,0.486359533917061,0.650330197888299,0.678063729289887,0.589034063953658,0.650704093888535,0.455967439170054,0.21859007683407,0.674245188498422,0.624249748081352,0.567565175105143,0.583561535563943,0.596256915436711,0.528842332824305,0.611249737601781,0.141317159173782,0.143231896583015,0.0366114428405484,0.247885053459365,0.483887447868496,0.5472088767654,0.0997288613066295,0.319644266801612,0.269223505681253,0.580987765011205,0.301718341422818,0.561748720868278,0.00828376357612253,0.0903068311214694,0.21607364466819,0.638323984559249,0.589304505556391,0.285753236548356,0.50549967838558,0.0188360448657202,0.245618484786163,0.560884005784672,0.592469947057054,0.530460118486933,0.631592737334813,0.620816327976909,0.65527526411154,0.615314282803606,0.647109998279933,0.443303780519098,0.469517113073133,0.600987674830884,0.575682750730885,0.535703645860636,0.455728171080895,0.614897153601436,0.540759922048692,0.534237809811431,0.441326642268658,0.403870602484784,0.336452973259711,0.155410244802307,0.101075922909138,0.51088492985743,0.0212276883094957,0.324578352692021,0.553879874702346,0.657597184010353
"8",0.503742828765057,0.166182254704134,0.212493794834869,0.255726499050328,0.491113147254711,0.442699883541843,0.187681265531569,1,0.126510848102764,0.350277806793207,0.558778821214113,0.324831561528693,0.357678309285555,0.250454471267332,0.234934711609854,0.136287581953294,0.2787453597143,0.465049653574193,0.0889841587786593,0.525642016149822,0.484718561498689,0.303266862818384,0.345591175132477,0.31864568236072,0.330217672390599,0.0239590410685287,0.129855699405639,0.385120260052768,0.390461222509561,0.497857143530343,0.336205164006913,0.493073232334699,0.593706066090692,0.200712752080832,0.514099168657859,0.0440601130158196,0.12396944408834,0.073039644983156,0.101419711785945,0.200874502221017,0.437770609487599,0.344403788329521,0.543524174363065,0.488226233261381,0.0814581490224467,0.207981882854495,0.0470361214214975,0.156651672967408,0.237320680527762,0.327339482129912,0.557235748579891,0.367259947722642,0.247611592055521,0.438542075861338,0.239526148982545,0.397923188416348,0.276859924597973,0.412322801413877,0.495376007875196,0.42487694639504,0.396413632346819,0.542780054875,0.421888295028132,0.164043803987965,0.392657465288384,0.288724806091016,0.356197198176044,0.224128715639956,0.32523488488594,0.430808020637974,0.193505712383828,0.131717236679828,0.410616170429281,0.110281503022448,0.165705256335326,0.0145122141155194,0.0586744784880998,0.00190839885963634,0.324591493609627,0.184155471704831,0.152759396441513,0.460590581770105
"9",0.310206120330564,0.282563544861355,0.158238126391756,0.00373076263762915,0.444252744566566,0.334988273254263,0.515278171457308,0.126510848102764,1,0.00194135341480504,0.368996073237704,0.422234902088058,0.444383765273308,0.494845823774671,0.372905664726906,0.135730663636867,0.393027698022158,0.511472353824033,0.462857695382372,0.265044506277897,0.316442753297051,0.425842819622237,0.476876977967732,0.37402342223595,0.46230716897247,0.241892063802111,0.134010570157624,0.48971226444616,0.510678919009133,0.441996323281542,0.47847049071524,0.439341823101206,0.420232682334371,0.433265816464172,0.0125935321310467,0.117781082901502,0.0282403585799437,0.0680816614006895,0.311807938155164,0.316276508804382,0.103509072424551,0.132039893571343,0.276138611175944,0.383399296785066,0.294706284075178,0.337602675415103,0.00541189974457448,0.176063783363972,0.0417249407577899,0.466737232293731,0.473660919506339,0.279681384401852,0.385583597949609,0.0228019992633154,0.203018130634261,0.371782591342028,0.483741782191774,0.482324906445004,0.447606717962474,0.442936739708292,0.486188027000905,0.473638178046672,0.47412102432004,0.269731102134972,0.37508914833406,0.408234383317189,0.509455544649701,0.336494572890459,0.297494343129075,0.454628592780145,0.427834402762133,0.318797740057716,0.517652646020398,0.292285778644307,0.243726798570557,0.294927436365478,0.0564088860829984,0.323533371826163,0.0239165228485585,0.283012174892273,0.397467253592554,0.431759636063813
"10",0.355096015754849,0.0755990150452139,0.174678561029162,0.117179539538678,0.349376568601701,0.363770921007934,0.020547682327471,0.350277806793207,0.00194135341480504,1,0.402702135273154,0.220394942484281,0.294008162345353,0.203263900408021,0.254858814683934,0.0924967869009834,0.212819079702206,0.324764905694398,0.124519614076134,0.327556051995099,0.332817538433228,0.178013264405439,0.260457149486354,0.180602402908159,0.104579440805149,0.0229026190393459,0.223315065461336,0.237550700875477,0.320942612585495,0.362286050165906,0.243227431470857,0.386474728672047,0.343507398836132,0.126611459907125,0.405094081099622,0.00789627685867181,0.0508758733856498,0.00121432096813948,0.072177029613769,0.170484734146565,0.370405506473098,0.441935742234863,0.357918124407649,0.292904599990682,0.0932893597840769,0.151655566874942,0.0921268001565465,0.0219659447606344,0.34350111299569,0.216984432036065,0.321620458090668,0.27366849160866,0.199731903326052,0.287737274661969,0.0304780569590795,0.311229987351544,0.264181056351779,0.374697611267748,0.294654786141512,0.302215602997143,0.216676481257381,0.336289452461669,0.264020152039198,0.196467344832658,0.365381406743834,0.207988933819201,0.278764683752053,0.170306822373406,0.29796477219964,0.302031766563346,0.186528932623217,0.156670076866975,0.336785332435557,0.239551521347197,0.280574965267607,0.0686632304241357,0.155268314207368,0.0594209953958754,0.00174862286438453,0.00615363550439871,2.49715141731092e-05,0.200094285982486
"11",0.583417000343537,0.0762942327180483,0.0372539566231685,0.123721984116845,0.848828407589224,0.825582753631038,0.517104531062001,0.558778821214113,0.368996073237704,0.402702135273154,1,0.738837258543938,0.721203060902483,0.692281854736715,0.738913930989985,0.524883728344253,0.811271957847876,0.892361474659228,0.636721373505374,0.725236266507458,0.709476209805336,0.77495198536429,0.802317594810533,0.790426225356929,0.656193789769425,0.384915537586335,0.363219487905401,0.854200886446886,0.805841399901821,0.858765316608818,0.795259446700342,0.849144178059465,0.717940449212573,0.740208735103961,0.445336206232267,0.221492957128112,0.189193923764219,0.287783110012443,0.602424021749397,0.671891884233169,0.403229935458873,0.0941238800339578,0.696119287238123,0.798457109897079,0.215259030391872,0.66176052716241,0.0602803348436018,0.0854947189556519,0.0351665700722579,0.838588475570667,0.831600747858437,0.626501071203937,0.74107711798695,0.136807129656569,0.193802637933993,0.858487777968042,0.720743440041915,0.816829989017909,0.862302861630419,0.859518238509141,0.831545896182761,0.871407002696674,0.839061524426895,0.664840211304909,0.803365146211765,0.794189559163638,0.696171727969576,0.740123774897893,0.731528451407074,0.841130284893084,0.664404458730189,0.699690658096078,0.578003656387047,0.0858336431736431,0.665517874899033,0.243148803848503,0.0449918155630705,0.582168980886159,0.0468854280147563,0.31460756561907,0.546825925613673,0.781393731593974
"12",0.425485593347045,0.0576154078738671,0.00388827344461167,0.209163246477413,0.70617618525486,0.686344449964519,0.62407301511629,0.324831561528693,0.422234902088058,0.220394942484281,0.738837258543938,1,0.706000903557779,0.699564351571274,0.744151707243452,0.534776287249802,0.81125846952405,0.80069211308711,0.688331665766187,0.613075666470247,0.554667739159626,0.805228205320289,0.819925363601423,0.753241914954835,0.680147019821422,0.510243435826651,0.355147342299416,0.817883174951258,0.777773887717606,0.755394639422842,0.790874020932423,0.740603094995277,0.55387453541312,0.755105930478857,0.274081514721834,0.195013990780042,0.223285105969837,0.306704565022351,0.640558253817039,0.668164573884713,0.259579073388768,0.249945420807923,0.452755475976525,0.711051008009817,0.371565890052404,0.732652426027757,0.0215905241270501,0.153619833227802,0.206028700765611,0.825795895737048,0.743363925863443,0.495069658111209,0.724778402869484,0.0531729119331633,0.0523464213953246,0.775805758700972,0.714447207712149,0.721406689550508,0.809335230113233,0.797257651409951,0.809894894009901,0.760626487751692,0.780987802881594,0.697592241754459,0.692379387222852,0.776376513162351,0.655960527667126,0.774675211793358,0.651212478655578,0.795115400556193,0.674479020011578,0.717103841416167,0.484235471817869,0.254383940722441,0.611035586516259,0.154448326412944,0.00900953949776037,0.641239998801032,0.181880624697705,0.319130246103135,0.566700856967807,0.738337038797062
"13",0.432633290432976,0.152386022433901,0.0309251373384163,0.119423014000735,0.70485150055969,0.641126648814701,0.5551172161179,0.357678309285555,0.444383765273308,0.294008162345353,0.721203060902483,0.706000903557779,1,0.665743949259271,0.659629151960814,0.470925036912671,0.748483718893951,0.803039526156157,0.66838677520566,0.624539279057863,0.568711258916167,0.719205048660152,0.784068531622068,0.669155471663255,0.610877441707732,0.362080681542599,0.267052390041497,0.774863994240149,0.760237307327389,0.733223469186565,0.777762011582508,0.731948436048854,0.611421438164163,0.660642145330236,0.307229768067731,0.182123968479511,0.141872042220075,0.315052812341751,0.569073273735143,0.624473405807225,0.223910925305907,0.0756141441220327,0.483244410305626,0.686659675681459,0.303163843666423,0.634548445755714,0.00117933329096101,0.083801639659146,0.126857047300052,0.755272173040449,0.719955500028329,0.441464275152257,0.660481246154933,0.0676148893731821,0.144896003987583,0.733109908650443,0.730088285592746,0.724476966455853,0.74647754239398,0.747040868252635,0.757306822502674,0.768425158479288,0.752258534383859,0.626229102330681,0.695725961085775,0.732130124643862,0.668452510037345,0.681738843308568,0.628171134222842,0.767765480427385,0.648941566470875,0.641952386093173,0.515667810903544,0.193837021377104,0.51993305625474,0.142596829270854,0.0128118308150405,0.521140538775659,0.0596505898221009,0.360284597768888,0.596017172508835,0.693419247750625
"14",0.315656173045266,0.0781170628925815,0.0666017472255051,0.211068444249225,0.668236406366886,0.633437836392708,0.572136036379793,0.250454471267332,0.494845823774671,0.203263900408021,0.692281854736715,0.699564351571274,0.665743949259271,1,0.694631329697499,0.564129810693978,0.804480765901759,0.803066728256794,0.747367228603106,0.538506895623843,0.581259106226116,0.780891863754681,0.797255243842343,0.739288957079074,0.593355624319281,0.572938152551246,0.40545308505774,0.816689867479427,0.786452649320385,0.742613801487091,0.831111230179432,0.740107945124559,0.524632227725179,0.747013817786033,0.152472052729235,0.217731390066838,0.24827697365527,0.220066197001743,0.593148944103277,0.649198706297043,0.200173466322034,0.198223867762508,0.381609576282892,0.644999281074513,0.4709153979292,0.669115307169782,0.184384705294316,0.135466766603895,0.184783007060896,0.804726563446606,0.669098359222908,0.486539096211231,0.689193514532353,0.111429092336193,0.0729125012336939,0.725597014425567,0.695822680459848,0.775966866409942,0.757493620994409,0.755750461053728,0.766758205847402,0.714473981638775,0.781506405418101,0.691682691239142,0.701930742838844,0.746666205108971,0.65004904855582,0.751464269668426,0.585209032230363,0.752114087852867,0.71611254619867,0.721022094279061,0.533017566342731,0.257994755096841,0.560989710278648,0.325372135858503,0.052994116800958,0.665697893610349,0.153467682101224,0.314168758664657,0.644506338572028,0.657208262130002
"15",0.361441406993843,0.0457560311539636,0.16614970623928,0.273765955523895,0.724149887383745,0.700308177761269,0.530389919212577,0.234934711609854,0.372905664726906,0.254858814683934,0.738913930989985,0.744151707243452,0.659629151960814,0.694631329697499,1,0.611561030239947,0.839041906623047,0.785121879995808,0.741468541215319,0.538308231744346,0.583451559735117,0.781129178302877,0.776430241092822,0.712094815526235,0.618622507186869,0.458483109715624,0.345110379599294,0.790582067476131,0.737618838545973,0.744205986637126,0.786470199263738,0.716683260665288,0.488124390931306,0.787766676368342,0.246777773600077,0.221994993872475,0.364695011768699,0.328343244239009,0.720621527709898,0.686349529456642,0.217970072038211,0.160496335713127,0.485006175453939,0.661082852111888,0.373176887337877,0.679609218371043,0.0940807365303415,0.251985165344923,0.225658353590362,0.832050989558117,0.6866094090935,0.485614909044675,0.742930297334962,0.132332943384422,0.00983772185385391,0.804455731532719,0.723083420869518,0.7518559394057,0.738424394532909,0.76604483669811,0.774740380431701,0.688856514503733,0.749954130449958,0.761604948465735,0.752684046445764,0.796189475441803,0.604324937540707,0.776181092164017,0.667364374086159,0.771557949152316,0.720579846392952,0.788173798701926,0.442905743789548,0.1144791115365,0.68851604819441,0.214743870699514,0.0425460566952715,0.716053838052293,0.285982412056466,0.295834432874917,0.589670691693658,0.651759814308542
"16",0.210309297131779,0.129580348221368,0.272093186523184,0.300834939703379,0.537942387193798,0.538953157555729,0.312125540323781,0.136287581953294,0.135730663636867,0.0924967869009834,0.524883728344253,0.534776287249802,0.470925036912671,0.564129810693978,0.611561030239947,1,0.673903459415062,0.581340531774397,0.557540357885024,0.371056181309134,0.3509217150181,0.629458776621298,0.591314261361083,0.620237602626754,0.410127288599007,0.484499072464065,0.24073973716017,0.610324098452971,0.556213820208638,0.573194327771029,0.63527947265323,0.528726597737167,0.264328061900714,0.639858677308826,0.133512334162066,0.230511473425188,0.344102749661991,0.174404533147055,0.595122187155472,0.52355793533018,0.123706903743352,0.168604577098394,0.338579272430423,0.444550917469633,0.356343164065572,0.585278142224391,0.0896738938230833,0.296210137608839,0.2501298263475,0.653693544262727,0.466036893678391,0.407683835864009,0.618753012946534,0.196845758110788,0.14124347853238,0.611049309362137,0.493311151144157,0.584375743599277,0.562685865060755,0.581594868906854,0.579643852162594,0.460355821254141,0.545579269438116,0.665778898089866,0.574053910208911,0.601439949900435,0.447144292570126,0.668051817839696,0.484098744993802,0.585355950232049,0.565937528452185,0.653336546823745,0.22611204204415,0.143093792358264,0.570616841171344,0.153634937296996,0.011207974557658,0.608832959086551,0.264878071755362,0.285418563433479,0.403592955849125,0.443782805783849
"17",0.346776988273741,0.0846642310545889,0.162024280162719,0.363739558040438,0.776907847394175,0.746293549128845,0.594959228963868,0.2787453597143,0.393027698022158,0.212819079702206,0.811271957847876,0.81125846952405,0.748483718893951,0.804480765901759,0.839041906623047,0.673903459415062,1,0.882843960915637,0.864883529064791,0.610253203384097,0.59044111532684,0.903935937403502,0.880956083988372,0.832323327820783,0.664496012670653,0.584452473849485,0.38428844845152,0.905872849291984,0.831945176984311,0.812333867048514,0.912278126799578,0.7958970026988,0.52722555617726,0.8963519023115,0.227341882687416,0.301814432944333,0.38820338107793,0.381498485402734,0.823503323534651,0.772925186404896,0.194071736268164,0.260878458709029,0.504226143319686,0.733822760277313,0.368231243205508,0.79768312616747,0.135402698523553,0.304119275257883,0.321597875107433,0.939337981856028,0.748567442816965,0.553277273205927,0.868122714237361,0.209792663239853,0.0429203726346021,0.896175685301794,0.79036177329566,0.813458095456473,0.837049870573582,0.840816592847154,0.898272481118821,0.768471828489114,0.851744335404433,0.866462997254153,0.79747612746142,0.891452557358676,0.6672329920402,0.890378925263949,0.760171645628552,0.877455097176846,0.805965758146478,0.893701614287389,0.450037244816792,0.262454038582461,0.739106620031207,0.235794511743117,0.0107312667328439,0.818062348372285,0.32523892729602,0.345133148785428,0.677186910568195,0.745148953468237
"18",0.566423682423438,0.143583612316191,0.0205290950323392,0.115029009580427,0.876426876848942,0.856500254586349,0.650367211954335,0.465049653574193,0.511472353824033,0.324764905694398,0.892361474659228,0.80069211308711,0.803039526156157,0.803066728256794,0.785121879995808,0.581340531774397,0.882843960915637,1,0.731349269118434,0.754076320373047,0.713449737516699,0.862034772903293,0.887200736107787,0.848040070785085,0.750763670371384,0.485087308767745,0.344411531974821,0.929982113143139,0.902529867319288,0.905360825930227,0.88405327740183,0.912452799175634,0.757259822809582,0.827996382018985,0.402327960756172,0.226407547131069,0.162040431979673,0.295789022831746,0.666896463301075,0.724635911886785,0.328786898969926,0.0241388660516457,0.654949107213281,0.830952419445052,0.331488978888593,0.735093915587113,0.0919820259129039,0.068914030800529,0.111396381135323,0.900778306075505,0.876511930297318,0.603104941593463,0.796584713305977,0.0868549767947293,0.217252124526041,0.875065189450966,0.800848162405428,0.903982632607439,0.91960350703091,0.906853243129953,0.906453199389845,0.915766734438867,0.912899424398707,0.716572954036359,0.826472826692703,0.859800550728191,0.811575451020037,0.783387201696432,0.755412892235939,0.891397510417395,0.757278498466397,0.77098851060041,0.639748727301042,0.251483378718676,0.645176112141702,0.250900072920041,0.0582230132362931,0.647749789516549,0.0467047815414232,0.409327533085117,0.650702561100899,0.843780418374931
"19",0.204054643168391,0.0874902452330361,0.264434073680849,0.488255315361135,0.618986328755201,0.579108734320129,0.558621758968233,0.0889841587786593,0.462857695382372,0.124519614076134,0.636721373505374,0.688331665766187,0.66838677520566,0.747367228603106,0.741468541215319,0.557540357885024,0.864883529064791,0.731349269118434,1,0.413696483440446,0.444420190565249,0.801703905363321,0.789887299309296,0.690056686354551,0.541218514220588,0.53257713710661,0.355624565172034,0.793004977366258,0.72939084803504,0.656376674125269,0.82528037103375,0.630834581215702,0.332437262003382,0.802457087406386,0.00302918969965495,0.335072808590539,0.414177341946453,0.271856082766474,0.816227443827506,0.700157994902487,0.0664572588882754,0.278952197001273,0.354075294474735,0.571954020089139,0.441111015896277,0.714856013462573,0.177282768719602,0.333056635694359,0.36673260688922,0.84061774605247,0.604973359024987,0.428081546922871,0.820391710978246,0.371667949456726,0.137316161977141,0.781306065947917,0.762156140153303,0.71059070016724,0.687016126217403,0.710141780637771,0.770499930416405,0.616670704492313,0.741968877640137,0.8360409133912,0.715447410647825,0.803729787892642,0.574342468123736,0.799453738620939,0.668675980487691,0.770649475470083,0.791116224618107,0.855839218760925,0.356573939333525,0.28496617253177,0.692545738039566,0.25158434056003,0.046421071660698,0.829710553673797,0.44793536916516,0.308489019385167,0.604896590136311,0.556839043137143
"20",0.522912798365313,0.153984862779098,0.272029995736876,0.138108479122936,0.717666494878786,0.68454418612589,0.483198531923309,0.525642016149822,0.265044506277897,0.327556051995099,0.725236266507458,0.613075666470247,0.624539279057863,0.538506895623843,0.538308231744346,0.371056181309134,0.610253203384097,0.754076320373047,0.413696483440446,1,0.736437108850302,0.598196755171442,0.700076677117999,0.651521382006576,0.560438132200272,0.211468463568602,0.317939796912038,0.701929768757278,0.684742319305457,0.700622921125529,0.6009365837542,0.770570807222762,0.76608356487216,0.548019407181976,0.582952936203406,0.0652347570621256,0.0527026819575138,0.409201194666477,0.390922193845229,0.56323235382893,0.386700046962845,0.127989827801576,0.531561627554203,0.739684587992082,0.184893612429704,0.447023146443775,0.034122227705985,0.0585021040200687,0.0948425129832352,0.629565816804332,0.771148772095859,0.422451823367416,0.454594137207279,0.37178254665447,0.32297894502378,0.635594140628501,0.625361398585588,0.679393263712233,0.73873049275924,0.680671795969091,0.71194866301445,0.800394333619151,0.719563621993955,0.440502069305758,0.621246080036074,0.612230390900778,0.593405782270682,0.522704911861374,0.596331664652797,0.658051706597352,0.480091253563357,0.464426678151073,0.548078587140469,0.0704217039436931,0.337404986131275,0.037326407217777,0.164629919127338,0.328115695327971,0.252637283974621,0.273346143151443,0.548683166880752,0.732711223442769
"21",0.516969059211262,0.107432843353306,0.230805427540562,0.100814729190511,0.67487675840648,0.610662918359114,0.486359533917061,0.484718561498689,0.316442753297051,0.332817538433228,0.709476209805336,0.554667739159626,0.568711258916167,0.581259106226116,0.583451559735117,0.3509217150181,0.59044111532684,0.713449737516699,0.444420190565249,0.736437108850302,1,0.598642265857215,0.699265412548658,0.611718534787443,0.524220924826226,0.285337195567213,0.319252989633982,0.666104390179468,0.676985885801859,0.709192246194384,0.627326960041477,0.729570012862281,0.709190077761316,0.551165668784655,0.409478839257964,0.0469102217562933,0.0128639011903134,0.28744525110824,0.390175168132796,0.616159890260674,0.381364043988597,0.100175646179047,0.518975600232093,0.716757717128182,0.284173463948704,0.498366345191211,0.115949981727353,0.0910859097827918,0.0647820301694472,0.651832032274469,0.702123894464355,0.487740183629128,0.446221233755602,0.267894543478092,0.320393928546744,0.589948570653475,0.641064007181117,0.687706375436294,0.720308688082932,0.674597150557597,0.685873658566671,0.765556446210925,0.713757443059088,0.464947549351551,0.628997384475566,0.591336010603033,0.573742357481939,0.543734577177145,0.515996638468766,0.632048851942856,0.539108461853625,0.495221310689298,0.559254798495651,0.0821838051928456,0.397640809838672,0.228659584422065,0.127575530522249,0.428758913837705,0.193131588146441,0.214729946666036,0.519136560930774,0.661668086781993
"22",0.396814464119369,0.00841203823479763,0.0685579262653875,0.271949328737818,0.731491000533899,0.701612068381936,0.650330197888299,0.303266862818384,0.425842819622237,0.178013264405439,0.77495198536429,0.805228205320289,0.719205048660152,0.780891863754681,0.781129178302877,0.629458776621298,0.903935937403502,0.862034772903293,0.801703905363321,0.598196755171442,0.598642265857215,1,0.883610454718969,0.820531830131756,0.694693241675708,0.646053224082356,0.392783075776431,0.903909484497554,0.844696389468728,0.806349202136933,0.865837697051134,0.79243752111923,0.557382917016983,0.854641459369934,0.2303954839269,0.291194494228814,0.2430720688957,0.307002353274317,0.758193210920128,0.769742471483921,0.231058705229422,0.268546205486507,0.507979522320115,0.742808304436043,0.418355002139014,0.816113734970526,0.0869732109892422,0.238921548028958,0.354019332619842,0.92009961649973,0.731634662139176,0.527372367229136,0.849887443479605,0.16247340757975,0.0509535783289579,0.865366851942476,0.786235400120999,0.779721416375806,0.857663015345827,0.840177860573519,0.868942967796253,0.770569210497088,0.865281739088811,0.823802037929392,0.775006595093343,0.859081613941865,0.686674178190977,0.848084683850835,0.725915623067165,0.8285949289392,0.760879751461674,0.849192690557696,0.448527079655459,0.381514907920315,0.674967747373551,0.204285791318167,0.0801702144566572,0.772372529370914,0.249279506452644,0.395963271444751,0.641692119534273,0.749663091515169
"23",0.493213376366471,0.0941166857561166,0.0395926516252268,0.199545821297555,0.77911740299709,0.721751405295603,0.678063729289887,0.345591175132477,0.476876977967732,0.260457149486354,0.802317594810533,0.819925363601423,0.784068531622068,0.797255243842343,0.776430241092822,0.591314261361083,0.880956083988372,0.887200736107787,0.789887299309296,0.700076677117999,0.699265412548658,0.883610454718969,1,0.812316621043512,0.717826699265779,0.546225433000843,0.395772505044267,0.906868339388907,0.889123721211991,0.851288883544015,0.87722451822117,0.853516233083251,0.675954347119909,0.813614366157261,0.295336202879082,0.197373845263753,0.203725078310811,0.318399127362438,0.703527951666229,0.763258452292827,0.291434841670104,0.171481864878596,0.531405447701548,0.803222227051459,0.438014685500636,0.768146776059503,0.0851524966242106,0.115703440228957,0.205129282927856,0.900059095716879,0.796319448189116,0.531197812998708,0.781009360489129,0.015314250258629,0.159772108435947,0.844629408899548,0.824827204584926,0.825591625057353,0.884850638642457,0.870285993063375,0.871663846686248,0.848558521726459,0.891415812767876,0.770507758775371,0.8090969633679,0.844922403702921,0.727766351955122,0.813259719532333,0.702016887142605,0.860741934703649,0.753618260093346,0.77838697863773,0.545331305798505,0.313211111843864,0.631686277628621,0.203229933121399,0.0915668578371355,0.712715595666296,0.127496791326031,0.348641449684916,0.642261275574792,0.786287778689615
"24",0.43138206177698,0.00173434051916548,0.0192548241892333,0.178869166710181,0.751189647021357,0.731334704628724,0.589034063953658,0.31864568236072,0.37402342223595,0.180602402908159,0.790426225356929,0.753241914954835,0.669155471663255,0.739288957079074,0.712094815526235,0.620237602626754,0.832323327820783,0.848040070785085,0.690056686354551,0.651521382006576,0.611718534787443,0.820531830131756,0.812316621043512,1,0.659966757721779,0.590423566980531,0.339017858864656,0.831849001533476,0.778091954103098,0.773732955102487,0.791518583991634,0.814243037791174,0.601732457429777,0.783844769605962,0.307622361664019,0.253560374573044,0.202718790258465,0.296298439823567,0.629529216583159,0.664718437982239,0.216922220562898,0.171175602010554,0.492546305756889,0.716495962360051,0.358641361248686,0.713940541612391,0.1292292603522,0.169853259269416,0.216954965870416,0.842803153030123,0.746008280519358,0.557440059723575,0.731351610466697,0.0336853601625153,0.155556727968226,0.7758746765215,0.702277556454564,0.754274163202846,0.834822604926718,0.794895760954995,0.843618387396509,0.798980525943817,0.837996546639392,0.690598238135343,0.717671055130894,0.814527738897675,0.683266359876315,0.762144243903868,0.691857597853129,0.782331071893216,0.693132732010034,0.744909872614859,0.473034635294214,0.277708585681444,0.592907092858548,0.212277262725657,0.0912075076100091,0.640978630654377,0.128721367599216,0.356807313205469,0.641765088798585,0.773324111957678
"25",0.435889115222705,0.14652904382706,0.136983369444419,0.0151295527430378,0.669618912374094,0.626843528845693,0.650704093888535,0.330217672390599,0.46230716897247,0.104579440805149,0.656193789769425,0.680147019821422,0.610877441707732,0.593355624319281,0.618622507186869,0.410127288599007,0.664496012670653,0.750763670371384,0.541218514220588,0.560438132200272,0.524220924826226,0.694693241675708,0.717826699265779,0.659966757721779,1,0.421554508050855,0.201765164213805,0.747637493944424,0.711046733323999,0.702172364382315,0.653455837417602,0.67879360002883,0.615334021091316,0.660767685316449,0.27880418563925,0.152031518927215,0.0500744387886648,0.189897387094654,0.522024890116447,0.568053388207723,0.208796841048945,0.177967355663216,0.457375569591486,0.675950611576108,0.315471398778939,0.608637447590362,0.0372369974572109,0.0284573536470095,0.17196517085501,0.710734698015017,0.705741825496045,0.398896342903721,0.610089990330465,0.066231030159793,0.213559799670892,0.658280627274664,0.624335536686426,0.6586840583676,0.739889657904412,0.721295989409812,0.725592149813945,0.705356009602982,0.699143711745267,0.505264302070114,0.592929281246348,0.677729197049778,0.664868163598337,0.596847465349652,0.541174874783532,0.683149137242897,0.583269453472957,0.605802007936402,0.519037916667727,0.320420166749549,0.454101177548294,0.144847298886677,0.0664009913863633,0.496944584034653,0.0108039253718602,0.397164800167063,0.490897048207212,0.712611129397446
"26",0.0776632414872441,0.0956738725758628,0.104349729628638,0.328310764235984,0.360492153814634,0.354932091781218,0.455967439170054,0.0239590410685287,0.241892063802111,0.0229026190393459,0.384915537586335,0.510243435826651,0.362080681542599,0.572938152551246,0.458483109715624,0.484499072464065,0.584452473849485,0.485087308767745,0.53257713710661,0.211468463568602,0.285337195567213,0.646053224082356,0.546225433000843,0.590423566980531,0.421554508050855,1,0.329945627733159,0.562280262689521,0.543422569538855,0.493292067494929,0.553990726581054,0.471240103181381,0.206742204302761,0.575191487996042,0.100107788216113,0.262995767902134,0.220886365425145,0.0885016217091475,0.444984692291696,0.455584593218549,0.0459325945730339,0.45611543398847,0.105871769173694,0.345391589849832,0.409048827042244,0.653989007812515,0.20599443510896,0.258598228680999,0.377391081185143,0.581773681206067,0.330146699247474,0.401247588270792,0.519789886257611,0.351547049595263,0.0965292775839443,0.46970099850721,0.395374255306988,0.455774451835132,0.539237423397018,0.547778932650447,0.523120776806026,0.390825787668848,0.529620300720592,0.584981024485601,0.420840292971089,0.537005476650773,0.448659568657772,0.625173527680108,0.368926119984554,0.436937655695418,0.431578796929169,0.59838788370052,0.167939823429255,0.396105660288785,0.411238077879822,0.314094910839513,0.00448200588557448,0.606697881390289,0.32649127350298,0.255092550471068,0.311186817146468,0.41323569491873
