"","1","2","3","4","5","6","7","8","9","10","11","12","13","14","15","16","17","18","19","20","21","22","23","24","25","26","27","28","29","30","31","32","33","34","35","36","37","38","39","40","41","42","43","44","45","46","47","48","49","50","51","52","53","54","55","56","57","58","59","60","61","62","63","64","65","66","67","68","69","70","71","72","73","74","75","76","77","78","79","80","81","82"
"1",1,0.026583560766855,0.0816419766692064,0.0599634757375572,0.217394482057156,0.0974929711434061,0.102403886178801,0.0200808831143802,0.0138397229779351,0.0937727342786791,0.169706147202055,0.145908143537005,0.143974259401075,0.174790966063923,0.114315285443604,0.046914068463386,0.169465591952443,0.147776535043933,0.126024063312406,0.145932436929483,0.0954456639352806,0.113789838456318,0.172909460471652,0.0855757463912209,0.0929529467572456,0.0974439079640697,0.125306087706069,0.245781360996537,0.137033189787259,0.174340750169327,0.191059685600455,0.165757249001647,0.142757605855897,0.0647202530316789,0.184163320773758,0.117186964349472,0.0222698160317519,0.12710294240144,0.109922188272456,0.133459998641634,0.203259428672969,0.0769859304008154,0.0580321316396155,0.101514759969459,0.0853408018767455,0.0841074239776166,0.0485591069208254,0.0180935876727206,0.138159240778796,0.10802958393799,0.13438254745609,0.103519172840167,0.0279264317881229,0.104992138405785,0.0578640510381973,0.0686899420650826,0.207807250970602,0.17176587334164,0.255827315520903,0.170473037238906,0.0830848808945956,0.192383175525439,0.255336799186266,0.0936738662307625,0.137792402794967,0.103990482860853,0.270143000254214,0.168367754379124,0.0239765008134239,0.147469833720909,0.0884788377761047,0.046676477289813,0.110885674259022,0.0307148683114523,0.00906386223941464,0.0273290651244432,0.0722113013928144,0.186117677535414,0.0673925207525359,0.203083289571349,0.0154394054061007,0.245302409877197
"2",0.026583560766855,1,0.0788472368214768,0.210983522321246,0.0112271266179768,0.00618699763807618,0.030470510038385,0.0171892371914567,0.0988525724917658,0.0979023620939762,0.0948400762719963,0.112322934744489,0.0781778818134662,0.0320504943462869,0.0392123225246275,0.020027813391058,0.143945509682309,0.149700556930921,0.0876849679943475,0.00137086684808518,0.119237632706822,0.0604230115227276,0.130530040845924,0.161324551177074,0.169950744432567,0.159909048267153,0.131119546029396,0.00398905717551147,0.164466831670199,0.112856183245646,0.0840492813838119,0.061935330609505,0.131122127244502,0.261298529330771,0.104623417279946,0.069386127005243,0.0207594148618467,0.106598152767604,0.0506101487469755,0.0534340032757114,0.0651877288796423,0.391427272117199,0.182734421981658,0.130633473785212,0.174010103715631,0.189847091839089,0.202371003141593,0.0224440871942071,0.279020349764639,0.210314951149338,0.0622396183458399,0.0293533728312227,0.141643238953894,0.00287868061486846,0.0437201155872152,0.0447408579176368,0.10164830933654,0.134702882515601,0.0779635544941669,0.0563137011028138,0.202781859076148,0.0946630975630239,0.0332338341357267,0.219546330958651,0.126834500731376,0.0764842268660726,0.0714912758987194,0.103480580564151,0.28904072285158,0.00635038443341586,0.291785380933475,0.164949632845607,0.0908568337502181,0.358695289450054,0.0479471250855943,0.0103788594863338,0.316227424584264,0.285352315790892,0.0426513140944052,0.0551100822311465,0.185918086426472,0.0363919206672795
"3",0.0816419766692064,0.0788472368214768,1,0.278404144732827,0.367981822756237,0.501431447533765,0.368532221144014,0.0590355000423787,0.191156633089456,0.287196970749216,0.405066744486855,0.241351784297773,0.428823012729627,0.286826921306183,0.38834811781042,0.297311105702716,0.40499351952087,0.424293676261048,0.41020436694779,0.454912254221638,0.427783757837444,0.445926666076554,0.455661781061525,0.335121728853998,0.0936546783666806,0.204019042831295,0.383992752344559,0.462420009052612,0.399179103615779,0.44566558406369,0.53021476317164,0.501437376875603,0.461506480580198,0.191862876054759,0.456188935609932,0.00570069652248651,0.257443321181136,0.0900468349542373,0.215936782281644,0.388079414370425,0.440449816486007,0.152991841710411,0.122698150172758,0.323573610182886,0.241952827178922,0.27908078314795,0.147580092437019,0.210099724595703,0.220315076269701,0.387262547117861,0.467963632594558,0.0702513104312041,0.0566043352511869,0.21016485500602,0.248513398421717,0.493659557523578,0.438485429202273,0.434933573479854,0.428453336064039,0.471260155191632,0.456502783357894,0.469630224226186,0.449712077824686,0.402003690826606,0.176100175266786,0.476755880750508,0.26817182485385,0.353804129623677,0.161029162054991,0.38883534436409,0.0346794812524409,0.245104124291731,0.351255469933643,0.0332331272713819,0.141040184513113,0.228093514804109,0.129865175417768,0.0709340268713524,0.331832032428892,0.325210338163847,0.133596362862634,0.379159993897483
"4",0.0599634757375572,0.210983522321246,0.278404144732827,1,0.120544267453595,0.0317473177960963,0.0808575947422779,0.375641362695375,0.067571243717725,0.0465967252928725,0.251952404172937,0.213412330816447,0.0251382792486088,0.0766932458423504,0.102260235765826,0.264862016775032,0.0312433858026635,0.0993049877279416,0.158472149652718,0.377520358299117,0.0923936057064311,0.253587395077434,0.189857335751152,0.153423336177745,0.507518770680137,0.0872022522848101,0.493400441282381,0.209819248628438,0.0194766889243473,0.174241474200137,0.2152249876157,0.0358710787740975,0.182700296143192,0.384609557741068,0.410025795859927,0.0997059702264356,0.42362213085652,0.303775614140535,0.374149656774608,0.518275748278184,0.347627333534219,0.639217947208248,0.67002970920781,0.127283913803864,0.0129434168710259,0.081006512276703,0.063657278999951,0.290242863243758,0.4981496889437,0.100879780996915,0.135858599263098,0.0870175348868858,0.447788472526539,0.195423383087974,0.210492155941264,0.205530476203351,0.110580150812553,0.0610395746914691,0.0162275247159955,0.0379198599260305,0.0296756098628126,0.0197604227081913,0.108118080460639,0.000976399101131636,0.0848491669705254,0.182021776899356,0.0699604473306741,0.0659316446621935,0.396436276230626,0.00159356670904355,0.578008652173629,0.00667148154151043,0.182062624221565,0.495634870057895,0.128206041124114,0.0968363911662064,0.0679222411939471,0.487088636193135,0.164955285478492,0.479338400860752,0.519466759186117,0.0892522535328412
"5",0.217394482057156,0.0112271266179768,0.367981822756237,0.120544267453595,1,0.507660835282145,0.252327628097307,0.118529066507851,0.231601156968438,0.411650335441169,0.487540246324824,0.624133625253747,0.56476285462797,0.488187264353307,0.557147728979481,0.240333214267439,0.669466411855929,0.701522642864168,0.490825730774217,0.491561508913838,0.506644297077064,0.553804265168505,0.558233115114516,0.622607374324084,0.456767963111618,0.393088872556731,0.217498889301267,0.598561618016718,0.642001797195423,0.610554725216857,0.594421779857897,0.696364508142661,0.562474959138545,0.461346067169314,0.392880840880184,0.072687859165644,0.151883387745011,0.213967511869572,0.317874894178793,0.286017228534176,0.363000510506688,0.158265977493026,0.212571482519814,0.539763681498764,0.407181135924569,0.524159822236898,0.371628944473941,0.240874772047887,0.0343733855431369,0.619590652371647,0.583842025261168,0.375363721243608,0.396060400285563,0.268133724656459,0.302236912545331,0.442675623843068,0.612357096029124,0.706671801651682,0.728026127629626,0.64567948128228,0.660729207783317,0.694551319207741,0.666971200920192,0.579443559348408,0.447782311833314,0.49422561028417,0.490468462601432,0.531598917207229,0.513946998281665,0.618004581420379,0.394240914165325,0.476504023769404,0.324349724436806,0.29008695391475,0.0949168526277877,0.133732060049772,0.0303245160513157,0.0418067780768562,0.434155203556059,0.186488386263071,0.388860024858883,0.683090195696113
"6",0.0974929711434061,0.00618699763807618,0.501431447533765,0.0317473177960963,0.507660835282145,1,0.343409470367984,0.21155718200871,0.255267673045673,0.359042307010789,0.488032229455024,0.463196770441177,0.526807198896852,0.380044409930879,0.45084801149673,0.309809738565498,0.552548222769864,0.540737717503991,0.386496942580918,0.469253986980937,0.455205588866033,0.430588056568286,0.428135770961181,0.4792144492909,0.309446007745494,0.33705802576832,0.200535479638538,0.546888320061865,0.488349460061968,0.457854625928516,0.519197707457914,0.596929811382372,0.47050303933815,0.366150572298532,0.407669078469286,0.0575612256714865,0.220552919051437,0.20641323618292,0.187684416482614,0.284592468504828,0.310095604786863,0.0652774266583689,0.0404122046140563,0.310041240315837,0.286651412135401,0.277128384778923,0.161765037752242,0.177504154003639,0.094399583939663,0.499695374730357,0.490784841120541,0.157542542261885,0.242023694845561,0.272839311138668,0.234548396775461,0.508095299808743,0.4903524825851,0.55388609125582,0.528579836434909,0.514722054106657,0.550518642086336,0.54198639578422,0.561356906383282,0.416726167504058,0.336483320464154,0.461547356845158,0.368409588942526,0.382081141933129,0.295315263294068,0.485383928392363,0.301869770094252,0.289582868779676,0.310541240833102,0.0855333608530368,0.112198563995453,0.136596418893809,0.0702035240097569,0.0244826926103709,0.279268772329529,0.311797652630134,0.435718768132739,0.488523473101846
"7",0.102403886178801,0.030470510038385,0.368532221144014,0.0808575947422779,0.252327628097307,0.343409470367984,1,0.168276748594369,0.321145553857296,0.176395928368205,0.300658077386863,0.309369548022611,0.239913582544089,0.0854169347636222,0.247846390762873,0.0262656415432755,0.155341392238738,0.271905043249476,0.230431935476258,0.196853200641939,0.215393262886823,0.197635645416045,0.199795854576853,0.127506626900328,0.180602580233432,0.0788181805017917,0.0543735108417639,0.297403433380329,0.226924410513355,0.222028143587509,0.373660125042782,0.294579523060972,0.216913003157189,0.143032247581978,0.201667740425552,0.00293631400414996,0.0324996184247986,0.118684568340244,0.100112054362355,0.191501342836939,0.190036869575778,0.0337978427308742,0.118868363992646,0.211586740010523,0.155287065115002,0.183131906289568,0.221308007416043,0.00632453483060982,0.114938466759718,0.309640981497891,0.423440800941515,0.267705034289249,0.151329336569555,0.174879361923157,0.256025765926492,0.443527329585281,0.252450433214383,0.253920427291156,0.29412755636989,0.374162015819017,0.361664801075941,0.290059151442205,0.350132045434433,0.326951540085287,0.251304286414019,0.182519216044196,0.363393532884159,0.223193788588884,0.105631126283267,0.223489965890629,0.198127277693386,0.151747449753815,0.404844357054026,0.00798269717909992,0.16526284264646,0.12115094874535,0.0387832462550354,0.0692790909760943,0.211687512496336,0.214864433647753,0.0115628727288641,0.329097081837608
"8",0.0200808831143802,0.0171892371914567,0.0590355000423787,0.375641362695375,0.118529066507851,0.21155718200871,0.168276748594369,1,0.0215151309864406,0.0524141962016409,0.100318487852822,0.177861421114825,0.173427367153876,0.0480197431083767,0.0295616989488358,0.00542545462705019,0.0592319299200731,0.013612667185896,0.103720045181015,0.18688987493948,0.0156432914445036,0.170509314003276,0.213244963934322,0.0803437955569709,0.31917114757757,0.0113545030241774,0.278588157539077,0.0943398877915881,0.0478447054936257,0.128176836495734,0.100967041122349,0.115379421054087,0.0370762706020824,0.122203701764182,0.133973032686622,0.108116000009321,0.252188938116418,0.399619516572152,0.278546172177506,0.370556278097364,0.195885090110962,0.137770418906547,0.377874034763737,0.134723907504361,0.072849680818952,0.131828141723039,0.114970528941602,0.336976031767328,0.0132204484646115,0.0691327683807048,0.0225220357180058,0.099606704603693,0.247462849799129,0.119464475310576,0.146878570534557,0.186615978034915,0.0506483886718909,0.0966514506982327,0.0662002338277136,0.0510692393378825,0.0948419226764626,0.0227121893614237,0.275449364215004,0.0585073478725791,0.106973363089272,0.138712594138077,0.145983776541118,0.0194572304331453,0.116170739300242,0.048717813632244,0.416556904645688,0.171713359761845,0.145752068368632,0.0888122582346217,0.239222153343101,0.136783812196638,0.242849919055024,0.277364719823709,0.183369594207656,0.147580784404252,0.48952553265867,0.0639210688732727
"9",0.0138397229779351,0.0988525724917658,0.191156633089456,0.067571243717725,0.231601156968438,0.255267673045673,0.321145553857296,0.0215151309864406,1,0.354223281929077,0.0578441647457084,0.384900674439597,0.237562330930823,0.267663844115494,0.321025488132017,0.169551920010756,0.432389614302562,0.488632338198609,0.338430098738119,0.203429574262915,0.308400560991243,0.359184057355483,0.462041550883283,0.198878566660719,0.243300829109486,0.477905926656835,0.172475406627452,0.127459747162212,0.432677477094945,0.262205943334773,0.426989386562241,0.332882850970752,0.250813315701584,0.473283343634924,0.170353171343862,0.205171490405589,0.204550284659422,0.254047980498864,0.1202804883229,0.29960441408449,0.317237651085884,0.402181704351851,0.235245234409471,0.297104239354042,0.263730990648761,0.475724761672016,0.445371305315523,0.337062391981137,0.264461639951322,0.507135374274124,0.529597204883509,0.029086610855869,0.250973436010296,0.0938831651254485,0.214644959354383,0.298958699056017,0.193106046569255,0.363244401816105,0.236506911581446,0.459284242641081,0.381090317368683,0.425310696555376,0.300562137129779,0.434663266065865,0.168611380180243,0.356079221673969,0.210987095645705,0.433346924443148,0.168029311815124,0.387386388115415,0.235904988596953,0.476385498387596,0.0707573596634346,0.298001060629549,0.0390932301251696,0.344372730508054,0.422275786533259,0.221904352145985,0.347609329583583,0.207224949026989,0.0458805280764757,0.426225556547526
"10",0.0937727342786791,0.0979023620939762,0.287196970749216,0.0465967252928725,0.411650335441169,0.359042307010789,0.176395928368205,0.0524141962016409,0.354223281929077,1,0.348974706310854,0.444091067012805,0.493470850817751,0.434524048570927,0.518447337755822,0.155492919541332,0.602822062119557,0.612779186812615,0.545819506313877,0.497424390738254,0.592289937586993,0.579155087214575,0.648077127961697,0.447573469183246,0.367038627425263,0.524187124948446,0.137160081687392,0.443803193030682,0.626032740565538,0.548043203496025,0.55449193250696,0.571247313054123,0.538447516570246,0.495121802450191,0.361427786022454,0.0833660766082391,0.353262538119987,0.0378474388392321,0.316046040436601,0.482450060378237,0.459392729762057,0.24673388251619,0.0932974079148766,0.527261481533367,0.451257960627258,0.568242241081287,0.417488640507772,0.353413072584495,0.114239552920593,0.609867978133384,0.550194617742139,0.134356696153137,0.260508594672023,0.267558353475929,0.367868020104642,0.400085707091944,0.511027367385883,0.567800205571904,0.437547646568734,0.570354483292529,0.527044270012789,0.621767019153974,0.491164614290777,0.546968884431067,0.349629346588472,0.494388200692037,0.206527050433571,0.559691612710583,0.416313944780137,0.545879294700668,0.202692843358535,0.516362055868627,0.122462871176577,0.264732136338549,0.0180178933494579,0.280770938822815,0.306210433459197,0.019001469783294,0.487499173332355,0.220391585945441,0.193169391518007,0.531217624355716
"11",0.169706147202055,0.0948400762719963,0.405066744486855,0.251952404172937,0.487540246324824,0.488032229455024,0.300658077386863,0.100318487852822,0.0578441647457084,0.348974706310854,1,0.423298577171713,0.532317640386004,0.389493869863875,0.491548408567646,0.463680814690448,0.511811612907534,0.502205384771306,0.515141283656231,0.612837565622978,0.463446719614393,0.56337025484697,0.495745737940004,0.439245601891022,0.104243182894966,0.232011368877196,0.417636568418129,0.684686492826,0.551915168105604,0.58846058499256,0.570112675129787,0.613306514990716,0.55539825658437,0.136958467639642,0.553835933801492,0.0550811807697488,0.30261030692827,0.185388743353104,0.447316742264802,0.452221508867147,0.392229730055659,0.261872608437193,0.201676603499237,0.455668996774924,0.351819186237414,0.330488173027369,0.165670464598321,0.295303007797021,0.304621636177333,0.479712954029968,0.521522509306644,0.321045929079452,0.136859896821644,0.376514119212115,0.378480488937178,0.554260023396495,0.521725083599086,0.558109696153468,0.612423187390572,0.530718381694467,0.549791411084487,0.568062136928194,0.539763307877308,0.421897848599778,0.398519891083684,0.455014607620017,0.383283160167064,0.423155710571541,0.23752570976307,0.496294962638738,0.0515755488125537,0.299889295937957,0.452746450035025,0.0692094322286241,0.100784005410138,0.0874793761389171,0.0617089663540405,0.2807929678852,0.394797579204297,0.343634263009493,0.219482867637251,0.453264475580916
"12",0.145908143537005,0.112322934744489,0.241351784297773,0.213412330816447,0.624133625253747,0.463196770441177,0.309369548022611,0.177861421114825,0.384900674439597,0.444091067012805,0.423298577171713,1,0.583903433734821,0.579113933805863,0.599441359107482,0.161419436383181,0.716140792724517,0.794932956295749,0.599990348687596,0.527286163927867,0.499625339120485,0.587497729432702,0.628022777059544,0.653102614968754,0.569111097423096,0.522771656247962,0.0201648899272198,0.606485009498474,0.710279914002187,0.612941943313046,0.619942015467711,0.708150048379196,0.612395789139218,0.617605472883669,0.319573603713022,0.1123069534761,0.196170504551534,0.125796182913633,0.231617114099713,0.277113146788432,0.396329486135507,0.316709247717688,0.43457631828505,0.614258359912929,0.538078742082763,0.632133432815704,0.499692497834958,0.278118945066313,0.137559930810866,0.783501119371611,0.711573627931172,0.426128706243235,0.539390013469758,0.273232472927257,0.297816797419825,0.521080780923832,0.581625347300646,0.782230577735575,0.756237437796998,0.729970377427019,0.737469878429309,0.763358868470206,0.728083510908509,0.675787952713886,0.471874611870192,0.567906782175117,0.528277767829239,0.639030019069811,0.553755943595121,0.689167535715007,0.50027947567732,0.615512293132102,0.271221499026239,0.394542693398202,0.102057530721816,0.161254228611372,0.202579517505622,0.0340838886891656,0.512364796907055,0.127578315054352,0.458268678643152,0.730509201069786
"13",0.143974259401075,0.0781778818134662,0.428823012729627,0.0251382792486088,0.56476285462797,0.526807198896852,0.239913582544089,0.173427367153876,0.237562330930823,0.493470850817751,0.532317640386004,0.583903433734821,1,0.516924423887493,0.618192842565785,0.422718407677867,0.688880740803852,0.700088578171941,0.650524871845778,0.649154759374521,0.661205342864573,0.642619535004186,0.663432278074112,0.670226523255473,0.424320074785623,0.496482966613149,0.299519884394416,0.707884068277195,0.695361988157581,0.709796781344364,0.657975425374205,0.715472454915175,0.717594499841635,0.465684251665007,0.507708912978176,0.0472568841841314,0.302124707874084,0.271251032652516,0.271619715991535,0.420725462675632,0.469093090627194,0.102224814925087,0.130943511647732,0.613769223089009,0.522431309505924,0.525936458620343,0.337742029586718,0.248165192781458,0.0785031323809938,0.711215711707055,0.589501786536321,0.291343955622435,0.306817833727175,0.400703669357611,0.399486444761191,0.5813479579906,0.72491094067436,0.748752330976175,0.696280856137758,0.683649818755412,0.710581503255278,0.733706179656066,0.695986532819343,0.643391071950794,0.480078120774092,0.590963811584273,0.34860631030501,0.626847064927681,0.532385658320223,0.637737857265354,0.341661419432765,0.48380614030146,0.322159223152047,0.259525784651184,0.170009804643901,0.183096367636623,0.134987181815545,0.0322925105852156,0.469806124655119,0.284173975446179,0.428669221320363,0.593762759474058
"14",0.174790966063923,0.0320504943462869,0.286826921306183,0.0766932458423504,0.488187264353307,0.380044409930879,0.0854169347636222,0.0480197431083767,0.267663844115494,0.434524048570927,0.389493869863875,0.579113933805863,0.516924423887493,1,0.597144359330347,0.218796644344737,0.699859633782052,0.682747870936138,0.554735584006234,0.580633961167131,0.437267827179875,0.661028445621086,0.688803167057221,0.585787414888177,0.298094588834144,0.487856540790213,0.277536895042425,0.544021070565625,0.675642465818729,0.585344704184989,0.572330223263906,0.645709372548673,0.597514646036955,0.473093502347189,0.394107909593933,0.241128078717743,0.329485798535263,0.06255829948543,0.27934574025989,0.464107166711329,0.435702172471648,0.129251915553683,0.147183972311273,0.615435861863978,0.454916167835142,0.564151334603992,0.448352507542025,0.472174768412293,0.0117932010085825,0.656161820332207,0.643618142217843,0.20647641088839,0.33600756335229,0.192749737373758,0.301885260758884,0.4136782171914,0.571304012309104,0.63293447244621,0.682453385997418,0.647788473291442,0.601980883666823,0.692022537459323,0.574601214362992,0.565119843292294,0.41383960010344,0.594218783890999,0.421550814042699,0.607361331981201,0.39974575260024,0.640713414036645,0.218770938580466,0.573720450942449,0.109216067063536,0.299216716184043,0.025919330821914,0.234808874319688,0.239210714535288,0.16985315075641,0.548782191625318,0.218548211250725,0.207992548080887,0.590045324217894
"15",0.114315285443604,0.0392123225246275,0.38834811781042,0.102260235765826,0.557147728979481,0.45084801149673,0.247846390762873,0.0295616989488358,0.321025488132017,0.518447337755822,0.491548408567646,0.599441359107482,0.618192842565785,0.597144359330347,1,0.272104196098412,0.704722557764985,0.732937541328214,0.632139095757641,0.677299270808531,0.625231327427364,0.718292288841706,0.717323393063139,0.581461930071039,0.346898559052827,0.496823622363235,0.263051856184079,0.612361484740662,0.731610740619341,0.671437524500606,0.6281961318826,0.729887326678017,0.679613064420926,0.439389633860656,0.483848841402409,0.143434795423232,0.389381141653146,0.016294805083293,0.318323229346256,0.522696109684447,0.497853183177996,0.10002088697015,0.0551913287616814,0.668215070045368,0.520714059059993,0.630357383485247,0.452661630803037,0.398016410521334,0.00205856652103758,0.716429457144851,0.689267055452159,0.327032035821562,0.343590822653285,0.323007315688258,0.464994160104211,0.5880679618705,0.628143214066911,0.696346689586365,0.672507568661448,0.737951686050762,0.70088914176257,0.77193497606673,0.617495850887377,0.615830138768387,0.495345857051786,0.648931704738619,0.434039149224982,0.661887838041518,0.470678689720779,0.626442935406145,0.180349519106116,0.604110837401981,0.280114835591761,0.222318722789563,0.0684732136199253,0.180484658756102,0.215873647244393,0.119373291883677,0.582743934190023,0.289022328709075,0.203888269165171,0.648741156170667
"16",0.046914068463386,0.020027813391058,0.297311105702716,0.264862016775032,0.240333214267439,0.309809738565498,0.0262656415432755,0.00542545462705019,0.169551920010756,0.155492919541332,0.463680814690448,0.161419436383181,0.422718407677867,0.218796644344737,0.272104196098412,1,0.317707711084455,0.270627429544324,0.308192788796112,0.477498255725079,0.335433515953359,0.384853455576305,0.322063135954647,0.343527244619918,0.0127211019301471,0.0393161373279533,0.453095359795133,0.499314596534854,0.324135208698334,0.442310785623696,0.365901392774594,0.362620473836508,0.449468274527716,0.0306918769480124,0.390970341294798,0.0211034765630954,0.315389271620323,0.129735826773796,0.283936601124722,0.316914699391607,0.256772627346872,0.258418535865602,0.337381188578476,0.333050918661452,0.303799720809707,0.19603353345122,0.017348096257805,0.187100457490475,0.272110064771048,0.276360880719765,0.265777499497567,0.220902273964782,0.0654660111539892,0.328310166207599,0.27434793109972,0.313764408037903,0.428541487835787,0.359130654544652,0.340865647195522,0.26133863646746,0.326967332525781,0.341758013263321,0.263329274227234,0.287955904909939,0.316547807123274,0.297522866995029,0.102131370832966,0.252201815885131,0.226099281419667,0.297033256382038,0.0512913546583967,0.156579845199178,0.38817849163338,0.0720793115478134,0.115888584304479,0.0214799820055965,0.023103848976188,0.246092169032361,0.234471135472785,0.301347340812675,0.150609154731173,0.18829215660973
"17",0.169465591952443,0.143945509682309,0.40499351952087,0.0312433858026635,0.669466411855929,0.552548222769864,0.155341392238738,0.0592319299200731,0.432389614302562,0.602822062119557,0.511811612907534,0.716140792724517,0.688880740803852,0.699859633782052,0.704722557764985,0.317707711084455,1,0.927647033403705,0.751690985435619,0.7260637156586,0.681500177126919,0.822295029478117,0.871082122587209,0.789046453438042,0.483919816108001,0.665262752367099,0.27779814215726,0.658656429274383,0.889879595098059,0.814225539546611,0.756455323863983,0.824436736022866,0.764563748974905,0.713920998043371,0.526601378769915,0.202741913337605,0.398682265453189,0.050184086882641,0.386836676967233,0.537172728716645,0.579191474838665,0.31169301200392,0.17649635681543,0.745928846046256,0.639567499578198,0.76869488177097,0.52976301349634,0.523260429165009,0.159427761383439,0.868126507782435,0.771066353327457,0.318227617777587,0.419845022664334,0.273203659469416,0.410529598856598,0.498528361441559,0.721881861345905,0.879351551494383,0.808889609383481,0.805114087693401,0.787515028040843,0.885174760071447,0.706392538036471,0.746574188643831,0.47688920669969,0.773958994606922,0.426159623751571,0.760287255552833,0.617280044328678,0.786108729287305,0.357504698437946,0.763384286042234,0.129947357203389,0.424695669498987,0.00371015174277113,0.392987981980481,0.373976502514897,0.016814058449525,0.640591824341992,0.26802899585452,0.399003142174247,0.76748294543805
"18",0.147776535043933,0.149700556930921,0.424293676261048,0.0993049877279416,0.701522642864168,0.540737717503991,0.271905043249476,0.013612667185896,0.488632338198609,0.612779186812615,0.502205384771306,0.794932956295749,0.700088578171941,0.682747870936138,0.732937541328214,0.270627429544324,0.927647033403705,1,0.743987056415319,0.703973199372876,0.687874853421999,0.810070408620187,0.856061252169195,0.80331152242692,0.548556777958174,0.657058139053232,0.17624655374055,0.67701724830715,0.905750207800515,0.811960070278194,0.78457905521429,0.839119501627004,0.782387345741491,0.734410366391664,0.484396562497508,0.15881748126559,0.367032683600558,0.0017917553091787,0.336486837608223,0.501556900515773,0.554276774295186,0.35078644545945,0.285748099308761,0.761346099522564,0.671048551390305,0.803475789308182,0.597913418243847,0.459730206126153,0.16502167370457,0.914094393930335,0.833746404032446,0.353085490823894,0.498156478908225,0.270459176589423,0.429363201272804,0.573893706855963,0.723387503678041,0.910462471602964,0.843951618669856,0.865743485787697,0.848448785411744,0.921046883498375,0.756106814162658,0.793174077640647,0.515063987003585,0.768505114343241,0.495271884066845,0.769447350192254,0.655507390191654,0.806970547435692,0.441494796501682,0.783053679891525,0.237352747518055,0.489051776051858,0.0368427935849505,0.316867440967493,0.423931915320012,0.0464516621988399,0.673940759164571,0.246230004210275,0.424270716824019,0.815817476585588
"19",0.126024063312406,0.0876849679943475,0.41020436694779,0.158472149652718,0.490825730774217,0.386496942580918,0.230431935476258,0.103720045181015,0.338430098738119,0.545819506313877,0.515141283656231,0.599990348687596,0.650524871845778,0.554735584006234,0.632139095757641,0.308192788796112,0.751690985435619,0.743987056415319,1,0.722591957937089,0.637724843372004,0.735252135561223,0.791460397311486,0.565566350308059,0.285661923075601,0.557764038744441,0.397009096091775,0.654397840420627,0.773400454161425,0.768905980439145,0.723772875131538,0.698177448694456,0.746274329622416,0.4492699131252,0.553916006668677,0.0782027316601717,0.463481706272176,0.041807435650463,0.386718713239828,0.641665438082079,0.629176343056438,0.0613618205497444,0.0624680430794583,0.734691104604717,0.568427617672492,0.678422208181129,0.509807144436175,0.424651966938612,0.0064701901276687,0.740371095703022,0.699788482010669,0.287128858047432,0.262516981634266,0.292544582479582,0.543296951075862,0.549845475634588,0.704106684679832,0.715623735296543,0.698378966677258,0.709092991149301,0.712716807822459,0.757998957861046,0.613411977547156,0.688158213628282,0.424151301779624,0.692979167313239,0.36109415491497,0.683333486401094,0.460881084564315,0.641988696323489,0.185004838808436,0.678096796868667,0.227703671991419,0.230313174288113,0.0631680361445188,0.299231391218039,0.246969110614347,0.161113198218708,0.631650617637919,0.33787332634186,0.186080907562379,0.595262483381267
"20",0.145932436929483,0.00137086684808518,0.454912254221638,0.377520358299117,0.491561508913838,0.469253986980937,0.196853200641939,0.18688987493948,0.203429574262915,0.497424390738254,0.612837565622978,0.527286163927867,0.649154759374521,0.580633961167131,0.677299270808531,0.477498255725079,0.7260637156586,0.703973199372876,0.722591957937089,1,0.672487432221839,0.802887651743751,0.797673413444794,0.628394090775608,0.177487675600407,0.470310007172947,0.556105941787679,0.715781074223171,0.758250160660292,0.807006475897995,0.729421142244058,0.69082052704371,0.791000086224377,0.333019558721416,0.665189955776558,0.107094890598695,0.613719306901669,0.0506336391968189,0.462614096347509,0.698947919897622,0.622924146733341,0.174317274639643,0.178485906847848,0.730267048266629,0.560892485397687,0.574317162933852,0.376687673663399,0.505964550194695,0.213349559761211,0.686035932770415,0.691152091278099,0.304731062090254,0.110573565940322,0.358601958976115,0.559969626208857,0.613544173837038,0.729775674160664,0.721958499564264,0.693225857722149,0.684881030680231,0.711112400715457,0.755289736895532,0.554517187287431,0.64259312011342,0.431855194147238,0.69867659380585,0.293304968229666,0.663121615775418,0.394164099399344,0.657298583998893,0.00177216214142713,0.589906372356393,0.325849172902778,0.0500846274112065,0.0164499104976532,0.259619316507838,0.203033245055068,0.35565719747103,0.61682300566684,0.464702876648489,0.142639031042878,0.552576412959192
"21",0.0954456639352806,0.119237632706822,0.427783757837444,0.0923936057064311,0.506644297077064,0.455205588866033,0.215393262886823,0.0156432914445036,0.308400560991243,0.592289937586993,0.463446719614393,0.499625339120485,0.661205342864573,0.437267827179875,0.625231327427364,0.335433515953359,0.681500177126919,0.687874853421999,0.637724843372004,0.672487432221839,1,0.678229790505984,0.719279403346969,0.59490212756673,0.383797795749314,0.489166979290867,0.299180742152583,0.595495064220549,0.717583787036488,0.722458467808392,0.666116269477367,0.673954446751902,0.737786243097293,0.447090719239405,0.53269894187093,0.0330937240133511,0.434129263501572,0.0571529930889717,0.370131781087632,0.506981351107755,0.557546143111028,0.105285241542582,0.0239244740875571,0.644990570545071,0.538712130079472,0.606074127956307,0.39364168350909,0.355517949035209,0.015032384516223,0.695806387006216,0.609104397353446,0.227909964717295,0.188078185495378,0.43347884468076,0.49862514353699,0.572123320734988,0.708687278936072,0.707999721466297,0.580889798256924,0.656800558219083,0.685384754154217,0.708288781380951,0.581094893570139,0.637143431524121,0.386511750229636,0.57920889264372,0.207101745789688,0.632253581952098,0.504803703047863,0.600537755471968,0.195131319478538,0.528691636473021,0.256857336030081,0.234116322128932,0.0929517306305813,0.286147481644058,0.189068484365739,0.0629456863964075,0.490571757705942,0.289708412488382,0.282718385611319,0.537186151464611
"22",0.113789838456318,0.0604230115227276,0.445926666076554,0.253587395077434,0.553804265168505,0.430588056568286,0.197635645416045,0.170509314003276,0.359184057355483,0.579155087214575,0.56337025484697,0.587497729432702,0.642619535004186,0.661028445621086,0.718292288841706,0.384853455576305,0.822295029478117,0.810070408620187,0.735252135561223,0.802887651743751,0.678229790505984,1,0.885286759533468,0.66504158146198,0.255513211497024,0.560420596710544,0.413556870749374,0.694691740335821,0.852014111795013,0.810801543655409,0.766054810674905,0.769384115569975,0.804089321003314,0.501042304765092,0.620847686675202,0.197492135090895,0.540794725292412,0.145566700759326,0.484036995186993,0.696480603808152,0.65006194916506,0.0609811288300221,0.0762958281035656,0.786115915451615,0.654937313019271,0.729400003759923,0.523800900143077,0.569551899060072,0.0467746654338986,0.771863203613939,0.751357736222593,0.28717928011889,0.268952339411964,0.328719532991731,0.543906985292137,0.579850126670271,0.71626657750049,0.771043947975263,0.750724771626532,0.781571617720485,0.750165553962699,0.824416399793541,0.597246980431452,0.722716036333156,0.485215045895506,0.779825436418674,0.418147304811123,0.755113860626833,0.483668538680725,0.701084234021824,0.107876446899266,0.729227958958568,0.235761502847277,0.238475435703727,0.0196268774980047,0.34928281057752,0.333735979989837,0.205362178397933,0.690942725795699,0.427645683123544,0.142462643160847,0.662539761020147
"23",0.172909460471652,0.130530040845924,0.455661781061525,0.189857335751152,0.558233115114516,0.428135770961181,0.199795854576853,0.213244963934322,0.462041550883283,0.648077127961697,0.495745737940004,0.628022777059544,0.663432278074112,0.688803167057221,0.717323393063139,0.322063135954647,0.871082122587209,0.856061252169195,0.791460397311486,0.797673413444794,0.719279403346969,0.885286759533468,1,0.683644986833636,0.337479021667432,0.669490664507386,0.374205063597921,0.640704806644147,0.874574404495706,0.839497089490856,0.812841397708631,0.786537757189986,0.835204218141978,0.602584455731831,0.6277692610422,0.196367240529758,0.55004376149904,0.149973970987313,0.440316970879635,0.690508179235902,0.689065501547952,0.167207947857697,0.0379456978692632,0.797497484631229,0.651163294071679,0.804896892303801,0.565597149177888,0.606389188673069,0.0371328797624958,0.840291118383792,0.800712450477378,0.233330323263751,0.288874248212179,0.329151627688079,0.549434803509571,0.564570681174142,0.737290566694207,0.800389451403334,0.730717588724374,0.812668347926322,0.789718810147226,0.864659939943769,0.631587501579947,0.766191832339778,0.44391755651741,0.798832339826938,0.374460236802031,0.757793897707952,0.524391154607523,0.737007631373368,0.163842737562221,0.764388420853564,0.15232216375863,0.305506980020461,0.0262334623979588,0.444258225303378,0.42142512662039,0.110170434842763,0.724486862161124,0.409970257147106,0.16117886741234,0.705598657214924
"24",0.0855757463912209,0.161324551177074,0.335121728853998,0.153423336177745,0.622607374324084,0.4792144492909,0.127506626900328,0.0803437955569709,0.198878566660719,0.447573469183246,0.439245601891022,0.653102614968754,0.670226523255473,0.585787414888177,0.581461930071039,0.343527244619918,0.789046453438042,0.80331152242692,0.565566350308059,0.628394090775608,0.59490212756673,0.66504158146198,0.683644986833636,1,0.497863690163011,0.494409422191617,0.225200875301464,0.606678235996437,0.754767654370851,0.713964617535949,0.61841655479411,0.724352331799713,0.693860732140593,0.597546888065238,0.386592484011931,0.0893256063269491,0.286511631009658,0.131662179440509,0.219613133399443,0.31147940211849,0.369538704661039,0.271726148965654,0.232549565666446,0.626126880129009,0.617878648851657,0.615831528811985,0.379858600621371,0.313231026130117,0.0915560729930018,0.7549220883165,0.623946435124446,0.336229863171458,0.404861056453439,0.254985724234772,0.309876394954501,0.493465313290392,0.6839075471072,0.797342953464897,0.772424470182873,0.654641283290244,0.720354178295549,0.755008712739286,0.64480258738075,0.670876267015818,0.476666579148001,0.597587545428738,0.366549448421044,0.578754823701992,0.627476145666486,0.67997926385304,0.409834301532096,0.551183991795681,0.203728023834212,0.44058400149959,0.120552292826441,0.194385607821519,0.285975281096606,0.0400952014772758,0.522384283882686,0.110516092558173,0.536092587044242,0.636797552665269
"25",0.0929529467572456,0.169950744432567,0.0936546783666806,0.507518770680137,0.456767963111618,0.309446007745494,0.180602580233432,0.31917114757757,0.243300829109486,0.367038627425263,0.104243182894966,0.569111097423096,0.424320074785623,0.298094588834144,0.346898559052827,0.0127211019301471,0.483919816108001,0.548556777958174,0.285661923075601,0.177487675600407,0.383797795749314,0.255513211497024,0.337479021667432,0.497863690163011,1,0.399116531597338,0.244663688982069,0.288677104149208,0.445541434753856,0.32720995303099,0.251905669913124,0.45517628528315,0.386835193146401,0.657253823808592,0.0581770648418219,0.0420977711780294,0.112043116714464,0.254007886287313,0.118279564425008,0.0668206422512514,0.12739235900423,0.558134598638705,0.576487075154059,0.381066428440908,0.399668490593346,0.460788465633267,0.326080290933291,0.0120946176559669,0.310376091494846,0.578326686866704,0.396327827735161,0.353811908854624,0.541710933544491,0.158395655627377,0.180013822125221,0.283884058099601,0.447337403679386,0.536848800939998,0.460583500951228,0.459498001956987,0.507587184852099,0.497066488064661,0.507807205769731,0.448531289693164,0.357744799104853,0.259630423527148,0.252136367951937,0.394693935897485,0.605228616670704,0.403978954872079,0.610282061312914,0.359971857522082,0.0438114243386944,0.482517084976935,0.197273624343857,0.00836019127483306,0.111427477487049,0.262307866381795,0.26676300029151,0.0866531380358261,0.586465150758485,0.465987795204401
"26",0.0974439079640697,0.159909048267153,0.204019042831295,0.0872022522848101,0.393088872556731,0.33705802576832,0.0788181805017917,0.0113545030241774,0.477905926656835,0.524187124948446,0.232011368877196,0.522771656247962,0.496482966613149,0.487856540790213,0.496823622363235,0.0393161373279533,0.665262752367099,0.657058139053232,0.557764038744441,0.470310007172947,0.489166979290867,0.560420596710544,0.669490664507386,0.494409422191617,0.399116531597338,1,0.0101931352740934,0.401529087439603,0.624112431563536,0.501756234065146,0.496828628240622,0.571461931648982,0.526521530163943,0.606369149823704,0.32729446661188,0.13948311535208,0.312049184921767,0.165795280336281,0.154613228834918,0.39731178248885,0.456031773048748,0.342389552220797,0.218536064734153,0.530301182647598,0.438311676476142,0.580512031214416,0.46657631616505,0.379940103441129,0.178188701116348,0.665994128764819,0.562452687117882,0.139395922402526,0.327756190012239,0.170222243836482,0.275265922325886,0.312565876341517,0.460192741307778,0.607276001472906,0.518402208547547,0.565119383702878,0.527311957292049,0.628722180680765,0.505498509933047,0.555027359686325,0.324084830978799,0.553620552608342,0.248627041309549,0.553833485843684,0.428393382933156,0.56671199620697,0.276038176860334,0.55807444987128,0.0934093136958701,0.370795979820641,0.0450502387051373,0.373320688363037,0.343846001581775,0.155638264454963,0.490622589937169,0.122034021856208,0.277781644825728,0.534541322187525
