"","1","2","3","4","5","6","7","8","9","10","11","12","13","14","15","16","17","18","19","20","21","22","23","24","25","26","27","28","29","30","31","32","33","34","35","36","37","38","39","40","41","42","43","44","45","46","47","48","49","50","51","52","53","54","55","56","57","58","59","60","61","62","63","64","65","66","67","68","69","70","71","72","73","74","75","76","77","78","79","80","81","82"
"1",1,0.16421288486494,0.373233624618734,0.069538810329927,0.468190181403918,0.412724294292205,0.316800308424722,0.265595240022945,0.116706509825403,0.225433128821127,0.434910606462074,0.434265847092611,0.360306050087148,0.239175328601375,0.341313405694928,0.152289438364278,0.503586724864671,0.515336522640291,0.39836469623376,0.459613866239062,0.438759734174843,0.45558907127814,0.464042946446527,0.431021344111544,0.251462368002315,0.247193868020766,0.142824429230652,0.491935396124485,0.440689573782936,0.445517113574004,0.388091236810488,0.524249469499958,0.484022678039199,0.427400853905813,0.307885405174626,0.0265802186526952,0.131885094331759,0.359572929333135,0.21112894314951,0.393079324094855,0.165244709347236,0.354269985511708,0.320091634499852,0.370319248503717,0.0899866099079401,0.265896808675687,0.0903690845340621,0.201088132476071,0.182398636220527,0.427418927532377,0.392824461260326,0.213577095558278,0.265430608809445,0.242300152876735,0.272336373297268,0.405425330761277,0.411833118354183,0.50740180411314,0.439889496351422,0.516123173328246,0.353512232212619,0.51448647757669,0.479197888066247,0.102906506863624,0.37712152245624,0.371415329983061,0.222697197288986,0.416329870065153,0.155394197216998,0.438655038394434,0.446624234059628,0.283994310964885,0.348150694826864,0.220119319237011,0.160670717771638,0.0782362687799341,0.211520091464575,0.32023721513018,0.381344697567907,0.126580892308119,0.352211813184372,0.465297676359721
"2",0.16421288486494,1,0.129636343647462,0.0575233499305021,0.214420476703628,0.211528354549924,0.0768151208364541,0.174969297372757,0.162203622863894,0.0867135112733968,0.180593156763063,0.144355754230662,0.173505203110181,0.23219908544628,0.128525344589748,0.00292590375624345,0.197848093487566,0.21022516667766,0.106717249210948,0.141184299822983,0.118910742011192,0.179337420418833,0.190713132522039,0.236264797020431,0.150316956628786,0.0370652997458754,0.0524963806622994,0.177890937418085,0.206731155794554,0.201420889166938,0.161617744743488,0.260984720667895,0.174635379062931,0.173384918436053,0.00266844814741628,0.104208608912532,0.0162643863047026,0.111230509090102,0.0457735891926618,0.087459986886518,0.0207171976976115,0.146329257802208,0.0847599849708301,0.0955688172031185,0.0718075577532972,0.0329268595964365,0.0404605205487871,0.185180160906722,0.184408253296976,0.103387748547309,0.0403968320490214,0.0129363132824202,0.154461872224034,0.025722551575007,0.175751070726543,0.100173125834592,0.16390235051759,0.209397585875791,0.196116738553256,0.155383564489921,0.205775370773375,0.209099055480168,0.168654061973533,0.034265634345452,0.202828243281372,0.108751412814991,0.197107472688692,0.00624586611221727,0.0703011943869325,0.211368111079239,0.113179688018066,0.0325155137800742,0.148840558000229,0.0306553299654661,0.0929407760432983,0.210270113318308,0.1196627494454,0.0765183468547103,0.102697449176439,0.13725073270613,0.101118811719789,0.193329712308131
"3",0.373233624618734,0.129636343647462,1,0.116159758249764,0.361324813847979,0.287981795203416,0.346703855264361,0.168991686942066,0.0855700520397229,0.401202663052329,0.42578429028539,0.359041568594224,0.368891484848103,0.249314309743976,0.251920074372597,0.273098877784494,0.484402746782879,0.423610183804643,0.355115593102847,0.483362911322887,0.498706686403303,0.437606461530509,0.478920168073196,0.286412454946569,0.082330316116423,0.293929092483256,0.292413021272577,0.511772220708877,0.44785732295855,0.431771598526792,0.393963992708195,0.383680110262949,0.476812113205137,0.256608184785484,0.342354218500514,0.176661612171107,0.126923987551539,0.21091300652224,0.135448545894196,0.452184888812456,0.334038918347503,0.157578241644377,0.177659389635796,0.50729163919633,0.19475791438038,0.319554256276901,0.266793242359528,0.206420460944263,0.0154010020788416,0.474754859830474,0.451275945375689,0.157337613679376,0.0190474108860734,0.332794314704904,0.176074142805527,0.510508339001073,0.292258097660911,0.483228924509313,0.423248819470758,0.537280539745565,0.409211925093556,0.508967368958274,0.46380450940168,0.289060810700383,0.321022942151311,0.339928223472165,0.0698475609394648,0.475078521965162,0.272103032287958,0.462258776443442,0.327903239473022,0.372357199644464,0.269606750224327,0.113372870611171,0.123795166767741,0.176322557814663,0.172271495941265,0.384835252563398,0.364460546154231,0.155501089278726,0.265186291024688,0.487798331841928
"4",0.069538810329927,0.0575233499305021,0.116159758249764,1,0.155362399996147,0.275697843275212,0.418612094086213,0.304402584196873,0.318350949067229,0.48451527018511,0.243285376421703,0.140041585777376,0.183884373770683,0.220177376478586,0.0240219505241198,0.398875918875045,0.0860826813580252,0.00998005477687795,0.126549150269494,0.174059058045551,0.349909709395016,0.180212576832841,0.132741144086312,0.037768679970757,0.281016480289184,0.0265829792292914,0.59674553428199,0.145134484960404,0.208790440087053,0.225252768274701,0.303990043816349,0.123204102310764,0.177543193290081,0.401536217509452,0.375270744610976,0.478651647806752,0.620224434856707,0.307543762863062,0.235535960971198,0.403205179557725,0.645106670102316,0.0460381337357757,0.00961752944587609,0.237428814746556,0.22968313130149,0.415385772537244,0.262887800507081,0.176517770613742,0.361744446273478,0.375804803673196,0.0342035609820983,0.0774740391878271,0.492586108099235,0.136134121906049,0.29595779635434,0.29058272871005,0.185670138766354,0.0624178681557922,0.180411654165625,0.0995991724851236,0.268921900632172,0.176277117398222,0.258670551463075,0.402558884862608,0.249775625051931,0.030101607765912,0.202201634607219,0.250066041186255,0.429204073044329,0.0648038179011249,0.0593598101182705,0.450127038487062,0.000651708283642355,0.0687572741455006,0.309893814134764,0.158583466923452,0.212294169990549,0.305623046857968,0.143969425279237,0.208887221233894,0.294837078191001,0.184527007446894
"5",0.468190181403918,0.214420476703628,0.361324813847979,0.155362399996147,1,0.689888354352397,0.461623504298726,0.473030892961074,0.135369998138937,0.395101662273778,0.673505596386044,0.588482159885951,0.537085223778245,0.380043436129368,0.47414623324998,0.328868075970108,0.739112558421624,0.727878150875117,0.47927431948179,0.70483569388277,0.593794825543687,0.624139709656119,0.667759901401108,0.610729495154448,0.294894642174435,0.389023127620412,0.141286298580899,0.722752522981145,0.70767274758543,0.632885085441802,0.574656495578943,0.764680955755126,0.712150252656455,0.598667265846196,0.456890192389919,0.00487919850670398,0.172571328331431,0.521335506427807,0.270781177747868,0.491026970059803,0.167027738928214,0.526866905718082,0.468292548385826,0.612339631172625,0.174176654078538,0.327754205969761,0.187970693230599,0.29062980273278,0.258673037713247,0.642260138405318,0.632064834290469,0.329805311386934,0.379569875900712,0.310244104648153,0.41688943945013,0.623680146642808,0.561969865827032,0.765553355424068,0.685334294367432,0.737921515414868,0.570047553245159,0.737915972685802,0.695184548257809,0.176369425159245,0.564689020680045,0.573455552508632,0.362593822561924,0.551661979533212,0.148095477640702,0.727986659839113,0.596491392121598,0.446781591425068,0.433514732498908,0.189906999610725,0.230735936759482,0.195360951747959,0.303408537280422,0.463785114174357,0.594495428173417,0.266456092460645,0.596408655462296,0.723039232617253
"6",0.412724294292205,0.211528354549924,0.287981795203416,0.275697843275212,0.689888354352397,1,0.360964708818393,0.454642639246263,0.285128151337594,0.241815536131448,0.585020051772907,0.506772458711904,0.404607069412049,0.390067057963034,0.427536137196742,0.275358445369335,0.665833051687756,0.706246153416479,0.447891075927788,0.593388405952598,0.500338315144024,0.529575002493816,0.564117158274879,0.588437248867782,0.377800856425174,0.437483235217946,0.0398748356181157,0.648757117454085,0.621427113017922,0.526825688746713,0.467339363448472,0.713163815325349,0.606736358832802,0.574851569045426,0.370209866786302,0.15683209326021,0.237721614003042,0.446791647699548,0.288977580810256,0.395459565184698,0.0275773789258089,0.47525882144444,0.40096807755098,0.51195909239218,0.16648329547958,0.278484151039568,0.120365011465246,0.188612504153008,0.23780497277957,0.533099563440557,0.609965418115469,0.390755677969074,0.403632577260692,0.270539736110594,0.40846453468341,0.50249503480141,0.496040181209157,0.67486264736563,0.577782683543883,0.666236473805131,0.513535120771114,0.644891138136066,0.573769236017558,0.130119512659336,0.441758791926667,0.547027355918792,0.447994293461677,0.45621669136734,0.128483099262369,0.664939270082625,0.631443484035156,0.295605048768252,0.412137804243464,0.0998812400396762,0.165039194259442,0.15301971752751,0.216821549081371,0.414853694027849,0.54215546195043,0.241015463966736,0.618896953070044,0.58503983127127
"7",0.316800308424722,0.0768151208364541,0.346703855264361,0.418612094086213,0.461623504298726,0.360964708818393,1,0.108289289174731,0.12780753611058,0.591502903041473,0.65524356744332,0.501212682929122,0.446935633565253,0.406376373384034,0.356790561329133,0.526987887287949,0.609554754635047,0.523057949545627,0.472059907151521,0.570640063738218,0.637725818002723,0.586200024781737,0.597222231605667,0.423848809382186,0.00314562545988633,0.328379868866483,0.551371227507466,0.584300824626814,0.620909542344329,0.574602401010614,0.626214874216597,0.45141076806997,0.61144919484387,0.124574098950492,0.624886233555357,0.259643635225958,0.302616557423504,0.143900809854651,0.0759109482002356,0.646633973242815,0.589135809193323,0.357845735094718,0.357697286486893,0.58271034428682,0.30424618666841,0.47892264330354,0.349212864364416,0.25576798695387,0.200898408564637,0.695718141000044,0.475191511576063,0.299408067622461,0.133831523157284,0.314669894161359,0.0711310300812759,0.615575262138514,0.496810549885443,0.450784353582231,0.559305732814971,0.586592907898592,0.619140487064783,0.631301457734257,0.65023805125202,0.534219081990731,0.544889899864136,0.393920033328376,0.189513081510127,0.5674356786971,0.535469991358853,0.403595474124477,0.414299150490612,0.646213440998083,0.300270570337395,0.219788302843671,0.314420702252371,0.19500474448499,0.238384605097311,0.614910068005733,0.315466428567184,0.304492548005627,0.270463399778679,0.602995394429771
"8",0.265595240022945,0.174969297372757,0.168991686942066,0.304402584196873,0.473030892961074,0.454642639246263,0.108289289174731,1,0.206205906580061,0.158208362789648,0.320394374811849,0.296305500842728,0.274763149531647,0.303638529475541,0.166979894900264,0.0352744598492526,0.421481797767733,0.46218191838725,0.360335927138388,0.405181620155273,0.229802809219566,0.421485142779322,0.374587870786384,0.416574964972814,0.284928713627162,0.184971923468635,0.0404053780144468,0.470417575246257,0.383154581857177,0.43504228308427,0.294999491452986,0.48446655313603,0.417559786975738,0.423720643082256,0.132723780020765,0.0427206007950236,0.2238680274566,0.350698156911766,0.222118226893257,0.102829807886256,0.0658279331295947,0.247032158904332,0.254067010823778,0.317712574876082,0.0759467780277696,0.062146461604018,0.0247640522568529,0.159680927901559,0.249204350198298,0.265700464920791,0.341742876481165,0.145112955369495,0.409597562945706,0.263697713388281,0.41565519653261,0.326327636761946,0.2851351584514,0.57551398570162,0.433604666198852,0.386653186975503,0.291995864974648,0.430857658709504,0.364056767173407,0.0333378062376694,0.317749565856068,0.410616690915248,0.248615723863251,0.276749934346791,0.0181196671046984,0.542557733792935,0.385512398799265,0.0828486055590422,0.344248643660379,0.142368635186908,0.0531544818542449,0.154715727753579,0.215481830035775,0.115185633292611,0.396548474326484,0.15546749817435,0.418213317153947,0.436523435415708
"9",0.116706509825403,0.162203622863894,0.0855700520397229,0.318350949067229,0.135369998138937,0.285128151337594,0.12780753611058,0.206205906580061,1,0.153335806944241,0.0886310702628659,0.0926992918327171,0.0499540974181216,0.282807451825315,0.187232166756695,0.0205785983333897,0.180112803836767,0.291000735336072,0.112695076172948,0.0271739644269213,0.0442054817865139,0.147806691561172,0.1290322477883,0.261088704293524,0.206705019598915,0.196941629827676,0.267885837351552,0.0899693782745813,0.13496399504668,0.11987345740777,0.100574205771856,0.329870046570708,0.0410877007587145,0.23458893491795,0.0756151851199288,0.274697697826075,0.319557206523376,0.27449556247251,0.0475082622969725,0.0242015305261041,0.26180297712081,0.132434024979019,0.154947884263187,0.143870356269098,0.033168624096447,0.052260884759171,0.070933796023814,0.0407731395426493,0.238900608669368,0.0314088626565088,0.040343890497656,0.0101569575592495,0.300833282407468,0.0450911929172522,0.255089155064294,0.00356674803674061,0.207270401043526,0.100040689104355,0.167325976137572,0.0336759945898523,0.174470859599786,0.0968426390885854,0.127643248062862,0.206535969319375,0.0480616602858219,0.203483820169858,0.362683120914182,0.131087250081942,0.0659482141537764,0.0809785145924835,0.313505212344429,0.193901808465553,0.127536092343258,0.0389204614162273,0.0360243914263657,0.249318320993764,0.0290708521805509,0.0886004132841549,0.0298887186686138,0.0129515465138422,0.175984871455807,0.0708334435403544
"10",0.225433128821127,0.0867135112733968,0.401202663052329,0.48451527018511,0.395101662273778,0.241815536131448,0.591502903041473,0.158208362789648,0.153335806944241,1,0.623630968863646,0.485984834564103,0.429749514206441,0.483623952996062,0.373891057051938,0.493324931045408,0.582134992800867,0.511660000412327,0.43139851564452,0.597854477156259,0.677404258418804,0.592907557045811,0.60010780765392,0.438782769676849,0.0549517116838496,0.284118242179846,0.613592680980139,0.620182265642603,0.612808282079036,0.628109095079101,0.621091318413801,0.423305307698664,0.596633846664101,0.118149224313992,0.569318182687206,0.349344850150338,0.334828371094954,0.155208756612305,0.00784879738251828,0.644772505147157,0.623978084138146,0.288440021161976,0.26762493335138,0.550511614536066,0.325798126211602,0.524329513545441,0.360025112886956,0.300842359191498,0.147241713429279,0.736131228325924,0.330851908557126,0.200296687335824,0.129166626023356,0.37761239916288,0.0928935236955839,0.65687720978771,0.516480675414768,0.489353511516729,0.601956611297009,0.580783195581576,0.642981584637724,0.645542744849592,0.64136037859265,0.470194725247437,0.551224094628564,0.358168825557144,0.074429436064431,0.553855383639969,0.501690267620534,0.40591650603042,0.306564295793109,0.598695612697225,0.312025922658891,0.173655025750437,0.347000752959727,0.339067976145203,0.35634730115544,0.550564745744998,0.285666999906659,0.312243823231966,0.138540508655977,0.64427163351678
"11",0.434910606462074,0.180593156763063,0.42578429028539,0.243285376421703,0.673505596386044,0.585020051772907,0.65524356744332,0.320394374811849,0.0886310702628659,0.623630968863646,1,0.714695498482391,0.59360369922734,0.618219042074871,0.509952591807112,0.562713246830326,0.851949394689891,0.838491536686968,0.628810933065487,0.750231079819425,0.811585376532444,0.783141891636707,0.833293694509565,0.669445105172676,0.182122986802276,0.458285603548227,0.506324778683677,0.813984504095714,0.819970468579685,0.776561794322141,0.801880315829651,0.756585599401535,0.806255437485701,0.399107255437899,0.729340112927483,0.158608536351082,0.146010590933258,0.360571554778704,0.177268085610529,0.723182954764057,0.540499499793833,0.49618734524614,0.445351185702247,0.713922588085596,0.395725272471038,0.599447137080867,0.358249521665012,0.329179887530937,0.00940025752217024,0.862232321195219,0.63629520742235,0.39577609079975,0.147772049347118,0.43068495500188,0.252780909324796,0.765269486186185,0.706182383593118,0.716149172311405,0.819495297935218,0.797716388597956,0.803815825021177,0.861778613106749,0.829033107346489,0.477164875053392,0.680161868261089,0.622984967525013,0.38502478087278,0.681881130420042,0.447396707011716,0.670812031211638,0.620904062003435,0.671794557078559,0.506101498197571,0.215935377226755,0.401472771054474,0.366478982610087,0.31545971902681,0.642132999186278,0.491807760808177,0.331470646979343,0.488561851175107,0.806200792139127
"12",0.434265847092611,0.144355754230662,0.359041568594224,0.140041585777376,0.588482159885951,0.506772458711904,0.501212682929122,0.296305500842728,0.0926992918327171,0.485984834564103,0.714695498482391,1,0.558441956986155,0.510025214953118,0.470372042215517,0.476269905407259,0.748386792528396,0.771351719521008,0.598252043483847,0.639363040186233,0.67342755073969,0.706268663194527,0.746450907898369,0.685395765399748,0.196882164262116,0.368589888194556,0.455700182688586,0.720295541908557,0.712636148528709,0.709097367424818,0.74395483390872,0.709123225325059,0.714530163184969,0.418039213294741,0.631707500645256,0.118557091318679,0.00371295348334828,0.364201660145269,0.174417313515811,0.603364020428051,0.437391985411196,0.485998726008038,0.479423089075873,0.653754099352842,0.39166150149975,0.49154474768955,0.335398419870822,0.237677169370871,0.0792556295533047,0.742935004105627,0.569110660697125,0.393042980793516,0.192038201602011,0.395038154588347,0.311221889823883,0.638184974346079,0.700428733708161,0.633498223630605,0.784556938065301,0.716751094973728,0.738540189412831,0.769661381029263,0.737053184264702,0.4286312091209,0.606262528994781,0.570865755160248,0.361233739492294,0.550932463240791,0.318978724087647,0.571807968070884,0.569721761403033,0.60660583601005,0.562950276553096,0.241418057626189,0.238320459275741,0.250134462624207,0.277605010088104,0.522652670004862,0.490573210483293,0.279330074734931,0.510221181356391,0.697203894236383
"13",0.360306050087148,0.173505203110181,0.368891484848103,0.183884373770683,0.537085223778245,0.404607069412049,0.446935633565253,0.274763149531647,0.0499540974181216,0.429749514206441,0.59360369922734,0.558441956986155,1,0.409143735974161,0.398728247178342,0.443929216738489,0.616024321718894,0.594694667623391,0.49279758046035,0.667220556107597,0.580310997772634,0.548960848224538,0.600457850002731,0.545605774853043,0.174716732502465,0.228516975564552,0.462436910425888,0.663834330577887,0.609673932694658,0.614618166370292,0.675228556539572,0.56798340757467,0.667422450655658,0.420533521659167,0.576165649922376,0.118805314819356,0.0768370018647142,0.284471400955517,0.113896622856951,0.425293559520472,0.361681742951355,0.460390613866795,0.490809077543849,0.639581625385401,0.368550310986495,0.366936860725937,0.180204134969807,0.233594470270448,0.119498508927872,0.633829290496925,0.569571864225593,0.536003416006744,0.17896450783048,0.258079999787682,0.356404483976419,0.594765936337581,0.557721917459364,0.630515899191883,0.661529463479094,0.668801262353618,0.499867558045453,0.629255065415704,0.655795467208107,0.424360044624758,0.639044150610364,0.47929038056944,0.162763994841599,0.501246035107094,0.187131095377368,0.606767355186463,0.382669611517605,0.461441263001376,0.555279192607746,0.260078846830715,0.137603846749882,0.0769113931457223,0.349730977952961,0.453756217332196,0.487803682565812,0.26320902442515,0.429257467135817,0.611108192052651
"14",0.239175328601375,0.23219908544628,0.249314309743976,0.220177376478586,0.380043436129368,0.390067057963034,0.406376373384034,0.303638529475541,0.282807451825315,0.483623952996062,0.618219042074871,0.510025214953118,0.409143735974161,1,0.348426100157016,0.426520694628534,0.626962580748597,0.694496093161162,0.552706726316689,0.521032239805417,0.538134486275274,0.649298605283056,0.649062597717978,0.675594766838663,0.0813640398155377,0.285109233776365,0.408316471893292,0.616596570422821,0.677260604031463,0.691804480705128,0.692413249046678,0.637494791014056,0.571380547040267,0.307496801907909,0.458092511546219,0.122231433140816,0.145078264382048,0.169583417282703,0.103627389247784,0.434331621862638,0.351127582953418,0.324247675985215,0.267323360222464,0.404152917525975,0.407729292403812,0.465392132383823,0.269280425113333,0.320532416302869,0.0240141786807397,0.605445546199451,0.294881064460519,0.25560461572957,0.197885536024879,0.281424154782261,0.255561955825374,0.598416546913452,0.595731471639113,0.545703504849979,0.725667606026107,0.473696611958659,0.661550784951387,0.650890300377513,0.645072100112561,0.313933437375521,0.610010335776126,0.542686399160256,0.42576309626617,0.38501870958892,0.306426736085109,0.463601465513277,0.46446129669326,0.393719127237237,0.505731194547942,0.179674318011142,0.360674660261567,0.457768924868342,0.258366610982132,0.394870017769745,0.284667513275064,0.310657581189873,0.280525869468579,0.568977572742852
"15",0.341313405694928,0.128525344589748,0.251920074372597,0.0240219505241198,0.47414623324998,0.427536137196742,0.356790561329133,0.166979894900264,0.187232166756695,0.373891057051938,0.509952591807112,0.470372042215517,0.398728247178342,0.348426100157016,1,0.346689090932884,0.597640377783213,0.596186804534149,0.373135807535659,0.427538323776182,0.488500895185034,0.495835343919317,0.588605638554842,0.474005767337648,0.15228404400705,0.393695749875673,0.230859784713663,0.528289567294754,0.567895506221795,0.519480044175639,0.509626662452282,0.562904344804706,0.523062541038325,0.33295721179076,0.396052207871105,0.0203105866495403,0.0443415912731519,0.312543148479752,0.177922785902986,0.465849630837987,0.239149176530509,0.410788520291236,0.338424338352595,0.43001189365186,0.181103175627751,0.36210955264776,0.26394047066277,0.192975417595877,0.0104960354420825,0.531275962571651,0.423274197878643,0.21433329571916,0.125525459995935,0.248768569989058,0.178389042456334,0.457981278684049,0.546697684644491,0.441132667735035,0.549242470363049,0.529266120252631,0.584501415246739,0.580485834887328,0.539586319249568,0.256697073327128,0.445998140508213,0.422468978934434,0.370236780744323,0.390791503375742,0.270770887016518,0.367744638917428,0.518303725730587,0.380970409711495,0.333836531696228,0.175223844781377,0.25061218586242,0.29951787337283,0.180217435842943,0.434498754007236,0.301029369080021,0.150853269871567,0.363636861806607,0.539783416954239
"16",0.152289438364278,0.00292590375624345,0.273098877784494,0.398875918875045,0.328868075970108,0.275358445369335,0.526987887287949,0.0352744598492526,0.0205785983333897,0.493324931045408,0.562713246830326,0.476269905407259,0.443929216738489,0.426520694628534,0.346689090932884,1,0.525945532060687,0.491203753843227,0.458315144283604,0.507698073347172,0.59754036106751,0.506079091752607,0.527209878625721,0.412626481871433,0.0894909357639996,0.221431276782076,0.54891166341058,0.559791764431357,0.582380252803443,0.480873144229501,0.61035310725298,0.411436139895649,0.545506786446415,0.140599281513076,0.625223643594977,0.152677672635928,0.261347179043236,0.109845595049123,0.100370118406607,0.556735567369785,0.492051879173193,0.38532309990674,0.325170954508204,0.548018011304423,0.377069422004597,0.498632790821775,0.275955500013643,0.182455438186615,0.126306241569247,0.639001547860746,0.391188885030102,0.345396986282903,0.0713223967289011,0.17997039056299,0.0838243410665761,0.562844170640057,0.542303324509784,0.391131607216143,0.562976674157564,0.535377879940916,0.533592908971067,0.529150845424179,0.599357907566378,0.438843716640938,0.535147481486697,0.329131189764603,0.186998588281836,0.482864888471019,0.34246884146285,0.322345098500251,0.341982621072959,0.553948671397716,0.374242254024241,0.193312316329344,0.323105446818004,0.248545116127046,0.197739831310034,0.526790043904968,0.26559119224258,0.239234877045864,0.277484603115512,0.483152304287621
"17",0.503586724864671,0.197848093487566,0.484402746782879,0.0860826813580252,0.739112558421624,0.665833051687756,0.609554754635047,0.421481797767733,0.180112803836767,0.582134992800867,0.851949394689891,0.748386792528396,0.616024321718894,0.626962580748597,0.597640377783213,0.525945532060687,1,0.895945348676863,0.645762113284027,0.761404215125353,0.775111547441128,0.809206408118259,0.86687708394584,0.717607850615433,0.250890009626451,0.489630748974007,0.417167579993848,0.855687781000658,0.843362783333174,0.819193176521412,0.81770066794544,0.849503617308208,0.809388193520585,0.520684698879904,0.659122792515037,0.0501353388746331,0.0149392032245413,0.468008355753991,0.195194620917972,0.677743693332787,0.466213220632456,0.50559953283092,0.49172615792289,0.721537510389836,0.384008229583407,0.546087402516665,0.366346538178893,0.353840830367836,0.0930131251474271,0.841988237647508,0.66832316620002,0.351901970583567,0.235949346025351,0.47313716187925,0.363915621498619,0.787613700297468,0.755975548241799,0.775888115288966,0.858291680646531,0.840869700683122,0.841141488614929,0.890816035822456,0.853889159950182,0.451980754894529,0.669413342295151,0.69222262312715,0.477858911158484,0.656920036207796,0.411579051054956,0.720307074141855,0.697332334710387,0.627951967331907,0.550373630075784,0.218882081572867,0.306199189842114,0.370565088988558,0.34294138970542,0.603443153815982,0.558426084298164,0.309308596548102,0.599730287783113,0.831568494947435
"18",0.515336522640291,0.21022516667766,0.423610183804643,0.00998005477687795,0.727878150875117,0.706246153416479,0.523057949545627,0.46218191838725,0.291000735336072,0.511660000412327,0.838491536686968,0.771351719521008,0.594694667623391,0.694496093161162,0.596186804534149,0.491203753843227,0.895945348676863,1,0.69326549267011,0.746210657464955,0.731496978916961,0.821148082571253,0.891629069686376,0.799458168465624,0.308091673699931,0.521201765263788,0.368986918462798,0.856390138712861,0.83843248115664,0.830470426965436,0.829135101389575,0.911258837779326,0.806742779734286,0.610662007250476,0.636879892164851,0.000453470118419218,0.086915977967193,0.485495176802442,0.198215708981255,0.608309754959472,0.345604579013427,0.530531947379416,0.494608085829604,0.663067127958662,0.392476567693064,0.496622729586758,0.30229857434062,0.318487428053541,0.154486963971321,0.809064323986348,0.647950174363791,0.385655117006179,0.359061744841171,0.449370508398146,0.419076124626084,0.752895201181048,0.789917474583262,0.806543688522366,0.909205251341382,0.815106696481953,0.813313656474925,0.895435638278132,0.842667945104581,0.375354996690238,0.687013208570953,0.730584792042965,0.544870580720723,0.60372277010553,0.311516535844745,0.731819249934137,0.724965050100031,0.530805965320877,0.615955611602934,0.281252880996737,0.328976504225177,0.419103843176458,0.335096072397426,0.54298075244569,0.608578849862825,0.301656463370045,0.605827886935298,0.826032879795024
"19",0.39836469623376,0.106717249210948,0.355115593102847,0.126549150269494,0.47927431948179,0.447891075927788,0.472059907151521,0.360335927138388,0.112695076172948,0.43139851564452,0.628810933065487,0.598252043483847,0.49279758046035,0.552706726316689,0.373135807535659,0.458315144283604,0.645762113284027,0.69326549267011,1,0.645270080028442,0.576788589476533,0.644333382956088,0.692221818268668,0.648264454009434,0.0874929277367175,0.295175611103651,0.521785117311668,0.697556768655913,0.650070529658858,0.62938133085811,0.672693942726493,0.659231063493484,0.65909921942853,0.419068703061899,0.58352358089424,0.193518132819871,0.0602623636302852,0.274355414694872,0.0993049268421505,0.494074570234841,0.355130874702541,0.355885994137508,0.427504084334462,0.533504834312325,0.48428536749263,0.441952729999157,0.201227003331946,0.223276662892369,0.0325987929424772,0.628669325175559,0.496394068934411,0.40045912719318,0.217234160808655,0.463618738941807,0.341398408567182,0.585370848079737,0.636514397917312,0.619935752697967,0.730792523236751,0.623735736445977,0.611248236232429,0.70392840629514,0.676110539077353,0.295367053043235,0.606140145919679,0.549596806133987,0.351173998138113,0.558483429206869,0.252965000073929,0.525147606917378,0.524166002948603,0.409438334364389,0.612133473198251,0.429365379113693,0.236449443274827,0.224933275248198,0.266081804977957,0.415584733673294,0.504525930325713,0.240168882380343,0.400333856544213,0.666964213160436
"20",0.459613866239062,0.141184299822983,0.483362911322887,0.174059058045551,0.70483569388277,0.593388405952598,0.570640063738218,0.405181620155273,0.0271739644269213,0.597854477156259,0.750231079819425,0.639363040186233,0.667220556107597,0.521032239805417,0.427538323776182,0.507698073347172,0.761404215125353,0.746210657464955,0.645270080028442,1,0.761294957749938,0.746000029057823,0.73720538995405,0.689500350847634,0.217876659721191,0.352767668018582,0.499703426128177,0.857056550783681,0.804117421247131,0.731156835833455,0.71016410225898,0.714649548005376,0.827758333983011,0.479998732203236,0.669449696836795,0.197305707222189,0.0674784748869249,0.395185664071103,0.24884072171541,0.609480874985472,0.401444679137084,0.497552323927976,0.456747533687536,0.766184281709375,0.408046288615365,0.53061215280163,0.307226901545996,0.2925387950689,0.088202246116231,0.796639371041089,0.72704638272879,0.525729713373741,0.213429006926848,0.454490761829397,0.364333831955693,0.778562407641556,0.621494814374213,0.816245430250934,0.793204890147443,0.820507932031763,0.660931883339388,0.824882117857512,0.821391625059031,0.331742622686326,0.756752068447353,0.614755368610467,0.242131435021994,0.728963815069824,0.333573536196411,0.784926072011849,0.541197449351328,0.609907300298316,0.581382836943619,0.249883309676482,0.296134853709328,0.15458454068892,0.389147815600286,0.619849900630584,0.631255686941959,0.352058198707305,0.519711809934664,0.815508933329814
"21",0.438759734174843,0.118910742011192,0.498706686403303,0.349909709395016,0.593794825543687,0.500338315144024,0.637725818002723,0.229802809219566,0.0442054817865139,0.677404258418804,0.811585376532444,0.67342755073969,0.580310997772634,0.538134486275274,0.488500895185034,0.59754036106751,0.775111547441128,0.731496978916961,0.576788589476533,0.761294957749938,1,0.72223811231739,0.768515068252444,0.597089460596802,0.103019772893558,0.437097613137731,0.57300510849839,0.800682755223991,0.796180017653273,0.757999279611612,0.775422955289263,0.640310005387242,0.788722879975594,0.309921206569228,0.737602565929956,0.188979235181762,0.226331518202452,0.226346156038118,0.171806008985916,0.789968549653973,0.608755171543146,0.491550711361328,0.396744177774874,0.744154366536781,0.406094816355243,0.652670699171282,0.420991367665475,0.310669596132695,0.0100273675250066,0.877764005195125,0.638320791647474,0.460297172493785,0.0049391197532815,0.369736349017542,0.179283885032715,0.778480025009583,0.663844187012269,0.663231107095929,0.764669908895271,0.787004412638251,0.749912702473486,0.825707654739016,0.797132335501517,0.492084307324197,0.68729296085958,0.586672366148355,0.237137052554216,0.740589078627644,0.457603113361578,0.598271374186606,0.499810325653697,0.730176275342386,0.484131777628166,0.216852101958925,0.39244053824596,0.295544405379213,0.341596270313025,0.688533048701824,0.475923458341035,0.317818988705534,0.431029903481506,0.760359976752711
"22",0.45558907127814,0.179337420418833,0.437606461530509,0.180212576832841,0.624139709656119,0.529575002493816,0.586200024781737,0.421485142779322,0.147806691561172,0.592907557045811,0.783141891636707,0.706268663194527,0.548960848224538,0.649298605283056,0.495835343919317,0.506079091752607,0.809206408118259,0.821148082571253,0.644333382956088,0.746000029057823,0.72223811231739,1,0.815905391474078,0.723937332879031,0.207288661636804,0.392059162166598,0.481441937888709,0.800115728537219,0.830745791854135,0.820182547898459,0.784607111741496,0.7566494019564,0.782438174135036,0.42746731542758,0.6442800269056,0.163406283662927,0.0624770882071665,0.381697489643858,0.172311476842661,0.647076812248666,0.474190074134337,0.507986132294163,0.431501405201234,0.634257557550824,0.433849188985279,0.588935462551743,0.342342488251996,0.327359840186106,0.0239407145473731,0.789097811871678,0.592778107121949,0.333404620108189,0.242745402004585,0.476460644622459,0.276853433825509,0.780224734378445,0.68575682777603,0.758066673013009,0.834837153507537,0.752192217587405,0.785573795863578,0.848541588644284,0.834581314257422,0.400352924567368,0.728308973766678,0.598034520692843,0.41641283655872,0.625094920466557,0.433709552982065,0.66641621343813,0.61001899376506,0.598671053947414,0.522677384510927,0.258913020050447,0.393282202264947,0.37319707997649,0.270946145104547,0.578857451989177,0.493048601373403,0.374698288077057,0.48718404195174,0.795451200097222
"23",0.464042946446527,0.190713132522039,0.478920168073196,0.132741144086312,0.667759901401108,0.564117158274879,0.597222231605667,0.374587870786384,0.1290322477883,0.60010780765392,0.833293694509565,0.746450907898369,0.600457850002731,0.649062597717978,0.588605638554842,0.527209878625721,0.86687708394584,0.891629069686376,0.692221818268668,0.73720538995405,0.768515068252444,0.815905391474078,1,0.729965041017803,0.187502383724852,0.47830584438052,0.520764623237513,0.849235327742169,0.805930869917505,0.809067540315882,0.848732419367041,0.804237552892825,0.800313143003811,0.512554920233636,0.69616007731228,0.135779785212743,0.0805818683325637,0.413241285369557,0.152146146107894,0.670515543801676,0.500916667036549,0.478057147181465,0.484732730520324,0.705585432767988,0.473039850784154,0.542646470870041,0.370006562439129,0.315745279909245,0.0678325624415239,0.841440664988327,0.627514502939755,0.351225549590515,0.214026580771441,0.472988457141307,0.347593573260049,0.770868198470178,0.767815894116738,0.746459516897061,0.882033256750982,0.803045714735923,0.808713590252037,0.887371949131345,0.84000746156544,0.475643973011545,0.676637320924435,0.681810171907982,0.43006303966897,0.622103512608561,0.398228371718313,0.663169968104926,0.633710791001318,0.609318039230924,0.621804155900646,0.278491824494089,0.333983331909892,0.404525206252685,0.338212494252519,0.573666308401608,0.562027448314628,0.309312980244359,0.502247754712771,0.841389897178939
"24",0.431021344111544,0.236264797020431,0.286412454946569,0.037768679970757,0.610729495154448,0.588437248867782,0.423848809382186,0.416574964972814,0.261088704293524,0.438782769676849,0.669445105172676,0.685395765399748,0.545605774853043,0.675594766838663,0.474005767337648,0.412626481871433,0.717607850615433,0.799458168465624,0.648264454009434,0.689500350847634,0.597089460596802,0.723937332879031,0.729965041017803,1,0.298091673000593,0.301332753503311,0.412885107705335,0.759402964252572,0.742015829237581,0.693578374707741,0.74665578567243,0.798289169531407,0.722736003025591,0.586962511660669,0.554782546094802,0.0635565359098443,0.094911860085892,0.401217089083992,0.0654069281326255,0.477547325705839,0.28432097752341,0.538315315733628,0.443500162049931,0.55059542582797,0.434107914278161,0.494434418549159,0.252630544150314,0.304250525373065,0.178084071613532,0.674640106100058,0.49856012567522,0.459855277846648,0.375720237059751,0.311879299898669,0.446649846172562,0.638805566902648,0.743066432079505,0.708005109346175,0.837470710107305,0.643345137017005,0.703566596620606,0.745881383283219,0.756966187114561,0.269855771907974,0.713651374103845,0.608555396642973,0.493329525263641,0.475220403188108,0.189012204127905,0.649755133999663,0.596928928204617,0.408630285501602,0.651189952186122,0.229764710557189,0.306710890163229,0.316976692960962,0.323584044248532,0.43039924002965,0.452267326072341,0.312063291901077,0.490062358047637,0.703242294069714
"25",0.251462368002315,0.150316956628786,0.082330316116423,0.281016480289184,0.294894642174435,0.377800856425174,0.00314562545988633,0.284928713627162,0.206705019598915,0.0549517116838496,0.182122986802276,0.196882164262116,0.174716732502465,0.0813640398155377,0.15228404400705,0.0894909357639996,0.250890009626451,0.308091673699931,0.0874929277367175,0.217876659721191,0.103019772893558,0.207288661636804,0.187502383724852,0.298091673000593,1,0.326214090410971,0.22771947485716,0.205935929672341,0.217712604703916,0.199559110042438,0.104700445670526,0.319339761556424,0.215471170889637,0.298044415749928,0.0196930955484027,0.130982512011618,0.283828720096045,0.255318714111419,0.272165518782572,0.0515517022198717,0.180176786277873,0.255255489914728,0.185849293306444,0.178148535668627,0.0524220871588495,0.0142984679565098,0.0699257316300889,0.0681919233933158,0.305975407836566,0.0992667950978479,0.379687823853747,0.120302113602486,0.407187208313103,0.140190532163232,0.214706756683105,0.119733893983644,0.116490523536098,0.364969255709707,0.24724904703091,0.247597743361714,0.106353890616984,0.197100473272223,0.175208653325214,0.126620535928291,0.136189069799925,0.179196128911886,0.245289674928538,0.114646092352362,0.0223048098248406,0.350862266111368,0.279717374427026,0.0106075164650428,0.0874104513885807,0.00347177103596822,0.028884354069171,0.0630308053056204,0.0576740439227868,0.0104687082387169,0.261270561680079,0.0746903420999703,0.341389679073237,0.155128024298404
"26",0.247193868020766,0.0370652997458754,0.293929092483256,0.0265829792292914,0.389023127620412,0.437483235217946,0.328379868866483,0.184971923468635,0.196941629827676,0.284118242179846,0.458285603548227,0.368589888194556,0.228516975564552,0.285109233776365,0.393695749875673,0.221431276782076,0.489630748974007,0.521201765263788,0.295175611103651,0.352767668018582,0.437097613137731,0.392059162166598,0.47830584438052,0.301332753503311,0.326214090410971,1,0.0640975618221284,0.438540710800571,0.48340508694818,0.427384091254241,0.371280094257073,0.439900845328563,0.428876036421817,0.149054434288945,0.331698261280554,0.0754802694852619,0.0319206217379574,0.196806075334447,0.341711232670834,0.449619859935731,0.143294461411872,0.305691548932546,0.253808191738419,0.352858389159083,0.0902094371169223,0.294770981919988,0.152581796784005,0.207324424422037,0.0345607863497979,0.45859930241245,0.415943820059743,0.125141259723409,0.0810341349976999,0.25197908185458,0.0906220317263163,0.407997799002686,0.353862120691379,0.401201427153858,0.427623342264265,0.479806273946022,0.462399141693502,0.502101775494418,0.442668336749167,0.161799956600308,0.300910658733278,0.392171897061357,0.326379037192743,0.388166482492335,0.296756199880996,0.341007990987525,0.442009495479884,0.349415157579524,0.158063183076365,0.0931882207323467,0.223262312680355,0.134851940046149,0.169180812750814,0.421795278012402,0.29754013419163,0.140493455392158,0.327799924978677,0.409454331500216
"27",0.142824429230652,0.0524963806622994,0.292413021272577,0.59674553428199,0.141286298580899,0.0398748356181157,0.551371227507466,0.0404053780144468,0.267885837351552,0.613592680980139,0.506324778683677,0.455700182688586,0.462436910425888,0.408316471893292,0.230859784713663,0.54891166341058,0.417167579993848,0.368986918462798,0.521785117311668,0.499703426128177,0.57300510849839,0.481441937888709,0.520764623237513,0.412885107705335,0.22771947485716,0.0640975618221284,1,0.508075847578148,0.469307799543704,0.464846994464344,0.624838120056331,0.270473494588468,0.484216331588491,0.0201979775171204,0.623229375916997,0.433041171346949,0.414405419262527,0.00626688193335405,0.13102735666733,0.519172319205911,0.649779946795547,0.236937413647944,0.222990903046366,0.491852466860114,0.486336790726563,0.510096280463186,0.374982580123897,0.169577308236645,0.273026719627146,0.625117330277002,0.227801159453134,0.402189043692185,0.228009689228242,0.336902704213346,0.0462682251757007,0.543953277502327,0.492018954861848,0.309268004414079,0.529598393419298,0.413019570865977,0.511650893140159,0.502180156008749,0.53317941840403,0.54509916095415,0.547800172379781,0.299633653735237,0.0071357517686687,0.44925427903238,0.432047348480817,0.272893277949937,0.180209932831645,0.563678675927875,0.446466355857768,0.300118190331951,0.245383490681722,0.208124943323827,0.264573602210276,0.467766406981775,0.221797628910694,0.290176225858115,0.00668707997299216,0.499197878792708
