"","1","2","3","4","5","6","7","8","9","10","11","12","13","14","15","16","17","18","19","20","21","22","23","24","25","26","27","28","29","30","31","32","33","34","35","36","37","38","39","40","41","42","43","44","45","46","47","48","49","50","51","52","53","54","55","56","57","58","59","60","61","62","63","64","65","66","67","68","69","70","71","72","73","74","75","76","77","78","79","80","81","82"
"1",1,0.0441950941299878,0.293179707679526,0.0742710174026408,0.493025407061226,0.402844631961403,0.068749605268235,0.32489813137078,0.0134865831526517,0.579244005263141,0.626670503954406,0.402078209582321,0.483599854866719,0.358291698814613,0.414042196822229,0.268370557778713,0.585654571527986,0.53014319562108,0.545028609343715,0.493817463242206,0.518974662241017,0.50748291275589,0.598344451182869,0.484099643919187,0.466330233934991,0.309633145701931,0.469557273034384,0.635318037203768,0.517339653548298,0.497126552728307,0.605892861084455,0.432642638425605,0.560682866872488,0.596139327076999,0.434157346709974,0.229094104727422,0.299938867587634,0.397193200980319,0.188829950338322,0.470056690982774,0.346178116691543,0.335642226066996,0.232556601697787,0.611685455518505,0.241446928896074,0.452351843629482,0.423045392263731,0.0765996549709193,0.126585805533079,0.552801518860349,0.501028312163554,0.418592765204682,0.198998970458468,0.423092876511979,0.385613524243469,0.415046122806067,0.611175636537392,0.608427622601166,0.576505798484655,0.609296430498741,0.530306860925111,0.548357796145201,0.55666115911386,0.443674552040538,0.601867313924303,0.302898692926843,0.352079411767319,0.522557396926089,0.604053589753282,0.589105074951455,0.387130173380744,0.517028508868473,0.444603630491782,0.179271645629715,0.177805790845737,0.0954883548044624,0.243051623497612,0.508759809266244,0.0726833842752989,0.167836282065647,0.452622823582953,0.418273005084771
"2",0.0441950941299878,1,0.094867100406081,0.020152985744596,0.147342607230453,0.0601192648585576,0.0578399315949625,0.0253096995529289,0.0585114528695439,0.0905055819841029,0.0515468513071533,0.128427351746337,0.00637184620919491,0.0849231970690467,0.16549674949135,0.177939668423171,0.0977943380611779,0.0664035279550442,0.117290278879177,0.069822832246422,0.0289885915217068,0.0851752048921714,0.0394077337352325,0.0250447081853884,0.0869379723643562,0.152087321188726,0.0789789441141995,0.000300144030369638,0.103148513880598,0.0428246938976715,0.025537311866845,0.14704259529431,0.0189984503960083,0.0475425651235691,0.125160812909549,0.0961198034656571,0.0106124474869543,0.10836900026433,0.295632843212063,0.044235633389874,0.208333125575226,0.219593874413829,0.0524939377299744,0.0254119209011286,0.0650649711489819,0.0994977829237905,0.10125778308797,0.00748462950699899,0.0331061346199188,0.114499675678238,0.078675175777604,0.0442018008750195,0.202641855676429,0.105685606937007,0.0744173155857984,0.0891107473991991,0.0941170351303354,0.000633108219490049,0.0556046901465143,0.00929934085741644,0.0191247098885727,0.124616888247545,0.0589266436728121,0.0658243138060918,0.0212877387431933,0.0502766464517611,0.0568140390126737,0.021399557165851,0.00275493941811443,0.0262394330923541,0.0374206277064912,0.0169041423126275,0.0286625455678911,0.0853377831498825,0.0181418573772111,0.0524898569481019,0.210983705713528,0.255979520338538,0.244411719266721,0.169285793979399,0.0627646189942744,0.0367469972376434
"3",0.293179707679526,0.094867100406081,1,0.27103649094274,0.528158411924712,0.608117319197897,0.347169502808776,0.152580473197343,0.215491394946623,0.228441882204143,0.446089653361537,0.526086595869455,0.480216703238319,0.558494200057111,0.424860306230453,0.291893271616571,0.540286470002549,0.644964417914654,0.397382338461198,0.592641954930962,0.547345129581282,0.552513456299307,0.522538347160519,0.479741508977913,0.556362502605497,0.172059316086719,0.166922922975718,0.521227353999878,0.538220392711963,0.47601517478695,0.495195854775193,0.670111591499217,0.49539291672163,0.299677787692449,0.203516858895473,0.0619257477422365,0.196981061663913,0.479238846898928,0.143946449272036,0.364522105495682,0.148138734358079,0.122129852109443,0.482517292426774,0.502222902680716,0.284352714743534,0.323074157153739,0.201709023325329,0.246722944774763,0.200335730082147,0.602792592966847,0.560543522789533,0.396369296231412,0.38329908209218,0.19099108634018,0.438448022423046,0.545108701299512,0.365605144720263,0.536429084558249,0.622857618196419,0.595843230254253,0.516233308447588,0.622108308767991,0.571826114531686,0.358276995159353,0.42144997526489,0.577507120290372,0.503365314996695,0.261327687563768,0.309370631657519,0.382565933459437,0.321886896676768,0.41908967832949,0.340750286882673,0.0711021217538082,0.10139641353713,0.0421281127015148,0.13610854977941,0.078395193273809,0.366155936195013,0.0506606589831238,0.464574781925653,0.566480468549421
"4",0.0742710174026408,0.020152985744596,0.27103649094274,1,0.268318673986799,0.324738837579791,0.180185910780824,0.0595833799795354,0.198074945576057,0.0144710644904494,0.0846960896289433,0.185008847981526,0.205864420393047,0.273847593678044,0.161108731177733,0.152938701522237,0.127157133145577,0.288559662752715,0.056838495535013,0.296795369257575,0.244503139974503,0.197699083902899,0.130404235413559,0.209309086694829,0.166295077364487,0.0286297303893088,0.10433609946586,0.205202964980601,0.293390689789271,0.340849038706574,0.191779249553393,0.295006020023559,0.123580605275271,0.0687727958735239,0.091304626680277,0.0410297007957576,0.0209782765992372,0.185973492525058,0.012794518852301,0.137537630679288,0.0769758355576123,0.128128197700004,0.177791396845996,0.101093983643332,0.204198361868378,0.118923576383039,0.0404294689961685,0.0853086775627803,0.102776062374764,0.238720947025269,0.215037639290915,0.091622623126951,0.239172663778521,0.0143386387248693,0.049300358613457,0.240188352803104,0.109332350957883,0.14642303286846,0.247930075579351,0.189689352691652,0.222277276240442,0.243417743248168,0.225092575115707,0.259050122740518,0.135332707468175,0.26974910906605,0.297598672011684,0.106858235813244,0.0711910971957355,0.161945308090557,0.0792020272767448,0.0804490169638086,0.103474152139457,0.142959584402397,0.0324173018488866,0.0925454567109228,0.0354190730710792,0.0327461927971886,0.149160799492794,0.00736746471607848,0.0922604009048855,0.235844973325215
"5",0.493025407061226,0.147342607230453,0.528158411924712,0.268318673986799,1,0.667076297248907,0.234603408020481,0.269148926829365,0.14189645245174,0.445647008890606,0.705295394308333,0.609368494309271,0.605242348826434,0.568370584436652,0.568900266869875,0.366909122228564,0.71176353676466,0.760942414744629,0.485216530339365,0.736718665403868,0.698888437116776,0.732251593070682,0.720680410291723,0.559665704680786,0.675297551420664,0.233133095879142,0.400798308130899,0.717671959857455,0.670661948398267,0.578046765803297,0.676550457215373,0.749112264541334,0.642782439409312,0.553781984078405,0.433362762174999,0.0788322340094489,0.333911469256393,0.653097853118539,0.198157604514429,0.523887508414305,0.267769420342907,0.323787717415016,0.516529502970029,0.698999974050694,0.391765439909229,0.407031304573254,0.321002046546475,0.14496753709791,0.223741795973139,0.755960352535034,0.67819330595919,0.460876223876693,0.444159369970829,0.359239645074871,0.483008197336606,0.690480057585145,0.593896034549328,0.715783906470368,0.767138584211976,0.75362541536541,0.689607613097561,0.779897490454557,0.650437850608045,0.540852436971431,0.598084185717808,0.628654694633383,0.610734735315192,0.475150087685478,0.581960724530376,0.585484673289926,0.433397390417111,0.539401469598806,0.469025749589657,0.0949317449212553,0.103374654449595,0.116896527858277,0.226830668985798,0.295127603235479,0.406044523407241,0.0601389535290844,0.600717058195904,0.653460023348526
"6",0.402844631961403,0.0601192648585576,0.608117319197897,0.324738837579791,0.667076297248907,1,0.378123438258387,0.172476456724104,0.270539571975774,0.377603999029134,0.593013053779428,0.695327205764402,0.660163643639375,0.687194148629496,0.606808268606708,0.396865431101705,0.664202946011613,0.832241353535717,0.507597145464276,0.755453395981411,0.642875144992728,0.702208446711523,0.657759759792719,0.569597266353921,0.632244854447965,0.24542758077552,0.233254112050585,0.691974610826677,0.744663797260676,0.689109572806694,0.698511742255515,0.80330977004581,0.655779864700485,0.490980273005505,0.324614045285688,0.0307541376985038,0.329446359145033,0.621229588826003,0.203436167550675,0.536188286883344,0.200086202057127,0.264035591970842,0.571364403280608,0.655115967859421,0.434313217049899,0.395641658575992,0.315947446272693,0.258162941367192,0.185234853994408,0.754703944162872,0.71485783860905,0.41482172085773,0.482793990788685,0.295968281152729,0.474431386658266,0.628420580012551,0.55382920173109,0.71902375823671,0.795369467387601,0.755402071460004,0.722180381224501,0.784568777783038,0.752753795118988,0.591657125757562,0.607235811473253,0.656372663197168,0.655097627382551,0.493177198501987,0.481497231864296,0.531111904814979,0.426777121702652,0.51631659414262,0.492503825376193,0.0273475485744049,0.142392021034064,0.159027585864371,0.230665040711237,0.282596738438809,0.44489327326312,0.0364423970624703,0.613774312643114,0.735051132312188
"7",0.068749605268235,0.0578399315949625,0.347169502808776,0.180185910780824,0.234603408020481,0.378123438258387,1,0.0296856746775586,0.172188374842795,0.147977182555853,0.249067877054738,0.3171161231235,0.385696736131385,0.370434988557878,0.216312713112904,0.0467117178753001,0.34998596030934,0.368049621913409,0.363369136157212,0.341320531285914,0.370199665863956,0.213099309587889,0.296713424383852,0.367903794480656,0.26799874806015,0.154044353239661,0.0845164958301454,0.339026610805885,0.336762694251845,0.361506520937397,0.315122580449688,0.377997370300388,0.3631194344312,0.0736481296223362,0.0455503695295664,0.010939732434611,0.114810796826737,0.246993096083,0.0398422440441494,0.24752624065718,0.217808162803007,0.000110537417034572,0.280752393062403,0.282630710393002,0.258770107878277,0.0948899173985884,0.0679288765766794,0.157283442254408,0.00661614163867078,0.335021045759851,0.359491903683425,0.270555062434877,0.176754970391825,0.181352872738224,0.297317649189029,0.264347992375227,0.321186117986885,0.339432565861852,0.384765625011194,0.295907152642078,0.376114692424742,0.351251310473067,0.329528832216344,0.363584730002072,0.256717046618782,0.350228000577986,0.304632583349642,0.0969891104114431,0.0850185820804435,0.220500696339869,0.192364808912617,0.249578386581924,0.243258035422346,0.157266445040123,0.10251286597987,0.0921267575230495,0.0139655927065092,0.0279626319011345,0.19364883005305,0.0844067657940465,0.296342791419459,0.390980876353477
"8",0.32489813137078,0.0253096995529289,0.152580473197343,0.0595833799795354,0.269148926829365,0.172476456724104,0.0296856746775586,1,0.0444533324183006,0.382483145018604,0.429675739354922,0.311936031277597,0.322038247716062,0.217273403376765,0.196730999550381,0.0492013990238853,0.400158238768669,0.276688285979306,0.372328710118185,0.286761058285258,0.322709770513599,0.304137978416258,0.407563987870844,0.311306289671947,0.248953942744967,0.207035357188382,0.450797957283455,0.387044881394589,0.272608390241324,0.176380087967755,0.392401088174114,0.270373720614891,0.379775529834356,0.304061174203016,0.252576277253741,0.0282313761778873,0.244368325950767,0.225264951356797,0.185394346890443,0.290295553735215,0.244878406643533,0.0998481638748891,0.107039246861457,0.407914681530492,0.194919607114075,0.353291568102545,0.2320236261884,0.0655525031580719,0.0476621431001869,0.328473222010043,0.360138921608044,0.221413489041127,0.0753858772794667,0.32546210390063,0.202581240822331,0.217685732635514,0.300517485896673,0.390023512626393,0.332535451131583,0.324439829104799,0.323318469806929,0.312174276942248,0.283614064939088,0.179175830510221,0.344020038875141,0.123473893746605,0.161942865902589,0.380589567716591,0.379079844144931,0.304830973477039,0.220757866718367,0.280631196796436,0.143166957854029,0.139170938257537,0.0809196895697581,0.0916089441704965,0.168742464941139,0.24632521854708,0.0132549212307354,0.0186295474761195,0.364226118848239,0.229610442211349
"9",0.0134865831526517,0.0585114528695439,0.215491394946623,0.198074945576057,0.14189645245174,0.270539571975774,0.172188374842795,0.0444533324183006,1,0.133092068229742,0.0260691415933382,0.17118563501082,0.152707797493672,0.186573440446934,0.0787364632861821,0.12948036809655,0.0213408590336925,0.21774402962191,0.0593726874603281,0.176461877928026,0.0822282354345526,0.1806831979009,0.0544229940484153,0.113596916979089,0.10652326985509,0.031925626320434,0.123184437326297,0.0709503514949871,0.20171180778228,0.19062987853902,0.136200016004532,0.170434399835022,0.0412187004861096,0.00624747981688926,0.0558797414119578,0.0693724180791954,0.00372196648239039,0.193966005203453,0.0541543020775772,0.0535562105632998,0.123342702950013,0.0737194328486847,0.126860618376078,0.0690538970568934,0.134403699289044,0.0299399351499258,0.021745319447082,0.164231746004723,0.091310379411231,0.143867000972485,0.119468699797145,0.0408749399181172,0.206077571024489,0.052773918748471,0.187580120651911,0.101564531901888,0.00764935026649808,0.0798168208372136,0.208518003589759,0.164605251692633,0.0692718420802108,0.140068524628879,0.186225506356388,0.120700162403582,0.0312783198747546,0.276909314636921,0.211704679535876,0.0536450727237439,0.0077915886989576,0.0162111677739866,0.00204301414205293,0.00776075952682648,0.107305614214738,0.219644004608643,0.099493334773774,0.197832233917514,0.133861543419135,0.0283445546815241,0.182901594393484,0.0124033662350822,0.0665193969130053,0.203183088775441
"10",0.579244005263141,0.0905055819841029,0.228441882204143,0.0144710644904494,0.445647008890606,0.377603999029134,0.147977182555853,0.382483145018604,0.133092068229742,1,0.673238769721761,0.452338893275454,0.516732306098475,0.385451041418518,0.455143795021366,0.159972144430122,0.648249728906737,0.531558594815826,0.628812170093181,0.501659325026709,0.575537969516659,0.552149266543197,0.700069848192694,0.562276326352813,0.395962955278294,0.333409333504032,0.5865940437079,0.64165249833307,0.546228650243026,0.479188873429925,0.644112589809119,0.433907701375381,0.63418781713194,0.638015559517464,0.411878099156424,0.114585143462771,0.36819354390089,0.425185425572232,0.194312719508937,0.574359584079177,0.486869443400683,0.122379809353297,0.275667435959665,0.655722591261782,0.278125340932269,0.44808266134166,0.327485634949699,0.112257985820545,0.114965024824361,0.614511608292442,0.590045085741633,0.456770031111047,0.12063838115882,0.468234788070884,0.368883592640285,0.440836127973494,0.708220558433688,0.659972092222847,0.575333898343096,0.586222925754997,0.639923388791727,0.545865218028062,0.551339725280547,0.455076986811324,0.675383746130125,0.221959042543371,0.306825494846519,0.585677707826758,0.62114410656857,0.644941257495026,0.486931457533966,0.62848043878443,0.444471037125412,0.372203071367133,0.285951271464428,0.100041136132673,0.00392911879359782,0.490473770015889,0.0182892360145319,0.227440435022749,0.523704708953281,0.361835221581856
"11",0.626670503954406,0.0515468513071533,0.446089653361537,0.0846960896289433,0.705295394308333,0.593013053779428,0.249067877054738,0.429675739354922,0.0260691415933382,0.673238769721761,1,0.642761383813552,0.685265855898577,0.54774172604558,0.60726995529053,0.306738692951828,0.838345703199875,0.745927889597976,0.700220557901026,0.711079172755392,0.760357790570843,0.708106373770261,0.819495217177806,0.640208333861293,0.703022343680084,0.376746760240025,0.61693220634017,0.818834868536496,0.67138608147821,0.603837697669771,0.791187145062196,0.700899833835383,0.793272144458536,0.62223980502283,0.509631636206259,0.123697438322448,0.402715552807205,0.613012184945901,0.280062884718662,0.626493181812293,0.46789303059996,0.256417723193363,0.396351402753701,0.800474873129602,0.401975934829477,0.518107403751162,0.365685804112553,0.14495277015361,0.104439770462483,0.777106069948679,0.75625538765774,0.540578679301027,0.360264540398348,0.538902203761157,0.488114158983242,0.660461162687495,0.746178721094936,0.8237944804637,0.811780876906711,0.786890856632584,0.78774854226418,0.804319273030996,0.714629734682021,0.57978035418363,0.714228808234409,0.468735081326538,0.534791924764494,0.593957709677433,0.668268174105043,0.698740482276016,0.502108855917621,0.690134458973712,0.509309030065562,0.236179095198047,0.238738403960089,0.0805627698355707,0.151835318416932,0.429113580989827,0.218929414092771,0.110458049274392,0.713152091483797,0.605671572196685
"12",0.402078209582321,0.128427351746337,0.526086595869455,0.185008847981526,0.609368494309271,0.695327205764402,0.3171161231235,0.311936031277597,0.17118563501082,0.452338893275454,0.642761383813552,1,0.651801204401882,0.684853807691,0.605983421388281,0.415420038464693,0.709260617398163,0.775021360081169,0.528423178453485,0.719076319214336,0.636619107926149,0.730350822269797,0.696278532169958,0.629473910491768,0.596002528933179,0.273576920170241,0.300913158821924,0.673119824004887,0.723259195249295,0.648717941589052,0.679510223791498,0.78112139972579,0.722048615369457,0.486229039772373,0.322193622158366,0.0146110891863796,0.336952790478578,0.621746138912435,0.22924319091472,0.527103989092538,0.260918532416111,0.120870044251639,0.464296007424545,0.659259990790783,0.393769151492605,0.458531020005104,0.286084772030774,0.290713195575894,0.184908925587187,0.754365690395414,0.762649369862719,0.465004928786096,0.460514518186982,0.285018327205019,0.435083215795131,0.619356492836017,0.536520156908137,0.734402492901576,0.77093140916091,0.730155654361316,0.711517742910676,0.777220892062259,0.716479068336012,0.545150123749298,0.634011255671352,0.594879681097662,0.630648288594329,0.489783209259817,0.542441203112435,0.582797776161921,0.453295072569311,0.551633322714946,0.480540428176403,0.0859247866525334,0.167391142582568,0.250057633901484,0.109940544829464,0.200661271185446,0.378286726362351,0.0391452330342839,0.645626816138521,0.653349923131771
"13",0.483599854866719,0.00637184620919491,0.480216703238319,0.205864420393047,0.605242348826434,0.660163643639375,0.385696736131385,0.322038247716062,0.152707797493672,0.516732306098475,0.685265855898577,0.651801204401882,1,0.665552751118882,0.589135854792823,0.358983852177287,0.717302849643984,0.774536933465713,0.671671405058474,0.754556465378716,0.703360544759207,0.725582731142609,0.761536689284805,0.660949443662438,0.60746258859733,0.366588590427421,0.377150362870885,0.75606083467927,0.680997082996527,0.728731899550798,0.764753882207531,0.723337046632689,0.743016198127343,0.541582808070813,0.308762622021215,0.0829417347734092,0.322022434725195,0.586712264030211,0.163746426119491,0.556378847137283,0.410091661585044,0.298597594750619,0.477586187447265,0.710655110479104,0.435867866772867,0.430035250301008,0.292320113494356,0.296337059587303,0.0705267373427832,0.752944931846054,0.748100080172995,0.44945721817741,0.341842200808603,0.44455889318655,0.472042990163433,0.582243619054277,0.666298548968462,0.783835837866884,0.803897706223203,0.784273435161084,0.772026832483228,0.73734846992192,0.738392423121057,0.659355161286944,0.646316903651069,0.541841130681572,0.629410457035596,0.510381248299089,0.541486623351364,0.680680510685081,0.498724745586043,0.593768850372139,0.529937574886449,0.0816795697635552,0.276975749460095,0.110951543956952,0.190499154122012,0.387148732406513,0.29781349736384,0.16391775155212,0.629868022916468,0.6866366525173
"14",0.358291698814613,0.0849231970690467,0.558494200057111,0.273847593678044,0.568370584436652,0.687194148629496,0.370434988557878,0.217273403376765,0.186573440446934,0.385451041418518,0.54774172604558,0.684853807691,0.665552751118882,1,0.596404393724107,0.380065967347823,0.664451547023101,0.78353726290376,0.493478505714361,0.715721317628898,0.61383993182272,0.684695203165178,0.657992876630235,0.593929022399634,0.529247634196653,0.22724832053145,0.192392130552648,0.677471198705607,0.721385439691798,0.717345279320087,0.682539192756729,0.771283188602104,0.645054414235284,0.457944431429302,0.192132656745517,0.00300721768540097,0.21878133533946,0.594190269351158,0.142568418009769,0.511761687885682,0.268480049285847,0.141152796008469,0.480902524988074,0.598087901298326,0.449710351165632,0.389504938125791,0.208708466876186,0.403938772027644,0.14466106420389,0.711494141784486,0.702582459530557,0.466681627479861,0.372325370969983,0.308060809271795,0.431710069725184,0.61550589012687,0.543217686117917,0.716779668748197,0.739494211559047,0.697774582072743,0.69206105664476,0.729304551965406,0.727333975127138,0.564799279281428,0.584564886298665,0.564811395660326,0.575707138768371,0.419051059291038,0.440217763548681,0.588544699974686,0.464612230113464,0.490123516733464,0.532697509289178,0.0128107186891377,0.246250593540726,0.275731685164835,0.0612427711951862,0.201302148570114,0.38823635743876,0.0292505359497459,0.555325699024755,0.697230231511497
"15",0.414042196822229,0.16549674949135,0.424860306230453,0.161108731177733,0.568900266869875,0.606808268606708,0.216312713112904,0.196730999550381,0.0787364632861821,0.455143795021366,0.60726995529053,0.605983421388281,0.589135854792823,0.596404393724107,1,0.335376387341583,0.677863436531144,0.727713872872516,0.485424779544691,0.647967493261429,0.629759356643463,0.646874596876401,0.66908419739387,0.595157769635887,0.54520609491787,0.232282902488191,0.367603959812361,0.642804751929796,0.688028461674127,0.587860076698074,0.653424587636723,0.69928348393799,0.607825433493048,0.516667653487905,0.377992059105329,0.0240003254127031,0.292587725099493,0.5564972656713,0.271733751492457,0.523743993891609,0.268659870088809,0.16366259993689,0.435696022690859,0.594973255619541,0.364551326038626,0.446186179200655,0.299245312387009,0.276183262203078,0.100082540476255,0.694268085174154,0.71065157937755,0.365830123330782,0.410514606976198,0.345367407225242,0.414640598170335,0.581659576515282,0.591860352242946,0.692045003202554,0.70217463366812,0.680484770853242,0.677745647100931,0.725981988870662,0.660964484107612,0.555411733913527,0.642008223504099,0.495470831673546,0.552256058746358,0.487606882235199,0.477585831448486,0.600486370476595,0.462365761999323,0.506896203644284,0.413893764331045,0.117438969525833,0.186671537019382,0.116435011016512,0.0727901090845468,0.253640867040474,0.356600368670484,0.00216561555210003,0.573808721038317,0.639922630388738
"16",0.268370557778713,0.177939668423171,0.291893271616571,0.152938701522237,0.366909122228564,0.396865431101705,0.0467117178753001,0.0492013990238853,0.12948036809655,0.159972144430122,0.306738692951828,0.415420038464693,0.358983852177287,0.380065967347823,0.335376387341583,1,0.322580377255154,0.461489629282257,0.194212796385334,0.396029635117704,0.280978943746025,0.412278285327215,0.356442142057846,0.273648643867084,0.343317828335586,0.0138001695575935,0.00501041508323911,0.360065035795178,0.413033813988135,0.365944247439254,0.352863152220271,0.441853807270859,0.331269479043039,0.316167916830114,0.154732861523364,0.0521350556684848,0.0901818598296517,0.387120075803962,0.222560708435514,0.22296702833453,0.031258863842839,0.0540028488990881,0.300502506492069,0.307774117689662,0.209587594063692,0.336742486550305,0.0862707347948428,0.226857218672239,0.195613140049971,0.389470749650278,0.391401097937265,0.133376627616086,0.313311528715842,0.135948885621066,0.126796095067868,0.341651825336967,0.215812776077896,0.39832857669489,0.405713650441052,0.424049852805581,0.360483269344113,0.445572269684637,0.39306058434152,0.274478824978472,0.364031994212023,0.448615275067961,0.376761592423486,0.26124407359758,0.344900731131308,0.295415587471117,0.184728525345341,0.216852776716281,0.266887583977539,0.0118477436123816,0.0960693811610879,0.137886462383195,0.0629515615084929,0.0915889390931968,0.31170535126098,0.103410833199698,0.284113149408658,0.397245461868654
"17",0.585654571527986,0.0977943380611779,0.540286470002549,0.127157133145577,0.71176353676466,0.664202946011613,0.34998596030934,0.400158238768669,0.0213408590336925,0.648249728906737,0.838345703199875,0.709260617398163,0.717302849643984,0.664451547023101,0.677863436531144,0.322580377255154,1,0.833591182697981,0.721053365522256,0.756148764714418,0.786438340819216,0.741993725887904,0.857980739056368,0.736609405274032,0.730318701307143,0.330551511875774,0.556928479081777,0.859861615832837,0.756449626686578,0.699331277371783,0.839660261230494,0.79036107094824,0.81185297534324,0.653818914239539,0.485629651225352,0.0311715896497997,0.353984371664782,0.648874035502124,0.284075045078276,0.620428759619696,0.457436375393564,0.19057389164258,0.429989543602256,0.825126519691531,0.439401337525593,0.560094270793215,0.374986583132008,0.221437414101809,0.10148245455588,0.846918197930937,0.848080623518548,0.554872350693101,0.406270084429133,0.543127830313703,0.521909005496538,0.723741689399296,0.775025269370949,0.858311372914485,0.861676652272341,0.818091860239232,0.84353815371416,0.859342353980273,0.788776056152641,0.622681266151163,0.740538039243754,0.557138645544054,0.589416668103163,0.64728153127163,0.633056588490916,0.720239670569717,0.56356893760397,0.726131961294063,0.519854995946866,0.250303191327703,0.270913950833774,0.139248818877473,0.0673668550222679,0.331286304474805,0.325527103603026,0.0894156320860843,0.747302108164264,0.707964113784333
"18",0.53014319562108,0.0664035279550442,0.644964417914654,0.288559662752715,0.760942414744629,0.832241353535717,0.368049621913409,0.276688285979306,0.21774402962191,0.531558594815826,0.745927889597976,0.775021360081169,0.774536933465713,0.78353726290376,0.727713872872516,0.461489629282257,0.833591182697981,1,0.618664393431049,0.871026247023692,0.778811347299453,0.817354008156723,0.819204284382462,0.710932128696392,0.722049897876847,0.294052533208925,0.360170425726726,0.840441058883295,0.87043088859948,0.823915808928043,0.852032615490047,0.889499532492393,0.779186279088961,0.66082656211313,0.413016902665328,0.0438306658772344,0.318505775264435,0.718480400784072,0.221097894401087,0.625769125322162,0.363812173623791,0.271689610346548,0.601057274238595,0.797063608881189,0.515089487122375,0.533081557206462,0.35061687695292,0.297497985867908,0.181286568397346,0.887046023393568,0.858527045298172,0.50563393765576,0.48051057878865,0.42048990199019,0.544186405910656,0.758282540809946,0.724511572761801,0.860873612295724,0.913203126336175,0.87399993524903,0.84693627227414,0.905770055127744,0.879147301405821,0.715030301912182,0.757758151041868,0.70056547090421,0.70679216101492,0.597980304456037,0.624815732393136,0.730224565429704,0.540615651993215,0.662717962881676,0.599820345191296,0.0910045536773693,0.251114089273784,0.199380640029369,0.19026432175013,0.355187094119634,0.455330319526321,0.0694403263915696,0.694290204028953,0.807370467315026
"19",0.545028609343715,0.117290278879177,0.397382338461198,0.056838495535013,0.485216530339365,0.507597145464276,0.363369136157212,0.372328710118185,0.0593726874603281,0.628812170093181,0.700220557901026,0.528423178453485,0.671671405058474,0.493478505714361,0.485424779544691,0.194212796385334,0.721053365522256,0.618664393431049,1,0.556926941558303,0.660729279952248,0.556477960107794,0.750074348793094,0.636231535327621,0.56724027039933,0.311493778281147,0.539626726724683,0.728367509017339,0.53700135886247,0.594837282336083,0.683228972809221,0.544429084297271,0.75781212832373,0.520586995190665,0.314401595089082,0.135296769519926,0.289962293804108,0.44960866456008,0.176943041514547,0.571068821752413,0.481540969968637,0.221127233072955,0.350082255940405,0.74698912790405,0.344073831864391,0.438827355210397,0.319858422643064,0.219397947602068,0.0234724916799971,0.634883410244991,0.657313147818101,0.515138857466857,0.16158308008244,0.505123155088961,0.545507589079363,0.502515305492092,0.736885067348257,0.736797976770705,0.720174568874379,0.704608713392237,0.692976721137144,0.629265055733888,0.661487028357238,0.559436247036457,0.643967695117026,0.365120756022571,0.416006035363242,0.426175115613736,0.514859947701563,0.642367493170685,0.463757520891713,0.637976873299471,0.471557141621033,0.288083254441445,0.269528719574784,0.0661429634744844,0.121046948240392,0.472568377911244,0.101976721754335,0.228446556892793,0.603515709931606,0.53886938064113
"20",0.493817463242206,0.069822832246422,0.592641954930962,0.296795369257575,0.736718665403868,0.755453395981411,0.341320531285914,0.286761058285258,0.176461877928026,0.501659325026709,0.711079172755392,0.719076319214336,0.754556465378716,0.715721317628898,0.647967493261429,0.396029635117704,0.756148764714418,0.871026247023692,0.556926941558303,1,0.756144160434123,0.779022513946801,0.751161869791734,0.678442806453737,0.674156733081478,0.266109502591032,0.364461357143849,0.795233916315743,0.808773480162587,0.741930235281018,0.772812213153359,0.843694393298364,0.742281116960524,0.596100527391058,0.362110384567718,0.0222071395193789,0.326359370366788,0.694507881199132,0.215585537879357,0.585142460201202,0.336353650619798,0.256545714724196,0.563762425963626,0.730548461615776,0.487305447910969,0.453438231007968,0.337207460403101,0.330290515844192,0.1848075348559,0.846735817558488,0.812419188315947,0.443809471803699,0.436092418431875,0.379934654626792,0.521229296203689,0.710836648629653,0.666374141139719,0.799108555793562,0.853195474380553,0.827395576732334,0.818622545659943,0.835415973563395,0.784755485094944,0.691058963749484,0.678620644320886,0.641955654427646,0.680888991283233,0.558298848313805,0.573387880744926,0.668525796423676,0.520240593878985,0.606493454195746,0.519858888842699,0.0853765690521407,0.229836150461242,0.168157071025438,0.173538543865996,0.318711260853879,0.405215521648157,0.06112918232268,0.683872913046114,0.737621084702212
"21",0.518974662241017,0.0289885915217068,0.547345129581282,0.244503139974503,0.698888437116776,0.642875144992728,0.370199665863956,0.322709770513599,0.0822282354345526,0.575537969516659,0.760357790570843,0.636619107926149,0.703360544759207,0.61383993182272,0.629759356643463,0.280978943746025,0.786438340819216,0.778811347299453,0.660729279952248,0.756144160434123,1,0.702236623733621,0.772679185318231,0.708574920491937,0.658344802780817,0.347281722543527,0.468603980432603,0.783328903846061,0.704071173612432,0.674718725757636,0.764041571331265,0.740780142872038,0.771707690635347,0.574816709333969,0.434689570919813,0.0625627521223762,0.406052354878355,0.604420193827316,0.189168789238063,0.593289392206974,0.455092767382302,0.265297060273955,0.469125293705497,0.721835458139556,0.419783256975037,0.429805512695355,0.285957985764688,0.182880006235869,0.112631735852276,0.792245914940827,0.789998884659004,0.487598966329976,0.357262230159499,0.485023696473499,0.503792693910728,0.72115612128959,0.724690278259848,0.785536425895218,0.796784040344855,0.76798970034601,0.823785021473302,0.781956545149098,0.718254286656021,0.646064125312656,0.629858313164915,0.545680725840871,0.579893502762415,0.563994690568359,0.577042520581852,0.69681172892014,0.592965688614769,0.673368629274626,0.475795436127529,0.163738867976573,0.248604953474477,0.107906205304924,0.137903586680981,0.341958429575547,0.241218795596203,0.143640531225891,0.697028224723896,0.656636971964632
"22",0.50748291275589,0.0851752048921714,0.552513456299307,0.197699083902899,0.732251593070682,0.702208446711523,0.213099309587889,0.304137978416258,0.1806831979009,0.552149266543197,0.708106373770261,0.730350822269797,0.725582731142609,0.684695203165178,0.646874596876401,0.412278285327215,0.741993725887904,0.817354008156723,0.556477960107794,0.779022513946801,0.702236623733621,1,0.770978469047887,0.633742080653391,0.64139748598636,0.244698007695717,0.423031135463915,0.760840706234035,0.753483854617408,0.665516085691921,0.768781243895472,0.781933541657835,0.751360397978794,0.622553146166839,0.36204318179831,0.0806496802770391,0.328087934969738,0.638877453901823,0.310630309971363,0.568124069111258,0.337571954336988,0.269684162231886,0.53344333454096,0.756785101112093,0.432225595497882,0.500382897247778,0.371843289597684,0.290398857771892,0.162089867918233,0.813591889755121,0.79174638978634,0.454035979993337,0.438483421617959,0.356626190328812,0.475447423705972,0.688201350598942,0.644208314047456,0.786264026291542,0.830071101913205,0.812169678875841,0.759388289306034,0.79840342586368,0.743255883809421,0.56168761768482,0.711026808332431,0.626818476104487,0.639364988540356,0.582376372853926,0.634788384837185,0.635315458079309,0.497255742531028,0.60179957314874,0.586383352922598,0.0777342703075834,0.181196786254078,0.21969076138693,0.181136587039842,0.339244162619028,0.357199320904839,0.13015788634264,0.650564893838281,0.702938253034739
"23",0.598344451182869,0.0394077337352325,0.522538347160519,0.130404235413559,0.720680410291723,0.657759759792719,0.296713424383852,0.407563987870844,0.0544229940484153,0.700069848192694,0.819495217177806,0.696278532169958,0.761536689284805,0.657992876630235,0.66908419739387,0.356442142057846,0.857980739056368,0.819204284382462,0.750074348793094,0.751161869791734,0.772679185318231,0.770978469047887,1,0.716474787051848,0.719009239480946,0.327218787563714,0.609182916538681,0.865038019595563,0.745826739676527,0.686899868870417,0.834374203469873,0.770481085641099,0.846706754696377,0.692490887873179,0.443787383806882,0.0729210165424237,0.378759543914486,0.670294337129682,0.289202897572166,0.632138421173406,0.451006102244483,0.246080500925995,0.51513822390221,0.849123018432022,0.416817145521679,0.572359064039813,0.363299828726755,0.244580425085987,0.114990021954063,0.835099199386566,0.824971967761883,0.565190061518952,0.370516494516577,0.52291722564509,0.557525162416992,0.707279932580352,0.781864730616769,0.871581013285143,0.860515808027509,0.873188479073363,0.824698995955103,0.846497180439419,0.775197081325699,0.621443781246196,0.774340383977138,0.559335654029857,0.573911658685013,0.592325559228551,0.670518786167398,0.736486056399704,0.537323450223312,0.736960180105592,0.568941028923786,0.219166579968728,0.259766388199134,0.131793820732292,0.137381622644248,0.460492843216797,0.317596815410467,0.133423154753795,0.726988313786242,0.682270159018672
"24",0.484099643919187,0.0250447081853884,0.479741508977913,0.209309086694829,0.559665704680786,0.569597266353921,0.367903794480656,0.311306289671947,0.113596916979089,0.562276326352813,0.640208333861293,0.629473910491768,0.660949443662438,0.593929022399634,0.595157769635887,0.273648643867084,0.736609405274032,0.710932128696392,0.636231535327621,0.678442806453737,0.708574920491937,0.633742080653391,0.716474787051848,1,0.506447421511979,0.320560146810843,0.438708534629345,0.720738678210215,0.682251781407717,0.705555286280498,0.715495340890011,0.683132012236871,0.722801646403811,0.515601408659689,0.398047235686129,0.0231553910020313,0.308515156832059,0.497561509852118,0.141290184383838,0.539795735305072,0.444318174289655,0.16884276537656,0.357184160628422,0.661102477628157,0.455437742894872,0.395807930318704,0.297663915896006,0.246308992170232,0.0539013012321959,0.728227023679274,0.743591971415668,0.463473915722421,0.293964784446227,0.419684618087036,0.461074297425311,0.535140984566943,0.71647329458952,0.735840490767506,0.746517264866807,0.683283666336995,0.744091278525974,0.714085379321336,0.684655030128121,0.61655189050697,0.672761786603102,0.431181199106571,0.544376108852754,0.523481272613595,0.496231168118874,0.627429495340431,0.550434101209733,0.621059869300492,0.516342007247702,0.237800444950196,0.345182291473107,0.237861182989773,0.057744381626858,0.30000077621581,0.206277565908136,0.17594011539966,0.614800692162939,0.649306400098518
"25",0.466330233934991,0.0869379723643562,0.556362502605497,0.166295077364487,0.675297551420664,0.632244854447965,0.26799874806015,0.248953942744967,0.10652326985509,0.395962955278294,0.703022343680084,0.596002528933179,0.60746258859733,0.529247634196653,0.54520609491787,0.343317828335586,0.730318701307143,0.722049897876847,0.56724027039933,0.674156733081478,0.658344802780817,0.64139748598636,0.719009239480946,0.506447421511979,1,0.248492171527105,0.476314584987689,0.721981395456287,0.626406473664684,0.512523409343325,0.662733164224742,0.71032184273611,0.678805717674978,0.476946530633593,0.472005286350687,0.0613194617417579,0.270408286976671,0.593312265613539,0.229584407821407,0.507948309465758,0.271432250803432,0.28716278056012,0.489158307483411,0.712621216952982,0.376516123355228,0.465640161383546,0.347667227310465,0.153611916308993,0.214726450039759,0.718702818983688,0.656593417488419,0.493547812511807,0.435057550490407,0.404265410583398,0.463874992822639,0.629484593459578,0.584631895660848,0.699232717381229,0.753774123292197,0.73697849690742,0.638021648785791,0.754738120534141,0.649161983140626,0.489776628741637,0.546180649859957,0.584856941269865,0.538833399584382,0.442485365882775,0.519559638139418,0.522609922868192,0.381099018542736,0.523072044393953,0.411730176981546,0.0648977262909023,0.121958989680498,0.0107494204015307,0.207687656424943,0.318377964944822,0.4363683733983,0.0275360971580218,0.612353134349759,0.640108839152884
"26",0.309633145701931,0.152087321188726,0.172059316086719,0.0286297303893088,0.233133095879142,0.24542758077552,0.154044353239661,0.207035357188382,0.031925626320434,0.333409333504032,0.376746760240025,0.273576920170241,0.366588590427421,0.22724832053145,0.232282902488191,0.0138001695575935,0.330551511875774,0.294052533208925,0.311493778281147,0.266109502591032,0.347281722543527,0.244698007695717,0.327218787563714,0.320560146810843,0.248492171527105,1,0.317917923165823,0.291278607633511,0.276591570500586,0.307410397410532,0.32265051921655,0.239869637295448,0.335045089106845,0.232617207206596,0.25482888429773,0.0692526649534828,0.261609947925946,0.237525968585595,0.035628578840607,0.228217181910034,0.300986968259032,0.176984882657419,0.0323492022192832,0.331995517804958,0.203363804917674,0.148666493197556,0.148201394697035,0.0248910739538042,0.0371480496339483,0.301798889028151,0.323917754498034,0.321999409382483,0.119373034928879,0.146383938302087,0.269955128515218,0.234471539829752,0.340719647421378,0.314907815552901,0.330810946383577,0.296550590611236,0.327032183600799,0.294944857576178,0.346743719791899,0.23962308524057,0.276450530277271,0.155976997143842,0.175574586745345,0.328676006330544,0.231539302471476,0.265469696358623,0.273339884941694,0.302056542181642,0.238190757639963,0.0466349004439284,0.120291987716631,0.0645210666118877,0.15600663785838,0.21986278999095,0.00339377313172227,0.124253281061093,0.281465536625417,0.191301877558775
