"","1","2","3","4","5","6","7","8","9","10","11","12","13","14","15","16","17","18","19","20","21","22","23","24","25","26","27","28","29","30","31","32","33","34","35","36","37","38","39","40","41","42","43","44","45","46","47","48","49","50","51","52","53","54","55","56","57","58","59","60","61","62","63","64","65","66","67","68","69","70","71","72","73","74","75","76","77","78","79","80","81","82"
"1",1,0.167015304336627,0.0545603919840842,0.164442810882351,0.31235529597727,0.311028435013397,0.00872647106649323,0.122817403570932,0.0363871118106007,0.117319092557089,0.324453618548685,0.280597467496698,0.319954847116614,0.357821692872351,0.414624398683529,0.298718564150298,0.379188465841609,0.347453053357785,0.296506897541461,0.364495361907799,0.314673040187811,0.345683092142487,0.361865907305443,0.351226228004722,0.342100582891678,0.148122526380978,0.199833956015381,0.390043680240706,0.466083945733859,0.347069548326409,0.337892960260304,0.369010314131548,0.326382463819847,0.358223442076792,0.260163421117392,0.20241295623718,0.277812792296405,0.0552528334691165,0.103206280438741,0.207330695002643,0.0692059871270846,0.415255080244481,0.455577539663693,0.247122921857928,0.128590439153171,0.236091660771768,0.133994617899445,0.0557775518831702,0.111730416690719,0.391763988573093,0.392075988610899,0.0489922429953494,0.335337121131305,0.380662565577674,0.0802952326469863,0.405050353030918,0.34268585231711,0.373490585771714,0.407017625132102,0.377576626325058,0.386273853284559,0.388130936987518,0.384999843045023,0.27983990745542,0.212603449848729,0.202686991813691,0.392743852134086,0.367534499906351,0.292756652936407,0.388593664402601,0.339384210760164,0.248348282403472,0.307958075200778,0.265435006762761,0.271177048905338,0.110486123399738,0.00513663389162421,0.224752251669247,0.311678053417591,0.107736166191717,0.276335369088166,0.361907113005817
"2",0.167015304336627,1,0.290513301271016,0.397269075065773,0.0208665107917621,0.0246280604342127,0.339861127360702,0.131930840156941,0.0763536012512347,0.117684697420839,0.16623683999732,0.0948951299144108,0.29289070549238,0.357065589749702,0.303562673547532,0.205391997732893,0.359842727916195,0.140753986446579,0.270915171531247,0.377500523034994,0.312863534224541,0.187554338919359,0.299672138274478,0.23538092294613,0.171645892496112,0.243117032213722,0.309196081632911,0.362025490057082,0.320763906594242,0.330197476712332,0.35183884374054,0.0485926071026141,0.321927162117012,0.272430444746328,0.429482996307546,0.206939731151032,0.474725442355801,0.244038347848346,0.113572141875449,0.155290302597334,0.359113684324317,0.264941562762295,0.22384173472635,0.239710653491943,0.299115745101315,0.307781699590462,0.28423015231053,0.0651748654448345,0.134084610729194,0.323049947733247,0.271664992719411,0.160591355514662,0.0624472269044233,0.242754199305578,0.212234093959135,0.160065880108459,0.439937194794812,0.199255647640188,0.259819245402819,0.225946210375979,0.248379287550821,0.378396692273481,0.152189489374831,0.336730048613392,0.132158592246061,0.204611259172833,0.0679862143661151,0.426651030822825,0.109500031188052,0.103785183070457,0.312640516575755,0.161777458688856,0.261835794587345,0.335374335512284,0.238752077195161,0.147544361488125,0.199290176647607,0.432420601028489,0.124201936601348,0.5155541820741,0.152257684470337,0.325372948384695
"3",0.0545603919840842,0.290513301271016,1,0.391712289274856,0.362915771462395,0.415042764235112,0.469188970398282,0.0018646544892012,0.198576199812386,0.141279103803964,0.329571775599673,0.338106387206613,0.064715357690185,0.0753302403528949,0.00130383256026756,0.0135796684852332,0.130697297494036,0.351159692309135,0.179775266751464,0.12465977928687,0.195697081885123,0.278578395848319,0.236731557664572,0.156014972254327,0.195788019959934,0.0275784049191548,0.00808515335622493,0.16626239706783,0.140359018239216,0.1674984621222,0.110261088993742,0.429813087239712,0.202532872725949,0.232823441999803,0.0854372044045559,0.0962687024725434,0.427828817358585,0.333225260452985,0.255125839260214,0.135795894444983,0.0243210929290748,0.0358297137672474,0.0167739793561469,0.267880440077424,0.110446254072554,0.0370618571226068,0.411865944794563,0.144650616763874,0.201418216227963,0.197321395855587,0.195872543481806,0.315237764971499,0.171591594813015,0.0928848326128248,0.102223592404659,0.147729895445075,0.0130875893732906,0.291432390020618,0.292845771445306,0.33838697816273,0.272117009398169,0.166997364382162,0.376880751544363,0.0654929302536442,0.236687522637422,0.482141148587707,0.307540354564997,0.0311317909208997,0.0551974688935888,0.254720096592869,0.0938307309854949,0.246750841956865,0.0644925776542373,0.277769530500106,0.00692909038155386,0.131982330360035,0.00975388338721113,0.0711249765907934,0.115235398495133,0.311055739196839,0.298456120907033,0.125228019083945
"4",0.164442810882351,0.397269075065773,0.391712289274856,1,0.0138429883278011,0.0389691508609459,0.383054528877875,0.113856098674653,0.0574752139654367,0.0711950890161019,0.0219410129444322,0.0397580941441367,0.348769241873332,0.260740450708773,0.309180351059909,0.107004156479561,0.31983832303717,0.0504712585853111,0.208851021754902,0.24416613122472,0.154422808845297,0.0997902989210134,0.232629337988177,0.236301608213208,0.107663055333153,0.168462911515956,0.308410174135636,0.277668954121592,0.302501508951183,0.253579936102783,0.243625015958276,0.0429587547365999,0.200056444853529,0.271410693868983,0.284399368267785,0.218035040865399,0.556996964841329,0.296476283748795,0.130838854074559,0.0535611948818232,0.226589768718273,0.376952134160381,0.427258109464387,0.106964821629799,0.141422653244768,0.29761566488886,0.387152942079602,0.0429649924552379,0.128425777968934,0.290507684113732,0.264158326379812,0.159443027748868,0.0788319351516095,0.242578944761849,0.0113082863770204,0.187477182196314,0.448941848696857,0.160857640651393,0.161414165742062,0.0610626674844462,0.14320973084394,0.32142239479697,0.101151956374349,0.364752962691716,0.0227343710233695,0.192899863330132,0.173052476574417,0.366588979104424,0.138585135949878,0.165888678896819,0.30388454669642,0.0193386934660413,0.191032470715973,0.429182166493077,0.328340498039171,0.253708186485001,0.120081288075735,0.355788298193015,0.0892346903967164,0.424767891937761,0.0154145903493454,0.270022128399082
"5",0.31235529597727,0.0208665107917621,0.362915771462395,0.0138429883278011,1,0.592847039533668,0.0759809245626496,0.170192721806822,0.0749301317342429,0.187096288993494,0.579106797218869,0.542330554702542,0.454542541734786,0.391641899884853,0.364312025171849,0.302213149986119,0.597285112229889,0.672213229123725,0.494073610114441,0.57364166565561,0.516115696323326,0.601583348353515,0.606293734107497,0.54572568077228,0.431674866463075,0.36341268191494,0.312514494019319,0.602521013136547,0.617812985057792,0.516186793794467,0.559452959560508,0.599315917239042,0.599358621123397,0.518922638792073,0.408641573464153,0.239176221099343,0.162205778282444,0.270104221480518,0.266300860290367,0.478944159936103,0.264990798284388,0.275572544015406,0.42504698199449,0.579478192684881,0.302799462248183,0.46182363937553,0.0696714129909243,0.0465306197522968,0.234391569138197,0.568924043771087,0.564691279629429,0.287169254216242,0.446204682240491,0.382099838925289,0.351356349383245,0.607688752896808,0.465193055517213,0.590273226764524,0.621834564549835,0.590571719777741,0.611745774090653,0.606164620953046,0.669827752686078,0.451649865462749,0.468345009941386,0.464610636947613,0.46995358932997,0.490166886800506,0.511622150294793,0.576687739969506,0.477295848230181,0.507679125568381,0.380408860267665,0.196944826619134,0.282910818442074,0.0401990623094509,0.0408863828719004,0.285101154154615,0.444719896491177,0.0688478376266556,0.402144587167696,0.571819742318052
"6",0.311028435013397,0.0246280604342127,0.415042764235112,0.0389691508609459,0.592847039533668,1,0.266108559105736,0.207409079139397,0.112093478799169,0.21244768293665,0.714992860743171,0.670844130494567,0.450388034389165,0.492977878475843,0.523273611067879,0.417012885477904,0.642955507746475,0.8117080803691,0.522250452045424,0.597042081572013,0.576023266187137,0.68832983223519,0.681373128366961,0.622526995199254,0.564434960524731,0.390535652225704,0.358213817373286,0.645823416540777,0.695895995599572,0.610363447002762,0.618565834647858,0.754098758677341,0.688388646139942,0.619092406521371,0.40064808042126,0.193692648932302,0.0685969514183272,0.380947130608337,0.232866371484061,0.589416031683755,0.254246468869754,0.398200489285991,0.427930707168943,0.577761662580572,0.399847939879103,0.541122657019678,0.088193967385172,0.159119391088181,0.262172690902533,0.683253077564539,0.730178791273863,0.312018477072813,0.472350800186476,0.476025941226105,0.344223106369808,0.673463854153889,0.477698099533873,0.739346758893844,0.751553143313559,0.721880372434613,0.730974331217719,0.663884214995159,0.74106871025972,0.498953924340081,0.551501939101108,0.576109252244995,0.65150615603274,0.581086936488254,0.523531822464322,0.669673219875963,0.575516391589896,0.539709731352935,0.485099182146395,0.125680065390551,0.272335548011171,0.056056962773691,0.0948035925934933,0.373766155776049,0.515823783979027,0.0237452532313483,0.530036055568515,0.685719568143341
"7",0.00872647106649323,0.339861127360702,0.469188970398282,0.383054528877875,0.0759809245626496,0.266108559105736,1,0.0419154829313027,0.235665245096745,0.12158183110391,0.0904200308902784,0.28705420538453,0.218029739524634,0.00311087803993526,0.0323200530472791,0.0623570854815162,0.157859458269199,0.194694836768994,0.0061396504647088,0.171728339399369,0.0233853916355921,0.152039042224518,0.0342042085129352,0.000495870907162796,0.153484598974334,0.0560805816737606,0.120499726926637,0.0608698302147246,0.00323335378313456,0.0228422450320252,0.130776666927793,0.295522412025042,0.0900639541733482,0.0599874046831586,0.252181220059466,0.180358045601993,0.43265007129617,0.228880977764135,0.0222293989768771,0.0409626957798862,0.21886525695185,0.118658376412737,0.0212590059070335,0.0166594148373909,0.0515729549267931,0.0971997378464818,0.370086806028223,0.249515101950136,0.1744535195058,0.0121361694325371,0.0425698251618298,0.258571507708265,0.228620802458163,0.100943718988163,0.0421419023200468,0.016824864192605,0.290565711822387,0.0851850914359873,0.124604129404392,0.187729906245285,0.0576212311074776,0.0979312304425421,0.241758698384961,0.219286007400458,0.0724654576738389,0.460755905625099,0.261328000499409,0.102595011381158,0.0107792982967395,0.0574278462202561,0.0151214732284617,0.0501899885015408,0.0355576389118248,0.153691627026285,0.138366701028941,0.145409784438338,0.0323473120720415,0.211593105564219,0.13931319238232,0.426733695351237,0.232459754899583,0.0827779666513041
"8",0.122817403570932,0.131930840156941,0.0018646544892012,0.113856098674653,0.170192721806822,0.207409079139397,0.0419154829313027,1,0.121489761983054,0.155419512194305,0.281612206173778,0.37396375958923,0.265927376693974,0.358991874634531,0.248396496558201,0.201957163731614,0.361808472897915,0.347714241140405,0.298414449068739,0.262603381380078,0.24094467328399,0.339959952088476,0.315702360449381,0.429902804389925,0.288333891492914,0.295156432215093,0.233367625456978,0.378903267346984,0.347294165964959,0.33201215072188,0.386280330314413,0.395493922601406,0.343707282957419,0.34168439771608,0.178179787672301,0.166879399062355,0.221290577654064,0.0461904082962534,0.0565627985840118,0.0616547408812032,0.173774723029815,0.249345161020548,0.316957274259401,0.314294658816696,0.270171395415922,0.303441295241285,0.0858324165167987,0.148349889598329,0.129437072066448,0.33840434260645,0.407490726920161,0.276624712241655,0.251808427186625,0.255446666058558,0.0216579035136327,0.260470871705352,0.215837596273936,0.38050581607057,0.414401351131035,0.37623609170888,0.321569374072191,0.310153937821024,0.322325796082702,0.198048462468249,0.304472417319165,0.226935341735982,0.28945259418282,0.244459442627841,0.210019412473589,0.297221246803524,0.275553654475461,0.111062449413541,0.240042304060172,0.0584575039407823,0.156465224027251,0.109098191074035,0.0344051924717906,0.217250011785268,0.271271594080285,0.13754987759566,0.298189760604938,0.249811052292918
"9",0.0363871118106007,0.0763536012512347,0.198576199812386,0.0574752139654367,0.0749301317342429,0.112093478799169,0.235665245096745,0.121489761983054,1,0.183122415036593,0.0856854476234336,0.240037933232127,0.308506953211173,0.286728965486186,0.15748966893661,0.139551221171018,0.180954129529387,0.239007882009445,0.465098615680811,0.192887770920084,0.277448778800275,0.151259688092523,0.24989656848536,0.0636120438910237,0.170409603946197,0.27922085192872,0.333102180130052,0.236033458195957,0.161236730234076,0.313496975168386,0.247477433584991,0.142893979741724,0.133001535288027,0.102363451339354,0.0940463522965413,0.000378045341331351,0.0572459233522041,0.0774432595917109,0.0256867591843191,0.136100724903486,0.298498189053586,0.0776856080578119,0.173595860177148,0.123344414225977,0.0969972834446444,0.00508909604725917,0.19968386755251,0.133943646093586,0.0768629635896757,0.196594781969674,0.149292472377343,0.340752122373094,0.0249721169091759,0.185222706492555,0.114524107459647,0.0420648492770414,0.189402741711223,0.240819664617003,0.234512548575656,0.235502499819026,0.155621290275677,0.195220968703431,0.291081435891177,0.242834094583138,0.142595826597929,0.0738376146854652,0.132285032861683,0.103417318244058,0.149145074106562,0.0544255345397671,0.112098732333758,0.158639407878987,0.156691374901951,0.0626485556639418,0.111022195154665,0.246239253560065,0.242896288970886,0.0296390321771002,0.0241717587802298,0.0330220261908003,0.0946673578714471,0.0225118695830847
"10",0.117319092557089,0.117684697420839,0.141279103803964,0.0711950890161019,0.187096288993494,0.21244768293665,0.12158183110391,0.155419512194305,0.183122415036593,1,0.31795825480282,0.33897770298523,0.258866457881732,0.302453456716499,0.181193029530588,0.155231733767573,0.351436898488677,0.382070661451609,0.338427099628236,0.284646245483152,0.39846513103007,0.314526322153491,0.358363995688621,0.260133597129188,0.223190253900432,0.216254293850551,0.187045077073944,0.340914579559842,0.288255493126148,0.391902797403373,0.362508479382014,0.300774753111583,0.322905506739972,0.299758875085216,0.294008082810569,0.0563735055266938,0.0223814879012893,0.0515206407150422,0.114073949801239,0.18684793333678,0.340686587663797,0.145315911957484,0.108179804258593,0.334614202452728,0.249976714143277,0.249345019485516,0.107886329558275,0.105389460118577,0.0849992432328287,0.313872659372106,0.291883573456384,0.364008904421529,0.082601078950825,0.177028078292868,0.256962316357491,0.157504978148702,0.240218325550753,0.360467876262834,0.35604692126164,0.370711744806581,0.298269472805848,0.344865756818543,0.356727076669395,0.231335858388214,0.359364947060893,0.278677225912443,0.169478973213994,0.273520220526466,0.158060656951344,0.220679081082781,0.218761964137682,0.317056599669125,0.235883019970629,0.0578425747264628,0.115942206487975,0.0438584887394454,0.283553652507607,0.227655187825515,0.221577199020681,0.16962937527976,0.0762837380288734,0.215629766888097
"11",0.324453618548685,0.16623683999732,0.329571775599673,0.0219410129444322,0.579106797218869,0.714992860743171,0.0904200308902784,0.281612206173778,0.0856854476234336,0.31795825480282,1,0.716584627947115,0.590224768496205,0.598620883973326,0.61752881269041,0.441011953825516,0.76382716685306,0.842477999746488,0.564923878960382,0.740239764828891,0.711847439252558,0.778594969111427,0.787344798627429,0.743994678218365,0.614090522136185,0.410976420207962,0.428259906113185,0.755593683961688,0.791647250986821,0.689032371398356,0.739540600476823,0.78054071980966,0.768638374625927,0.726130607256349,0.58340771644699,0.264473848672304,0.194366574734098,0.393655074515026,0.247194911903952,0.56957913193229,0.368595137229935,0.45701948332889,0.459684340012656,0.738418637370492,0.43863130664904,0.621317408244218,0.0758202694210433,0.101934062583307,0.259934098387369,0.771898865302716,0.789523477846292,0.375704869554993,0.427738979070745,0.568014540206829,0.426654944466314,0.721752026914485,0.612408683739488,0.782296287319202,0.811127764379363,0.78557254634811,0.827807181104108,0.777988499648847,0.745174907774802,0.545454885411643,0.635899985413916,0.577177170582002,0.637752964365028,0.643284042046625,0.574446709841038,0.703731767897492,0.651887597874836,0.574118494540615,0.594098722825632,0.102897375205078,0.350276444101965,0.0344176586062331,0.00734560464347269,0.519705449230531,0.567811667452146,0.219013950096815,0.483636790353795,0.764111572979241
"12",0.280597467496698,0.0948951299144108,0.338106387206613,0.0397580941441367,0.542330554702542,0.670844130494567,0.28705420538453,0.37396375958923,0.240037933232127,0.33897770298523,0.716584627947115,1,0.450690387929882,0.587582806532292,0.566206129782652,0.425324376679245,0.668939399009322,0.807119121596165,0.576508400872885,0.609801789794409,0.623213256059022,0.724465277712065,0.706419235901974,0.630582851956513,0.680172619179149,0.438072335629957,0.387392620110158,0.715394036421461,0.714569591387114,0.656129430483558,0.640232019007992,0.770326582086344,0.685043984481918,0.656178002072458,0.411966839075018,0.231470230490248,0.167118004753861,0.31658319724586,0.155183782185746,0.489650149841996,0.329944232893877,0.426906983040543,0.469568645055364,0.59112805645644,0.444862886582865,0.57496398378937,0.0605902800598708,0.261220077867515,0.214907050771094,0.699955023966665,0.750442790267259,0.428422335512779,0.517333573332853,0.469164912490691,0.2607201662725,0.61441778700294,0.467524250231892,0.746267637264252,0.782124789796502,0.780568361788037,0.759708592593167,0.68134765061968,0.773857244330459,0.459371985893546,0.633928986965522,0.579665754379521,0.60668993836221,0.56635050163876,0.453083999696323,0.616095689845851,0.550413174815445,0.489051401310671,0.539964934111547,0.154772854782512,0.287737312577188,0.0574599858588921,0.0214614181940509,0.45255372187651,0.530173960158469,0.107870921604792,0.517101894489102,0.626503173638047
"13",0.319954847116614,0.29289070549238,0.064715357690185,0.348769241873332,0.454542541734786,0.450388034389165,0.218029739524634,0.265927376693974,0.308506953211173,0.258866457881732,0.590224768496205,0.450690387929882,1,0.613827113884547,0.588355236895374,0.45553731569744,0.797740801622969,0.631650147423922,0.711575019383131,0.729288186429469,0.702608705606421,0.585111986525484,0.750520423496973,0.61246430739227,0.438995834507093,0.376548842519447,0.564218310885135,0.723708676918672,0.699931613117724,0.725079331670747,0.780598145183324,0.483223116751744,0.677520935023979,0.595392290211035,0.620598084078116,0.321817188974014,0.448145657626737,0.0340195724046775,0.24870622330018,0.433761282448885,0.54576974442755,0.554274434959622,0.557836478223096,0.628377976420898,0.339579308277015,0.514137996610238,0.133580968955335,0.0446757080816165,0.123512154423523,0.685007340779919,0.648844274700641,0.173482510048694,0.20673078725001,0.622110471682108,0.294905760094318,0.537262223721555,0.772139111287401,0.667396028303729,0.655425402782908,0.579411442439763,0.643342512061453,0.775864382757584,0.60171028265592,0.756856118068992,0.459272289137441,0.167802924045763,0.471262801416536,0.589671632632628,0.351727433233879,0.551648950753694,0.546830284732324,0.50111151274681,0.542001393525256,0.221144127682549,0.472951485876048,0.318755954586842,0.0724755703482338,0.477100728794035,0.309751115991396,0.450277588626946,0.338016944638187,0.623219972541957
"14",0.357821692872351,0.357065589749702,0.0753302403528949,0.260740450708773,0.391641899884853,0.492977878475843,0.00311087803993526,0.358991874634531,0.286728965486186,0.302453456716499,0.598620883973326,0.587582806532292,0.613827113884547,1,0.636719144842629,0.511189687333455,0.773030835645302,0.71635850819891,0.651850468837553,0.726911550392726,0.610397298797476,0.624879706095524,0.762295885037075,0.621037656335203,0.592621493215874,0.489326084176775,0.618620768848202,0.756663165990561,0.761938722925323,0.744569139497566,0.711580982647412,0.58228353146455,0.701109910442434,0.638630821289722,0.559331269935214,0.292381494975335,0.426642864581835,0.068498734184533,0.0277503149423435,0.43230405546825,0.443593735261123,0.513075805015336,0.530348066372716,0.582877140345699,0.563471075721712,0.60371429640905,0.202331679791437,0.0990372327590211,0.14251142106216,0.771323806113261,0.749688865607386,0.384100827260515,0.345170783491256,0.556286401781447,0.323918059888291,0.517208912152954,0.690020488995516,0.691201732042162,0.751320948475803,0.651473315203117,0.665347226617096,0.749601830873938,0.666833592010387,0.678932288318756,0.494055833859456,0.297809366688242,0.535436088472705,0.712363403414232,0.466681441908183,0.604905799464257,0.652308007202863,0.438798624960008,0.629659327421441,0.246351340983953,0.409942912771934,0.177268513649997,0.030329369821474,0.536215223377776,0.414135980102772,0.391598137763191,0.364660627106698,0.680968059231852
"15",0.414624398683529,0.303562673547532,0.00130383256026756,0.309180351059909,0.364312025171849,0.523273611067879,0.0323200530472791,0.248396496558201,0.15748966893661,0.181193029530588,0.61752881269041,0.566206129782652,0.588355236895374,0.636719144842629,1,0.472823537079794,0.698699741012303,0.657644197425745,0.558015937375165,0.636478780310202,0.585309435878166,0.602186544166545,0.670011201287085,0.601216545980525,0.542587757436289,0.402483480105989,0.471821360997482,0.65204667790342,0.745655651808881,0.664814849817129,0.639158691488363,0.6077231622408,0.616287688764908,0.588108439422099,0.45281999087227,0.282171790266553,0.458715475103953,0.126709718980588,0.145536601314543,0.455601746218637,0.344213276016059,0.590352410816038,0.611405726874046,0.493407413141347,0.463208600144913,0.54125961786215,0.136908617015825,0.0979911948247451,0.106038851999913,0.673969819811376,0.702696567558874,0.169093090672904,0.420394674331415,0.574300742760805,0.265758245652328,0.601532045531867,0.639421188753563,0.65938731314221,0.662405445207005,0.608765410456495,0.668629932823375,0.688377742986366,0.612503710199722,0.569962490028865,0.460257509661469,0.268432880141745,0.533565713487551,0.595631137638537,0.432792091454904,0.579853440907222,0.596049566004107,0.380794896212428,0.604112363087704,0.270859821685894,0.461374316483757,0.158233078576553,0.0409651813390788,0.481952469686392,0.424311073704342,0.297795777257914,0.394819931299136,0.711775469648435
"16",0.298718564150298,0.205391997732893,0.0135796684852332,0.107004156479561,0.302213149986119,0.417012885477904,0.0623570854815162,0.201957163731614,0.139551221171018,0.155231733767573,0.441011953825516,0.425324376679245,0.45553731569744,0.511189687333455,0.472823537079794,1,0.575929802235158,0.513435980377787,0.410321760217509,0.55220580512903,0.485557267214683,0.479114585714616,0.563581078488819,0.457133635567052,0.386850329220427,0.318541511566056,0.344801818474419,0.558845147102121,0.531021491856189,0.551290315371537,0.546465054972396,0.426663755173505,0.543030669856741,0.443224080796269,0.456066776919725,0.0848291624458193,0.244516796260282,0.129756673617292,0.0965584887304354,0.362165243168526,0.420149351989171,0.330467348189538,0.265611395992926,0.455898990231058,0.394129004771342,0.439902673113619,0.0537864468238523,0.163372478576585,0.0916010503745276,0.558241938561455,0.521985543270557,0.179138244585288,0.190984001009849,0.411527283627024,0.274536200709855,0.402029779969412,0.495862051316367,0.501588939245924,0.515600672323788,0.505513047908976,0.500864013460257,0.54813233891939,0.472981669613141,0.485434849306702,0.439170298245008,0.213138857092551,0.384375729153075,0.49848121795542,0.338269363066736,0.398621019962697,0.492970879500317,0.377486593912125,0.455643929615625,0.075004789644899,0.229507775106902,0.122980982133991,0.0441384053408072,0.383274115367471,0.301294138646923,0.310690035197638,0.276743326636014,0.506823482692
"17",0.379188465841609,0.359842727916195,0.130697297494036,0.31983832303717,0.597285112229889,0.642955507746475,0.157859458269199,0.361808472897915,0.180954129529387,0.351436898488677,0.76382716685306,0.668939399009322,0.797740801622969,0.773030835645302,0.698699741012303,0.575929802235158,1,0.84473071147993,0.743328529913191,0.87258605526734,0.809119933450434,0.770420656830384,0.916313814939176,0.797868880201916,0.628586006270667,0.498576629857268,0.596199801882016,0.895160260504985,0.888326695534609,0.879408801649589,0.903610716185293,0.690944937247161,0.894710060887082,0.793037315729352,0.745152070664901,0.324123580587115,0.462485547016993,0.170950114449698,0.234225943835077,0.598668293682446,0.611328388578877,0.568728708067889,0.587386246447723,0.784348032028204,0.574602328449319,0.731577469219926,0.162365447841842,0.123803448180676,0.196898734526697,0.899857020021547,0.858553175300294,0.346880773729355,0.366354636141634,0.69037475213828,0.423578617028965,0.719587050770634,0.846656556831536,0.850453750979918,0.862409757418062,0.790674289953069,0.838917442621357,0.939725974918376,0.769843985111719,0.822982287787879,0.639098547400086,0.347191518103197,0.598489438854538,0.801800412231618,0.575831459032156,0.739606027444036,0.73653829961585,0.608389067509324,0.699404105013471,0.276668137152902,0.488227800651004,0.175982732366183,0.0137755091129699,0.647641595384352,0.515971329916631,0.48247965897075,0.433175751468531,0.840288913906894
"18",0.347453053357785,0.140753986446579,0.351159692309135,0.0504712585853111,0.672213229123725,0.8117080803691,0.194694836768994,0.347714241140405,0.239007882009445,0.382070661451609,0.842477999746488,0.807119121596165,0.631650147423922,0.71635850819891,0.657644197425745,0.513435980377787,0.84473071147993,1,0.696132203116437,0.769271944244446,0.767646021144457,0.838220002638863,0.864406137388594,0.774246627614605,0.71152110728321,0.527123812458408,0.5376790372274,0.846359437163639,0.883177714912926,0.821421099305744,0.81748332329127,0.875937605245102,0.840061508964718,0.78505068123583,0.558964362380262,0.273633452672709,0.212699532206042,0.367989377510156,0.234633686295847,0.637049248391987,0.428134779633494,0.494787393213732,0.562244839916107,0.743206663057535,0.580953219049279,0.70150506072661,0.0336147762079153,0.210965821679298,0.283381269318414,0.86281934625431,0.882803087369856,0.475879382388976,0.549473588376078,0.588766985425645,0.427713527208972,0.754003748862492,0.647804607371537,0.896866127539544,0.927586018147043,0.873781823770766,0.867336607800653,0.846895370851275,0.888206248802299,0.651830574588031,0.698570608358618,0.618301303411726,0.735794761442057,0.729184764030881,0.609629797368095,0.773023908793552,0.705243917727127,0.626571946986599,0.681958533317578,0.195571286253104,0.395223655030539,0.0202159450789447,0.0453972919839597,0.519655766581899,0.611723633920235,0.147748354305108,0.565123360745102,0.795938028571632
"19",0.296506897541461,0.270915171531247,0.179775266751464,0.208851021754902,0.494073610114441,0.522250452045424,0.0061396504647088,0.298414449068739,0.465098615680811,0.338427099628236,0.564923878960382,0.576508400872885,0.711575019383131,0.651850468837553,0.558015937375165,0.410321760217509,0.743328529913191,0.696132203116437,1,0.6880623461008,0.702495389952357,0.60713997085724,0.745799900448173,0.573992961470632,0.515967096317842,0.508154626138458,0.61499790285685,0.716648886611759,0.700002988116543,0.734882835066401,0.747968992409469,0.545391776592931,0.638695273432679,0.561425676823472,0.536748767981418,0.224994057114709,0.315164734962679,0.0671819082666465,0.235609525574767,0.519200957288469,0.565012962731904,0.411698223443415,0.512502904493519,0.596649879327146,0.504998779506,0.510883910434423,0.0294397954235151,0.139705817569498,0.20078042339993,0.695687904054336,0.651487529717083,0.372634532312545,0.241503111028569,0.524122373932292,0.406994695831946,0.500386268978423,0.669468647511598,0.695011056494334,0.70453688642343,0.65186911857675,0.6609959085863,0.751104333503125,0.712469190495527,0.704677836484441,0.473372910771523,0.252464133251813,0.486423757850459,0.599444030512158,0.371944680899917,0.518306546047698,0.537438256959525,0.503867643768433,0.552325448850336,0.248290548563386,0.35014246512427,0.248340793474616,0.0489031913139266,0.433854251535924,0.360352212920187,0.324950401057165,0.319914398423919,0.592719738414681
"20",0.364495361907799,0.377500523034994,0.12465977928687,0.24416613122472,0.57364166565561,0.597042081572013,0.171728339399369,0.262603381380078,0.192887770920084,0.284646245483152,0.740239764828891,0.609801789794409,0.729288186429469,0.726911550392726,0.636478780310202,0.55220580512903,0.87258605526734,0.769271944244446,0.6880623461008,1,0.77935927630144,0.721419784382811,0.860886041634428,0.722619068837569,0.555066756010089,0.460813022600732,0.601165953150954,0.84260440685182,0.801168240750104,0.78665782847023,0.81689498151225,0.6046114945153,0.824340508588289,0.683359362639236,0.730600143571712,0.24869544239757,0.397026995868388,0.190018247902705,0.181274837594825,0.540135794590979,0.580679473000914,0.504150445781692,0.446047050185006,0.779858197518619,0.512690156516944,0.640977825639551,0.0813157929079933,0.0334542012912612,0.168953129617432,0.817052955642684,0.761506067966651,0.349058719204717,0.260887021158559,0.646066399346197,0.475272741539594,0.667888270200899,0.830433877045909,0.750368521691377,0.789589400621553,0.721266285927921,0.785173704087535,0.878282438374352,0.676293930831787,0.745882733850884,0.61851741027939,0.296620903977412,0.524397459353226,0.768293190576577,0.503823223968446,0.653564632033259,0.680183616532812,0.5914805708607,0.628199345970544,0.15718770900101,0.425085972703561,0.13282470774167,0.0196591257816069,0.620246842342004,0.441655449939044,0.500891569896297,0.358985714823511,0.805004114220153
"21",0.314673040187811,0.312863534224541,0.195697081885123,0.154422808845297,0.516115696323326,0.576023266187137,0.0233853916355921,0.24094467328399,0.277448778800275,0.39846513103007,0.711847439252558,0.623213256059022,0.702608705606421,0.610397298797476,0.585309435878166,0.485557267214683,0.809119933450434,0.767646021144457,0.702495389952357,0.77935927630144,1,0.688407622283445,0.82091616192559,0.662376872883033,0.567220107203225,0.467022003406978,0.513841768338279,0.792726923020344,0.74999287775865,0.759755958049816,0.793210522371499,0.618536275312979,0.788182346300933,0.648315868460842,0.682166184611682,0.200404687157478,0.288031597582311,0.195181839569344,0.295045235892148,0.547855760511455,0.654568645153524,0.416942443164164,0.446465866654668,0.757232220739437,0.502607573903431,0.58883724405038,0.0078813402278968,0.115236454612316,0.129639237318726,0.747957130396555,0.717991726323871,0.433693989944524,0.258938748606499,0.590750738064297,0.484626783464464,0.639466912894345,0.741508351419131,0.718108737539739,0.763330000046455,0.748413552174843,0.761863289372433,0.831494374952732,0.689481946929732,0.663052208602151,0.602316562459162,0.354985408357804,0.531968190104967,0.658287234988513,0.420843122217749,0.597912613088974,0.586560003720478,0.623994654108522,0.605633152772724,0.172991000375174,0.36734294449337,0.151456881722879,0.180243170172313,0.607085933450933,0.416480399927355,0.42770633574606,0.343128434350553,0.684808036143859
"22",0.345683092142487,0.187554338919359,0.278578395848319,0.0997902989210134,0.601583348353515,0.68832983223519,0.152039042224518,0.339959952088476,0.151259688092523,0.314526322153491,0.778594969111427,0.724465277712065,0.585111986525484,0.624879706095524,0.602186544166545,0.479114585714616,0.770420656830384,0.838220002638863,0.60713997085724,0.721419784382811,0.688407622283445,1,0.778311659533429,0.74584229016325,0.625485261610997,0.476932026643575,0.471967667360825,0.784954343218544,0.804651862361963,0.743780435563294,0.746492645391576,0.755657737549451,0.769034270833986,0.73356732799528,0.599860106693127,0.221381874815933,0.208670526554683,0.289043162799534,0.201106548304276,0.562821643672213,0.425538633681333,0.418234329405768,0.508459606176894,0.700526774059376,0.525518459292494,0.648101170540482,0.0219842017071333,0.171724313760017,0.169289931151195,0.787795975458705,0.79743857727056,0.400108662084679,0.489497620317935,0.558929663546895,0.422004224924692,0.702901884032772,0.620603478456759,0.778848187601722,0.838317641831445,0.817946187263564,0.80285677537593,0.780386370436811,0.765709273101221,0.590177706438951,0.614025489772605,0.547437704018667,0.650488099459165,0.715388204600166,0.527324455807429,0.697518153970859,0.621522130022329,0.589828815438459,0.57890580269501,0.246918633849129,0.36404521699078,0.0376848167925198,0.028405546219686,0.494716882405496,0.547274079805521,0.210922446069221,0.475133069071616,0.737928955688701
"23",0.361865907305443,0.299672138274478,0.236731557664572,0.232629337988177,0.606293734107497,0.681373128366961,0.0342042085129352,0.315702360449381,0.24989656848536,0.358363995688621,0.787344798627429,0.706419235901974,0.750520423496973,0.762295885037075,0.670011201287085,0.563581078488819,0.916313814939176,0.864406137388594,0.745799900448173,0.860886041634428,0.82091616192559,0.778311659533429,1,0.767477588374218,0.63471165480713,0.478877539258798,0.575357087463262,0.8842958952356,0.883942984467029,0.872728720350425,0.866733397247315,0.723883092330632,0.874938027928799,0.763575667578954,0.694531581494232,0.31546330271943,0.37610763003961,0.214126919671479,0.251010254707,0.570914366711451,0.570473771695448,0.532738821297229,0.571103034259065,0.789395392069525,0.554501786415397,0.7298354691537,0.079330106150949,0.15855028395533,0.203224697419484,0.890741915769196,0.857801319610514,0.387198557906847,0.385659501122885,0.66729094126615,0.425512968929392,0.701341177715449,0.802926878155226,0.846454012414828,0.866516501035938,0.807478204203889,0.844396981014335,0.919198883489103,0.808818454931472,0.777310064845689,0.673805127690451,0.455029024385411,0.626771040058741,0.75940311440916,0.550058177488845,0.74631658974505,0.706231279330377,0.615140080266817,0.709679070787204,0.207019071623475,0.462095845843786,0.151808591299474,0.0109027462353609,0.615228169654616,0.520355061763401,0.425145866013064,0.481399047257998,0.808996781538259
"24",0.351226228004722,0.23538092294613,0.156014972254327,0.236301608213208,0.54572568077228,0.622526995199254,0.000495870907162796,0.429902804389925,0.0636120438910237,0.260133597129188,0.743994678218365,0.630582851956513,0.61246430739227,0.621037656335203,0.601216545980525,0.457133635567052,0.797868880201916,0.774246627614605,0.573992961470632,0.722619068837569,0.662376872883033,0.74584229016325,0.767477588374218,1,0.569471883848935,0.454435564592516,0.504066811943938,0.775123282571054,0.806188684300116,0.682587489716729,0.719831112818168,0.731036646131871,0.772990836326899,0.751914181707584,0.572433733357299,0.264761820446044,0.317503398035389,0.261605287511635,0.262247052153782,0.462844013543113,0.397043514120402,0.53638724992643,0.540641434075606,0.705625457413375,0.453412834816516,0.653415331967631,0.107858836029073,0.178052655774991,0.216427873672908,0.796985172813894,0.806717480281242,0.341281871972671,0.417720028290083,0.556992276610286,0.297587905982907,0.671374133928544,0.677361775217813,0.792460115348224,0.827748899119601,0.731479870249527,0.781896761240806,0.789975771027115,0.707986198655576,0.607685628219979,0.556842524477159,0.501938856132333,0.621637897494869,0.672512052387621,0.55576809057539,0.707764241625511,0.660373790251035,0.490113382375867,0.556637293240651,0.220014343685096,0.402913054103164,0.0926104599911031,0.0504749184536618,0.511094474692971,0.562172850994315,0.285716196067556,0.505468013494263,0.738625245965982
"25",0.342100582891678,0.171645892496112,0.195788019959934,0.107663055333153,0.431674866463075,0.564434960524731,0.153484598974334,0.288333891492914,0.170409603946197,0.223190253900432,0.614090522136185,0.680172619179149,0.438995834507093,0.592621493215874,0.542587757436289,0.386850329220427,0.628586006270667,0.71152110728321,0.515967096317842,0.555066756010089,0.567220107203225,0.625485261610997,0.63471165480713,0.569471883848935,1,0.446119564625139,0.432781753220572,0.657977464323588,0.683725612044478,0.618917729309025,0.586166038701345,0.657099816586514,0.613369245938891,0.582351244080283,0.414901890649121,0.23526040136613,0.264455690032564,0.271873350792617,0.135033849169286,0.411856352930949,0.26057377390814,0.42740119325095,0.487910572097232,0.478961140374186,0.499297784665667,0.548663072031321,0.0120806663786091,0.203717277114579,0.210389343544173,0.654833455095268,0.696557541150879,0.310017354817422,0.472910159310839,0.451169212804551,0.214153155113192,0.579821169216562,0.454517148327878,0.701617890360473,0.694763727593986,0.645565880881797,0.682331712659029,0.620687265860051,0.658727219019818,0.44990423930237,0.509049661022683,0.435235153298913,0.563564388769702,0.578778205466539,0.471170293637846,0.575853391349795,0.506345074190583,0.375934770652341,0.577563838465021,0.250270868779363,0.314498658733179,0.0756289147368233,0.0258958134884578,0.410244283905657,0.533786147912412,0.154335101764045,0.44400595739349,0.600310017970363
"26",0.148122526380978,0.243117032213722,0.0275784049191548,0.168462911515956,0.36341268191494,0.390535652225704,0.0560805816737606,0.295156432215093,0.27922085192872,0.216254293850551,0.410976420207962,0.438072335629957,0.376548842519447,0.489326084176775,0.402483480105989,0.318541511566056,0.498576629857268,0.527123812458408,0.508154626138458,0.460813022600732,0.467022003406978,0.476932026643575,0.478877539258798,0.454435564592516,0.446119564625139,1,0.417131197299299,0.518827329026676,0.515189033373976,0.461325346839823,0.476904956963738,0.401912267094993,0.465615952583311,0.407111777441145,0.345620578913985,0.226325153557457,0.250547891885125,0.102557903967843,0.00514068177929815,0.400697358693525,0.314268179765959,0.295116871452453,0.37234285923136,0.395711808240079,0.501258122931376,0.46091903803065,0.108156664394476,0.0335234046229084,0.21428293407223,0.508588885530643,0.547415483598652,0.360458210647723,0.281119879548487,0.296253258733379,0.395445914093623,0.441292966824741,0.456156182523677,0.481824305961946,0.542205997440253,0.473636265915384,0.453059598164176,0.512720178404763,0.51081748644496,0.455831361116772,0.344859306867632,0.274807713391206,0.376102947072843,0.46766812669414,0.315944147470068,0.349796919415726,0.406443772323023,0.348966141437487,0.354138111835705,0.274651519140018,0.16532834190473,0.00740943495682187,0.0186664014404558,0.352430112266755,0.34150641221733,0.201245227570893,0.229094351750198,0.476594818795153
"27",0.199833956015381,0.309196081632911,0.00808515335622493,0.308410174135636,0.312514494019319,0.358213817373286,0.120499726926637,0.233367625456978,0.333102180130052,0.187045077073944,0.428259906113185,0.387392620110158,0.564218310885135,0.618620768848202,0.471821360997482,0.344801818474419,0.596199801882016,0.5376790372274,0.61499790285685,0.601165953150954,0.513841768338279,0.471967667360825,0.575357087463262,0.504066811943938,0.432781753220572,0.417131197299299,1,0.587335526420838,0.587058640003753,0.554148318973621,0.553620032415272,0.420359857910167,0.510291132123652,0.400665071500085,0.378366796598791,0.222201680694056,0.367814121292313,0.0511164461905879,0.00426370790992259,0.33642263532009,0.399550883814759,0.497559686620751,0.477116372969258,0.43078818233036,0.415263546484607,0.38609150506534,0.0756330957926183,0.0652826534983681,0.122091836514536,0.572499996337094,0.521728645953119,0.25532293227589,0.226763434430178,0.464140648891302,0.275036495339992,0.353023991718047,0.612842940541409,0.527326594435845,0.577978835337935,0.479527133946032,0.459562392069356,0.567635033238699,0.467645261422202,0.581788896963178,0.347361810644048,0.136478870801771,0.332939389079293,0.533577469627285,0.285144383115781,0.461313454476712,0.461649434341966,0.332450100819535,0.463734816701665,0.219002888838311,0.332673218625995,0.246016049383702,0.0207231904812937,0.362418841272904,0.256949066003457,0.319937143857867,0.311398713050589,0.491340413278897
