"","1","2","3","4","5","6","7","8","9","10","11","12","13","14","15","16","17","18","19","20","21","22","23","24","25","26","27","28","29","30","31","32","33","34","35","36","37","38","39","40","41","42","43","44","45","46","47","48","49","50","51","52","53","54","55","56","57","58","59","60","61","62","63","64","65","66","67","68","69","70","71","72","73","74","75","76","77","78","79","80","81","82"
"1",1,0.335114917031851,0.331477219306001,0.0793796891285816,0.425860131215087,0.467208870569869,0.242139075073715,0.300811499924849,0.255806612645931,0.278841952907746,0.480385350213525,0.566056412266551,0.521765637850448,0.500398596848891,0.446577464763756,0.191544238822664,0.467727605387664,0.592244184475525,0.534037362224306,0.454480176618716,0.506444485584287,0.513339722641641,0.646796433332717,0.47996152792904,0.345094482279497,0.437791545772607,0.385218061152239,0.447961066766834,0.560782592326562,0.540778638412845,0.488119137610695,0.597457242691564,0.516674291459689,0.405176753103406,0.555985510548464,0.128060640103212,0.202692806518146,0.484394746840468,0.309209198555706,0.281631261591967,0.245722655693822,0.485605102545993,0.268957976101864,0.471717573108342,0.394536340660141,0.387399253926891,0.152411439362421,0.104203894147146,0.069211779799124,0.586388019525656,0.596588250984021,0.106066689226027,0.48762520312188,0.438560223318798,0.383108060506652,0.636012107425517,0.580527895537752,0.468510930702503,0.506026994704346,0.554698331737446,0.569328311972922,0.590900667806211,0.607780776356734,0.349756239146674,0.536201112979892,0.384110158179534,0.513529094502411,0.398451733833515,0.385404686377673,0.523648913720669,0.373244990627004,0.430926846658072,0.266606815275537,0.28793553082969,0.335346006455717,0.194298130093932,0.215589243043215,0.481946009767863,0.351383621985434,0.0831486550061812,0.496319205193034,0.530423455008175
"2",0.335114917031851,1,0.0525891560546166,0.329181498161658,0.285821150179669,0.495061321798955,0.391102821288849,0.437823429193635,0.132777762193701,0.293067233751569,0.460299426906701,0.449379920236641,0.553939847149,0.469615797611916,0.418290018168719,0.015369998498399,0.464531802084366,0.523281560457056,0.439517507330637,0.474782748532842,0.429370343727643,0.582087902724896,0.530889211986722,0.513757338251727,0.371293475354705,0.332587153041358,0.393999994915747,0.518316623316499,0.560526582941361,0.52363226975077,0.532743685152855,0.47497540124372,0.485642180476693,0.500586206354834,0.382847865823158,0.390216694096949,0.0472913406089558,0.307554711469654,0.276832734307869,0.170576781151558,0.280071205281201,0.532185706326134,0.346683462191811,0.332466987065742,0.36177844526097,0.354737741786496,0.24512065525609,0.0650121919520145,0.259246601760979,0.566674776622393,0.491752128402042,0.0642299097287987,0.451720971793111,0.35177585882342,0.44492811482543,0.502910871699677,0.535371151935401,0.521905343383083,0.520247168445874,0.51973204140074,0.449685071067437,0.577761753961528,0.590424099305684,0.456603241735597,0.522890127687128,0.521563699468843,0.45237159960441,0.41301060985008,0.55196912389261,0.487122842871313,0.278527996640207,0.261636331950727,0.12297295078505,0.427818781242949,0.338217303220072,0.027001929170351,0.12301940187368,0.215229038310367,0.054500411033464,0.135556032722785,0.3940372807684,0.502434787426455
"3",0.331477219306001,0.0525891560546166,1,0.526174670941755,0.426126372998213,0.184605075270583,0.195104847629992,0.392222802168633,0.107347449557805,0.0823177540194116,0.102583990582884,0.292460308469991,0.100103494254248,0.0161551543912165,0.130846363747299,0.422356573750134,0.299743626817306,0.347308677839255,0.321411097623558,0.0635820996846532,0.311510094459824,0.0727861530460644,0.196925078367836,0.0301360842767285,0.144050823768838,0.253516952741414,0.349477693202289,0.0196119451156057,0.0274892834348064,0.220429948052267,0.0320367962047944,0.300053501365351,0.101425629810796,0.254350204757331,0.113524200559335,0.390171519913534,0.145388266075483,0.377056552049187,0.16230842957475,0.161084404050593,0.111499029599039,0.147227207520602,0.106709252788459,0.39147539158395,0.0651977459309954,0.0593295683769419,0.118747480608146,0.12033384820157,0.372304854301831,0.173860140249789,0.190404467145426,0.490566720775147,0.0859035217071209,0.0512280708432911,0.139494870356322,0.290346286130264,0.0573282196089734,0.0588820998918108,0.0849985319256463,0.21173718105857,0.273420828986191,0.150268454914436,0.111061463843428,0.118199902861559,0.0853635535892589,0.18254439665634,0.329439084158912,0.0459792106678501,0.185117085876981,0.197054754443061,0.227629743246559,0.338114348521137,0.402897064457033,0.343109595676911,0.134171437921961,0.174947486714045,0.255663430975857,0.222403884803333,0.676640468179581,0.225453152423849,0.151979375873625,0.175728516744963
"4",0.0793796891285816,0.329181498161658,0.526174670941755,1,0.0496101536366958,0.211133405371123,0.463920800939401,0.634490945665385,0.0754705009635007,0.190381224375069,0.339411199090875,0.122097956594946,0.295225739155765,0.352335776778285,0.214776292684113,0.305127167446333,0.0754380668251557,0.149108420013408,0.115565513881712,0.424386342611396,0.0693845052641843,0.465320235071308,0.280867572769427,0.394638345148324,0.156055046620212,0.11303796886609,0.0217567043690112,0.359782145793472,0.427316875453843,0.203548249132607,0.439249838372101,0.160388022037157,0.279739642574112,0.597470095873971,0.245373505591492,0.519718955289829,0.0940274051301877,0.0304531034441922,0.101087038640154,0.0367464185522501,0.0520333632182728,0.510082006878523,0.395737573462788,0.00296342429102297,0.393755021698448,0.330585982971268,0.265971434116507,0.131196528950015,0.444296136929674,0.309855938440444,0.264719331588056,0.44349404010754,0.359705836810484,0.238228077004975,0.236088017660538,0.15644323660449,0.385489111548635,0.337940500565065,0.320803206129889,0.248758950987731,0.166557140604561,0.309926271004301,0.344533833175156,0.450825803117445,0.376268810599119,0.570754189568365,0.0852265153638295,0.265301022356998,0.526574868310267,0.21443146136135,0.116871610643659,0.0101746195424745,0.281733290359812,0.572498194001098,0.423690346393959,0.0348370139832016,0.423746032541811,0.0552936789264209,0.446283104708377,0.290518436260223,0.191218711339527,0.23270531143943
"5",0.425860131215087,0.285821150179669,0.426126372998213,0.0496101536366958,1,0.545104788023303,0.160058366467779,0.0791759703230599,0.0899802906544149,0.274706711736238,0.461834887887255,0.562381129926547,0.450810794549995,0.327045650465159,0.488522691599283,0.282381432110567,0.59552703121524,0.635674729784781,0.529709986644391,0.325126174005411,0.432321973234828,0.389502669285591,0.494377407937288,0.402744642564021,0.3974003407135,0.507402125480377,0.427935525897972,0.487048256788629,0.431949728389732,0.527232887371275,0.395484907059497,0.534902078462901,0.457319433569173,0.256765319267133,0.446212845195946,0.0466009308149645,0.117397721288594,0.627234878795012,0.350579804017734,0.241264803401739,0.149490432560624,0.367180923757663,0.311956996381184,0.621597129117006,0.169040989863975,0.191572674943857,0.131341431216678,0.117173687574308,0.00892408877985638,0.600482481612366,0.523199089886314,0.251283610846106,0.529082347313113,0.266397709893338,0.496240492333477,0.568513403633294,0.441093186360627,0.483884460291133,0.524986797628483,0.564473861261863,0.53603027140652,0.586427460414619,0.487136137623246,0.337624104008176,0.421126396624572,0.295973232312299,0.590998882829653,0.350490495922994,0.236886264207715,0.59535591899693,0.378387501252538,0.524349626632737,0.421939131381097,0.0278578727905254,0.154301347412125,0.11930165393408,0.0332941040200956,0.250757979208273,0.447817068669628,0.103336133223308,0.472723681606921,0.566137351164299
"6",0.467208870569869,0.495061321798955,0.184605075270583,0.211133405371123,0.545104788023303,1,0.435940781220532,0.475901905281483,0.337398505507994,0.478525309273282,0.736249282171735,0.674102202684385,0.699819265348534,0.526788653023681,0.59908400922917,0.113469825909675,0.707565193601886,0.759522416998074,0.68917418157556,0.691065406842335,0.655164319253413,0.716945002422732,0.743962093787042,0.65112384842439,0.560370683371262,0.434686920819406,0.450637572401115,0.687646935673824,0.729877775581372,0.671438193738303,0.653632423781526,0.723309322345186,0.721533614976032,0.590109077116798,0.54960931398676,0.307245168528542,0.105166533630548,0.453018334889373,0.325913134662372,0.4144409095349,0.30674905874539,0.676765298929359,0.503827035328744,0.615452559084802,0.424376097829757,0.483492029692964,0.300258654424793,0.0756467001389905,0.126603805012414,0.771414732226319,0.683274144044591,0.041916904757991,0.60212082887849,0.477013855433346,0.468979444678818,0.698675063044365,0.672747274584378,0.715653692872544,0.742672789718334,0.751182674132559,0.664432964198576,0.754338959920467,0.781926220710392,0.57265696869726,0.60185182062245,0.626034105657205,0.594297045855567,0.676401894902557,0.565768078322739,0.70589262991269,0.506166138255489,0.464595895077025,0.322084641421245,0.365934752327413,0.408804680693399,0.0539277405469298,0.117822755707785,0.285821322051833,0.221413020469952,0.0492173966320939,0.523563685636298,0.661713677659927
"7",0.242139075073715,0.391102821288849,0.195104847629992,0.463920800939401,0.160058366467779,0.435940781220532,1,0.658505626212874,0.0872130666428956,0.411462648847063,0.598327980079931,0.315736530260123,0.516230064027327,0.442352642046462,0.332606814072486,0.205246519032309,0.305604836830814,0.447875700179503,0.435798587424531,0.635249321558904,0.339706549454072,0.661729112087554,0.530668577891005,0.588850622111317,0.379429887242884,0.29288317293016,0.260497495809648,0.587905561673263,0.609135613189689,0.432398780568826,0.570504844095996,0.468678140586166,0.569450569832647,0.705085056385725,0.400355153363524,0.515380672829605,0.0467611865198425,0.186069513413462,0.252941447123947,0.197416715590696,0.300510028856894,0.592046670162339,0.573146221563544,0.28338925145502,0.445007501415446,0.437274832848414,0.330171434133262,0.0555329541014622,0.372511402030136,0.515329729434826,0.494975052259044,0.40718711149614,0.415150880296768,0.362348905411005,0.36681100633829,0.439362638543397,0.558534795426411,0.604552967654048,0.596643891829327,0.535778336863662,0.388038337742857,0.577248070923488,0.573317876274966,0.621544794541386,0.495207642028778,0.700461193274545,0.260860331288087,0.497817647765356,0.617218801126148,0.484283899240574,0.381600069985466,0.242111319916197,0.0746492399180664,0.638304724057791,0.397049834605806,0.0242399502707323,0.456553920460662,0.219274101006292,0.236568368778758,0.289653415486894,0.350126031714828,0.534205675201109
"8",0.300811499924849,0.437823429193635,0.392222802168633,0.634490945665385,0.0791759703230599,0.475901905281483,0.658505626212874,1,0.16308467370393,0.337932499104561,0.60743331280412,0.341735123140953,0.574983255569934,0.616071307217229,0.417084577383138,0.188761408884749,0.393666562927603,0.455107641795133,0.387187077706131,0.711586360882025,0.385492575129935,0.748713080482411,0.595140435673193,0.680896210435698,0.370714041867606,0.212742280284273,0.225978102511243,0.656457605962417,0.716371861229288,0.501878113175688,0.694175247254258,0.506343754590198,0.644893253962379,0.784207284434828,0.435654142533094,0.616733138024513,0.0724003453087556,0.105863759355165,0.201428911161873,0.231097054294813,0.30280885872139,0.706926751324655,0.606926190336881,0.24050105032249,0.569179071124762,0.58624205744185,0.35924432693742,0.00994892927101003,0.460207070631472,0.56814229052404,0.548622290730896,0.389598683824629,0.499114390669704,0.431817622251381,0.435093477892834,0.480695761842936,0.662445699818713,0.650061595244774,0.641497961425563,0.527290564344469,0.494553812936433,0.610419876319376,0.650963896887253,0.706402137089091,0.618659969407516,0.746085746527706,0.256132562364364,0.572869512736251,0.740404545406105,0.49496418504643,0.31669864914281,0.172157581403757,0.0944965014690902,0.767789386722992,0.541564172005442,0.0248302879953012,0.53370833294363,0.219994300959306,0.375213108894272,0.286428113795383,0.37849562064309,0.520694984911418
"9",0.255806612645931,0.132777762193701,0.107347449557805,0.0754705009635007,0.0899802906544149,0.337398505507994,0.0872130666428956,0.16308467370393,1,0.0949117819182051,0.264438749832289,0.258119170934825,0.155061764774099,0.251501259721518,0.184636963192651,0.0304966755021648,0.266625291404873,0.28489428918791,0.338271548496359,0.349588131581122,0.355175469446617,0.261847674095248,0.330313778423645,0.225367634845719,0.429846138757775,0.0558841186907829,0.0428485905119275,0.231651401133524,0.326150855219342,0.255469535673549,0.32069804361303,0.317060624044385,0.291986945408008,0.125175786487626,0.262618170266718,0.11016099429974,0.041494516356412,0.177139470114671,0.0735486684669713,0.162477582959325,0.0566414959403232,0.277695604435648,0.0423685499225612,0.264419988618846,0.00387205379684153,0.119321944828252,0.185742067876171,0.0457110202561018,0.0109916346383882,0.243519325040871,0.203655231748077,0.147444848531361,0.267852939238695,0.122505336030109,0.0542765317750737,0.303241895239748,0.31870415027285,0.243049440569882,0.235046590265545,0.28917191799631,0.221110406006536,0.206383786684809,0.295438147940981,0.00514791325121197,0.178205494771126,0.167349401082398,0.275588706627685,0.330321357904125,0.0806227286796793,0.272580838658906,0.229189515459067,0.171471574862923,0.0717469135651788,0.0213395468737959,0.192656666073152,0.260518708035823,0.0338343917156124,0.0453046934808038,0.127811846246135,0.0512388334822949,0.165193574324878,0.221560814736458
"10",0.278841952907746,0.293067233751569,0.0823177540194116,0.190381224375069,0.274706711736238,0.478525309273282,0.411462648847063,0.337932499104561,0.0949117819182051,1,0.541653689928713,0.391430510083394,0.44158479819095,0.357189009529689,0.40399446657001,0.0663579389984579,0.430780202839492,0.507558480610234,0.420355651772038,0.476847649742956,0.404123847536329,0.50088134438751,0.494271408058001,0.451744553004229,0.399704265459857,0.234285396395623,0.316580174365621,0.501878082863861,0.495035574385191,0.479574324749481,0.475727391663209,0.522613570915863,0.516011517050044,0.49197540864925,0.433286000412378,0.289133890876349,0.0732523399621078,0.209840540980606,0.299261762410061,0.189907779472973,0.220385585798082,0.410853649067025,0.442594647168782,0.417506936939482,0.303207652560846,0.333720477366904,0.273747763538931,0.00236160556705505,0.0073419543848688,0.517909218231122,0.45895274493859,0.167397919545853,0.307137766456661,0.313620019252884,0.329804835923823,0.433004397370689,0.405295732645312,0.525348610498828,0.515359504695479,0.556879901855932,0.450437716628981,0.542233797206874,0.488219708692026,0.450538018996613,0.425888326474303,0.532954319565683,0.312587458189184,0.39702992583012,0.463579001280878,0.428718173825781,0.354799555234277,0.258521104752819,0.230678301462451,0.31807195453036,0.321389057394368,0.0267631539198663,0.162914698694119,0.25076303473283,0.0638740368144384,0.0836894444618516,0.266329974748582,0.398304409200516
"11",0.480385350213525,0.460299426906701,0.102583990582884,0.339411199090875,0.461834887887255,0.736249282171735,0.598327980079931,0.60743331280412,0.264438749832289,0.541653689928713,1,0.659017372579921,0.740110851859916,0.630881418500442,0.617349149339842,0.0299024721609483,0.704019086214136,0.784687914020895,0.701979734736269,0.798466535966677,0.687718158411182,0.812676437575163,0.790757585120568,0.776986724634839,0.598957709601404,0.459691809682664,0.474437970666176,0.809375688851254,0.815468953339647,0.736259030259635,0.757963617314095,0.790339471828796,0.834389829562758,0.748763523270946,0.599715616265526,0.471916436590025,0.153782339479931,0.443880114277637,0.380617858230359,0.400589068753461,0.427700436458999,0.687780275824566,0.68451867947439,0.638950107361757,0.562364798824109,0.588362790038304,0.406836392582289,0.122402624821556,0.212816665535777,0.811502349250094,0.742793560752308,0.142773169983582,0.631718968953566,0.490005065735866,0.533561202856294,0.733549333433066,0.773246836471936,0.843169332410656,0.833631169569168,0.826036430781904,0.71186032935002,0.859755511566207,0.808643692440578,0.734719487477757,0.706681692253449,0.765330872480028,0.578495717825062,0.679538709160723,0.689367508643427,0.71034646855552,0.563064532859513,0.518788428947808,0.304684042482476,0.533582880762771,0.471061220561743,0.0504732005502218,0.298611598970513,0.343553891998617,0.0235710286283712,0.164648391603067,0.510955918051225,0.744735862643449
"12",0.566056412266551,0.449379920236641,0.292460308469991,0.122097956594946,0.562381129926547,0.674102202684385,0.315736530260123,0.341735123140953,0.258119170934825,0.391430510083394,0.659017372579921,1,0.682676211705552,0.583042719259378,0.606600402053794,0.220543763071399,0.736456530372894,0.808509276002329,0.666958392730855,0.576433297502318,0.651841979980318,0.670717069449012,0.726976417949278,0.632294547388823,0.542167776587309,0.52331528104752,0.536680306354881,0.660409163388848,0.704937525979288,0.727786997837671,0.63814366989544,0.759035282739123,0.679257446334459,0.495235393014597,0.551425684500959,0.253171132581189,0.21153244205718,0.538544502926168,0.352660179138401,0.383339287488984,0.384731443110565,0.563327343156648,0.442920055342225,0.65583867365648,0.428209577331507,0.46720653282749,0.214057895759266,0.0760076693291331,0.140028943452222,0.793060958891793,0.728238892430699,0.185313298837556,0.614965290072634,0.406831960286792,0.531343308079982,0.756544957164278,0.67423080360348,0.709301574334064,0.721679665716975,0.72703379419094,0.741281235601582,0.763774728729915,0.720351586039565,0.50072656626916,0.634848912955841,0.500374749013477,0.678691300118026,0.564895380160603,0.500547972895096,0.734349690320511,0.487004295852817,0.572405006087277,0.40491657538452,0.317570795826163,0.402422381433791,0.134683747829448,0.107378565329982,0.376356258892914,0.374372679957094,0.00162468376266613,0.548181142241855,0.64832717058657
"13",0.521765637850448,0.553939847149,0.100103494254248,0.295225739155765,0.450810794549995,0.699819265348534,0.516230064027327,0.574983255569934,0.155061764774099,0.44158479819095,0.740110851859916,0.682676211705552,1,0.65035135140756,0.652629215781431,0.108610544949409,0.727755626203856,0.787712773506097,0.640523370492626,0.723065781012302,0.685261274738572,0.817935823225557,0.793209890340073,0.759395886888106,0.494440403790619,0.483466151346174,0.572347433779606,0.755100783842333,0.800194439300525,0.751701264198357,0.706192983161808,0.775416838972358,0.770010077579816,0.693395545863347,0.569401092326403,0.478234622720497,0.13539227815493,0.450471833874336,0.462128199787156,0.391864864339453,0.446601533436129,0.675507056891846,0.580939861895348,0.566479930719278,0.60048930875502,0.60562992328435,0.329496555472074,0.0249872451874041,0.312461454764498,0.818411151999366,0.771045820730281,0.0496682318324479,0.634331942088096,0.500787071645768,0.599338450859841,0.77377752161725,0.77063396452952,0.798822626483619,0.784028610463867,0.785327104561771,0.762947758351374,0.839890148300255,0.816814384847282,0.714951514700953,0.714563393634025,0.706579012811191,0.650451988538342,0.694714331354241,0.680825917860436,0.754662817031309,0.468742581456152,0.467623435807203,0.299042882158912,0.520556659516868,0.484003342473136,0.000143500023609254,0.310033265061878,0.34279986996555,0.124453392278215,0.139017427366999,0.614011117660994,0.7199248435161
"14",0.500398596848891,0.469615797611916,0.0161551543912165,0.352335776778285,0.327045650465159,0.526788653023681,0.442352642046462,0.616071307217229,0.251501259721518,0.357189009529689,0.630881418500442,0.583042719259378,0.65035135140756,1,0.547149639254788,0.0526103443727858,0.63435045069894,0.711842638569924,0.538843658655238,0.621751038930331,0.603651777285813,0.729409141879991,0.759651949411657,0.702228342018007,0.466422797031268,0.375697366520277,0.418440046271343,0.755020075812438,0.80981709296847,0.700156771020171,0.79010965808997,0.658285001860867,0.689217415420797,0.62823562799837,0.465051492813811,0.377077699117801,0.163773847550206,0.286323101333083,0.254391992777405,0.291960903658973,0.34664533995743,0.657804617745012,0.539076960736024,0.489209063477858,0.522726796153278,0.585889926164954,0.338166422826255,0.0688230000845821,0.301602135011518,0.719241210113265,0.712283296535976,0.0103971622502026,0.619142059717096,0.519855261456314,0.508670832286522,0.68899595173449,0.738028255905482,0.699144062051462,0.72666465654918,0.673472284935979,0.698134333082008,0.713809998349612,0.721121284923555,0.608992697193749,0.711129143502717,0.61070068428787,0.520513741792129,0.526212868127941,0.655400765669036,0.614551933829667,0.386180020020435,0.358282108580929,0.227028319613656,0.577544613222834,0.465262343680332,0.0749591405955691,0.384293094262551,0.452247768917099,0.000551661319000305,0.209525514958521,0.496937101368459,0.554655832591486
"15",0.446577464763756,0.418290018168719,0.130846363747299,0.214776292684113,0.488522691599283,0.59908400922917,0.332606814072486,0.417084577383138,0.184636963192651,0.40399446657001,0.617349149339842,0.606600402053794,0.652629215781431,0.547149639254788,1,0.0781626038772255,0.646671123692707,0.699958807875721,0.575743410092551,0.595839552801776,0.566182802645127,0.648338818296378,0.652453911994868,0.6329312771574,0.491618461494619,0.437477281259311,0.462578265052239,0.622185585021286,0.667923746718037,0.646110320478972,0.61218269963034,0.662196957361151,0.620081792336351,0.560168312554007,0.472947542570008,0.333428877802879,0.128731061865533,0.434094642267892,0.313246176385561,0.2626188278765,0.282052602819911,0.580358652309985,0.476928792991352,0.521371409509276,0.479295627750086,0.466338840344611,0.357713434614099,0.0558216838720401,0.213854900250684,0.722642868467054,0.629734380414782,0.0489344552009698,0.564799756880305,0.450608298931201,0.50620241102994,0.637172393813169,0.650093618204374,0.64978198378435,0.669443414222174,0.657253440560513,0.637567305739142,0.70749585041313,0.666817441785152,0.535157187411533,0.658223388121353,0.542701626065986,0.58169090390112,0.578310942750356,0.518941944264226,0.640923959195744,0.370195256346339,0.400665449318343,0.33319527467143,0.367461807613838,0.354194990132161,0.08030289629435,0.198147468750419,0.314698245106557,0.182091498065916,0.00677515039354639,0.53180209833318,0.651475150509472
"16",0.191544238822664,0.015369998498399,0.422356573750134,0.305127167446333,0.282381432110567,0.113469825909675,0.205246519032309,0.188761408884749,0.0304966755021648,0.0663579389984579,0.0299024721609483,0.220543763071399,0.108610544949409,0.0526103443727858,0.0781626038772255,1,0.186861403933854,0.188997035747756,0.117846948047389,0.0507363607700798,0.186894843048206,0.0469128181893973,0.0834879677770073,0.0603587462752236,0.0503844733164851,0.125952446296179,0.222528944701503,0.0359348175979276,0.0272697143754242,0.143879406695238,0.0115937108930005,0.171977507062882,0.083898661129278,0.214889142235706,0.0876866056791868,0.271217222027502,0.0672262870901884,0.281597551046276,0.127086501047537,0.102571423239722,0.0746757616567015,0.0805386379488321,0.108120339136735,0.233131833087074,0.080746485492366,0.0140222934045696,0.0715434812530038,0.0832886469223609,0.22370507131686,0.127074095936615,0.133407487702913,0.315914071092246,0.0213768455842599,0.0528036798618385,0.0605834966471774,0.2120074519272,0.0380580757693948,0.0021211917479996,0.00875033149357184,0.0852728808014666,0.169761700932545,0.0921429657193649,0.0457196491951147,0.137861155911817,0.0276353888225783,0.173394504395212,0.206335688309855,0.0298150275415285,0.0992202570445308,0.116120637474242,0.0769948059922631,0.131772600486343,0.27418149648431,0.230629688529627,0.00729742751156561,0.0832779033883837,0.237917905582287,0.197036257500826,0.411263424429757,0.0971567573608444,0.159930062690812,0.0376911036924886
"17",0.467727605387664,0.464531802084366,0.299743626817306,0.0754380668251557,0.59552703121524,0.707565193601886,0.305604836830814,0.393666562927603,0.266625291404873,0.430780202839492,0.704019086214136,0.736456530372894,0.727755626203856,0.63435045069894,0.646671123692707,0.186861403933854,1,0.870781718713945,0.690087464887684,0.637958785553759,0.725351264097177,0.685829416922037,0.784252703129244,0.720028320993485,0.598108313936608,0.473503624267055,0.604758879433079,0.775713096229217,0.758007287575946,0.823529295344013,0.740813516946462,0.780812375216384,0.75495719539717,0.49135150757574,0.491292293829466,0.302192066013563,0.212415534312405,0.479070034718333,0.328553981082574,0.426236342003134,0.41495001671456,0.543237608917813,0.568661113654969,0.750521543686272,0.36059667190706,0.543298479395301,0.294388706461168,0.112048298450085,0.120491472648269,0.818691221362578,0.771195333856779,0.289106588834616,0.600553407961661,0.410479023505647,0.60334551631845,0.738957485365843,0.697251042868622,0.796078957191395,0.818249629891404,0.812093973704262,0.799127902684909,0.817362507439606,0.750845980774354,0.586201545434092,0.656264009673049,0.547906268701114,0.723887955334483,0.666237595447879,0.544005511120169,0.747534441328427,0.498107699589121,0.534835841045866,0.564791066163684,0.358580449268594,0.310011901781436,0.116208249725887,0.0879414240737786,0.337627619208451,0.253883362658622,0.0103497330307592,0.50424533668042,0.714857349275589
"18",0.592244184475525,0.523281560457056,0.347308677839255,0.149108420013408,0.635674729784781,0.759522416998074,0.447875700179503,0.455107641795133,0.28489428918791,0.507558480610234,0.784687914020895,0.808509276002329,0.787712773506097,0.711842638569924,0.699958807875721,0.188997035747756,0.870781718713945,1,0.78161863928456,0.694007798292645,0.781425286873632,0.798173934814446,0.884892554168516,0.783935950724569,0.632997588278045,0.580713530045448,0.628522475886303,0.810837803426392,0.849309946455154,0.879052081010326,0.815818689834584,0.879181611690944,0.81421188845185,0.629982394605336,0.617132731999932,0.328369014694548,0.243458969154032,0.583735299657867,0.445358296247347,0.432172990364583,0.410111024177399,0.676397635407405,0.598611318331756,0.767189520855488,0.513572557118762,0.570031538669739,0.35927891552099,0.0904664252615936,0.170725351130154,0.922379391348618,0.870554014420939,0.18293687700255,0.695455789385417,0.462925848664855,0.646001774875196,0.869700152067596,0.814389641780821,0.861901066347261,0.879589490642602,0.882215829024197,0.860480245218739,0.909603796938843,0.844993580524519,0.665959646840584,0.750495244736274,0.661777475905869,0.748792582997888,0.666655382140986,0.626372191876405,0.840862957274071,0.582580806426748,0.601712145278769,0.471794430964694,0.44853103763088,0.437077692447084,0.138915211699256,0.178713394517842,0.501451301935339,0.342526120694457,0.0312898796133786,0.616980969658917,0.786536653937133
"19",0.534037362224306,0.439517507330637,0.321411097623558,0.115565513881712,0.529709986644391,0.68917418157556,0.435798587424531,0.387187077706131,0.338271548496359,0.420355651772038,0.701979734736269,0.666958392730855,0.640523370492626,0.538843658655238,0.575743410092551,0.117846948047389,0.690087464887684,0.78161863928456,1,0.677134170061394,0.660285359364774,0.685275396730884,0.756786266914851,0.682897087595528,0.572008693079989,0.447553589667438,0.457592919479038,0.714549165749415,0.70512741112179,0.692207602408582,0.644959211447607,0.745089128092456,0.718421606294478,0.544567252251137,0.473810378133605,0.275962203100989,0.13481862697442,0.530214625893233,0.36985703585419,0.520029264144924,0.308243928111828,0.578751698015094,0.497708847436617,0.67542778821528,0.393531914273529,0.494718666187847,0.332748988751509,0.0210859219292882,0.145681951796489,0.774764795098373,0.693297254754161,0.0748381524245007,0.589674620940305,0.414874820689071,0.505561718983104,0.733998487736104,0.672834807888426,0.736817954036903,0.754448939241111,0.759626762219446,0.649292483916871,0.756209897358702,0.746360306795625,0.569080270041178,0.576984323887086,0.595710125034538,0.63944604559184,0.641358582239512,0.462659246221893,0.718892411389305,0.542623474714529,0.555041318218613,0.337037901303499,0.338650288603507,0.363910060027751,0.127679875272215,0.193871634123176,0.394772374970972,0.315725623727125,0.0369849289363753,0.520517079508938,0.709235280078227
"20",0.454480176618716,0.474782748532842,0.0635820996846532,0.424386342611396,0.325126174005411,0.691065406842335,0.635249321558904,0.711586360882025,0.349588131581122,0.476847649742956,0.798466535966677,0.576433297502318,0.723065781012302,0.621751038930331,0.595839552801776,0.0507363607700798,0.637958785553759,0.694007798292645,0.677134170061394,1,0.650664698376145,0.847317090467698,0.772672847447144,0.770618412234485,0.629637556907164,0.350292651329896,0.372031801666102,0.801677615513599,0.831306391164383,0.667082764777613,0.746187483105026,0.720264472251654,0.798389891466826,0.785901748093936,0.523985622771166,0.562257438282073,0.131473944836072,0.3586846306854,0.267953411174732,0.380368407190091,0.354015735160233,0.726258455081257,0.646847738390056,0.578189453878747,0.544535933650275,0.659898884893751,0.445211335187614,0.0526672397266151,0.360478613181879,0.769576454380031,0.692845423766355,0.235006217521138,0.630259720935159,0.508661590636434,0.532166878416971,0.699135746193928,0.771736672142745,0.820496455642091,0.813129864642583,0.763114689300143,0.659439561218542,0.802799041131805,0.809547941737075,0.702169240260626,0.665038584779633,0.800083528406673,0.520686343989556,0.803038604501861,0.686143318428296,0.71129317387846,0.511037405323972,0.441172638143355,0.185469031119021,0.627293210541636,0.537574740495098,0.0771102448097601,0.392858063538064,0.304402286392703,0.118873805120742,0.227662714358345,0.501183939310956,0.69968364921884
"21",0.506444485584287,0.429370343727643,0.311510094459824,0.0693845052641843,0.432321973234828,0.655164319253413,0.339706549454072,0.385492575129935,0.355175469446617,0.404123847536329,0.687718158411182,0.651841979980318,0.685261274738572,0.603651777285813,0.566182802645127,0.186894843048206,0.725351264097177,0.781425286873632,0.660285359364774,0.650664698376145,1,0.670675750187897,0.743146127218768,0.648434633914427,0.575948276367565,0.448446046160063,0.525806454809488,0.69109902128907,0.721123647164032,0.73029436580801,0.65478016640125,0.746609398966278,0.733607039881759,0.502816327571742,0.4881861075954,0.316807739617291,0.139485143115213,0.457204986887667,0.354995266944841,0.397160364578264,0.318763858438935,0.537164192323264,0.44702634570415,0.641949228592757,0.417446628335556,0.549119781406535,0.313842300171868,0.0895010419147073,0.168523185567736,0.739530807956109,0.69144174725628,0.151170018550635,0.51932717374033,0.413416861295053,0.51428194740225,0.73796678463992,0.689328803106924,0.728871109614852,0.726810138539029,0.743452285164253,0.725104420833465,0.743135999562642,0.732072055634857,0.525878449660227,0.605266644525991,0.54765123969503,0.630255924161268,0.62868674458751,0.49493068091457,0.669963131393509,0.491232084347636,0.477323007753371,0.444026268403763,0.3423079177026,0.402542580541536,0.08995577576944,0.151055762387249,0.36713480435664,0.254393717814309,0.0935703786913534,0.509495734022836,0.643876026047942
"22",0.513339722641641,0.582087902724896,0.0727861530460644,0.465320235071308,0.389502669285591,0.716945002422732,0.661729112087554,0.748713080482411,0.261847674095248,0.50088134438751,0.812676437575163,0.670717069449012,0.817935823225557,0.729409141879991,0.648338818296378,0.0469128181893973,0.685829416922037,0.798173934814446,0.685275396730884,0.847317090467698,0.670675750187897,1,0.843708266890825,0.842580475199642,0.552035010288936,0.47455144037343,0.450962822894079,0.838648615467419,0.898718051770537,0.769591998073056,0.834962894780036,0.782818996947334,0.846496039100686,0.846137552036529,0.604782826305358,0.597398818728064,0.145826475587496,0.380493792408303,0.396998331869311,0.38943604822608,0.39783830682784,0.805953589456734,0.683593057054441,0.562673015952043,0.647437834246948,0.67746708929665,0.458490084697992,0.0156043083558715,0.390340345945974,0.852606639717365,0.800846111840157,0.201412542084772,0.705818574999785,0.511372842510588,0.597115763120415,0.767208035071304,0.851127793859256,0.867268349889987,0.875294199912516,0.816127970160287,0.754483210940464,0.872127307161158,0.873598199171584,0.801620510804553,0.775904221867885,0.846796943588741,0.596679137263966,0.735295815804351,0.769581746028914,0.765100198497271,0.516453179962731,0.440983960937851,0.181502076599069,0.682223381492745,0.595147346278236,0.022927408070588,0.423995622644523,0.371732407455485,0.0539522181656289,0.219342218760205,0.61046552601737,0.755990647460618
"23",0.646796433332717,0.530889211986722,0.196925078367836,0.280867572769427,0.494377407937288,0.743962093787042,0.530668577891005,0.595140435673193,0.330313778423645,0.494271408058001,0.790757585120568,0.726976417949278,0.793209890340073,0.759651949411657,0.652453911994868,0.0834879677770073,0.784252703129244,0.884892554168516,0.756786266914851,0.772672847447144,0.743146127218768,0.843708266890825,1,0.809991983022703,0.608402341067732,0.492976577568538,0.55497004845937,0.815067763738975,0.881034067007189,0.838027615874002,0.840906803516359,0.867524683270103,0.833490478555705,0.729181794957689,0.599909746611075,0.407161967422682,0.20498449508675,0.484190321104462,0.366518645411884,0.429705850856356,0.437210735534224,0.723900347550082,0.595799331484404,0.681974983811993,0.567226003585339,0.630240637807198,0.382004880035946,0.0891996648899686,0.210216067947957,0.883606642246381,0.830118948967206,0.0379580490772747,0.702675036173092,0.56814621729601,0.605598465804797,0.852943330519734,0.837538879751648,0.837360398760187,0.858074646852648,0.866521115791228,0.833347792950775,0.888776825034076,0.880828544945958,0.700444835920782,0.780663791548744,0.725193259080332,0.662891892672018,0.727810773360274,0.701989433947489,0.774698919155874,0.538792192708122,0.516565868347908,0.360686349750167,0.557593924018519,0.504397513100643,0.154472523567076,0.316362724194561,0.531604236123901,0.187272457190147,0.156565255902038,0.575765271362607,0.763850698027713
"24",0.47996152792904,0.513757338251727,0.0301360842767285,0.394638345148324,0.402744642564021,0.65112384842439,0.588850622111317,0.680896210435698,0.225367634845719,0.451744553004229,0.776986724634839,0.632294547388823,0.759395886888106,0.702228342018007,0.6329312771574,0.0603587462752236,0.720028320993485,0.783935950724569,0.682897087595528,0.770618412234485,0.648434633914427,0.842580475199642,0.809991983022703,1,0.55709696131951,0.451947507030697,0.446082688190134,0.800767563496322,0.844691358098048,0.76924535371456,0.79742935106307,0.76488982683288,0.802569947502523,0.771450509508009,0.536038886251349,0.527890443960278,0.181573654814751,0.401415755336423,0.32686834285218,0.351229251877915,0.396943606597309,0.71053162834556,0.7112040493509,0.557630899874273,0.584483711106961,0.644615930398929,0.415863452608815,0.0625711529001777,0.401117855076976,0.809043291460159,0.764892966217431,0.096729189790544,0.688787354789128,0.497104427662381,0.583950764978914,0.733401609098177,0.808288156471218,0.84280891594193,0.842325531459733,0.786171949673105,0.756749079759509,0.845655235735954,0.821787113779431,0.783977409583841,0.732205023471646,0.768647386493756,0.605778233315379,0.712384073672002,0.71933394009794,0.751973003116118,0.476008782045422,0.452101674916099,0.280935603570346,0.628977736730681,0.477830172077761,0.0502174875276861,0.446245539524774,0.372146268228616,0.00859610579849891,0.219840738757331,0.560293924383766,0.766178887412426
"25",0.345094482279497,0.371293475354705,0.144050823768838,0.156055046620212,0.3974003407135,0.560370683371262,0.379429887242884,0.370714041867606,0.429846138757775,0.399704265459857,0.598957709601404,0.542167776587309,0.494440403790619,0.466422797031268,0.491618461494619,0.0503844733164851,0.598108313936608,0.632997588278045,0.572008693079989,0.629637556907164,0.575948276367565,0.552035010288936,0.608402341067732,0.55709696131951,1,0.291799767748759,0.343957075068271,0.611520525580708,0.620927614787117,0.611898711333968,0.620182466545251,0.611796409253713,0.627122455616749,0.453051703801432,0.452280203701146,0.306637256890944,0.167257851730568,0.314946384817311,0.212424995268535,0.31588342604642,0.250479364236131,0.489779505820273,0.448268921414441,0.608147147327653,0.220398956582262,0.393026749271294,0.30167177014212,0.0330188800578023,0.193725287765212,0.622996524416177,0.564297458048626,0.0820737946426438,0.463205273938777,0.274308632865757,0.349853309930242,0.568274521286289,0.558050295584663,0.624924359022526,0.641732740275543,0.646484053708088,0.544351034093842,0.623078473534517,0.58456332703533,0.440346446334443,0.451712823542404,0.526194487579872,0.504899784140392,0.58242218763662,0.40701675368609,0.580714583703117,0.453517578856322,0.446765940186021,0.362779892170589,0.324060821108602,0.321051104181585,0.186071651483515,0.189250403362623,0.176664873936058,0.137159175344871,0.147737300199256,0.345741911922778,0.527696262259272
"26",0.437791545772607,0.332587153041358,0.253516952741414,0.11303796886609,0.507402125480377,0.434686920819406,0.29288317293016,0.212742280284273,0.0558841186907829,0.234285396395623,0.459691809682664,0.52331528104752,0.483466151346174,0.375697366520277,0.437477281259311,0.125952446296179,0.473503624267055,0.580713530045448,0.447553589667438,0.350292651329896,0.448446046160063,0.47455144037343,0.492976577568538,0.451947507030697,0.291799767748759,1,0.335309153977527,0.458000101199208,0.491081656562108,0.485361626033695,0.416485517857701,0.490523280359917,0.478805069536986,0.383403597549796,0.430066938485508,0.169415292713285,0.113764481646246,0.467029339180647,0.376989715049209,0.182689274495592,0.206699382232736,0.417860200190811,0.363213706386176,0.436160917036354,0.347152323701739,0.286829393489007,0.191307778088155,0.108734523475325,0.215142247531841,0.576417675364411,0.548479819698396,0.00264880185599637,0.522408095653048,0.275550124388485,0.468188524615069,0.548298256689939,0.495795175067548,0.521061106534756,0.514950757132082,0.498017577593552,0.512420557109556,0.55188533496704,0.547683615133422,0.442776222382973,0.439261454556839,0.38873571459592,0.560192725048952,0.286885918286368,0.369114225203721,0.548481250982647,0.387686668705809,0.476035327463367,0.185949387266617,0.275590926012799,0.225997377036508,0.0655244050426805,0.105595525186774,0.359537130921547,0.228478334780591,0.0197314487912854,0.485385131169323,0.555745086077543
"27",0.385218061152239,0.393999994915747,0.349477693202289,0.0217567043690112,0.427935525897972,0.450637572401115,0.260497495809648,0.225978102511243,0.0428485905119275,0.316580174365621,0.474437970666176,0.536680306354881,0.572347433779606,0.418440046271343,0.462578265052239,0.222528944701503,0.604758879433079,0.628522475886303,0.457592919479038,0.372031801666102,0.525806454809488,0.450962822894079,0.55497004845937,0.446082688190134,0.343957075068271,0.335309153977527,1,0.494385860113385,0.508606479095576,0.622067083937929,0.474428957223316,0.577535853260546,0.509820848937943,0.342807074918191,0.395941575556989,0.171415153101191,0.250923932719054,0.406884884395875,0.425670111453707,0.215693959856505,0.368205797313848,0.295233996495883,0.359625254191784,0.503773960311119,0.367563051760132,0.388085092137214,0.157788824028487,0.0760471485142848,0.0317621023755918,0.571323750670203,0.553362576158126,0.245085176359294,0.388682261491205,0.347456787288686,0.42428630376645,0.576388565039144,0.486211278344568,0.521576763005854,0.556746091340273,0.576720165948833,0.594557845858712,0.598589304088904,0.506347227205835,0.397680451385385,0.502804753910982,0.37169260739803,0.425055777829178,0.389692339134188,0.382105221087008,0.529452499825807,0.330563983046038,0.394555665025397,0.486285324852225,0.222209158083959,0.159569498948165,0.0539647352169409,0.0259949920194688,0.350698125112512,0.351273096858474,0.00289979020659688,0.290034365600775,0.505158199978177
