"","1","2","3","4","5","6","7","8","9","10","11","12","13","14","15","16","17","18","19","20","21","22","23","24","25","26","27","28","29","30","31","32","33","34","35","36","37","38","39","40","41","42","43","44","45","46","47","48","49","50","51","52","53","54","55","56","57","58","59","60","61","62","63","64","65","66","67","68","69","70","71","72","73","74","75","76","77","78","79","80","81","82"
"1",1,0.123190981728008,0.346435913851021,0.129274553586573,0.473767415278154,0.37938449628169,0.200275615705433,0.128545854349949,0.129367524762384,0.292688259919095,0.462578583737853,0.46306297093844,0.232957664966293,0.43544296233679,0.417309153949708,0.262909316386644,0.508107887882056,0.513574970884902,0.411226481243171,0.495674854122489,0.321181940020791,0.406870727784979,0.514754719407556,0.450629635775743,0.190560797182404,0.0705658821372277,0.272973844352938,0.419420690834428,0.393181182915388,0.42095138134216,0.360727505011646,0.492986912215531,0.410588628502689,0.323781734731295,0.382774412194,0.0439252437169764,0.0095702027791566,0.284148645383087,0.165938790216968,0.113264645994592,0.0763690797101879,0.187819798627924,0.370739514853542,0.396240980274886,0.267383730757501,0.268898500362093,0.156072180695102,0.0310978727249078,0.0697191014175676,0.472151369994201,0.499142457648899,0.289692646946652,0.298621948089521,0.115760505813863,0.2706004147381,0.419054366120054,0.315138002453225,0.473266908719493,0.455993898777056,0.56336375408184,0.403079369585836,0.529602289154449,0.451014389043496,0.252274140564473,0.380128468950724,0.43487643284777,0.435666696886296,0.301084921741626,0.471369873003093,0.311213698414491,0.373120563761785,0.339079596645242,0.318960753977488,0.0487081305186977,0.0364782979736337,0.0331193240528933,0.127725304551431,0.19391415329577,0.28296822792587,0.0405173199862283,0.277692856230914,0.525774409297687
"2",0.123190981728008,1,0.0779443739407668,0.265178170916245,0.105481181948617,0.0599025103214441,0.109214001081816,0.16930103258993,0.102368557960428,0.00138133039570521,0.0459497994041621,0.00977561404338015,0.146209907457995,0.0448030715614776,0.112074502047773,0.214003197052416,0.0263806434141571,0.00632490115641392,0.148320016803914,0.194393236151917,0.0324423671452534,0.0150203328759945,0.0965325326144974,0.113566409539692,0.0130318326811407,0.163831530606159,0.0530655601694547,0.0666785199583604,0.0320019477391949,0.0418281259953331,0.0276356784497167,0.111044622748393,0.0118951971877524,0.0910147752432703,0.0576719397970024,0.180356426651925,0.103798091877788,0.060132145724196,0.102620250274742,0.0284907130983476,0.0443297916247436,0.231692569041066,0.0361608718986333,0.0929933565545372,0.0452172958397387,0.0106997156630102,0.148866975473395,0.196558699045045,0.133210152148963,0.0812562043578184,0.0760449044001648,0.245612701512443,0.0396151011404498,0.0311512243151851,0.0452082103324316,0.0347410754237928,0.00118499172738556,0.0393255917777,0.0032271522424538,0.084737573974283,0.131611715822403,0.0442455197365672,0.00784302232440178,0.144244302053132,0.0267838697241858,0.119661373816289,0.0139479189458529,0.0204636094076271,0.0995837343880197,0.05656190544192,0.0625790613693718,0.0326951855304359,0.115354671372473,0.287945479469757,0.164742310601147,0.0171709816743787,0.16530114835224,0.0843249398110348,0.191817758335587,0.0355647082354221,0.0235470436246982,0.198129345873876
"3",0.346435913851021,0.0779443739407668,1,0.191034729540138,0.539255502643486,0.397940700519968,0.325458452509823,0.0543873723849175,0.255919903586691,0.268404491184878,0.525277378496588,0.458418974592598,0.20427060364372,0.473904742768447,0.459917223080274,0.327600106186162,0.540943276164124,0.588857382475886,0.440277710817,0.507559277757124,0.445968106852461,0.472725154926195,0.528534976345676,0.401183053947357,0.229110560228286,0.127012195649709,0.302283819297375,0.483906721687242,0.498512792463985,0.495253338046862,0.374585853943431,0.542403774341399,0.46658808063591,0.40005047937613,0.368892559175835,0.0164253488165139,0.0706609258081771,0.320515031418462,0.246333488280097,0.30715481286708,0.120432176874965,0.0789712561288521,0.428973862422413,0.378235429255431,0.064453603787081,0.390242324945134,0.0491785126615036,0.100697878095642,0.0630865083626971,0.485173545421081,0.603298056757387,0.308410322916563,0.439583991198276,0.155246324338066,0.35418616042448,0.468852162163537,0.341150490828066,0.521581283907525,0.511852316769994,0.531729242839509,0.568579303675178,0.564524412422148,0.53924231271203,0.394115151160771,0.346778072897119,0.621518874166254,0.490954915296335,0.397899123681347,0.507563809449718,0.341942060500509,0.484756534455594,0.403516651405468,0.265112553713299,0.0343148694917492,0.0156378674571173,0.0405802660410334,0.116479425707691,0.0755959722371801,0.394549204760054,0.0444639007949232,0.290586730050121,0.551527638220527
"4",0.129274553586573,0.265178170916245,0.191034729540138,1,0.187637883353243,0.134268713666863,0.3193455422097,0.456790709067882,0.0227969493347565,0.0412071835056544,0.0628957003111304,0.00141858320066117,0.239897521553561,0.0805883273362407,0.217828677787029,0.46816589947171,0.0125451812236468,0.041618785226475,0.0504180184572248,0.430070612757771,0.082502075537629,0.0587955678854854,0.234510302363819,0.0538456798839019,0.199153507350942,0.53025991162661,0.0623020295069588,0.174299855487776,0.274381621377553,0.267641124143537,0.0360096336083347,0.067931369187813,0.163959455725329,0.405857736484507,0.268211211804483,0.419151143728684,0.493505939098889,0.125380572945838,0.203053879128884,0.265116429993077,0.185192195678414,0.671810537216785,0.151908080684395,0.0962795389142291,0.107207130414677,0.0127712702258102,0.0475145702226909,0.454609511307209,0.466317038139924,0.147860143236845,0.161444784145789,0.638815088628647,0.0115479755536284,0.180103763253289,0.0910769436416928,0.0981094663275779,0.172543983941692,0.16033687422106,0.141151796841116,0.130381240273015,0.32406458116206,0.00302054565952013,0.0607062530100308,0.391747785945227,0.129233438935821,0.17475772410779,0.142679930101079,0.24512894994071,0.0306180704679681,0.174090143099823,0.237591124689498,0.0522839414765348,0.110643332798645,0.60822760005086,0.529941129246153,0.039963341879182,0.536606671731533,0.468441842581014,0.622247209209291,0.149634598256181,0.166618530023312,0.326286906704499
"5",0.473767415278154,0.105481181948617,0.539255502643486,0.187637883353243,1,0.583912689153673,0.406381876717885,0.167845001784415,0.232081519951996,0.416507054689941,0.671902054072085,0.616806293574682,0.283026425486643,0.511221498335128,0.564849906021005,0.373440882618162,0.727212785042854,0.755024787617038,0.599498193430944,0.637797907308923,0.566429202641456,0.6055132180096,0.722118996819882,0.551341989098326,0.398522253193291,0.17560406550054,0.346455023559837,0.674009417745728,0.601445332691883,0.694180522898999,0.620990337388881,0.684713991029135,0.623006321680774,0.489755926407632,0.515430691576307,0.0456563839767686,0.0264438517593225,0.449834947697257,0.25776034616954,0.42123020512986,0.262630842268099,0.217800585757688,0.407500356443471,0.605826335450069,0.326678576026024,0.530960353832104,0.0166560523228592,0.0525939600031004,0.0957988469121067,0.692963891521107,0.716018067339303,0.459305185568714,0.565045932614126,0.174369197704861,0.438759499209595,0.646947030464915,0.47087627873754,0.71129929706421,0.684008930975375,0.708074573850869,0.663311363960059,0.751705470030212,0.642174902790786,0.431234534326983,0.542835533245,0.673488370847409,0.588359376069605,0.49191254319838,0.595014861864128,0.475153018190399,0.625881575339986,0.560110235328367,0.413813540876432,0.0226055277373653,0.0408180272198774,0.113737449246494,0.110018151658216,0.261257790354857,0.423980172807929,0.0880069096072926,0.341241858299412,0.688564987162472
"6",0.37938449628169,0.0599025103214441,0.397940700519968,0.134268713666863,0.583912689153673,1,0.342760514206913,0.0288513412464724,0.31549660701905,0.498770355559927,0.650746224932165,0.653917337827226,0.545248570581554,0.568371553810672,0.512479311535575,0.0997005517120864,0.761353121131301,0.75933882253103,0.560273467642799,0.443783785097938,0.567069192069969,0.652667180582045,0.617226141508922,0.580897441205422,0.511992648692635,0.456765350091508,0.40495500367934,0.60865246830442,0.720350755411253,0.594806441394012,0.646029698897584,0.662331031160089,0.708720919540564,0.644490532653845,0.393982636685151,0.184360263983891,0.290333594821841,0.342887208043728,0.337701532416864,0.359643234164537,0.215742044055466,0.0761781674192897,0.454982118773154,0.65148757649802,0.288420376509272,0.526332675433049,0.101138151872763,0.251064871079705,0.417761889395022,0.665736164398717,0.630813498550282,0.114402057520858,0.533654770695384,0.343609962752203,0.5105623206793,0.541304325781376,0.577460505286685,0.669675584637836,0.752194240460039,0.688737187430896,0.484460091276758,0.756065000704603,0.676164505013727,0.237872108798383,0.66596988812422,0.475181636275386,0.583329947030011,0.573884923670591,0.605676970531284,0.60414852028097,0.42708945934479,0.585143832986639,0.348321951012719,0.196963487618832,0.277477185001035,0.0286555621669446,0.384601701388628,0.492718763980244,0.120892668141984,0.196053078665838,0.411706712577605,0.552470049586773
"7",0.200275615705433,0.109214001081816,0.325458452509823,0.3193455422097,0.406381876717885,0.342760514206913,1,0.196668996985654,0.288994022073774,0.222097370197433,0.385147245470388,0.374619330701362,0.00866901911969542,0.287274651761003,0.337506442199999,0.300745864590357,0.374145073057789,0.410389263587225,0.240214588281688,0.44167476555691,0.297432926855325,0.359305696166742,0.512945126943421,0.405667925032827,0.220170178655803,0.107356433972164,0.0723660962619207,0.419694946945515,0.242910203542209,0.515231865016954,0.334939311537034,0.38264537705549,0.288805199665175,0.159655728853178,0.332262199719671,0.0540547074175257,0.0411873752320675,0.279106242918628,0.0896067253453123,0.309643472195699,0.166820769873359,0.293947320442828,0.104477492373947,0.32897631154906,0.23761177104141,0.24710485660913,0.0659082355083451,0.0314159466925403,0.075684946161208,0.421851384992291,0.447422018266439,0.459143159655996,0.299347199649674,0.0958944296978326,0.323612265606676,0.339951320040621,0.211115536604646,0.44148750696039,0.349694154431854,0.427922167272105,0.446511658977277,0.431765614912395,0.255475633039384,0.150781139868321,0.274805460656192,0.353542958513399,0.242782403171512,0.231439101993259,0.354472256149455,0.156453415552794,0.367739714840274,0.33859022777806,0.303856754724924,0.233997282407082,0.13372133403546,0.134210853648149,0.0561510534970698,0.0774926541417308,0.389365751634538,0.0350336523165349,0.275942841608033,0.471076896716771
"8",0.128545854349949,0.16930103258993,0.0543873723849175,0.456790709067882,0.167845001784415,0.0288513412464724,0.196668996985654,1,0.00392970620821524,0.0777346671773868,0.0647814931466902,0.0549598185767258,0.173170309079241,0.0844508371087903,0.145460186858968,0.323640082580722,0.0378850095244172,0.00608422021376018,0.0791487055304737,0.318146593851612,0.0062762167101118,0.0111725292955875,0.162402206457224,0.0482536915018043,0.0936645518480991,0.349089416501996,0.00934794279521353,0.129865556854549,0.132212524197504,0.184734990090927,0.0722531529862456,0.0355938599945555,0.0818291174420583,0.260375095267411,0.207944107450271,0.21477012717965,0.264652830020091,0.122569621928016,0.0588287473439006,0.127032737480294,0.058171011731796,0.512667339012635,0.145322432794718,0.0683142409548616,0.123817131930211,0.0977932142075544,0.0552725226917557,0.271439798555828,0.318115315779321,0.0853775087933522,0.20274918351644,0.466569251004276,0.0121933520212864,0.186171527980144,0.0974416123195979,0.076117552016264,0.06456856309965,0.189601506422749,0.0559153310922291,0.102394852066685,0.282781511264534,0.0312532859850748,0.0452255967449885,0.281842597086088,0.110919014742099,0.11040395202685,0.13249097657685,0.135397498871186,0.00421477944828963,0.0886806928692377,0.165877031661481,0.154625240528104,0.116628401623763,0.491084196503033,0.38323610846515,0.0357952608921778,0.125067494822886,0.153797244036293,0.340945408532241,0.124064672033878,0.0745364132954325,0.235102031162996
"9",0.129367524762384,0.102368557960428,0.255919903586691,0.0227969493347565,0.232081519951996,0.31549660701905,0.288994022073774,0.00392970620821524,1,0.11334020608633,0.165810594700308,0.181236781866302,0.13101975075379,0.333040109351376,0.21772455599391,0.117411531892912,0.20831001869579,0.245459602943892,0.00415472226774144,0.0622103002096358,0.128391245119647,0.181260390357471,0.132212900203175,0.0104425458502741,0.197497957747075,0.279026157759156,0.0850076329231532,0.113076109046758,0.203476568049461,0.218148227418249,0.209489436223498,0.127910915130831,0.1519765539962,0.157828831843667,0.302316482225009,0.0176570798118032,0.106497987486573,0.186229225203661,0.294619473374405,0.229092853015342,0.144986609774967,0.00105568229884349,0.229954924819677,0.105841783822105,0.123181660620722,0.21974838608999,0.170482557105103,0.194273822054164,0.0565175400029858,0.19018478476765,0.249182313183107,0.14446841523357,0.0759717000359749,0.0372754821947998,0.132855546512977,0.111901297026438,0.11575466245266,0.237978268485544,0.190115086003433,0.298116986738581,0.203215632141999,0.224259398451029,0.170246885054304,0.0284277722138177,0.120926846210482,0.0406895205485402,0.170766496324402,0.30343109855353,0.0983425792385071,0.0642506392141971,0.166131111293629,0.209518667246237,0.213432526514816,0.0756089052041721,0.142934492980174,0.132684914011059,0.0750466903606301,0.188829131588531,0.0474341692357517,0.107362634798397,0.222452469709413,0.178266611933107
"10",0.292688259919095,0.00138133039570521,0.268404491184878,0.0412071835056544,0.416507054689941,0.498770355559927,0.222097370197433,0.0777346671773868,0.11334020608633,1,0.543263955661741,0.487776701500049,0.375384700653809,0.327414970142192,0.375989276323204,0.0512660513657898,0.589235104729478,0.55576534860868,0.486045832997949,0.413587344993048,0.454922043775661,0.526674183272641,0.49403603786576,0.508761409526662,0.426585716863218,0.296831993031428,0.325115307056257,0.522569161816971,0.500948664361947,0.415173171370508,0.510162376002858,0.541193691606841,0.565809671045095,0.4960283759897,0.28703419521069,0.133554039929661,0.189908067199419,0.347683286879861,0.205391477521756,0.326477120080209,0.140121578133933,0.00177670165138141,0.246927758108858,0.559656896052969,0.297794296368282,0.393260065124138,0.0334074493121522,0.153726248780112,0.310561573176173,0.558518484678317,0.475984468581425,0.171692445738613,0.331467825851624,0.188770896151725,0.389179158663381,0.507042124712865,0.547252032129341,0.545841836814923,0.567962739555725,0.511518285597822,0.424617123297394,0.580672040361231,0.532641115821638,0.169423220016435,0.536393235467326,0.411567078254872,0.454465490003809,0.443018770902601,0.502324792941864,0.455016621469572,0.359386623938428,0.496204008044577,0.321788686082208,0.129711130403468,0.196979429677992,0.231412015886098,0.251748410779136,0.333702944894133,0.140617086311376,0.126737763670528,0.306377086214182,0.487501570136246
"11",0.462578583737853,0.0459497994041621,0.525277378496588,0.0628957003111304,0.671902054072085,0.650746224932165,0.385147245470388,0.0647814931466902,0.165810594700308,0.543263955661741,1,0.709583310803364,0.439968421721965,0.614090934624825,0.613590888720653,0.292037686937958,0.83435964261144,0.855099381920748,0.667417597441441,0.710295429709263,0.708827625089247,0.750472373971084,0.803212957650878,0.698386356654648,0.521710273778536,0.352537857184645,0.402057430668327,0.798683483304375,0.730362005396068,0.686947903590807,0.707263754895562,0.82826901466953,0.794093008235204,0.667934508834016,0.518234875407169,0.0729641929699669,0.136184220223424,0.49085992498826,0.357796680677348,0.399371179749466,0.280551132271395,0.0622242458133164,0.448523938720608,0.709311979457157,0.349205032217653,0.567447735666037,0.0214100975922072,0.0745719642469578,0.3339240196301,0.835819092858453,0.800913632952127,0.335452370157258,0.568678010578065,0.290637611844359,0.539390744534725,0.753930049317543,0.669396076300651,0.844941479004181,0.8146963106497,0.791697081451169,0.726917185986192,0.865635501655948,0.793735304585339,0.45530141746124,0.658708536765449,0.689107343776827,0.620507226599142,0.607489558534519,0.707213449046276,0.680058746137897,0.602728680195383,0.632377132860721,0.488560357082172,0.109261033689279,0.141740830915465,0.193421616310569,0.13920416165714,0.336721908978314,0.350216287450213,0.13528701448056,0.539158265762153,0.762220070098555
"12",0.46306297093844,0.00977561404338015,0.458418974592598,0.00141858320066117,0.616806293574682,0.653917337827226,0.374619330701362,0.0549598185767258,0.181236781866302,0.487776701500049,0.709583310803364,1,0.433189284693343,0.553174927132311,0.548757315499987,0.205973283483261,0.768599850003279,0.781457957373402,0.619403652357145,0.56819425654699,0.557385572241196,0.686258443115707,0.702743779736118,0.625124620821193,0.465450788380472,0.374787743489994,0.410310516015653,0.720649982766705,0.68232991567982,0.641737416772676,0.655188728750444,0.74731674348916,0.711511006806638,0.634060965593248,0.454994281119835,0.153274836518991,0.211343987809976,0.396558449111099,0.327701136474829,0.354754333094078,0.237340346954461,0.0318369393161835,0.413580083313297,0.659511549649858,0.377751623744909,0.519485918754938,0.0655355407568098,0.175424195378784,0.324816006061637,0.742444624818714,0.711359257675857,0.251398201758965,0.526123664437129,0.345587916005765,0.498039241151822,0.663937455626709,0.590971315009908,0.717673025027432,0.759233442920799,0.714308417692784,0.615584602000495,0.777778361291948,0.695321062655609,0.367822867467951,0.653123080970632,0.613905703652586,0.577813231137371,0.597744524443206,0.664089209448358,0.565576681906773,0.527312876384021,0.560396569023067,0.478546712254748,0.12065727373118,0.158588327466568,0.102400230657089,0.225750652238192,0.422288157644272,0.255205532295324,0.154730995353033,0.473822625522799,0.644110364762063
"13",0.232957664966293,0.146209907457995,0.20427060364372,0.239897521553561,0.283026425486643,0.545248570581554,0.00866901911969542,0.173170309079241,0.13101975075379,0.375384700653809,0.439968421721965,0.433189284693343,1,0.436270368865964,0.383625668627083,0.0513482953674979,0.561133093186612,0.513510671438785,0.403681332228812,0.238054502509531,0.424746037258039,0.50385466202308,0.355537596688215,0.360297509888501,0.341455198497315,0.470612907713233,0.461348113343185,0.352739957973675,0.634379734057017,0.341308863146723,0.499040388019177,0.46181902460934,0.568054916944314,0.593338816089273,0.197271796864191,0.236053157191081,0.380236540676012,0.131647334616235,0.374148839188614,0.139758979343753,0.198969981705455,0.310418660755893,0.358617867183304,0.456417614551902,0.0726916747737509,0.33676197539763,0.187079700422691,0.30031064586989,0.580262841553398,0.462869734641993,0.385090381399849,0.234183152766337,0.267794087264459,0.377671010205579,0.314383460169634,0.336101303971342,0.560206522138218,0.416315160630029,0.593447605584689,0.441685046909831,0.204420451131736,0.52495879500479,0.606310985859103,0.184230184999974,0.545465521194402,0.318080757354209,0.510658041181387,0.453001805036976,0.418244643666129,0.536258756320159,0.127645773054352,0.385289679039897,0.230190105056176,0.400939630893721,0.405372157138257,0.146063836167155,0.417107003377845,0.436577488948272,0.152954892443285,0.130755367358097,0.353130458503177,0.279451268887332
"14",0.43544296233679,0.0448030715614776,0.473904742768447,0.0805883273362407,0.511221498335128,0.568371553810672,0.287274651761003,0.0844508371087903,0.333040109351376,0.327414970142192,0.614090934624825,0.553174927132311,0.436270368865964,1,0.527897596731377,0.218004327634156,0.614075143955142,0.636870734579786,0.495432745409595,0.50572070357596,0.449728961265883,0.569546564459658,0.533201621657799,0.415996624022751,0.249471977584265,0.327284653329628,0.375951455753128,0.463766577636862,0.636935080515054,0.534718687644477,0.534609103777736,0.584885267601543,0.545130721338778,0.47750174439031,0.441137204842526,0.017175286093536,0.0692334606637526,0.21935455490628,0.419648201463273,0.197641216388084,0.144422639934655,0.0113014661543831,0.392076358113211,0.464504958328059,0.206713977486229,0.411798868841183,0.0371751626072052,0.112231023593003,0.291075457384777,0.546815452201416,0.675418526523913,0.182328006446311,0.44284479733321,0.306482906555324,0.276261056113522,0.420520798442543,0.437875720746108,0.624585278049355,0.618611766019747,0.617781586623669,0.489304644791673,0.646676509581581,0.609328263896494,0.341076150589397,0.484777411809983,0.499544519840522,0.492210210230257,0.524785309178064,0.486165992896155,0.449675704149397,0.41529740189557,0.450687936984319,0.415025594621627,0.0251983718311359,0.133315529219477,0.105295963217739,0.0842675158865514,0.263138615463231,0.196562878766327,0.084511107614846,0.457584926321385,0.557436040385706
"15",0.417309153949708,0.112074502047773,0.459917223080274,0.217828677787029,0.564849906021005,0.512479311535575,0.337506442199999,0.145460186858968,0.21772455599391,0.375989276323204,0.613590888720653,0.548757315499987,0.383625668627083,0.527897596731377,1,0.370537339420674,0.653095110049498,0.647900336367616,0.527364664426646,0.563533149554077,0.52038370565178,0.604566582753031,0.592335230570561,0.505060858083816,0.283288197657695,0.147815133164655,0.411904845196555,0.575418838045148,0.520299669940961,0.60190493760752,0.550122632971655,0.605459546654416,0.535448278666808,0.415802586617713,0.519932734127326,0.00415689690607785,0.0336681418665215,0.317590053448293,0.225710615566558,0.342605711275232,0.249724934420754,0.210565107448993,0.347239268544887,0.481977023447617,0.230544210057271,0.389620806163039,0.0324628442459049,0.0775673269713278,0.0994721112636409,0.617499957547597,0.602182328565218,0.354805316856914,0.376181422730398,0.182643491761414,0.370424719102879,0.506250300261915,0.422328036058254,0.630665989010137,0.595020066594891,0.671536266921297,0.580146273454517,0.66435354990228,0.633098765418894,0.449076052043392,0.499579692922108,0.556724119732628,0.457265837067922,0.433198852055306,0.480264158599336,0.466306270953706,0.451943445807986,0.54179762723092,0.378185623706779,0.0761469696002476,0.0321114706290624,0.0259989613830666,0.0584052499453865,0.218649763813668,0.358645751484684,0.0960760740749785,0.427702400903743,0.646024730638391
"16",0.262909316386644,0.214003197052416,0.327600106186162,0.46816589947171,0.373440882618162,0.0997005517120864,0.300745864590357,0.323640082580722,0.117411531892912,0.0512660513657898,0.292037686937958,0.205973283483261,0.0513482953674979,0.218004327634156,0.370537339420674,1,0.268107311877364,0.307394001333956,0.229074291976654,0.506111068275765,0.231283135311544,0.268952215206925,0.418358814322955,0.30633471719205,0.00632068842524307,0.211556150740736,0.130574922739379,0.349821488641553,0.051457199182634,0.3507705881906,0.228277874266395,0.348827740996129,0.187469243090464,0.00628385070618108,0.289463225832972,0.202820738341802,0.256713871501648,0.240117639440518,0.0131066859797427,0.27949319720711,0.201947599806191,0.470238402553689,0.101211747492544,0.215171568050108,0.193424798610772,0.162831719439733,0.160843514319261,0.13450480317944,0.256456017044792,0.352537597526676,0.378160427340493,0.53248324356577,0.22768443029843,0.0600464169073733,0.0901685612182394,0.237593869710451,0.0809118154423097,0.326264340914548,0.201139269538819,0.359298056749596,0.419651798675445,0.294986181747889,0.197724312030078,0.440133796559263,0.115890903047864,0.391086551429458,0.150537512212728,0.0938438230278856,0.204438880330804,0.101593439895034,0.368031863262935,0.236250978984962,0.191413743084905,0.345023781711322,0.353784333663304,0.10312134279125,0.219249762210033,0.100342563582722,0.478569779454767,0.0777109511000907,0.167018122336222,0.447312452072429
"17",0.508107887882056,0.0263806434141571,0.540943276164124,0.0125451812236468,0.727212785042854,0.761353121131301,0.374145073057789,0.0378850095244172,0.20831001869579,0.589235104729478,0.83435964261144,0.768599850003279,0.561133093186612,0.614075143955142,0.653095110049498,0.268107311877364,1,0.92011769885857,0.748911957421904,0.694709160714662,0.707497066710876,0.806650062844979,0.830573517634444,0.781120668678188,0.530290641611453,0.413332583583879,0.529552501255618,0.810734039438765,0.831576760270234,0.75783121061236,0.794922014220201,0.847599006170667,0.842452651826596,0.708421514244405,0.544038971983858,0.160196108263423,0.191471331556197,0.476812351065206,0.366457310225403,0.426490447591049,0.301129406216058,0.0298627211350582,0.487892744295297,0.795348499668288,0.348328754912471,0.570961299275505,0.0429045710587632,0.173529691195693,0.353208332265996,0.864073865661535,0.808039896613109,0.293707561903943,0.593819723741948,0.345283953502135,0.605903126670414,0.752218189762915,0.727625323068164,0.847453035743806,0.897398569377207,0.839663610349086,0.728630861727035,0.913165171338499,0.851298369402279,0.462223139309625,0.762203128157686,0.73397920238267,0.66772884627839,0.624231212406168,0.760463481201135,0.706138902599535,0.599529806767033,0.715430427949786,0.463942596006928,0.169354861885985,0.180529455305211,0.0946955663731279,0.295701194345504,0.445031603549017,0.321418160836003,0.165068328743184,0.504270950019326,0.767991112342331
"18",0.513574970884902,0.00632490115641392,0.588857382475886,0.041618785226475,0.755024787617038,0.75933882253103,0.410389263587225,0.00608422021376018,0.245459602943892,0.55576534860868,0.855099381920748,0.781457957373402,0.513510671438785,0.636870734579786,0.647900336367616,0.307394001333956,0.92011769885857,1,0.712244228519521,0.705355328164017,0.723913151267308,0.81956140202681,0.854171028589184,0.772072317405508,0.528551251417406,0.376087883806123,0.509585261052968,0.808892140448992,0.809285674987083,0.782153151111823,0.803229525814429,0.871642873016913,0.822776122428984,0.71288185001679,0.571910425710047,0.083378774024841,0.149930945997083,0.502369710927732,0.375967597985841,0.447829751679445,0.297811577124221,0.042170271206262,0.550400784282597,0.767915989357084,0.352316619085648,0.621740806858057,0.0436501704082371,0.155151808448632,0.321813905420802,0.86918502305895,0.836154193418776,0.364125440910173,0.626709607708024,0.359747210172081,0.633749042549257,0.778637707573467,0.692745637337902,0.863675229239569,0.909043663399402,0.846200260088455,0.720319540151984,0.926253209656154,0.837123383505869,0.458577330676717,0.738971577525161,0.747025573253819,0.686323721971526,0.625955963466453,0.757515005572801,0.687659709909784,0.62381768840203,0.681098405324011,0.47700187078423,0.16539853930185,0.155023626108231,0.116115688173832,0.216523233706488,0.419667197570055,0.375345601574987,0.115822105863996,0.51524519746548,0.794967001630947
"19",0.411226481243171,0.148320016803914,0.440277710817,0.0504180184572248,0.599498193430944,0.560273467642799,0.240214588281688,0.0791487055304737,0.00415472226774144,0.486045832997949,0.667417597441441,0.619403652357145,0.403681332228812,0.495432745409595,0.527364664426646,0.229074291976654,0.748911957421904,0.712244228519521,1,0.587182700910883,0.587751195268883,0.637581638993001,0.694466522943838,0.618400195097858,0.440792940525411,0.309634164360108,0.42938834964864,0.659554055484042,0.71018101578867,0.518259530628313,0.63157874200474,0.682354540282371,0.694243325037479,0.558638993249528,0.360126823931461,0.139726856276997,0.123795660597498,0.4010268533777,0.316917529306117,0.302544921802108,0.211550643356034,0.0329206028629093,0.354476250784597,0.685889904432718,0.265261483970184,0.480743695043674,0.00633509190239466,0.189357355924244,0.301396493080689,0.652344146430897,0.656866727830305,0.224512977296128,0.474514471232327,0.29375046650465,0.460423432435289,0.59827117997633,0.627624805363466,0.651557943651775,0.730521472466508,0.627405670031757,0.579243148725428,0.710145062727385,0.707746210574051,0.396834265237459,0.580821590408051,0.669695679488505,0.52008641959895,0.557167911296197,0.598489859991412,0.558038988485478,0.51070411044062,0.551604400039446,0.394171381408519,0.159529245773497,0.113657502316747,0.162971038040151,0.230263903794981,0.369588440772966,0.284403401903437,0.108790904612172,0.356837305944987,0.603984019332986
"20",0.495674854122489,0.194393236151917,0.507559277757124,0.430070612757771,0.637797907308923,0.443783785097938,0.44167476555691,0.318146593851612,0.0622103002096358,0.413587344993048,0.710295429709263,0.56819425654699,0.238054502509531,0.50572070357596,0.563533149554077,0.506111068275765,0.694709160714662,0.705355328164017,0.587182700910883,1,0.5927037324914,0.632030339131493,0.785922718717927,0.612018046978085,0.270542650353446,0.0300708582579649,0.354468960681065,0.747518933534091,0.47688580576693,0.6950438053674,0.610946106264109,0.693150335080593,0.545680103958089,0.324817570995452,0.564065907964129,0.160837193643048,0.174294031211046,0.490368863075666,0.181640971842349,0.440731506567409,0.325601588001206,0.458057332972887,0.257565393591905,0.58311898206438,0.342357839812226,0.432745340996805,0.0614466995639987,0.189108038887273,0.0244097868918677,0.73015199680759,0.732239785292168,0.629027218338964,0.48834967188371,0.17135150599998,0.368559567771672,0.667464628526919,0.49728940161374,0.738230077723118,0.593868508035603,0.700378584157847,0.762879986984801,0.705102682510784,0.611941599097951,0.636901856663895,0.425501721301689,0.659799674804383,0.411620453142,0.341759562954367,0.556504347056736,0.469124542597904,0.563687585356576,0.562079304560768,0.415840975187018,0.262323284708801,0.229935359282893,0.134810586979095,0.056837551892564,0.0817096322973,0.63565715865128,0.0114004050185021,0.443491525349112,0.799927463746131
"21",0.321181940020791,0.0324423671452534,0.445968106852461,0.082502075537629,0.566429202641456,0.567069192069969,0.297432926855325,0.0062762167101118,0.128391245119647,0.454922043775661,0.708827625089247,0.557385572241196,0.424746037258039,0.449728961265883,0.52038370565178,0.231283135311544,0.707497066710876,0.723913151267308,0.587751195268883,0.5927037324914,1,0.664020092479573,0.688048473891409,0.598601575177511,0.431767018000356,0.273470259323962,0.334540555174541,0.674528145541793,0.616587990098145,0.541634117349966,0.650253806410121,0.699092883591679,0.681160901843558,0.54398371928263,0.454001624443341,0.0886199134035142,0.0944344856248148,0.467917194704725,0.263213248897265,0.446751063947494,0.337941149779406,0.00222604695946723,0.383425772991448,0.580954298134767,0.282501298226396,0.542810922613179,0.0540265192024974,0.081146013914388,0.289617234385584,0.743120202224276,0.637217193548905,0.273411365020123,0.461196988015334,0.250070511053908,0.469630553804862,0.646364040888513,0.593668023256136,0.686958395216631,0.686647756440548,0.649793388870798,0.619541460150777,0.732930970097544,0.704008265967282,0.454216341054155,0.606152518945304,0.604172150385795,0.552327116369493,0.516760399891196,0.571039625859224,0.564325722663607,0.505672373495797,0.559486182378915,0.391531199266363,0.135931585494538,0.120655911041872,0.165733355893307,0.0583942978195004,0.264483811887614,0.309942690384307,0.0585346801534749,0.404416627107377,0.635628078127614
"22",0.406870727784979,0.0150203328759945,0.472725154926195,0.0587955678854854,0.6055132180096,0.652667180582045,0.359305696166742,0.0111725292955875,0.181260390357471,0.526674183272641,0.750472373971084,0.686258443115707,0.50385466202308,0.569546564459658,0.604566582753031,0.268952215206925,0.806650062844979,0.81956140202681,0.637581638993001,0.632030339131493,0.664020092479573,1,0.792637119666989,0.681435613281203,0.517438411013101,0.349399738333496,0.499098296010744,0.756889583907151,0.732596784785149,0.67763069718692,0.757530045279551,0.771720159077136,0.743604243191832,0.622161108337285,0.483868230688013,0.101241142298367,0.116208923886165,0.410303424644672,0.347327071787605,0.409488009863424,0.324823045127435,0.00190232000736978,0.447970829661605,0.699624497346188,0.347014558687786,0.560623827783368,0.0806418260224942,0.187253862486923,0.329158841770219,0.782414850058819,0.739227907855332,0.258541406827286,0.524879628162194,0.400490271937876,0.555956972706673,0.678974937473767,0.677257677207991,0.755331882415735,0.799082851862297,0.732922565634471,0.621485328462207,0.81497770993124,0.767080197502512,0.441881752298521,0.68402527604941,0.646508466681157,0.63217524934654,0.547130436398508,0.672068934842497,0.616062852693462,0.508706812172641,0.631743178930731,0.410648274256579,0.141402435274804,0.179382693814731,0.0688538005067187,0.200720473605733,0.409928193289347,0.298757887283593,0.124440581256935,0.506810692434079,0.702329290771779
"23",0.514754719407556,0.0965325326144974,0.528534976345676,0.234510302363819,0.722118996819882,0.617226141508922,0.512945126943421,0.162402206457224,0.132212900203175,0.49403603786576,0.803212957650878,0.702743779736118,0.355537596688215,0.533201621657799,0.592335230570561,0.418358814322955,0.830573517634444,0.854171028589184,0.694466522943838,0.785922718717927,0.688048473891409,0.792637119666989,1,0.786285183819599,0.489316055924715,0.190171638263814,0.4144713984887,0.813175256607336,0.660136247882339,0.753660644975168,0.742211656655955,0.818799682670581,0.74108514213699,0.54230749668388,0.557341712047719,0.00975342898259,0.0508037157094654,0.529849872655347,0.24684790541841,0.477193254941469,0.361247343114013,0.215414187274876,0.415827721201999,0.711272003718497,0.419001360806892,0.554691053958485,0.0501974761857912,0.00631198359662544,0.169509012647985,0.841017217556534,0.801421293801402,0.514246850407305,0.594041704223704,0.294230865245522,0.582563501971439,0.758260634683614,0.637030806486718,0.811463221708383,0.79572179390506,0.782002067225062,0.761344965507399,0.843015420409651,0.75265725911679,0.534663581984336,0.640859709415084,0.745244795445881,0.572292938822848,0.490085054486314,0.707831329074702,0.578382090679174,0.635962890264643,0.600512299082953,0.445486873086066,0.0146685553899133,0.0385352138389684,0.208501637146704,0.0524747467165451,0.303904425576175,0.527591780693475,0.0686633546013123,0.499669813829132,0.814076660126787
"24",0.450629635775743,0.113566409539692,0.401183053947357,0.0538456798839019,0.551341989098326,0.580897441205422,0.405667925032827,0.0482536915018043,0.0104425458502741,0.508761409526662,0.698386356654648,0.625124620821193,0.360297509888501,0.415996624022751,0.505060858083816,0.30633471719205,0.781120668678188,0.772072317405508,0.618400195097858,0.612018046978085,0.598601575177511,0.681435613281203,0.786285183819599,1,0.44050794547519,0.212736479406604,0.417816294946681,0.728995347163325,0.608291959248824,0.663453986324803,0.673300626523098,0.747600222297606,0.716048755488204,0.535887503568404,0.439566645523595,0.0894214283870321,0.11219379733515,0.408092538880846,0.166663108431866,0.370120670385025,0.234442696553132,0.115481520336312,0.376927242758769,0.703542468389236,0.302398441374742,0.422693092900957,0.077916373283658,0.0554735300819021,0.215885417926693,0.759665445887799,0.654502815019118,0.374671271089975,0.520813611181727,0.289503825017277,0.610678066334113,0.662210525595324,0.611163724670573,0.679831030653699,0.760734236364162,0.65959837864456,0.630777659590911,0.760889368819169,0.647386677381781,0.362784482135828,0.686325716629692,0.624295865795105,0.533259298776334,0.362363553859315,0.674489378027535,0.58802137932683,0.487523625576154,0.552943580937101,0.359196427455481,0.0907968399497758,0.0526880863855926,0.241119546510493,0.192346577481526,0.3452480908523,0.307287806642606,0.103922799266894,0.405533077468017,0.680594454463491
"25",0.190560797182404,0.0130318326811407,0.229110560228286,0.199153507350942,0.398522253193291,0.511992648692635,0.220170178655803,0.0936645518480991,0.197497957747075,0.426585716863218,0.521710273778536,0.465450788380472,0.341455198497315,0.249471977584265,0.283288197657695,0.00632068842524307,0.530290641611453,0.528551251417406,0.440792940525411,0.270542650353446,0.431767018000356,0.517438411013101,0.489316055924715,0.44050794547519,1,0.475206925807617,0.222946272460676,0.493498595250585,0.533221922757991,0.332216690670585,0.499227674887878,0.549125359492736,0.594006129380664,0.612996550038719,0.220260323919089,0.251928215902491,0.284184036044205,0.303969912309667,0.279970079573376,0.291878276778537,0.205379601346563,0.268101941160422,0.331322321023332,0.518915950028855,0.334825720017158,0.553670505081289,0.0796991144529341,0.31183626644836,0.464286876040055,0.566417003277003,0.462399552012467,0.0150568089983644,0.331900052969613,0.267304316934536,0.397119541425891,0.526696112581759,0.596503367639307,0.527481960208705,0.569941395536147,0.449419786259889,0.351273183072758,0.576608001181797,0.560227419786537,0.131236496491103,0.544105050405884,0.326900915458153,0.487815955584542,0.545474601633552,0.508840059901581,0.464878119461323,0.274409141839657,0.423258584825929,0.342739087987572,0.32552987857908,0.306046303949788,0.253853558516337,0.252180059125826,0.492980955886755,0.0205120525366058,0.186938348917427,0.358375033866812,0.39239840625463
"26",0.0705658821372277,0.163831530606159,0.127012195649709,0.53025991162661,0.17560406550054,0.456765350091508,0.107356433972164,0.349089416501996,0.279026157759156,0.296831993031428,0.352537857184645,0.374787743489994,0.470612907713233,0.327284653329628,0.147815133164655,0.211556150740736,0.413332583583879,0.376087883806123,0.309634164360108,0.0300708582579649,0.273470259323962,0.349399738333496,0.190171638263814,0.212736479406604,0.475206925807617,1,0.133666187005386,0.194403413502848,0.582284121109171,0.120555024858703,0.274453699369734,0.352549456970008,0.497334485906144,0.652498794466222,0.0361474189299781,0.412907123073872,0.440653202898652,0.147442376659936,0.327531548457926,0.0308535899609383,0.0335785235659306,0.516457349958947,0.280943891440911,0.358614529193077,0.224267658382122,0.437346165424598,0.139271397913935,0.446080544007916,0.592335162725409,0.340590009061188,0.265840611560814,0.328134395962795,0.244691613312578,0.335922828106501,0.306464933172889,0.290856218689562,0.412293597645369,0.303093512529463,0.476965146617894,0.318300664198814,0.0813037488722289,0.44105152216553,0.451461240511662,0.142077218004778,0.468544073509955,0.123801512942552,0.428857149970994,0.601625357147609,0.37896038385371,0.374454352726261,0.114050733285018,0.266779381848781,0.218340367360734,0.520493558099533,0.507858072434572,0.132600387175134,0.402320763407343,0.524077675361503,0.293302475927052,0.236055803647964,0.284312863295827,0.126747422100127
