"","1","2","3","4","5","6","7","8","9","10","11","12","13","14","15","16","17","18","19","20","21","22","23","24","25","26","27","28","29","30","31","32","33","34","35","36","37","38","39","40","41","42","43","44","45","46","47","48","49","50","51","52","53","54","55","56","57","58","59","60","61","62","63","64","65","66","67","68","69","70","71","72","73","74","75","76","77","78","79","80","81","82"
"1",1,0.0997661485740367,0.278263804958475,0.37908110273496,0.418849867636581,0.477308579302634,0.403378347075838,0.395435045587348,0.312834783179626,0.355197183577258,0.470389771232472,0.475599569475164,0.470557594690451,0.441702532685866,0.365882197223745,0.259337715975314,0.497226638763807,0.541708668055149,0.473379243923826,0.480008232448177,0.451695722391082,0.481344695512319,0.499589958583352,0.478216883082758,0.303939232467893,0.321842728636615,0.428039467831917,0.5035138543118,0.496192541853098,0.48572573799155,0.498187291656667,0.536783029763261,0.494389961364124,0.369729180995647,0.40818241424883,0.0431113077932744,0.124908776964848,0.442353944082928,0.169391802303783,0.434625985225907,0.486308089856313,0.110468727814212,0.266688673065488,0.456733585272324,0.443428781872653,0.422398089700445,0.143444292116074,0.0811669672737868,0.380682236685559,0.520736108756035,0.449749512292948,0.0688442235469778,0.182258898631547,0.41032211635131,0.427310264627573,0.490244646451796,0.391859602001017,0.471360190396661,0.47070965410819,0.487483760152758,0.481420728761053,0.520793954225126,0.476421691366686,0.412692060495963,0.494415398626234,0.441469079321502,0.470242690806968,0.39864234499294,0.387862438694737,0.387007752609785,0.383353504322673,0.452668143793011,0.3594658937922,0.0278806238422494,0.0746295370047028,0.2261786916584,0.29275964282359,0.443561480220532,0.35674600367855,0.261428531737636,0.343862161704155,0.504968160260989
"2",0.0997661485740367,1,0.0734203039620345,0.126559226594644,0.0435109327568331,0.200942937452548,0.0565591549637631,0.0185468514017223,0.0210360247702991,0.0619222960257462,0.23853465015067,0.25961062694724,0.0748722458933921,0.124235923033863,0.156579505247533,0.000397659867966888,0.145030686443736,0.205227604932777,0.0800572390023674,0.0484925967970143,0.217822021942794,0.142717426076409,0.242915911736307,0.13019358555526,0.0573036898213437,0.0848935691119544,0.105672507417142,0.084479659575537,0.111621787633444,0.136285802333163,0.0386273245090117,0.190306945268187,0.0244728171648893,0.0780603096853102,0.151015059611335,0.0507884720450884,0.147218429279992,0.0484928039483382,0.123472881928513,0.158379613254659,0.0862484759940187,0.0917272464430783,0.0456354950845566,0.0564650691337193,0.0222414646977086,0.12149099163108,0.132511249846232,0.142998668927345,0.0077632368829519,0.121686979559076,0.0768386472670667,0.139357994199707,0.0483518856103772,0.0199207721181303,0.0955659185901459,0.0839361750162088,0.2612918218536,0.161878779995587,0.0982822793591469,0.228405848270812,0.129151726772343,0.223091358680636,0.0685497140390696,0.205707270627523,0.126255488781573,0.0763006236654797,0.0247785181729773,0.00569218472228075,0.0785237373692436,0.0373305817627453,0.141898144734786,0.185812801868403,0.131094284116861,0.110558939001378,0.135802256183266,0.0240861143800027,0.0299273693259466,0.00457010359551423,0.0485100194181186,0.121885755849674,0.0797864904626362,0.182985294032791
"3",0.278263804958475,0.0734203039620345,1,0.160759094321631,0.361398848538096,0.32761521780088,0.320184856118066,0.275387376035731,0.256458625488972,0.216722067132378,0.366582314503283,0.328817061066887,0.415678645385077,0.299572495498961,0.316556107964847,0.139044824204228,0.428603786464604,0.410038884865662,0.358287912325807,0.300153629237644,0.399283429326816,0.363492880495243,0.421792474144132,0.365726199621446,0.320674601754852,0.329787926455967,0.302770836243145,0.395280887762505,0.36854572669709,0.334129987188845,0.344524601859979,0.410528360478212,0.432614374921854,0.317024942295961,0.203093374652438,0.00815206076736091,0.032590761048837,0.310096907153029,0.177240321561713,0.379962439756723,0.385677498536665,0.0868986385461574,0.108342349726113,0.407170739108772,0.315756233493422,0.347505436792345,0.163683305179894,0.0699614842111453,0.276527645272945,0.444537648498038,0.303100294929557,0.0227886749655859,0.0913342223018489,0.265949385315581,0.353818503358474,0.355332112604887,0.281353219306877,0.410216395280114,0.262938467715656,0.398490353255952,0.38806566860726,0.384332277911571,0.317280253335001,0.291938697168666,0.328905778681478,0.284473063823914,0.464595372059228,0.310588919518202,0.157907382218898,0.293999338991889,0.373683123618653,0.361850345790096,0.344538581755929,0.116091878039818,0.0557681228044795,0.213693359119353,0.150458127504248,0.317811946174785,0.341617225858976,0.142647118853388,0.305160184854642,0.395859859311026
"4",0.37908110273496,0.126559226594644,0.160759094321631,1,0.528544682105338,0.621577939027674,0.467882360483494,0.602104055093157,0.326270895240122,0.380644186603,0.583843234305525,0.628312312982356,0.583871880528528,0.597463516479465,0.431056748819309,0.441947359624328,0.662883112460459,0.655225754831089,0.603128852818334,0.681934959973098,0.551202981987384,0.666708081560258,0.602415825501263,0.399203911953699,0.296482299750579,0.494596528314453,0.661325052234336,0.660315025198484,0.648498841951476,0.65706768847219,0.657663044055285,0.641004759524805,0.599798455264855,0.579875437567476,0.586785128946022,0.0395383397958948,0.0818265062856639,0.657721927419655,0.0643447106524181,0.59467439486153,0.59498687459452,0.341938063294811,0.366220244857524,0.616343551563538,0.640070296157706,0.550348764525008,0.104042383638968,0.019606030825913,0.508134756457166,0.598673241185213,0.677535736215271,0.20784458867633,0.0944718640255799,0.527418088647689,0.63805494358465,0.648533256232154,0.472047035117113,0.575526911513298,0.646794592807374,0.532875792963146,0.650738932586954,0.636058886574777,0.663171542727809,0.547776870717513,0.610810640727268,0.643648438575964,0.542322875112181,0.594043986274119,0.634838054870501,0.412660947629068,0.439764955671076,0.536955207948065,0.389179599914572,0.0189013677273572,0.242097779694111,0.307827586064402,0.452721533622548,0.612246029016585,0.450895538272471,0.425797488670748,0.503498624229587,0.521782493355647
"5",0.418849867636581,0.0435109327568331,0.361398848538096,0.528544682105338,1,0.579363465886019,0.51918464214651,0.735390377627545,0.490010772426065,0.377776209160957,0.654140629060518,0.597929007556511,0.759124585056584,0.675196444287894,0.509903281420264,0.50212853763103,0.733603664110287,0.667284294702569,0.707251607247392,0.803577358146546,0.536641349918614,0.755291991690669,0.605139004754662,0.622442283849274,0.42906132696956,0.67128662081482,0.708258407597094,0.786625185793733,0.790743842717281,0.706780902066684,0.790159451416796,0.73317519304729,0.777002906170391,0.770794404541014,0.614337532264143,0.0893843735785525,0.254951017908321,0.732826342035876,0.0922936400094155,0.677576853242723,0.744924362995524,0.480820381976765,0.524954950979644,0.825236973510983,0.708882962169416,0.637210968465598,0.0960168567788062,0.0440680247408325,0.631456959828049,0.73147423790942,0.775753575284264,0.155258727207888,0.1824939584364,0.652765909179517,0.748474711013095,0.788617017124564,0.504414871913617,0.687826770432153,0.693598195049008,0.540118597297458,0.776860183584387,0.631742563390474,0.730901098685169,0.524860949701894,0.64854324163079,0.719738400379978,0.770119890332499,0.707423435271434,0.614695034720335,0.487551614902762,0.631276604069108,0.648830159667785,0.53453473384194,0.0791530645457167,0.0745716498019686,0.51388841231954,0.625365990500456,0.691192566990117,0.708329390353249,0.518967911288384,0.654126991977238,0.538594166342509
"6",0.477308579302634,0.200942937452548,0.32761521780088,0.621577939027674,0.579363465886019,1,0.56177965176365,0.657496359295392,0.373182817304102,0.525418081775972,0.669673105010306,0.717688114429677,0.703430873876583,0.620035970644596,0.549007721384525,0.376888161538022,0.793682959812608,0.813677013931842,0.720748339311553,0.735287722800749,0.698919425969723,0.749425120607094,0.782854368295995,0.560139930894019,0.502588633826471,0.583131485875918,0.717876308872757,0.770754965522815,0.739951160241284,0.796055028943335,0.75928008596974,0.770851659786116,0.764157758892406,0.602301963137199,0.591412498322922,0.0118844224369625,0.0631278747132452,0.703633411224819,0.257020824011202,0.668168160627146,0.703597144920443,0.2189337181608,0.364936001167555,0.700649658646534,0.704957007659416,0.676705451638752,0.198719336774141,0.0833247182723379,0.568813662253027,0.770724383299045,0.740663296817446,0.140851737475143,0.178000051649869,0.615486564571129,0.686176962037897,0.719025581948968,0.695882624209636,0.729702307424137,0.732893690296753,0.712008301565948,0.743762950068583,0.783385282162255,0.773685019171612,0.705257779327289,0.720994626920836,0.712501354160357,0.668166383071504,0.601041500618383,0.6357408310134,0.559735415546076,0.558068514958349,0.700970371273028,0.478182032300231,0.0370808358237672,0.225742248756412,0.317608987223439,0.469512563238979,0.674291437161637,0.514394332384614,0.416114936244783,0.543155416582698,0.668674741299992
"7",0.403378347075838,0.0565591549637631,0.320184856118066,0.467882360483494,0.51918464214651,0.56177965176365,1,0.575385117444013,0.449685231714649,0.340010086940525,0.56358205534948,0.589859375820386,0.641065023000689,0.540659308826168,0.43939080220514,0.368977833296955,0.699602031611008,0.657499865547753,0.638562237805274,0.619574348473276,0.539099650721135,0.651776299545678,0.628635725619044,0.491450622001546,0.392591950423817,0.532632537300189,0.585270695510653,0.657171264721036,0.624381337362126,0.610130954368172,0.657611900341728,0.642076740991214,0.652378694142916,0.585864705409323,0.455587943833143,0.0138940876942242,0.10612930101477,0.587966931942952,0.135846401638449,0.605000798233181,0.609493610674263,0.173904106105416,0.245703959811016,0.613226807200809,0.612371612835457,0.617720133393932,0.22073171503394,0.0300086363812178,0.443178117106214,0.649997783163922,0.634018883860437,0.020151623294429,0.131891761033533,0.521776123279202,0.623604789586312,0.601824775337257,0.457013803043605,0.607459532658605,0.539786591116916,0.546890588728228,0.679256896567829,0.627552093990712,0.622427382915347,0.500082886708421,0.589824350949746,0.57580727186226,0.652294934018836,0.560476388984368,0.465154096859628,0.478606240550038,0.484864358967236,0.575751142579795,0.377816474674989,0.0824416887264335,0.0171106342119837,0.292098158385133,0.381578098065629,0.514324819581941,0.513118593342171,0.389307734035132,0.569176215498491,0.572015821655739
"8",0.395435045587348,0.0185468514017223,0.275387376035731,0.602104055093157,0.735390377627545,0.657496359295392,0.575385117444013,1,0.435056862411476,0.439610861351928,0.680275076228578,0.638032435049056,0.746675715766348,0.702196659556988,0.510374362607156,0.464567245813934,0.802465573712628,0.722907939905248,0.768629047028436,0.838575590459375,0.580832829501167,0.804701353020692,0.678741437950814,0.510669655582961,0.440385116061859,0.644341369950349,0.740382581352691,0.795777817843739,0.803151213407773,0.774493983587988,0.824201227053606,0.745578380486457,0.774879711446125,0.761870117098096,0.633378129734893,0.0479584558224338,0.211656257593884,0.771999750166626,0.128143803218849,0.697869961286543,0.758700989051512,0.453186723541417,0.482810439060072,0.808250046625222,0.801920277618244,0.70838393167498,0.125985772099855,0.0135960685198699,0.659365865515252,0.732385554529264,0.820872820084592,0.182790909580361,0.132746340868973,0.716785071043959,0.788949117544573,0.791030977334595,0.562691106870143,0.702557640876085,0.746807157330252,0.567754439017741,0.796120413834867,0.695561107349204,0.787419983365717,0.633349175239707,0.706406553193759,0.77943911346439,0.743294354854951,0.716412329343005,0.721149579749775,0.513540035735024,0.544135047798955,0.653180047864932,0.508610277642181,0.11828186788735,0.114023602632384,0.412525260448554,0.671180640127432,0.743733375309783,0.617868078507,0.516805995548876,0.659077796115311,0.57119328608173
"9",0.312834783179626,0.0210360247702991,0.256458625488972,0.326270895240122,0.490010772426065,0.373182817304102,0.449685231714649,0.435056862411476,1,0.167861285563718,0.543369248655061,0.516475796205147,0.509613511960088,0.530946834658448,0.367588313310382,0.470519523348281,0.550878127706958,0.569935454824843,0.520514248471321,0.560171881483612,0.458384772947541,0.5517921499864,0.503161389075314,0.50371895400196,0.174593077609814,0.39089781306463,0.515683534296029,0.533254983073741,0.5441536547802,0.495895402627071,0.555853677539147,0.532573553214513,0.546269110474179,0.482574568256418,0.482168957698885,0.0263736120204149,0.104462231878567,0.516080831995879,0.0703408758008909,0.534334010832779,0.484668335840387,0.238432582474171,0.213596238882242,0.532048207477087,0.479675164846355,0.458048157002517,0.0368548056995043,0.0138477990071161,0.25986733825703,0.521425538724231,0.562145750083467,0.172048630973713,0.201594748559449,0.439813331410565,0.530340217332318,0.578437639930885,0.286029143989989,0.491638843864657,0.492094975050471,0.436371486018378,0.601834276756641,0.529205310531239,0.537960852689293,0.332050531968804,0.501993284888199,0.483746546506229,0.538562855391927,0.517641456644601,0.346228653017274,0.312740143489577,0.474930884438644,0.424342435240594,0.383568583284655,0.17026622641626,0.0202685481722803,0.337515707597861,0.348163390209802,0.418942452283346,0.520351090033062,0.332466857362668,0.508325698682956,0.436985147084278
"10",0.355197183577258,0.0619222960257462,0.216722067132378,0.380644186603,0.377776209160957,0.525418081775972,0.340010086940525,0.439610861351928,0.167861285563718,1,0.453793781164562,0.462152596917801,0.438529434024556,0.36048586991031,0.335959574066179,0.183143620344474,0.497480215790101,0.512370709294851,0.466903494505867,0.459476462801578,0.441226842474248,0.441509234519759,0.52835766046772,0.392887983668017,0.376825232440817,0.384654642180641,0.398331584638644,0.512812847943316,0.473339339740656,0.506193201433899,0.482432943263097,0.507833245880993,0.505510736672521,0.388990546899029,0.347976984003342,0.0793368879781195,0.104540139465254,0.432131057071655,0.152256872501425,0.373743371798801,0.463771369282841,0.114864651992311,0.268201995416847,0.435587585951113,0.447169519961242,0.403262693635316,0.155172757752471,0.0499660179434448,0.441846942876868,0.525491646051016,0.451233132534386,0.115919099463369,0.163881867162521,0.406355307953377,0.420597065305033,0.444506354149823,0.492776844471915,0.498094707383234,0.492349119573583,0.530891300236085,0.457798416561596,0.529448821509842,0.515310886827499,0.536873607837235,0.427739204138923,0.43276165675076,0.426006324536749,0.378031028903697,0.390578104016489,0.377604653830288,0.37147094361232,0.490621824071713,0.384168816860979,0.133354751992045,0.212682000997735,0.153039272830169,0.338185951116896,0.514067537101099,0.335577925906988,0.254674275243982,0.337611308173504,0.46443480749781
"11",0.470389771232472,0.23853465015067,0.366582314503283,0.583843234305525,0.654140629060518,0.669673105010306,0.56358205534948,0.680275076228578,0.543369248655061,0.453793781164562,1,0.773856121524161,0.741154071517912,0.772478238956851,0.589844022595189,0.499531328952658,0.827284182915655,0.847112402873132,0.771217203178837,0.788530491090259,0.758962751001806,0.806436078954817,0.801791384991523,0.650571701794883,0.385025123283045,0.505464080954034,0.698155508261833,0.8330393533648,0.830675496901232,0.793745031953433,0.791165772205636,0.841674216573314,0.742007275228501,0.65375286086772,0.757864313852648,0.0305664100246934,0.156055747042613,0.727798647960698,0.193198030123751,0.767487989017435,0.732666821143382,0.289733645812354,0.454138922195596,0.76644023579884,0.718725802394315,0.686013699488699,0.170729561447917,0.0723642993473582,0.55451616593472,0.786922624793192,0.79424770988151,0.332502262967091,0.231695284275434,0.653547104394733,0.742471679056333,0.820185776586841,0.671034355089755,0.7912795241615,0.795912088051053,0.72430067549634,0.831094871046024,0.803057394445733,0.798155574251459,0.737227433968006,0.730687755724227,0.759276599439642,0.725935606677126,0.712362321789505,0.625482040690359,0.495863837887533,0.657109982138475,0.729522281890565,0.634808769401989,0.0113763103474859,0.180096257167686,0.467141103326402,0.549544858565178,0.695716089887725,0.579745857936648,0.551802204924433,0.561364756245803,0.685157745861121
"12",0.475599569475164,0.25961062694724,0.328817061066887,0.628312312982356,0.597929007556511,0.717688114429677,0.589859375820386,0.638032435049056,0.516475796205147,0.462152596917801,0.773856121524161,1,0.72825709777009,0.731125605609218,0.589243272566709,0.461209744297357,0.792123282347703,0.858892391984695,0.728867764390616,0.770017039433122,0.76674178196133,0.801273019816412,0.80256538636236,0.632043019447035,0.401033006042421,0.512695252206733,0.732702199074996,0.775254242153616,0.782091279989164,0.795809901570743,0.77580866768791,0.837707027738353,0.721136558055227,0.614454195193387,0.708095711650583,0.0652723296524012,0.0676382442551611,0.747075744495632,0.119354765339361,0.714521501796334,0.682068419946657,0.211987216636638,0.382686129131982,0.710318187848373,0.710521427818752,0.659597475442081,0.261113767465948,0.104653867573808,0.447362281992006,0.783112145032943,0.777294515798643,0.312571199959691,0.202400761146515,0.593829624022259,0.724214251324202,0.791807958748969,0.626420919336149,0.735664865793108,0.785944652000121,0.782211864064366,0.795612080269471,0.847940136182537,0.782194489153762,0.682340530084883,0.755204872613739,0.729842301945282,0.705639764407915,0.649681603721503,0.628237955011345,0.531078568555848,0.565100623117316,0.689473663817389,0.56352706927164,0.100183498237719,0.240841162125788,0.356063310276101,0.438908375647708,0.64848975913404,0.548961215481687,0.469796766823542,0.572920566577958,0.722711900236425
"13",0.470557594690451,0.0748722458933921,0.415678645385077,0.583871880528528,0.759124585056584,0.703430873876583,0.641065023000689,0.746675715766348,0.509613511960088,0.438529434024556,0.741154071517912,0.72825709777009,1,0.715149829807679,0.554371905869804,0.449761995009811,0.861068397650919,0.820158227278072,0.788353684045454,0.831125708957155,0.685828794636182,0.840642535167391,0.771731865650817,0.660095635541304,0.521024379959378,0.660445762941395,0.74181107441592,0.86240973891322,0.831024615723597,0.806111068515333,0.855447416621074,0.833478706319234,0.828600991757549,0.735800389584219,0.631669124414772,0.0138687312564233,0.177903534070351,0.766454007651853,0.204981242530081,0.749652066279898,0.789952326635368,0.35413301448102,0.419864827345182,0.836382151989065,0.774363736194808,0.737640169576448,0.194851483337452,0.0271330064080774,0.600621473847581,0.824967681303144,0.820205254062154,0.136815583032204,0.17418644197899,0.665959599594988,0.79848463941289,0.829098493610897,0.666250207120528,0.764610176008008,0.759903471662195,0.696378510690053,0.841827782392647,0.7805099118093,0.8182509804575,0.680944440955868,0.746340267266023,0.788946160979517,0.788164379593097,0.694386368949258,0.630864043452227,0.60638789371957,0.63090846543274,0.747817833681282,0.558061934987319,0.0470685028765252,0.117226724658684,0.456349419517338,0.555658882723018,0.708320454413652,0.655919391888693,0.478457172533085,0.673637276665942,0.653487279945645
"14",0.441702532685866,0.124235923033863,0.299572495498961,0.597463516479465,0.675196444287894,0.620035970644596,0.540659308826168,0.702196659556988,0.530946834658448,0.36048586991031,0.772478238956851,0.731125605609218,0.715149829807679,1,0.506714116120753,0.53833973707699,0.787954098076638,0.780411368834959,0.741461507472612,0.81441153659892,0.692793904452998,0.806757747658063,0.712891057219723,0.578258542997161,0.317806280079774,0.542831848393371,0.734933760635028,0.793079120973398,0.80000249936817,0.771637818280665,0.797730037617043,0.79842218549218,0.729500338565296,0.69581935952183,0.727943126288576,0.00161903432262647,0.152757041772538,0.779381669367094,0.0788955789223896,0.763295811457991,0.702251295452023,0.396510528312006,0.443598256810087,0.782962135148492,0.7223606217631,0.675110763353962,0.137192964363876,0.00514901271285816,0.528523767595304,0.72995308229379,0.804183020455591,0.346846780179726,0.1771505862911,0.647854076190181,0.770756988919002,0.803610576753665,0.551242012759922,0.720683119104671,0.772537177203824,0.662694052959648,0.819182476710164,0.745633124962464,0.776951641107752,0.647920445198657,0.727808402023976,0.770579088343998,0.703448796191567,0.734384999306184,0.676546418594501,0.486405707845729,0.598479110951281,0.662526015435276,0.555449489761263,0.0179394850638055,0.126264262026089,0.484898115779905,0.570483672704509,0.678665738938882,0.600937619001582,0.527701071792465,0.589214883880238,0.606950615271706
"15",0.365882197223745,0.156579505247533,0.316556107964847,0.431056748819309,0.509903281420264,0.549007721384525,0.43939080220514,0.510374362607156,0.367588313310382,0.335959574066179,0.589844022595189,0.589243272566709,0.554371905869804,0.506714116120753,1,0.365844535764484,0.6272371658813,0.647801699934187,0.564054732684754,0.577837641329508,0.565134414698691,0.595263961017925,0.607292164066393,0.480212808009627,0.418930238899834,0.430132218325889,0.554014392953328,0.621707197724536,0.593497623849285,0.62551595778935,0.59321532756237,0.612862121546123,0.593395470454231,0.480610284522712,0.502436410009588,0.0188146076349175,0.0675906376110916,0.546550317905581,0.134022157732212,0.513580019542342,0.536313161234177,0.149182666903784,0.241330701909572,0.563976503799799,0.522357579346335,0.494917234146008,0.15252153437122,0.104822658006933,0.370823151038831,0.628653764780035,0.581634639863356,0.227410466416459,0.194087578351199,0.479791882663652,0.526917709991786,0.566063739798207,0.484660452970351,0.615733648333748,0.601152970157021,0.611924939831055,0.598709467825854,0.616902512550534,0.615027179328451,0.516282072381746,0.590671077251132,0.523250755931674,0.570219202244404,0.544820916807012,0.480752255280335,0.417105641458823,0.471095982298962,0.513303929838118,0.450080215137227,0.0521187280286476,0.133450286554387,0.304130860424409,0.334580752194528,0.525270148592616,0.462276385939752,0.327819683325295,0.453840023651978,0.574677882636208
"16",0.259337715975314,0.000397659867966888,0.139044824204228,0.441947359624328,0.50212853763103,0.376888161538022,0.368977833296955,0.464567245813934,0.470519523348281,0.183143620344474,0.499531328952658,0.461209744297357,0.449761995009811,0.53833973707699,0.365844535764484,1,0.49180229785013,0.519503812404827,0.502614715732582,0.567438567737145,0.462160096371776,0.534576994742838,0.458855303086768,0.387162642212805,0.157158446987434,0.377679514601831,0.544689112435948,0.53982277488035,0.524226076034866,0.493353422537682,0.539325140033106,0.502054895192794,0.479155841021898,0.51676007350464,0.557305935525877,0.0255401233434051,0.13041909231001,0.507087973493038,0.0185882939521145,0.462879312565712,0.435069627048073,0.359028966029263,0.272013016246644,0.491562315785779,0.51221187762307,0.366035917660798,0.0144249496290246,0.0411188808247971,0.385172672451901,0.446642044448529,0.542305676011143,0.344994671705931,0.232943552176854,0.455300750146727,0.473851767577534,0.553543586592616,0.261027637992197,0.495364622647305,0.515469259410792,0.42202561654324,0.540094438978568,0.477527315854097,0.528603095665393,0.336132547670225,0.472239030383343,0.497488974224318,0.472647299307338,0.519581066930939,0.464258392987421,0.338486734556783,0.390183120237753,0.384064111625225,0.445455639030191,0.0741309749143195,0.0969471045398661,0.310316976644245,0.403561321592081,0.508819286874624,0.483039535206945,0.367206408652932,0.449637800877228,0.37949018815472
"17",0.497226638763807,0.145030686443736,0.428603786464604,0.662883112460459,0.733603664110287,0.793682959812608,0.699602031611008,0.802465573712628,0.550878127706958,0.497480215790101,0.827284182915655,0.792123282347703,0.861068397650919,0.787954098076638,0.6272371658813,0.49180229785013,1,0.91833014605577,0.880523618650688,0.882074577310387,0.777367563483212,0.90999240722936,0.862867103611232,0.675575997934416,0.504161877535181,0.68356066178564,0.827881893730559,0.916769567956396,0.901121963070344,0.878463081588766,0.918015771162123,0.907089734899623,0.897569243698049,0.791388220264953,0.698078455146272,0.0232877740633035,0.177862366266662,0.834334385295803,0.229252602010479,0.836370992298472,0.846955717141154,0.315237825910861,0.457821436484695,0.884916691254366,0.856731636324824,0.836557058945397,0.20049336630363,0.0583835447024053,0.633711749199037,0.903843463421754,0.896576020599565,0.166034091615501,0.187265071670307,0.736326146440224,0.872716243487103,0.880706918645569,0.729260367505279,0.86752924134195,0.843055613364646,0.771343031006708,0.930895071388628,0.869453985286497,0.903042998736844,0.760950493777747,0.83927473177251,0.835565104584085,0.846551320573304,0.779787329330841,0.72718080257321,0.634602675343261,0.681298402362102,0.829977002353302,0.593124616783317,0.059465535483634,0.112983246138738,0.474066396103815,0.609821201569127,0.772555744787702,0.683902017052054,0.539931842864889,0.738007496345415,0.747272634637598
"18",0.541708668055149,0.205227604932777,0.410038884865662,0.655225754831089,0.667284294702569,0.813677013931842,0.657499865547753,0.722907939905248,0.569935454824843,0.512370709294851,0.847112402873132,0.858892391984695,0.820158227278072,0.780411368834959,0.647801699934187,0.519503812404827,0.91833014605577,1,0.822911221925683,0.849029581151823,0.847165425693012,0.881710031059669,0.911285699748131,0.728295632505326,0.498623116263078,0.600080875642349,0.808397008911095,0.878997719614319,0.87550606605071,0.882416203183988,0.883108167114613,0.91005520390736,0.853557664593909,0.694039284696965,0.749005751722805,0.0298499430754808,0.0932394871343322,0.793072736010504,0.230042318498322,0.80743910582047,0.776475993947861,0.202385950562913,0.396449037733235,0.811903025140588,0.796900574532218,0.768831520291846,0.22549992176851,0.101771099138454,0.554731160157665,0.899576284158267,0.862549501590061,0.250117423327765,0.259183218761666,0.666228102884955,0.804893901958921,0.858565120615149,0.737045623813153,0.86100485790778,0.857308655785421,0.844600328350378,0.895875972206931,0.930281757403903,0.882220563832074,0.784758672760222,0.845803074320561,0.801253268103241,0.798642161013145,0.72387780257193,0.67295701434012,0.624711723321628,0.666501551378449,0.803159862708448,0.623986232226396,0.129250531701257,0.203414383982681,0.428753448799255,0.496630403417302,0.744466098010478,0.623904795500908,0.481610436828376,0.670457883536308,0.800809911800535
"19",0.473379243923826,0.0800572390023674,0.358287912325807,0.603128852818334,0.707251607247392,0.720748339311553,0.638562237805274,0.768629047028436,0.520514248471321,0.466903494505867,0.771217203178837,0.728867764390616,0.788353684045454,0.741461507472612,0.564054732684754,0.502614715732582,0.880523618650688,0.822911221925683,1,0.854189509228135,0.699070103190896,0.854046967763883,0.775583685915386,0.645058652616887,0.491503895245171,0.674512136575661,0.75354864784224,0.860638316131553,0.859343097730233,0.82084262209772,0.861795571508563,0.823402392195788,0.82627152136237,0.767532784263781,0.672204619185925,0.0392231002148658,0.231854432239238,0.779836193997052,0.18042791952991,0.789622144621114,0.815161359982556,0.356056898443079,0.442928716045903,0.845001074678015,0.822637760537055,0.75794154790936,0.139269597721874,0.00752546778650174,0.617901123915859,0.82414095549311,0.846077582541564,0.166675970416769,0.165895813759629,0.738427974543616,0.812131007247571,0.837570122338,0.648927143705164,0.805757049907199,0.795961767996016,0.672836194174441,0.866409586600338,0.772556916176015,0.856165982433361,0.696913244177722,0.758021101812182,0.795967001931751,0.779492171390899,0.72670140497914,0.705118981244303,0.561618667568361,0.621934058036294,0.731711577021656,0.562354519100041,0.0271135206983465,0.103744710606925,0.469058072115458,0.624008051762406,0.753248912846607,0.673122908190046,0.535942669586777,0.685943076647488,0.646402743312097
"20",0.480008232448177,0.0484925967970143,0.300153629237644,0.681934959973098,0.803577358146546,0.735287722800749,0.619574348473276,0.838575590459375,0.560171881483612,0.459476462801578,0.788530491090259,0.770017039433122,0.831125708957155,0.81441153659892,0.577837641329508,0.567438567737145,0.882074577310387,0.849029581151823,0.854189509228135,1,0.708199648456134,0.910112928420126,0.785956726488383,0.647617553367291,0.476830228423045,0.702828227057979,0.828384907664907,0.898469150607071,0.905094243758128,0.870676341536382,0.915832627235177,0.857363138617395,0.850884702197731,0.824943928372846,0.750704799287725,0.0165110587960801,0.23078288244182,0.867369622807286,0.107456017176732,0.795898676910088,0.833449358047535,0.450536218195079,0.500263128381376,0.891111184704362,0.856204427794927,0.762438595745213,0.131186184580075,0.0290898706525238,0.666539325646415,0.821574620933585,0.905263326969725,0.242889650059572,0.191550768311901,0.751389063529981,0.860797120705126,0.902765375946991,0.614920603818554,0.780935027629343,0.857293124985543,0.697362689692162,0.909496648859411,0.812256698455697,0.893424372393662,0.693724279348046,0.811342499244697,0.866518945643342,0.816665279254207,0.801260453542487,0.758403930029254,0.583117491190942,0.648130240388804,0.736519444527342,0.591914356628161,0.0085982491911191,0.15269818817743,0.485521787958141,0.639648451710268,0.809316060617384,0.708747083506938,0.572702976633923,0.733935494412012,0.667076184472017
"21",0.451695722391082,0.217822021942794,0.399283429326816,0.551202981987384,0.536641349918614,0.698919425969723,0.539099650721135,0.580832829501167,0.458384772947541,0.441226842474248,0.758962751001806,0.76674178196133,0.685828794636182,0.692793904452998,0.565134414698691,0.462160096371776,0.777367563483212,0.847165425693012,0.699070103190896,0.708199648456134,1,0.748606219860557,0.804388090946984,0.619413911369719,0.41326313561391,0.444773941145464,0.69742993467682,0.763419780750667,0.729421406493407,0.768594160088881,0.735572930221043,0.790342324630364,0.721665850508372,0.598988873497813,0.671137894350748,0.0240931649834368,0.0756606377191055,0.6746983912592,0.180044201340779,0.661422100844042,0.627504394795991,0.159563411682651,0.336672600448921,0.664884565620081,0.653683544006763,0.629954358182597,0.254091472035973,0.101898924939802,0.445855420625523,0.780370510814832,0.72463499623672,0.331941311727707,0.253052290012604,0.518463703729385,0.657965124399308,0.736352535618542,0.636428689961236,0.760378415308279,0.734700859350003,0.773482168105246,0.764740791451107,0.818308028655268,0.746781662512807,0.696296330494134,0.730037961999082,0.679336529061893,0.687775864623895,0.650528192604957,0.556441533068194,0.520568037879527,0.581920321050144,0.687033539967482,0.587824861947927,0.146155835932487,0.236022333197222,0.365339562930662,0.393198700639977,0.63768559418709,0.492078185046907,0.408575374896222,0.527580576873601,0.705779543348743
"22",0.481344695512319,0.142717426076409,0.363492880495243,0.666708081560258,0.755291991690669,0.749425120607094,0.651776299545678,0.804701353020692,0.5517921499864,0.441509234519759,0.806436078954817,0.801273019816412,0.840642535167391,0.806757747658063,0.595263961017925,0.534576994742838,0.90999240722936,0.881710031059669,0.854046967763883,0.910112928420126,0.748606219860557,1,0.836863142490643,0.645823101745202,0.503618214792036,0.710563147301194,0.818051668330085,0.887925049366693,0.891714789023151,0.883050661086648,0.907386331924624,0.88341455122375,0.858007955745416,0.782449635356601,0.746616038123851,0.002703539653269,0.145518030622869,0.864608067614483,0.138994777139718,0.84200933536745,0.85400435803543,0.391458986099484,0.448183616474752,0.880040467536244,0.866028781878759,0.80309198807104,0.168367766468967,0.0417694334167898,0.616244679643348,0.852640731769425,0.89547479405117,0.193106864984891,0.158255656985097,0.733040541793418,0.887354381221057,0.895642330487326,0.64922162060092,0.792079217094891,0.818647574783609,0.723503049467524,0.919965866383314,0.833380921743177,0.873367849474258,0.711312711355918,0.828791079020694,0.85224713666046,0.840612300338079,0.746283428863346,0.708416303133448,0.615228868803718,0.648593458209807,0.768358855998938,0.597328101006996,0.116893655120407,0.137243542379461,0.466714396999554,0.612383723823291,0.781284962183776,0.687829136599382,0.556245970630735,0.721749303381419,0.685847725867456
"23",0.499589958583352,0.242915911736307,0.421792474144132,0.602415825501263,0.605139004754662,0.782854368295995,0.628635725619044,0.678741437950814,0.503161389075314,0.52835766046772,0.801791384991523,0.80256538636236,0.771731865650817,0.712891057219723,0.607292164066393,0.458855303086768,0.862867103611232,0.911285699748131,0.775583685915386,0.785956726488383,0.804388090946984,0.836863142490643,1,0.665863967194143,0.451527137032611,0.557378345679453,0.741212001191995,0.811815280046768,0.815289985971116,0.835379113220835,0.813524889325791,0.874924854180883,0.796267111801856,0.642472602140329,0.693889647521144,0.00274389934394461,0.0731955780902065,0.731397565151564,0.256388960260801,0.76452103323682,0.749419018971613,0.182163528653767,0.401812104597184,0.762583587619241,0.747692090828082,0.735116764398705,0.24831777567203,0.153336132065845,0.513471301641027,0.843840908097353,0.799387295378307,0.203769062566894,0.222347212827654,0.645838804505934,0.75995538851576,0.802781535628881,0.713592163969332,0.808184212087226,0.778365806263894,0.7923311587634,0.829786423327922,0.887907801708921,0.824706678871292,0.747928550680262,0.790815855802619,0.75223767186524,0.745553147843709,0.645396904130034,0.616219208403872,0.587239727899163,0.619009732706988,0.765910187238649,0.603522185859973,0.0838484445378626,0.201180663531322,0.363917857919938,0.466990123272682,0.725305970716716,0.550416920302237,0.46240934685515,0.596698942994935,0.763619240064907
"24",0.478216883082758,0.13019358555526,0.365726199621446,0.399203911953699,0.622442283849274,0.560139930894019,0.491450622001546,0.510669655582961,0.50371895400196,0.392887983668017,0.650571701794883,0.632043019447035,0.660095635541304,0.578258542997161,0.480212808009627,0.387162642212805,0.675575997934416,0.728295632505326,0.645058652616887,0.647617553367291,0.619413911369719,0.645823101745202,0.665863967194143,1,0.349358779969753,0.508307842113424,0.597993367724273,0.687243412862661,0.700318158910003,0.615672980205352,0.687887778886683,0.705507629239062,0.703493399526393,0.547262989468722,0.522564137631969,0.0253537830959113,0.129302272911063,0.557351369727285,0.248476572641897,0.609918052560924,0.66734207817562,0.188511559346795,0.36390364081819,0.667055694922041,0.57748288491872,0.572164039603609,0.16325864478793,0.0287002490856168,0.39863083639338,0.728374829680897,0.659892095512301,0.0865488262678403,0.303097053869614,0.494879479405025,0.620004691087872,0.681305310737036,0.578586126130361,0.688005800468956,0.648720113154513,0.618705236831039,0.677024312085313,0.690327717085755,0.668985519164804,0.569017621102501,0.607285613687518,0.565588612626699,0.681789634544131,0.563187187612187,0.411236194396702,0.448653242617112,0.590368315882973,0.651737073764126,0.534364907659103,0.128740745895587,0.064891896161246,0.43022711849443,0.377920265760472,0.517506911498141,0.591196078778133,0.392167953849517,0.542528270274717,0.64192933160695
"25",0.303939232467893,0.0573036898213437,0.320674601754852,0.296482299750579,0.42906132696956,0.502588633826471,0.392591950423817,0.440385116061859,0.174593077609814,0.376825232440817,0.385025123283045,0.401033006042421,0.521024379959378,0.317806280079774,0.418930238899834,0.157158446987434,0.504161877535181,0.498623116263078,0.491503895245171,0.476830228423045,0.41326313561391,0.503618214792036,0.451527137032611,0.349358779969753,1,0.489942740815842,0.40717040112921,0.539299335738963,0.482422163209914,0.553597715884046,0.511446638888086,0.442101417703703,0.530157993972494,0.46253312805575,0.279937549650843,0.0159891836464828,0.106874136612087,0.464649929062549,0.0488692044251169,0.364965122250485,0.469117626139543,0.0991867240064398,0.0568493091458316,0.480813313381005,0.488464170676537,0.428889047541822,0.116915619082984,0.0381236177884552,0.36267938138137,0.526320133084737,0.456653883703112,0.100908585648693,0.184385489700662,0.445428026751351,0.38853510683374,0.467651085160959,0.365950612039188,0.455139099281148,0.472154614484216,0.462515123431195,0.47179768924439,0.445303859142066,0.503489502940813,0.409487356219536,0.452730139811766,0.43712424679327,0.501414880375,0.39590944630819,0.339721662038509,0.550731458965052,0.336893711445641,0.378394281104711,0.322177430732601,0.0104378809997279,0.117879836336032,0.223286749196279,0.292899402861226,0.437429373595521,0.414200703188108,0.183281778795583,0.441587945065931,0.37684729211078
"26",0.321842728636615,0.0848935691119544,0.329787926455967,0.494596528314453,0.67128662081482,0.583131485875918,0.532632537300189,0.644341369950349,0.39089781306463,0.384654642180641,0.505464080954034,0.512695252206733,0.660445762941395,0.542831848393371,0.430132218325889,0.377679514601831,0.68356066178564,0.600080875642349,0.674512136575661,0.702828227057979,0.444773941145464,0.710563147301194,0.557378345679453,0.508307842113424,0.489942740815842,1,0.606378041111235,0.679956869921607,0.657884704395878,0.648711912129758,0.7129729845193,0.616316975227038,0.729666656445077,0.683435957553667,0.440089873234077,0.00970949662876916,0.17720438532496,0.659022796005614,0.163293153646343,0.627835928159937,0.713941304788352,0.35192734302375,0.285273342552854,0.717085611588616,0.688238469440669,0.624004811231613,0.107457706692897,0.0638365831290505,0.509657726525971,0.662169520993214,0.671608971343105,0.0639877468728719,0.0893177276728273,0.604876682418071,0.697663538564795,0.647317576176608,0.439434004596984,0.551679945490607,0.578321250743193,0.461619847797371,0.69039666919344,0.550206838537759,0.671229272376423,0.455503782938048,0.579208140049941,0.625008904825208,0.680077289940803,0.544905302888434,0.500100769208588,0.509763072816734,0.497078905598147,0.564712821298598,0.358835287151426,0.0471842179251132,0.0146674279492207,0.417087684101709,0.508958881284295,0.624674067905802,0.648334056780408,0.444821712414572,0.647212546561925,0.467652195235333
"27",0.428039467831917,0.105672507417142,0.302770836243145,0.661325052234336,0.708258407597094,0.717876308872757,0.585270695510653,0.740382581352691,0.515683534296029,0.398331584638644,0.698155508261833,0.732702199074996,0.74181107441592,0.734933760635028,0.554014392953328,0.544689112435948,0.827881893730559,0.808397008911095,0.75354864784224,0.828384907664907,0.69742993467682,0.818051668330085,0.741212001191995,0.597993367724273,0.40717040112921,0.606378041111235,1,0.81806451281308,0.80650187708855,0.802919917749941,0.845559507936912,0.797898079620922,0.788434166652427,0.742639933827664,0.682991092265391,0.0528110419728716,0.124705034814773,0.808027696484487,0.105095374973491,0.690436579265327,0.728158810480663,0.36350483740745,0.417724489569443,0.780508196400699,0.791430805592627,0.70216315770579,0.148486311564748,0.00187960195703848,0.600376492396831,0.779640367729656,0.833921633450833,0.264256651150185,0.224122316715642,0.657214268711832,0.779997481860377,0.808961467537188,0.555289535789402,0.759580503521481,0.775341223176281,0.675689624956308,0.827889112782829,0.781257191324792,0.826587253303961,0.646138553431344,0.7619259952208,0.788083867438142,0.763187402522556,0.752248491384142,0.707388180356367,0.562120965345202,0.583461231159484,0.653289516790548,0.52005114129607,0.064510980249953,0.166943534022536,0.387013138875697,0.547485996913191,0.718907722656019,0.623544470484271,0.486922280401021,0.691002427494099,0.641869658907158
