"","1","2","3","4","5","6","7","8","9","10","11","12","13","14","15","16","17","18","19","20","21","22","23","24","25","26","27","28","29","30","31","32","33","34","35","36","37","38","39","40","41","42","43","44","45","46","47","48","49","50","51","52","53","54","55","56","57","58","59","60","61","62","63","64","65","66","67","68","69","70","71","72","73","74","75","76","77","78","79","80","81","82"
"1",1,0.0295288930283944,0.0884401689142511,0.0860457633627682,0.103164974765839,0.210267604922885,0.11716269481915,0.0273705252026043,0.113599631646539,0.0888767390960763,0.183428251226524,0.0975825015269119,0.0861930179579426,0.0829333792463041,0.125554025126358,0.220459540113426,0.169606136787001,0.232333217585423,0.0827894770268864,0.148958535614078,0.283718804300837,0.220983122756954,0.274424091644124,0.214283073121403,0.231825442188384,0.0580692864732475,0.111557631581378,0.245291441591385,0.130753665714563,0.129606368769343,0.175003347672933,0.211968900444857,0.138522735488446,0.183871748221257,0.0706164406036803,0.0372114530439917,0.0164266276062132,0.140448510100932,0.0864941025428482,0.139377276693109,0.126582490775429,0.0433230867660267,0.0248983914012768,0.168383752966651,0.103353586191428,0.0656509140462573,0.0232578176157039,0.123486610453631,0.0518671200436013,0.180487226109098,0.253254621332191,0.0122135800054803,0.0459626286707582,0.0854035988407319,0.0506776607295867,0.199627253883918,0.224536375958496,0.193115424328051,0.20693812429037,0.216891536203425,0.171188236766636,0.316007490919173,0.152677422371286,0.12314301610551,0.129790953559615,0.176158404171102,0.0796330225265421,0.140863680274875,0.181561551237783,0.0415746280899459,0.203109713952491,0.123948016764175,0.0716836240656772,0.0173816493198654,0.0794074480927733,0.095842578462245,0.029597084597727,0.0427166925203782,0.15378740622108,0.0310395494818688,0.198816033080728,0.141512756159666
"2",0.0295288930283944,1,0.254045898395518,0.367558025917504,0.270937698843982,0.141612545180755,0.0580595571172735,0.00105362089525349,0.215141729623686,0.187377695304356,0.246344721344767,0.28880863897729,0.281189652803797,0.137316921365025,0.100676444423295,0.0416214718256421,0.298962683130866,0.347693163607575,0.369744335234383,0.113621190418854,0.182826577569994,0.235116166103382,0.17033865923757,0.296039846285536,0.205761235593738,0.0177526131296265,0.0344411278162682,0.20929157685577,0.184311894352138,0.350530925625486,0.278364426756615,0.263494863251343,0.309640628301235,0.101567636726366,0.340334576948211,0.107010086797025,0.206272731936056,0.0216961903411223,0.0918870871302889,0.00679847307694452,0.295926518974805,0.395444251729891,0.314649557769502,0.308077000088498,0.259365380504984,0.0134090492660493,0.289790651235644,0.0520375860103421,0.262732362991558,0.158816605799539,0.0563504065360812,0.0307351693208394,0.0761967169325364,0.258412347282786,0.075800624360657,0.152264598585683,0.109220878599013,0.0393930197761609,0.353080530618599,0.237035051701021,0.1696376763917,0.138104386801566,0.211475956559595,0.00196814450738523,0.293222156856255,0.22801760320629,0.132310492093715,0.387928390264605,0.0311388077303627,0.312391203592079,0.160708986984999,0.234187301089122,0.0144657335877328,0.312068350472279,0.212211053696141,0.132522912763964,0.30284710138187,0.412319486754991,0.096334354756098,0.180439988344094,0.123767107151367,0.21785293127323
"3",0.0884401689142511,0.254045898395518,1,0.226990847959217,0.287988682998213,0.266892761264492,0.0126578977788737,0.0187466507331104,0.0923789412071815,0.151131956167964,0.207353792087118,0.163978011277447,0.35428746884964,0.263328966236535,0.204091924782098,0.0622962524966673,0.322129761706039,0.287714859616177,0.358642539844384,0.206752580348364,0.215606688260016,0.222686205396704,0.152800933748137,0.261746405073423,0.177783494298417,0.168771195974727,0.16057944527904,0.311357190080546,0.280255186837233,0.264468095380396,0.277753212155589,0.335719290822216,0.191660853768596,0.119324308318379,0.219075697105651,0.017901642284219,0.0825982697567147,0.000164521387980901,0.0694321453235343,0.10013747372336,0.212504008127191,0.244267869851623,0.178904946001267,0.248272076401124,0.269972662535283,0.0246681362217743,0.197738155811877,0.0445198110790556,0.187496353247832,0.051431891653507,0.0690981232577426,0.123674110620127,0.0019576091665966,0.251198480508648,0.13915313911232,0.236330456256296,0.183101480349095,0.105810686144842,0.320800259833505,0.296348499026411,0.179375176841431,0.211085581749843,0.170492934811868,0.0282920597573808,0.270094484313712,0.0877969480853183,0.000174679315664524,0.376390260966878,0.045969088639429,0.213396288877369,0.104343346503258,0.117274859479126,0.155247643595436,0.228668352037294,0.10031436397105,0.0657290354204883,0.168128314785129,0.33630150194746,0.0215068703431804,0.126891673901247,0.0839855501339418,0.274329909696376
"4",0.0860457633627682,0.367558025917504,0.226990847959217,1,0.388806692573606,0.244179738957976,0.125942520746426,0.126565535145943,0.173525438643136,0.226737263417781,0.34541211635262,0.382162219206556,0.36432394901072,0.106247376459729,0.0307510676958853,0.143358591226628,0.510181356552103,0.546303641030695,0.489487026855722,0.0817732635844358,0.302395606046888,0.45746249504095,0.116948769522334,0.529206206569697,0.356305557988982,0.192039823373759,0.137326939678509,0.276071284106729,0.295475065394091,0.460050580429801,0.367704214784482,0.279483065242589,0.410865045278667,0.162723402219377,0.410281828321867,0.161855731224895,0.362251616050049,0.0975716890113446,0.0946528863728189,0.00102438293961621,0.357853791609135,0.617461180559294,0.597886330973963,0.455952870415561,0.461653303632779,0.0320701103691774,0.414040751919912,0.114608250388678,0.476650373225936,0.20905836418073,0.103710012018973,0.160369591666155,0.0613642585188316,0.381873363759192,0.0348445421242378,0.277941306452852,0.23721577945021,0.0353506876774127,0.372160920259891,0.202697701798996,0.290584097008938,0.242390570416525,0.300089247576751,0.11030662029439,0.286535527978894,0.353311449333645,0.295639920505937,0.453327476920694,0.0102173604461612,0.519749157007213,0.137361941171247,0.419117200810131,0.0418701685968471,0.428114273703585,0.181889541778478,0.199044447156445,0.549246860136682,0.608970985896573,0.0573903510053949,0.358222649924577,0.179359556992508,0.298670213095052
"5",0.103164974765839,0.270937698843982,0.287988682998213,0.388806692573606,1,0.161544442163042,0.0822517629655489,0.151968104150431,0.0197097287486208,0.278194279895459,0.37133739620118,0.365311112019609,0.344559272598368,0.268173638464432,0.107972400243821,0.099257156609172,0.573865613916642,0.565174619355315,0.333633719969257,0.272344342300797,0.38578707872486,0.483671075656994,0.248464716310635,0.525701906744298,0.464586733976007,0.134092682193449,0.100055323350746,0.430678317117837,0.38698168796927,0.514373403442335,0.502003877920876,0.509560440806733,0.498587100440269,0.267390379113162,0.438253994235242,0.0582755419558826,0.340316395365848,0.213544103584448,0.015217152230735,0.0390345811400664,0.286151446058797,0.600983980558872,0.492642155869718,0.525988734330646,0.379524721637373,0.0363160431710037,0.452574638374472,0.118786297098063,0.44613244972787,0.0794370155369848,0.208749263010941,0.158784883938671,0.115550611033116,0.331914706018119,0.0546203043328157,0.368478813069626,0.425146809536423,0.258047030683887,0.486315761808672,0.35750641645126,0.46685635864068,0.451386661710879,0.488342854538654,0.126425648007138,0.340679622598998,0.149513668386188,0.110423175037466,0.472430749131065,0.0275858583129984,0.486513357523381,0.137423828095363,0.481306119506799,0.212009043470061,0.445857713451684,0.185912693654364,0.212012654600475,0.3799323902321,0.593148695167307,0.0792224236500362,0.143594914227768,0.195795346258584,0.52494095806398
"6",0.210267604922885,0.141612545180755,0.266892761264492,0.244179738957976,0.161544442163042,1,0.0866588249931347,0.180833281922787,0.0965421645843421,0.0821367254224711,0.248134358495185,0.0905781477838955,0.220050289344097,0.203796469020593,0.123575883969563,0.153264504342384,0.322206212813484,0.401335877382243,0.219120110938034,0.123098438625881,0.217276771601418,0.25941792091494,0.182578507632839,0.307571387254152,0.32326877478465,0.0592800729388905,0.216980143471095,0.281271841036716,0.255164856110832,0.194906950858878,0.339627927604943,0.304257311557855,0.201118881235666,0.302932186692391,0.0482787454839623,0.0938009589087634,0.0467950000698277,0.0977889242354744,0.0202437947448641,0.170683309410034,0.125559529824071,0.0795168822626608,0.139057628637861,0.176466656419605,0.298738953599746,0.0385257127330894,0.0982576479475112,0.0391096969596583,0.11655703090876,0.276760172375212,0.154020250545828,0.029885300516904,0.02013979443156,0.209553290124822,0.0485443214814212,0.3733425784627,0.212712107097609,0.21404353239252,0.198239630345116,0.371648831363812,0.28074176007007,0.391607129445816,0.12194599661995,0.163801219879261,0.087436834759196,0.0658696185104779,0.0208530158825199,0.230011953946741,0.0565981915898968,0.159507735236438,0.151233873175947,0.222340524289921,0.16551900302629,0.0410508209275701,0.0708021045592682,0.122404232228578,0.092665447803486,0.138885653767631,0.104982751088436,0.0909257751726179,0.123856259738466,0.171334743634824
"7",0.11716269481915,0.0580595571172735,0.0126578977788737,0.125942520746426,0.0822517629655489,0.0866588249931347,1,0.0329490307832148,0.141954714236772,0.125655307703939,0.059606218165956,0.0364918332207081,0.125065793215889,0.172720666694315,0.079446948677706,0.149299538667376,0.0600751243100451,0.0161117916297247,0.0911214588401544,0.141554890793361,0.0701254875524972,0.0278098085219813,0.167650400743286,0.0577818938913097,0.127927922288106,0.218147509901882,0.205531704595254,0.181196483947885,0.129936859420856,0.0400759440617249,0.00492994144948124,0.207712981014562,0.00142383173766779,0.065788358624961,0.021358374670295,0.00803460117854203,0.113065093421614,0.0202188061284199,0.0479696413454683,0.183105032001145,0.00894026800790654,0.115742561381908,0.0834411688941317,0.0452428024631121,0.0456702723619618,0.0454387082880537,0.00412601983990305,0.134716808707492,0.0694266631060592,0.259237080731083,0.139037952708275,0.237069637268788,0.103826706839329,0.0524208695868082,0.0884447209395354,0.122890082111968,0.146830505926114,0.242530913876015,0.0189152000737711,0.14342659003737,0.0553365040768701,0.160615938462972,0.0280051080565357,0.0326648218764201,0.0830446800958371,0.143756687443097,0.141210112140273,0.0928366939871684,0.102039685629987,0.120760706626183,0.0727959577333199,0.0369479147589825,0.200150113268645,0.0737516981453743,0.0684754784300326,0.093994834269547,0.090331003261459,0.0517611798877423,0.137392842017821,0.0401518094394075,0.142463713192455,0.142017561470039
"8",0.0273705252026043,0.00105362089525349,0.0187466507331104,0.126565535145943,0.151968104150431,0.180833281922787,0.0329490307832148,1,0.219807645221608,0.0625341128224203,0.111294400185366,0.0435129240921831,0.0662047201534532,0.0567780965459364,0.0422418040697869,0.14817598185485,0.331633478912032,0.178691540092336,0.074791704346871,0.0116376293190497,0.0180214962410863,0.231098996711073,0.0631799524638338,0.2742794899249,0.24736654836555,0.168935919443391,0.110894530381719,0.0291118490929943,0.168227788918113,0.151302388670999,0.262541988852518,0.134914509918942,0.177235940687838,0.0347113835281568,0.0362851512029495,0.0451705602098064,0.152942623268983,0.0954295642809047,0.0943128654835068,0.0163811225257879,0.0285806549076168,0.206437229684686,0.275266604880499,0.152155085571511,0.273465116978077,0.00921139976236809,0.072154681799489,0.0486411402778243,0.102372316814852,0.0704673397122352,0.2151568390968,0.103691927525026,0.157256345256772,0.0842461929303889,0.168875270085391,0.201633640308879,0.102701575163554,0.109463548045983,0.0638287823699711,0.00370216110930454,0.255162114218394,0.116849693769218,0.266206651840789,0.191162410484899,0.0328694921264276,0.0654742647811991,0.172566063940228,0.116273348496905,0.0103679798000107,0.192875925792533,0.0759843314029962,0.135607930945658,0.13781751753463,0.0915997141065799,0.0419555507886077,0.0146003879036974,0.182498259104327,0.0636565565723666,0.0660175897488537,0.0336991612131684,0.0500957174843133,0.120190503433489
"9",0.113599631646539,0.215141729623686,0.0923789412071815,0.173525438643136,0.0197097287486208,0.0965421645843421,0.141954714236772,0.219807645221608,1,0.0250927440570521,0.188095683073795,0.193387739610036,0.140234327143838,0.0600774384546169,0.0412293854147159,0.21089131597707,0.036891216992607,0.136255114827065,0.341763453677634,0.292017550746893,0.167955416574021,0.00454568966099523,0.277099522328953,0.00447071360412167,0.056875259332077,0.104461249284349,0.132674986823262,0.142289559787245,0.00668500428968404,0.233930838042098,0.046914826621538,0.0486167943986462,0.11927063022164,0.144593613279107,0.19669499240689,0.00991605456002346,0.00557467821407336,0.097125879055165,0.319767785671994,0.0252839519371049,0.234916019709963,0.168648832557434,0.0754945974029539,0.166841802377286,0.221651465060173,0.0328594119132885,0.0715867285211055,0.0748041247976146,0.0641679040637694,0.103268756855189,0.043549077717084,0.125618387307008,0.0591153559569626,0.0627059657317749,0.23679837374301,0.219119139762842,0.0829797607641675,0.135621527218895,0.43308515461284,0.227099491640095,0.100815326815066,0.0198284461210403,0.0108593420632184,0.165062994052838,0.248851448567224,0.0737268432996431,0.0888803614430189,0.217085667831009,0.0202874517338405,0.069952065672465,0.159170301630328,0.0440954908855677,0.189598277424761,0.100414055068275,0.21119712429418,0.222486844936584,0.137661234964982,0.226763538666516,0.106729414961595,0.0236346788781743,0.0993675983748479,0.0191094966567066
"10",0.0888767390960763,0.187377695304356,0.151131956167964,0.226737263417781,0.278194279895459,0.0821367254224711,0.125655307703939,0.0625341128224203,0.0250927440570521,1,0.226592872048374,0.292486561973387,0.184156224638726,0.205960574717633,0.0604877668228551,0.0241085320901856,0.293353812186959,0.334534089779698,0.226096791496132,0.207415360085857,0.1704795861395,0.270938947970142,0.178299590205295,0.260957517056761,0.25610988386717,0.0401721582099375,0.0374424334135857,0.247776717588916,0.195963862777248,0.32681368779729,0.275072775894838,0.303119840000806,0.325700321037967,0.204747694319134,0.230055803074123,0.0189538779596106,0.141991892185645,0.130633200344675,0.0098225130758748,0.029290702524469,0.248993436873236,0.326437024604002,0.281360949808302,0.29093693563205,0.303244304240665,0.000812019680089106,0.258860847748792,0.0444363746571747,0.282261268166273,0.0115747530278552,0.121518329943401,0.0615039158250225,0.0936230059362748,0.228629303531505,0.0275381440037412,0.233135100074007,0.282207738311033,0.0879536220303486,0.248626603103173,0.207266635905967,0.296478690976567,0.228311746407037,0.258755172770083,0.0663296736626674,0.192994199867193,0.045181998163311,0.0191275493681237,0.296415463125419,0.011590705807922,0.235734383860387,0.0803584807715989,0.248684512654748,0.104147250161133,0.247399298555288,0.12797057425063,0.177100694448686,0.174550171073178,0.391296673798315,0.0455863134532133,0.168104558552253,0.106350750529735,0.334352706253299
"11",0.183428251226524,0.246344721344767,0.207353792087118,0.34541211635262,0.37133739620118,0.248134358495185,0.059606218165956,0.111294400185366,0.188095683073795,0.226592872048374,1,0.29628601892957,0.266088140113732,0.223395744552654,0.137573075249431,0.122576891246171,0.470219668711386,0.57347162334622,0.342472228234843,0.386514777725752,0.487434092074995,0.462763626982073,0.450940101828551,0.437932218504387,0.38068324251647,0.14515485848535,0.017118712254741,0.501206330244514,0.448461037073758,0.490498200771562,0.480822907409905,0.506826164216893,0.520603827350862,0.334517425860731,0.372240074214927,0.0619388667648317,0.25489602819935,0.19014275388688,0.200861246317715,0.176370972994084,0.264537971571714,0.394077752881942,0.270183287400142,0.423458474438586,0.255546112174735,0.12952950943222,0.31257184652979,0.10965975382813,0.357255655170388,0.167287438607994,0.340877223827347,0.0662858964584113,0.0405503836629887,0.285783467193194,0.042428062644324,0.336238773056712,0.406548306607374,0.348054026780099,0.538613160365395,0.489100753320832,0.47591641961443,0.527690346277229,0.507695056757918,0.190861407903822,0.387114471326441,0.0680015153329671,0.0716774457177107,0.411641090083327,0.0639902064902151,0.321023771715529,0.0772846324956132,0.305404504096198,0.180942869771839,0.222623541869112,0.157008670980093,0.085510901451155,0.305645024937492,0.376385268516999,0.165544473300839,0.150600527165719,0.0625768454802758,0.408266912617079
"12",0.0975825015269119,0.28880863897729,0.163978011277447,0.382162219206556,0.365311112019609,0.0905781477838955,0.0364918332207081,0.0435129240921831,0.193387739610036,0.292486561973387,0.29628601892957,1,0.156146476071033,0.114434936691977,0.031441978489761,0.0209747011130393,0.377115987329707,0.470697509282118,0.310382752644842,0.272677676845507,0.320917914028782,0.382421774113685,0.318736618533881,0.364020422592359,0.307711465474013,0.248204045069358,0.0653237171260109,0.37281452077376,0.228223639853959,0.478969549557708,0.395566646699718,0.313982727059041,0.490251604202556,0.218868961598584,0.302495671800448,0.0767783982073628,0.232083838982432,0.136007801124194,0.052734545481757,0.00684569728256729,0.332505607765523,0.452785280548089,0.335280522502746,0.434520492287606,0.249284768221227,0.141098382903645,0.294787711799473,0.0959738423147964,0.216522050753292,0.0262226337625604,0.155061909496575,0.191120973711968,0.0606622534850919,0.207907322161641,0.0862464000845151,0.23843839535982,0.270138263906188,0.0649944511661951,0.423024918377668,0.281469202671633,0.296802996161868,0.292410712881349,0.39188996096142,0.112596389651153,0.350491786393057,0.104941738421808,0.0578380554756248,0.357030654470701,0.0462012215763725,0.420387619050726,0.0667663259105857,0.378060267623654,0.0186761618461336,0.373890420442692,0.104891810779891,0.19188913582938,0.253311577270703,0.496790311861144,0.00645675592521959,0.237633013443028,0.0502885833961433,0.370529471879064
"13",0.0861930179579426,0.281189652803797,0.35428746884964,0.36432394901072,0.344559272598368,0.220050289344097,0.125065793215889,0.0662047201534532,0.140234327143838,0.184156224638726,0.266088140113732,0.156146476071033,1,0.406454794537953,0.0607550230643666,0.102727789855043,0.462046948093072,0.33602755039148,0.401844588155926,0.253763433413768,0.27875906788663,0.330268328506032,0.130221699697406,0.426218593027929,0.255350859365127,0.256963698982226,0.34368810921678,0.371051037670081,0.408158593245395,0.339362956336086,0.292914360389223,0.428218735264183,0.274178601354048,0.0697461945318978,0.303926035037224,0.109385510619641,0.203728089955951,0.0549926859411791,0.0746486448022637,0.117152636323512,0.269386198397969,0.351994778203018,0.337540723550708,0.280102036611375,0.37035337631545,0.0354438431193676,0.37245023597706,0.0763823225405027,0.310010427519592,0.0288200949686243,0.298723564002393,0.278282844579369,0.0121536013832483,0.325475239356601,0.213266410900486,0.32179771186553,0.254485883916478,0.231159637561058,0.371033332529458,0.276466151301639,0.254572541418682,0.313126655507547,0.153448356828424,0.000267704112758635,0.317819080949025,0.139801756596228,0.183673218373248,0.451055697965854,0.0512450577341257,0.292005816802199,0.12434357722422,0.100998279770261,0.285883668836224,0.352650137968637,0.146438550016449,0.0120197087406411,0.286235828320429,0.350729570791439,0.115427997765375,0.227719390976919,0.105534088506942,0.410301498292751
"14",0.0829333792463041,0.137316921365025,0.263328966236535,0.106247376459729,0.268173638464432,0.203796469020593,0.172720666694315,0.0567780965459364,0.0600774384546169,0.205960574717633,0.223395744552654,0.114434936691977,0.406454794537953,1,0.182428551700778,0.0898270232203919,0.333126368089811,0.283627485471904,0.213071952124603,0.270740743923956,0.273342477485772,0.214220263672862,0.248561301039512,0.191137448342829,0.152985261777099,0.186181783604986,0.214660189015161,0.361769466070963,0.361461371595677,0.275164200958038,0.274080506210753,0.387890557548343,0.21251887917904,0.191518717381042,0.164630087381517,0.0642302848495588,0.031960039879448,0.000942608810011547,0.108173074013729,0.202657017433879,0.157050093513359,0.137654397522616,0.0916997856945374,0.18685300516709,0.193425488644315,0.0110059290483263,0.194872408351528,0.057920425989177,0.139243224680022,0.284290127110974,0.270881682886892,0.309959115350623,0.00327324838180658,0.229826367049232,0.123219663716772,0.263293500480658,0.27550006537015,0.247231060736735,0.305566573501565,0.342320027250561,0.249929226237516,0.329453689202479,0.144807662057237,0.0674028795654634,0.260837495499716,0.0293994549706619,0.0613571239355746,0.336653679591921,0.0199730919334573,0.147259826520197,0.0838441866068727,0.111531641152586,0.26486560792218,0.110025815407575,0.044977494911206,0.0268323269005709,0.0260199150483875,0.188566255882233,0.00507215355510597,0.0531747748958459,0.0087685112658218,0.317712552244971
"15",0.125554025126358,0.100676444423295,0.204091924782098,0.0307510676958853,0.107972400243821,0.123575883969563,0.079446948677706,0.0422418040697869,0.0412293854147159,0.0604877668228551,0.137573075249431,0.031441978489761,0.0607550230643666,0.182428551700778,1,0.038292379991631,0.057428289613926,0.0909899634658713,0.060645555786057,0.14585806882811,0.14204265116478,0.118899546446385,0.146120071005814,0.0739163036525367,0.0906663662569148,0.0655334329975846,0.10101570768478,0.13008585727798,0.124578626731597,0.107385814513386,0.134900834396395,0.189397637749502,0.105487996467886,0.153401112556804,0.0894861388079321,0.0115241419476952,0.027548878442878,0.00748799470944281,0.0041465288229055,0.101971221242831,0.0100154311684527,0.0414024607332634,0.0489930752581343,0.0207613102081143,0.0117462508679552,0.129581259835878,0.0242049276647017,0.0629177770026954,0.0615784934714124,0.19777124719222,0.121344933913655,0.0818754637094442,0.0534783942792594,0.012186714811846,0.130700730622962,0.0482283795705359,0.149363341209873,0.208578364964187,0.14400737904769,0.267441796908736,0.106149961712333,0.176768735310761,0.0946553386460172,0.108051304315892,0.055973212745256,0.0893947459952592,0.122984150000522,0.155364087036721,0.0790675399565775,0.0307217911888236,0.072449615906141,0.0271525462199607,0.0744653910574164,0.0128075588999394,0.003147082458966,0.0380701130909282,0.039967745861427,0.00166784628100375,0.0571526014505855,0.0276861190525022,0.156886283482681,0.213612616390712
"16",0.220459540113426,0.0416214718256421,0.0622962524966673,0.143358591226628,0.099257156609172,0.153264504342384,0.149299538667376,0.14817598185485,0.21089131597707,0.0241085320901856,0.122576891246171,0.0209747011130393,0.102727789855043,0.0898270232203919,0.038292379991631,1,0.213999309589899,0.18707008428683,0.0268625991037098,0.0930095856210678,0.207342264512763,0.177378794654745,0.181298311995657,0.188353577219962,0.20637947419654,0.0420371537620656,0.223524435941276,0.192088011934979,0.160129113592837,0.0941052250491798,0.137270691640214,0.208807611780261,0.112165565859055,0.131593816490837,0.024221695223283,0.0545363463327964,0.121190655479294,0.0812086692374085,0.0543281490539645,0.17082602091248,0.0469676542319679,0.00555414257571452,0.102545729859601,0.0827767998520781,0.146481300604364,0.11761748213883,0.0291101624702333,0.0870336644954285,0.0942237534640663,0.193778702921411,0.186274509678281,0.0235926792768821,0.0484913755101638,0.12170525487889,0.0117487455591031,0.211420774065735,0.225035974863545,0.205020298970583,0.0772544574103748,0.15444614184226,0.112425156445043,0.218536960305623,0.128304676822394,0.134939702702094,0.0919597736129942,0.0818045974621265,0.0134461793116417,0.134984024712424,0.0934957408293115,0.0336663667121124,0.131840156346766,0.0916464926539538,0.227955994274477,0.0272375794727098,0.0574436137459651,0.0470896362807528,0.0674971095391771,0.0141238442150431,0.111490287494248,0.0106662841063857,0.147697509125401,0.13105003589361
"17",0.169606136787001,0.298962683130866,0.322129761706039,0.510181356552103,0.573865613916642,0.322206212813484,0.0600751243100451,0.331633478912032,0.036891216992607,0.293353812186959,0.470219668711386,0.377115987329707,0.462046948093072,0.333126368089811,0.057428289613926,0.213999309589899,1,0.673445172545083,0.436780659367656,0.284396846176368,0.417524573476094,0.596989937210588,0.237525655393331,0.72743668977601,0.582988584348267,0.171183912469808,0.224124234982853,0.498589317016533,0.560499265512093,0.594540658047182,0.647957670082985,0.593860036054107,0.580924445713305,0.364258798894137,0.342321224034852,0.157802669920684,0.393808916297429,0.184748220206078,0.0125540483821024,0.0764677515783896,0.370837849701957,0.645216048198247,0.606714778327541,0.525906605275449,0.56303051575803,0.045441144082614,0.495602164596168,0.132781766278483,0.459677227337865,0.0646567403255786,0.422850837384859,0.20244609092485,0.163908994583397,0.391610555434615,0.109366466890329,0.53572330711404,0.432806021216133,0.328967320503112,0.531453324157729,0.357634215631721,0.579492410461976,0.505649072965027,0.560519495766712,0.25471422616068,0.350869799567345,0.140901067808426,0.161658097303382,0.522304066601395,0.0232601336928098,0.585429845219446,0.00595907630792649,0.471432646678407,0.335514020048012,0.46116147155697,0.134754460314929,0.178976718180895,0.46084033336113,0.582108670795429,0.0795120219473902,0.223298334233283,0.119114173305298,0.494464495300847
"18",0.232333217585423,0.347693163607575,0.287714859616177,0.546303641030695,0.565174619355315,0.401335877382243,0.0161117916297247,0.178691540092336,0.136255114827065,0.334534089779698,0.57347162334622,0.470697509282118,0.33602755039148,0.283627485471904,0.0909899634658713,0.18707008428683,0.673445172545083,1,0.469215913421791,0.349737195733668,0.528633305395913,0.638248894327547,0.471335255985813,0.599713805438825,0.599735381563998,0.282746278764562,0.045707210376642,0.567349618603179,0.550643542550223,0.716037556735559,0.733451757850839,0.577568253645134,0.695473608607085,0.459917681841306,0.394036861194433,0.101669753714163,0.355143095614999,0.257849108135632,0.171389262591538,0.154468707098551,0.401777219709047,0.599909605664015,0.480145601897374,0.639009635265774,0.444863316465359,0.100099931313666,0.43586011207861,0.180853119145511,0.418045650495742,0.112999499743138,0.379488030689057,0.0259343576058704,0.121153797452406,0.378534152991334,0.0100458527565974,0.47873907961512,0.437996698516876,0.296644423127134,0.660902452669929,0.560226724565093,0.582851387769909,0.628970995433405,0.64081653658431,0.287216491094371,0.443082181926501,0.0414374975997932,0.00263728292905929,0.571565811069647,0.0488843441191535,0.522974194685163,0.046251761506514,0.506733396396278,0.18080657113862,0.406624199083935,0.128317925980387,0.225951846878931,0.422941711215584,0.606274466710985,0.0546236877796968,0.210104560932944,0.0108980376742427,0.505985410809783
"19",0.0827894770268864,0.369744335234383,0.358642539844384,0.489487026855722,0.333633719969257,0.219120110938034,0.0911214588401544,0.074791704346871,0.341763453677634,0.226096791496132,0.342472228234843,0.310382752644842,0.401844588155926,0.213071952124603,0.060645555786057,0.0268625991037098,0.436780659367656,0.469215913421791,1,0.223607196934217,0.289910250702955,0.371080401016679,0.202119490774738,0.418191250525335,0.277521416913745,0.00354917943559905,0.120198940065614,0.370530300780671,0.309463511090563,0.449216884048485,0.373134562982826,0.336209029591785,0.358949650139545,0.173391056610777,0.421968698022223,0.0731530326647729,0.215780091555078,0.0639922589203322,0.216806230354822,0.102189244565217,0.387605848808516,0.475043152356322,0.334994476007535,0.399413498669924,0.310322967441623,0.0512432174839924,0.346537871002462,0.0421642861176519,0.347257205590426,0.0629940110980807,0.195823175277209,0.0469908170458856,0.0721654261943762,0.340406807028123,0.173082650791222,0.227732682913628,0.172311487416703,0.0388926477143487,0.519604044008778,0.362413195634582,0.278649287773021,0.285491033828437,0.308264579155738,0.00359936359407033,0.376549052761798,0.129209431521584,0.110818596272061,0.532271472734736,0.00835923231561326,0.37286579356192,0.129189453152901,0.202039724868456,0.126772885121567,0.289465979951127,0.233722953437702,0.0102850713944608,0.382339024486265,0.536435723646574,0.00856397217574046,0.211549273187018,0.0464616183142825,0.270386193097864
"20",0.148958535614078,0.113621190418854,0.206752580348364,0.0817732635844358,0.272344342300797,0.123098438625881,0.141554890793361,0.0116376293190497,0.292017550746893,0.207415360085857,0.386514777725752,0.272677676845507,0.253763433413768,0.270740743923956,0.14585806882811,0.0930095856210678,0.284396846176368,0.349737195733668,0.223607196934217,1,0.340224754334258,0.30286809533592,0.452016415848016,0.219979679207854,0.276103398673954,0.0243017521300742,0.0174071628211482,0.528154739446623,0.407181106077694,0.379614315454929,0.309739704633003,0.501890787209595,0.360540957048333,0.284762939499399,0.234671957327698,0.0238681037617083,0.079110375937902,0.0645675207625046,0.165965217482624,0.210208857737597,0.228893587009879,0.16361002386273,0.117817879965656,0.292507879880984,0.0724690942529427,0.154437795383283,0.184604727630375,0.0246986513412238,0.0692349965199665,0.257587979271151,0.369355755898135,0.192947167161883,0.187431061688713,0.167271948072113,0.149497456871083,0.223927085225987,0.332266526031202,0.410072781214809,0.570957361462407,0.433963852418376,0.392845043786238,0.461516456270996,0.393980597408037,0.122305611652494,0.333666832034058,0.178983715622364,0.328922606465247,0.347726458219192,0.0365571558886619,0.176426770316972,0.0651544842750311,0.131235445102992,0.258095765247812,0.180808323448478,0.0912873325834942,0.102062667745929,0.0473089662921344,0.181655495588724,0.178487740152174,0.114767366922525,0.111564468785088,0.44260568381675
"21",0.283718804300837,0.182826577569994,0.215606688260016,0.302395606046888,0.38578707872486,0.217276771601418,0.0701254875524972,0.0180214962410863,0.167955416574021,0.1704795861395,0.487434092074995,0.320917914028782,0.27875906788663,0.273342477485772,0.14204265116478,0.207342264512763,0.417524573476094,0.528633305395913,0.289910250702955,0.340224754334258,1,0.438795891678028,0.442866304252965,0.396820580169919,0.362855047102461,0.110162125664353,0.0950737870878264,0.496825198831723,0.375539841695846,0.454942010894377,0.442125881399542,0.442814437516379,0.435683159033123,0.338368588887946,0.259411779932156,0.107980683607373,0.22436110422394,0.147299653002781,0.243848103190932,0.222920781778511,0.267372229044739,0.273610055053238,0.183131042878267,0.380025030748914,0.207521155645617,0.154844965076211,0.248929382479879,0.186328517275156,0.265943649315755,0.196894977161636,0.32090747828394,0.0755495315185435,0.0148697335646629,0.284036435105132,0.0864146226217892,0.328139928589284,0.373612895453299,0.338727318519509,0.481162155119583,0.478679705428549,0.400222453529619,0.527791199095426,0.402147635726032,0.204644459876368,0.359861351820848,0.0498753143892461,0.143866728381452,0.39816455942523,0.0715713239970129,0.26824594832532,0.141044142775287,0.334332335763782,0.217185384177435,0.238259833750111,0.0695308018678675,0.0789704045738924,0.271963222505544,0.343285094661574,0.157213907687644,0.113863342552495,0.119871871719504,0.384094058527678
"22",0.220983122756954,0.235116166103382,0.222686205396704,0.45746249504095,0.483671075656994,0.25941792091494,0.0278098085219813,0.231098996711073,0.00454568966099523,0.270938947970142,0.462763626982073,0.382421774113685,0.330268328506032,0.214220263672862,0.118899546446385,0.177378794654745,0.596989937210588,0.638248894327547,0.371080401016679,0.30286809533592,0.438795891678028,1,0.315600893696689,0.57266088857941,0.534642449777429,0.274801642610807,0.101727895698158,0.43722835537217,0.432406508277448,0.515256496973712,0.540956423508699,0.453935055249737,0.589136602702294,0.300305390688903,0.364305766068383,0.0924591628551735,0.352283288873506,0.247857526484868,0.0951112863860176,0.141920591444195,0.345156016861315,0.545264632194933,0.485926784097084,0.532674178955706,0.447880897664711,0.126539979725428,0.448626785625323,0.0845909917162757,0.349881381753584,0.0422787934902347,0.361530961152815,0.0328376878907856,0.123330013548064,0.362250021611268,0.079434345335158,0.430937279814802,0.442533876500536,0.283791993879828,0.52975881766959,0.411541398974195,0.534680656365965,0.49465727837832,0.555756404456991,0.218529109448097,0.394530121187318,0.0518587453148291,0.0611339746904043,0.497029793786541,0.0448327901073311,0.498508229372225,0.00725658079059648,0.500119760031536,0.243120705835435,0.375295865106279,0.0795146952851841,0.221981313662627,0.437425416242866,0.526776166085467,0.00853646108754031,0.190322883277286,0.0518400109182313,0.468669674224689
"23",0.274424091644124,0.17033865923757,0.152800933748137,0.116948769522334,0.248464716310635,0.182578507632839,0.167650400743286,0.0631799524638338,0.277099522328953,0.178299590205295,0.450940101828551,0.318736618533881,0.130221699697406,0.248561301039512,0.146120071005814,0.181298311995657,0.237525655393331,0.471335255985813,0.202119490774738,0.452016415848016,0.442866304252965,0.315600893696689,1,0.187492895292451,0.275789885762881,0.121263204641751,0.026932633557001,0.497903816548761,0.336810525945399,0.40978379919709,0.37816552315397,0.445021031794026,0.44131685561582,0.349384232876056,0.23203518644947,0.000840697136877638,0.0901832397207492,0.200423198072679,0.233706505902144,0.320399086144337,0.282736304344985,0.114484369795211,0.0892187198771696,0.369651598670306,0.00509282730703584,0.249700120722869,0.101967015968868,0.147065668307008,0.116874765387283,0.364991882482629,0.314137725645996,0.00275886652008612,0.0961288947131407,0.241190951911104,0.148497319094902,0.137630882974011,0.354563672143368,0.354464264744058,0.527103993998585,0.507489541874494,0.313374806319127,0.522175209058975,0.394210356469186,0.168422937706616,0.397338675875502,0.285883069091313,0.366415298355615,0.298811311853754,0.173527755617633,0.112122581253973,0.165459202783565,0.235874964327806,0.141337627016571,0.101347611194846,0.0616228724097876,0.0580390086556883,0.00331415596828,0.199801147523658,0.264607613448239,0.0375458800882834,0.230216439126987,0.345487957025439
"24",0.214283073121403,0.296039846285536,0.261746405073423,0.529206206569697,0.525701906744298,0.307571387254152,0.0577818938913097,0.2742794899249,0.00447071360412167,0.260957517056761,0.437932218504387,0.364020422592359,0.426218593027929,0.191137448342829,0.0739163036525367,0.188353577219962,0.72743668977601,0.599713805438825,0.418191250525335,0.219979679207854,0.396820580169919,0.57266088857941,0.187492895292451,1,0.546460738080648,0.159223950980021,0.158868120498483,0.421745025416631,0.509340570643537,0.521174955099291,0.564619434734763,0.491609489582724,0.534156041564073,0.236885838816281,0.392035408131815,0.146976342959286,0.38575695266406,0.160713398216216,0.0136601439401846,0.0552734870613765,0.343724463511367,0.615747500910978,0.598329318246428,0.474231282204745,0.542235631763279,0.0897677124665498,0.43607623137298,0.149594636020676,0.428390669817727,0.02842089234224,0.359272692742052,0.10226216888683,0.145678184283428,0.354579830081924,0.070483975370073,0.472666681071462,0.375311743542019,0.239929016327908,0.462823225064161,0.284892992259565,0.51384844836672,0.437403522584961,0.482756313058324,0.219988550759593,0.329551908147492,0.160223139269905,0.185625949742033,0.464689571687165,0.0432500551562296,0.544078433970444,0.0143062175715468,0.443236815563052,0.316545742221756,0.456559902556498,0.135448064779271,0.180337493611574,0.467965562338637,0.531790609664164,0.0985562208895072,0.215481421559532,0.121387206737391,0.484093388492864
"25",0.231825442188384,0.205761235593738,0.177783494298417,0.356305557988982,0.464586733976007,0.32326877478465,0.127927922288106,0.24736654836555,0.056875259332077,0.25610988386717,0.38068324251647,0.307711465474013,0.255350859365127,0.152985261777099,0.0906663662569148,0.20637947419654,0.582988584348267,0.599735381563998,0.277521416913745,0.276103398673954,0.362855047102461,0.534642449777429,0.275789885762881,0.546460738080648,1,0.257289501129877,0.11208446292394,0.428610371288102,0.435983455036511,0.485521686217399,0.511676282139289,0.456327107094947,0.503623783302786,0.329793898571651,0.255277074150399,0.0481911050964874,0.308366254127064,0.24803261533836,0.0441780965542984,0.119182364262059,0.285083415005423,0.477949334163001,0.410071316434243,0.453393568846247,0.389311792731689,0.0944879423354161,0.3571012714763,0.1477269547065,0.35045978741441,0.0911545420315992,0.330694435372148,0.118310706844275,0.0708811387243566,0.267455464883081,0.118666662212775,0.400375573084938,0.393487041645952,0.322226903725883,0.440291737155961,0.362091170514277,0.489228569201995,0.472196568236294,0.51445772176879,0.220398515792068,0.306770148281168,0.0133098970486078,0.0444311710072289,0.367948463805322,0.0728843851805031,0.381819335131436,0.065777723238945,0.411442603811084,0.215045386680065,0.322400157157826,0.146689457954347,0.175360029316162,0.345760222409218,0.428161477149939,0.00817246412813737,0.147269860376417,0.0400986188049666,0.419526465025696
"26",0.0580692864732475,0.0177526131296265,0.168771195974727,0.192039823373759,0.134092682193449,0.0592800729388905,0.218147509901882,0.168935919443391,0.104461249284349,0.0401721582099375,0.14515485848535,0.248204045069358,0.256963698982226,0.186181783604986,0.0655334329975846,0.0420371537620656,0.171183912469808,0.282746278764562,0.00354917943559905,0.0243017521300742,0.110162125664353,0.274801642610807,0.121263204641751,0.159223950980021,0.257289501129877,1,0.194562683729605,0.00769145147539379,0.0456846738219103,0.190371849749962,0.251726914787743,0.00188356560579339,0.302279243498074,0.171204228779132,0.0888189333011854,0.0122635937614535,0.262333191299939,0.302058834121802,0.0490561220599339,0.0852672819712237,0.0736459172489154,0.277083331408847,0.231471799682529,0.266153812221087,0.123353078784832,0.154730615428931,0.0772901793008576,0.00267348829776453,0.0398658732550564,0.101009767819414,0.0608897337067903,0.299566940090756,0.116070312293206,0.000674369451135429,0.26212281321304,0.0358138480967832,0.106610010338007,0.030100524462298,0.119994581069024,0.022057687187547,0.207042474428202,0.079973583366636,0.418358831666662,0.210361067353585,0.0306282123218631,0.0240351743724157,0.000868399719840077,0.019977993102873,0.032912977050642,0.273626060238025,0.0894234659802229,0.298316610977151,0.134496582912188,0.142601887159997,0.0251054634275104,0.164785487377354,0.191023576778621,0.213467215166134,0.0434641516495713,0.119932283805888,0.0504624821830566,0.064447841895734
