"","1","2","3","4","5","6","7","8","9","10","11","12","13","14","15","16","17","18","19","20","21","22","23","24","25","26","27","28","29","30","31","32","33","34","35","36","37","38","39","40","41","42","43","44","45","46","47","48","49","50","51","52","53","54","55","56","57","58","59","60","61","62","63","64","65","66","67","68","69","70","71","72","73","74","75","76","77","78","79","80","81","82"
"1",1,0.0140124072567923,0.144175667632474,0.170021015579016,0.280167731078172,0.227761337978761,0.191727884602456,0.130248660922799,0.110110600105591,0.170372970818382,0.2763816642709,0.264257592871644,0.27720478212861,0.246877661318952,0.214071412569615,0.121532372396965,0.176912834996657,0.190173815140222,0.182108844774712,0.213842849208784,0.207163299989922,0.103622771607821,0.18698487806116,0.0569795929200837,0.0353145766780584,0.233086124250871,0.0181799776827758,0.210509130748036,0.2626457319904,0.159096573875249,0.163947920986535,0.217519627610011,0.227451374321884,0.254910716052709,0.0425671016618015,0.0611377429330681,0.124456234922564,0.0779238937399024,0.126658223782788,0.279744721770561,0.133088147822645,0.245003964136716,0.00363692267127878,0.216564721690649,0.0993509338472218,0.125211443785613,0.137865846440809,0.0518748803069008,0.0959769505653049,0.197914546339623,0.376106677015915,0.0290385370615772,0.102585356019008,0.119106209528927,0.0904962459573096,0.122539182693183,0.139007052857736,0.146756846494725,0.300039539557377,0.249488215452274,0.184254765853317,0.232487035954551,0.195503627665349,0.227589087766636,0.142684635135995,0.249725941150371,0.348400505053819,0.128047516217091,0.0775345096446225,0.067160544431459,0.106586156420065,0.099238426022786,0.130930815667379,0.104608070514312,0.0125458248694984,0.0716592724348087,0.121416745097908,0.244337995349406,0.120032172152276,0.0219578221373331,0.0807133496744991,0.2715976733411
"2",0.0140124072567923,1,0.1446146974908,0.0438776382993064,0.0860469646803772,0.213032122111134,0.237340605568294,0.00488567142226186,0.227619208357482,0.216699976624625,0.16807877805665,0.186361215936478,0.203457107658152,0.264533515350379,0.100674234415829,0.0952780793501257,0.236032758208531,0.22008753941603,0.262595468863175,0.21137985520138,0.263585437666436,0.247085236485524,0.277725784038427,0.116861854772075,0.277676221256187,0.130559870320707,0.243957112782311,0.301279604421538,0.209574755466443,0.334853057808681,0.315290335439219,0.199398943577254,0.259169608867072,0.0916777140537414,0.276850185556383,0.164582156069761,0.20348955883583,0.232000688745207,0.0739872839419626,0.173102810756876,0.287936324649709,0.309689537944699,0.278787837613816,0.183162285757136,0.154965308675554,0.164289126768108,0.074011228056568,0.144027926948145,0.270911512864709,0.231474863179761,0.153270344149279,0.0838729139229829,0.116490267791973,0.231455628607314,0.162938523272311,0.275668742994218,0.107669558656447,0.239903587474884,0.244413040103991,0.235360376003144,0.245744440987374,0.224406087949129,0.183304719969137,0.0138440807803681,0.332992642673532,0.132143019396136,0.0417224335097259,0.231343802549496,0.248702289803763,0.130346822674728,0.083053813410106,0.161177818433359,0.0958859110166379,0.188060978424727,0.171984296878857,0.0500582656138561,0.242063487964737,0.227239154274254,0.131865181829205,0.097923097340306,0.125922885147413,0.147264393507067
"3",0.144175667632474,0.1446146974908,1,0.291914958211025,0.420560614102545,0.372782257545976,0.544035966302768,0.339256304789095,0.431951214740499,0.540301400536673,0.370506358932492,0.620824285123924,0.457783172635982,0.41639591798316,0.403388538928177,0.301491355151891,0.688501376301016,0.562801104524285,0.61207384473988,0.575588610435193,0.674986917722127,0.600643589452857,0.648834757244147,0.318202752247187,0.54741957273158,0.470501716858154,0.466716840260156,0.639682166774874,0.525720112628119,0.57797139241941,0.632966974858037,0.572628469404128,0.537640883255501,0.465261195176903,0.241363605865541,0.172841059527557,0.364249954047829,0.349362464399078,0.501794149389194,0.54852548246548,0.626973896807248,0.360529354648206,0.418107932684405,0.57804487237853,0.327548935104743,0.52177932269981,0.346659429820303,0.28062792741876,0.509630577797067,0.631563314440769,0.470878129129429,0.169425908387963,0.319718908273395,0.49008939909396,0.240029745588239,0.524910216497773,0.596826026695636,0.579893691652012,0.484117290589217,0.566560394398312,0.622714665816398,0.670953305341949,0.629178877783504,0.453759944177927,0.585362167841367,0.499149179522868,0.215588144569497,0.618947213326272,0.509950959237938,0.186121750802176,0.568740436051482,0.384995766430112,0.303417925500602,0.136964719063128,0.446567508809393,0.21161366911939,0.416051725256751,0.53773378155177,0.43537020206266,0.228928969847233,0.333317383247762,0.477272758411863
"4",0.170021015579016,0.0438776382993064,0.291914958211025,1,0.27165610484841,0.149612404219677,0.222880455863635,0.354660883738106,0.244625068464347,0.18140005835091,0.207305878718609,0.339168319114305,0.231930730580848,0.260892338502349,0.248889279311359,0.22031364276388,0.361852887188793,0.303180873031218,0.294943037965167,0.248371135458604,0.296245788042759,0.298965354024983,0.312219065936144,0.214609936828082,0.229520414778338,0.200157157090998,0.152698790411858,0.305948170929126,0.302359990976764,0.166578268210486,0.317319813435207,0.313794632855252,0.262106510337549,0.139786955723984,0.0277202305829302,0.0585303478341167,0.171752871705628,0.185674794732262,0.295898194534046,0.267243165021521,0.343170132486373,0.168397117531765,0.189094167393274,0.350452725051915,0.245282029938804,0.240224562268745,0.23076948501721,0.0237056932948659,0.171525811564984,0.326747605413216,0.333676332275845,0.123223563793695,0.0274419785766944,0.295090474481507,0.00497561536254246,0.221249591587156,0.315160808262017,0.29691212239792,0.186422006915817,0.322910505477741,0.310186290725952,0.353114560767179,0.371184666435819,0.407034353222641,0.190137547384398,0.20292142859271,0.201146768728807,0.303080626145788,0.202588912350425,0.0600335226586602,0.328595612012966,0.185042951760449,0.152785321330103,0.107830965935429,0.211013483210961,0.110415448145596,0.219026310481105,0.278244781766856,0.175751198758743,0.163590603328913,0.166350129237879,0.273814136515729
"5",0.280167731078172,0.0860469646803772,0.420560614102545,0.27165610484841,1,0.427871750097561,0.377349621071833,0.260928504865857,0.338900909432148,0.402306909607527,0.431667491969609,0.497607927351067,0.438335477357028,0.433790309109539,0.351894514127646,0.188207898147472,0.52061537780528,0.530952116884555,0.441570716514199,0.500281782024676,0.523315651122341,0.486163702043023,0.498733047614783,0.328393677809147,0.395012678101582,0.372566531411165,0.332628620582894,0.537351101424819,0.531472370467375,0.454468225316498,0.468428296998058,0.544557062027213,0.463604127991257,0.452285922259976,0.24730458749017,0.15287559619766,0.31454395599243,0.336924874462924,0.335753560542371,0.440186798360588,0.443807559273652,0.302719921536365,0.208910697139288,0.474611656759638,0.376111438888169,0.361367210067196,0.259195345301868,0.0973466647048778,0.312100869794419,0.515619086733016,0.473617937452843,0.0047754080628196,0.33834974168587,0.346764489393907,0.22382714851792,0.409375163184969,0.479479015499631,0.487552802538684,0.492648009585091,0.535583014044125,0.520717818642173,0.569513991781684,0.514199932542354,0.394464810198576,0.429973495415055,0.350059119582319,0.297258650380068,0.42830520091355,0.341364196781243,0.264830968808494,0.3960046015709,0.381795870438074,0.225411553372722,0.258314709265071,0.267220294359859,0.0853178245930312,0.311071217365903,0.41956551003997,0.323703788398233,0.125224793262371,0.328912417780739,0.457654663137917
"6",0.227761337978761,0.213032122111134,0.372782257545976,0.149612404219677,0.427871750097561,1,0.489261334831435,0.204650806714599,0.343439959951462,0.468874792191012,0.56253016117059,0.534998122965229,0.440756756573955,0.518078304658575,0.402012121205296,0.18134423515066,0.601583135747444,0.638767231507175,0.575453349437419,0.61900119869204,0.553908818581678,0.582456674046879,0.627929412631318,0.475797561463533,0.50131519282226,0.317282729154713,0.473111016345669,0.634471289046359,0.620203094494244,0.576343415607585,0.574122400434469,0.647113490175651,0.611837120969243,0.335083370166169,0.456356393117295,0.105012372886424,0.37719399270128,0.45988622663682,0.370029104864437,0.487449725200567,0.525847398469811,0.371734000177938,0.294140427712572,0.592508431083129,0.390894277239039,0.407161136734267,0.321409069672431,0.166475967748101,0.364625607637331,0.621830003193629,0.562938542851236,0.0227388540745127,0.297666305694301,0.474176761186096,0.366742983952206,0.60507517440241,0.517037190445193,0.619786845417688,0.683202331248582,0.644627724391229,0.59875530447603,0.64950024665182,0.564048183251442,0.372862618929337,0.557738080107311,0.415643017105283,0.358852442623589,0.54162536700891,0.478644160968831,0.460798665433285,0.413045112997671,0.44000494430933,0.344803294312401,0.243481091722541,0.35753440420067,0.230156688093473,0.214521154900372,0.448880278123662,0.408379008177003,0.200010198339129,0.404362715616732,0.58374233951047
"7",0.191727884602456,0.237340605568294,0.544035966302768,0.222880455863635,0.377349621071833,0.489261334831435,1,0.243051330390299,0.436905657188869,0.612206966885902,0.437662301348041,0.646761432534252,0.499154091854331,0.549306289339534,0.384197680387931,0.162034855868626,0.731704039463313,0.524870882978211,0.669149899192012,0.631080396505865,0.663571237118873,0.675600178058752,0.730086374476533,0.402480594520349,0.532408481439801,0.465825933514315,0.567789262800989,0.669439208246252,0.51139271578411,0.671100381402498,0.664457171831916,0.654222714936068,0.640326042726345,0.291004401620052,0.327100154771875,0.161464198757428,0.51194298583467,0.471356521462577,0.533489117632324,0.579799202706463,0.70343991478179,0.354426067617712,0.538850398332154,0.626411217737518,0.383246912721141,0.578268937518701,0.384108250932369,0.291875072723607,0.559982757296229,0.643789364895975,0.521672544033744,0.240229955027882,0.262907591553475,0.568381157442499,0.288050213496153,0.641557893219323,0.52870754842007,0.665381763898513,0.589737858102668,0.592187872752964,0.706119703926139,0.70331771649926,0.649488510206176,0.322550100850115,0.673472823571593,0.428701976571341,0.238527951956884,0.683644042315711,0.649595574520554,0.289503322556562,0.51395906823293,0.386594717471492,0.331212181952271,0.271180106818004,0.445830583590589,0.401025032468409,0.274157724911304,0.562798444203972,0.434136332338184,0.336668973011391,0.260192476395577,0.593951010427635
"8",0.130248660922799,0.00488567142226186,0.339256304789095,0.354660883738106,0.260928504865857,0.204650806714599,0.243051330390299,1,0.195379253990959,0.217276564674549,0.221723532727399,0.338082313368288,0.138233570373629,0.203153582675051,0.278531338806889,0.242849959080961,0.393475802260542,0.390886552044017,0.391569276096173,0.335159405337053,0.319334120946794,0.302661343246128,0.330542728703423,0.329637369604701,0.392212917086777,0.283050083877175,0.239914769171155,0.338662017532877,0.330408246693869,0.235969965115897,0.328467435781855,0.318917078312568,0.262275764899176,0.294617390607051,0.0670737951290849,0.091008440900965,0.127865558092545,0.203962945317949,0.301444124711405,0.221416919777159,0.349021495953531,0.190682836746713,0.158267690349335,0.371946198956763,0.314105453329852,0.268474775973213,0.216661886125655,0.0172915321010908,0.245021061621698,0.321730165778299,0.258483374676585,0.00414931063657624,0.157103554589754,0.286589135967644,0.00666117540067566,0.22438000009392,0.399173582186061,0.328558885584998,0.235943798436014,0.286513293643545,0.342791753070723,0.420001016336491,0.389997293164303,0.391407407456944,0.214880841160967,0.336952030977883,0.196796391763914,0.262329022263886,0.252485638005366,0.0019678910104017,0.394473509233382,0.116980044836807,0.329478146918166,0.110051820184009,0.162989280128148,0.157673390197123,0.202318461659631,0.281882027744765,0.223233209838661,0.124860851529585,0.27069981290816,0.294567430812484
"9",0.110110600105591,0.227619208357482,0.431951214740499,0.244625068464347,0.338900909432148,0.343439959951462,0.436905657188869,0.195379253990959,1,0.343046810523755,0.236659730066552,0.455581961171333,0.270484325478699,0.459921399190584,0.221112871980247,0.0964020419318785,0.488926704332745,0.429846668164884,0.402895390187158,0.39612596712453,0.441714183801532,0.42636106452186,0.486528485604746,0.399082766094248,0.455739825106584,0.212573109752608,0.343349873040167,0.497372778607647,0.497108534841999,0.433613150691552,0.521320124436917,0.427021419505788,0.416096431441396,0.331602019736564,0.219482021155387,0.165422936843242,0.1987824548802,0.353347809774612,0.316485975369794,0.297348416363389,0.477136801673716,0.308505722031045,0.360847558814022,0.497447833557886,0.370635366765754,0.312676021458735,0.249379285117622,0.128773170529838,0.36152295528204,0.426902592711453,0.461057778607359,0.00770087694152661,0.166649965709756,0.334109483590604,0.122851602077664,0.383364254968953,0.403529906214238,0.416311601056625,0.404037651260485,0.416009091938974,0.419664448361082,0.476066125543124,0.417520696605875,0.358251532048055,0.383861617513652,0.300514433443884,0.104470166741522,0.419633184252103,0.401914410040816,0.174393604576698,0.376384330702612,0.311431101797277,0.355094217219412,0.162080427548441,0.19590965005348,0.233411631100892,0.398549232252984,0.362400913760329,0.23288826327624,0.170369946344865,0.259209979389449,0.346012689997734
"10",0.170372970818382,0.216699976624625,0.540301400536673,0.18140005835091,0.402306909607527,0.468874792191012,0.612206966885902,0.217276564674549,0.343046810523755,1,0.485888438439133,0.655965178875373,0.537488275129654,0.49225685018678,0.45569249095447,0.271623178918289,0.747016468001708,0.620062342620494,0.670819920580097,0.654966520516011,0.673282720085491,0.730403608102029,0.751695846837587,0.434375235625696,0.507388602215076,0.405447735875961,0.564644128320013,0.689057974463074,0.519628613859953,0.704454479558694,0.693504836899179,0.667654415963994,0.722363612598508,0.21564865288357,0.446582284726446,0.191504237411581,0.576354691007009,0.436095829668325,0.535887850464853,0.617680723462491,0.692999564544089,0.215424562319493,0.482154269803681,0.642832388750884,0.417320109620348,0.5753113126469,0.481064190552536,0.293156461606463,0.520341111257946,0.675354782255051,0.517780141583313,0.218608879189984,0.242420979085849,0.596113709960031,0.331732308482044,0.667280653657522,0.579351033932909,0.712638731013242,0.571178420563548,0.639543794549891,0.725393427182136,0.702107012593685,0.701372646312016,0.378649572327095,0.710040107117066,0.358266831699974,0.186684615507919,0.707876017911944,0.644139001620624,0.409306095972274,0.484834100989162,0.413952536810211,0.274432591994135,0.30332665224917,0.536039577555883,0.361752758568091,0.152552181150883,0.516067457154874,0.515474507350697,0.350041288832702,0.30500542704729,0.591192465895867
"11",0.2763816642709,0.16807877805665,0.370506358932492,0.207305878718609,0.431667491969609,0.56253016117059,0.437662301348041,0.221723532727399,0.236659730066552,0.485888438439133,1,0.560872274108844,0.562403505455541,0.587044618606055,0.478731395610706,0.177542883689551,0.574331774685207,0.645547079128055,0.546074227390449,0.581107226043125,0.586258418647386,0.584737532847044,0.596071228042421,0.416074435834665,0.386030426369873,0.299058333101675,0.344958297440731,0.626527885102583,0.642734190005464,0.601062102338418,0.565745896812468,0.651059140366074,0.623691945265882,0.325280245836517,0.42311343798959,0.14743999026303,0.375582435039345,0.405408507172745,0.346702831791367,0.455541598201676,0.468960121096687,0.340286294391203,0.219878475420733,0.591059610022985,0.377004796283639,0.40639802291458,0.322104576051406,0.0252224361352377,0.306514979154863,0.635846626777767,0.633761007747799,0.0679499054110884,0.242354134435815,0.480088646387159,0.320168327146398,0.5730391632601,0.479954674428695,0.608054851262603,0.703505674598673,0.685695886183736,0.600475444245435,0.644170196961561,0.567202548297344,0.381355306798341,0.545645580925656,0.439731113095823,0.461862740030815,0.547229183154647,0.425577812039989,0.498453735275203,0.396598491581398,0.41567251847045,0.293138700226327,0.293771875337132,0.317240403492736,0.121824682817735,0.198749416136524,0.41509952987995,0.409646613071473,0.211046350576113,0.507867412873991,0.602807420850575
"12",0.264257592871644,0.186361215936478,0.620824285123924,0.339168319114305,0.497607927351067,0.534998122965229,0.646761432534252,0.338082313368288,0.455581961171333,0.655965178875373,0.560872274108844,1,0.59964249377375,0.615531042567651,0.533602858825398,0.328542528705553,0.828250743019779,0.694835098537351,0.743680956230239,0.763215183900409,0.734001359522036,0.774202408166688,0.811356333991417,0.504629938740612,0.565876945164573,0.512028804273357,0.562291479065654,0.777365494261699,0.679979483382449,0.726257873683812,0.77423828104198,0.769031382828304,0.779324305478314,0.390587963589207,0.438301398619021,0.133681085930024,0.557365387115726,0.471220685736136,0.587085147439924,0.663296223040406,0.7540096393579,0.389550390483277,0.464643268024161,0.715411501456211,0.497831708248874,0.645217148180288,0.477052045168318,0.262852932637196,0.595387899683061,0.786682634789515,0.712767943837915,0.0904264248495139,0.398448770773906,0.649863102724814,0.341674201869396,0.715319157867943,0.681587089606166,0.772347924039965,0.695293132321681,0.755910355385852,0.811532233125992,0.805609630245083,0.810911844799241,0.527671815933847,0.733183049842642,0.497128786751375,0.365223603750411,0.784435856372525,0.677817349663269,0.401503138607648,0.601814113605681,0.480407584591855,0.371118447297562,0.325096530533511,0.574931952643527,0.385022591668461,0.358202422182588,0.646361977414787,0.530404497966548,0.402285041392584,0.352589907501311,0.689484964757738
"13",0.27720478212861,0.203457107658152,0.457783172635982,0.231930730580848,0.438335477357028,0.440756756573955,0.499154091854331,0.138233570373629,0.270484325478699,0.537488275129654,0.562403505455541,0.59964249377375,1,0.606782595677623,0.474656499031558,0.151656691279593,0.596429106668941,0.49820146024123,0.59385603459116,0.562867943311289,0.593763205504227,0.608433849222413,0.626085766815413,0.257622779242486,0.304764818997214,0.442575889199366,0.33767713873322,0.626753111034688,0.504786179325397,0.629503140557771,0.651200573765833,0.607646417953489,0.635097694700983,0.27176704418705,0.350979062092272,0.165114846052793,0.47523630646262,0.305756236922774,0.425964180828969,0.586575589020063,0.56659421821658,0.338717142729413,0.429869875964481,0.609757842676002,0.290369788182092,0.507373404614655,0.372275832729818,0.19074950616512,0.454745756870774,0.633577084445048,0.572680018446395,0.282685297721649,0.207467772808487,0.490883456305197,0.249811847105395,0.518262153333291,0.453256163868166,0.586849053288542,0.613425014847628,0.628846838355299,0.635090086225205,0.575727848752944,0.576444961600778,0.404254047949729,0.61859255449583,0.350514767083939,0.327587408619283,0.660422205824103,0.458011638779735,0.423302238593057,0.415007171734238,0.445597419936131,0.170528623608689,0.296974449615814,0.36073783458615,0.177905540383497,0.262832483719916,0.518853433463759,0.357228515651405,0.321093037288597,0.265919145488334,0.515215835865318
"14",0.246877661318952,0.264533515350379,0.41639591798316,0.260892338502349,0.433790309109539,0.518078304658575,0.549306289339534,0.203153582675051,0.459921399190584,0.49225685018678,0.587044618606055,0.615531042567651,0.606782595677623,1,0.435201527121942,0.0849589240803896,0.652502197463805,0.639429713682615,0.617376821199376,0.596956308128446,0.605868823912191,0.625268179843952,0.670446182877127,0.447127210998306,0.494202918545044,0.354920786174305,0.40716281874455,0.694352584163368,0.633898254653241,0.674124289801069,0.721067204394244,0.668647211430148,0.648903185237633,0.306380010727809,0.460396734530324,0.220020085323196,0.37951034005817,0.504988321653599,0.392312928703588,0.519312013222418,0.629512063119128,0.447821786207027,0.458251599684216,0.655399328945508,0.383510139227455,0.479594126864148,0.408419162552762,0.1537148790626,0.44077453606149,0.639082513742216,0.656563570234887,0.189988486739331,0.261072865883971,0.514726328421523,0.254511978360274,0.584905575948717,0.492275927283866,0.62666889491408,0.689375689496676,0.668797598981007,0.654589094266373,0.655069243373505,0.598215861699236,0.408667842218544,0.629214157679096,0.353127130857137,0.340320991149505,0.623166589125742,0.507899872521958,0.428362609100348,0.443167005273228,0.472198638614928,0.282090678535504,0.394219493517324,0.343086112787146,0.184349417331117,0.318965393476258,0.502323239847653,0.358329135809,0.241505035867975,0.329894093383029,0.592107519559917
"15",0.214071412569615,0.100674234415829,0.403388538928177,0.248889279311359,0.351894514127646,0.402012121205296,0.384197680387931,0.278531338806889,0.221112871980247,0.45569249095447,0.478731395610706,0.533602858825398,0.474656499031558,0.435201527121942,1,0.231599021629282,0.549634040208563,0.580127407679517,0.516228665504656,0.531392781664577,0.497863700126425,0.553422988984478,0.569349192100701,0.38636532425485,0.344602425078649,0.364576669911699,0.343030388586838,0.557807578277342,0.478283357927704,0.517579255831323,0.538014945927532,0.565271588152486,0.532159178789314,0.20095267857899,0.331230511357062,0.14553220138717,0.386795215735464,0.312743618553609,0.396866574247414,0.439090534532679,0.496583972289531,0.236580818722511,0.273491542907414,0.520690313896557,0.356939388421602,0.418285533975082,0.327524692023359,0.116905675717666,0.322334651396876,0.550454030963468,0.506334740318248,0.0865956795046225,0.180795450592633,0.454681347629593,0.222394458835196,0.488748163983556,0.495892164972745,0.542239328525895,0.526981167117186,0.55655764591133,0.548877273345082,0.584633409050837,0.570104119190608,0.389293217073679,0.479735931036465,0.383084224299809,0.310366543876903,0.524749662053442,0.446819611677236,0.339269245867948,0.432363177666993,0.276870216326632,0.232651563673397,0.213052923306027,0.373780950473703,0.161431620831403,0.137470524037613,0.437234787138077,0.391156748949316,0.208701032126973,0.370800262988364,0.574170459178223
"16",0.121532372396965,0.0952780793501257,0.301491355151891,0.22031364276388,0.188207898147472,0.18134423515066,0.162034855868626,0.242849959080961,0.0964020419318785,0.271623178918289,0.177542883689551,0.328542528705553,0.151656691279593,0.0849589240803896,0.231599021629282,1,0.325944527258408,0.27025409299002,0.221157192340055,0.257377092584194,0.240319508444712,0.309296589648116,0.302186464309833,0.216428248928588,0.186303714123805,0.229639971719303,0.234037390884344,0.272547486502882,0.224129032681189,0.140754346424726,0.220383455361674,0.250586540615492,0.263179866915376,0.15300963863947,0.0710154501579651,0.0188394612548514,0.230316439446524,0.0884179102048504,0.318786568270246,0.302079235199341,0.244115440818794,0.013537598974833,0.0523015064104407,0.252068180200031,0.286720267607836,0.322189213379501,0.189137920053481,0.138872698631132,0.17129033945541,0.293737017941848,0.25670974661001,0.0908943896947573,0.154961300463745,0.245089744893534,0.107834934293573,0.225764818918651,0.389653835101823,0.281003733046725,0.146834312635271,0.256097020724334,0.317384393717666,0.33496999638749,0.366290366345226,0.335564738017623,0.20358332052485,0.160232840800418,0.0944366991891759,0.274647428118476,0.252200393081632,0.0996138889537923,0.30701091690555,0.0921694855473578,0.174490966089155,0.091576559665268,0.260291167570937,0.214798148299005,0.0186606728902925,0.260218337509217,0.176583038310506,0.123110549028986,0.215822916095332,0.287277386333805
"17",0.176912834996657,0.236032758208531,0.688501376301016,0.361852887188793,0.52061537780528,0.601583135747444,0.731704039463313,0.393475802260542,0.488926704332745,0.747016468001708,0.574331774685207,0.828250743019779,0.596429106668941,0.652502197463805,0.549634040208563,0.325944527258408,1,0.828735450222233,0.847464988836535,0.840250450878258,0.82281285511185,0.880258049677925,0.931236625407375,0.615499422934141,0.727346834325095,0.50328791634002,0.721800797310628,0.880621044684883,0.729510148144798,0.854135107962977,0.875814191878846,0.868534508941304,0.826136508145096,0.385698113710727,0.541278152419775,0.173845018835173,0.624100937369589,0.597644455053824,0.635303229118438,0.726897224611993,0.865178779094709,0.381562627889823,0.573920422199848,0.797908626268832,0.575667280286204,0.697020749161145,0.5556274325538,0.337801883565969,0.652070663379485,0.874743997703687,0.675527527463973,0.151987251136197,0.397288907920935,0.730873235142453,0.394739395333925,0.832766428667327,0.785557648138466,0.899156067423297,0.744193905862269,0.819715432594805,0.912687742563266,0.915678278228951,0.895893067638589,0.548990424553688,0.850151536212565,0.538164168511615,0.302985284403792,0.854687214234273,0.792140894624601,0.473674587139012,0.662157117827766,0.509846038486945,0.383607768997567,0.416593134347289,0.673182045304533,0.405640372441236,0.34623208556344,0.684966880979001,0.568318613472084,0.454127777202501,0.431989402091265,0.766146316972036
"18",0.190173815140222,0.22008753941603,0.562801104524285,0.303180873031218,0.530952116884555,0.638767231507175,0.524870882978211,0.390886552044017,0.429846668164884,0.620062342620494,0.645547079128055,0.694835098537351,0.49820146024123,0.639429713682615,0.580127407679517,0.27025409299002,0.828735450222233,1,0.722855404795863,0.766634756736041,0.709607380013378,0.781991189613706,0.796829240941117,0.665543346286173,0.688408551151008,0.375178181610984,0.603244059133702,0.808125737165785,0.804972090236734,0.774874049741001,0.783005289015298,0.818113297323022,0.736125003221981,0.42078236477119,0.564759729942186,0.12302842372875,0.493088954332667,0.561027251690097,0.481229790358286,0.547133264712381,0.702818807574593,0.393585733575639,0.335072978606118,0.724649948035512,0.578301210846148,0.542091981660626,0.478406856031104,0.21092184382371,0.470068367687741,0.807696883417009,0.665882303174311,0.0447157267534639,0.345444244917174,0.63583051859603,0.460949413793505,0.750462478259471,0.762927306998209,0.832094860074642,0.783299330450226,0.80423778628667,0.792615990869438,0.84376174705579,0.780851778066898,0.551769075628373,0.694887318244992,0.528412497179497,0.384460155070778,0.698499395064601,0.632134269135886,0.536046538149249,0.569372429204608,0.520936268879799,0.387638677209184,0.428028262360864,0.5497946337988,0.240362736882378,0.305156256946868,0.552579195641105,0.520140871251084,0.315709330507777,0.560152387279481,0.739526565266989
"19",0.182108844774712,0.262595468863175,0.61207384473988,0.294943037965167,0.441570716514199,0.575453349437419,0.669149899192012,0.391569276096173,0.402895390187158,0.670819920580097,0.546074227390449,0.743680956230239,0.59385603459116,0.617376821199376,0.516228665504656,0.221157192340055,0.847464988836535,0.722855404795863,1,0.766640287362639,0.782176609503205,0.776579690707244,0.842503219984417,0.480572844607618,0.653406491227066,0.535309828229005,0.653888133049624,0.811284670593039,0.648412314074191,0.797889889327884,0.793932799108919,0.795301390424103,0.752487652865185,0.340191566442982,0.457822832765104,0.218476833959506,0.550673021377907,0.522313676567846,0.572937840721872,0.673264539481601,0.784541781921369,0.409446068354859,0.542271125510229,0.731024682042461,0.443817618876509,0.613021736838,0.46362321008291,0.284633755187146,0.588755785739816,0.762068924901604,0.576239293545284,0.209407714475145,0.332090122412941,0.656349455274942,0.389827570600712,0.759392817446323,0.698196616755964,0.810474179473857,0.73245992600767,0.736723737893958,0.809003904223357,0.820649918591529,0.785778022987036,0.403303021952601,0.791865228374414,0.550457912675778,0.311490466565644,0.776162394210534,0.733208752506112,0.401161205601929,0.568589690488293,0.448968272050663,0.316808441659344,0.335911123560548,0.606517991704497,0.338968506972016,0.301120762188348,0.63273273112617,0.52368665339741,0.403543409399627,0.3983706655263,0.65745450403893
"20",0.213842849208784,0.21137985520138,0.575588610435193,0.248371135458604,0.500281782024676,0.61900119869204,0.631080396505865,0.335159405337053,0.39612596712453,0.654966520516011,0.581107226043125,0.763215183900409,0.562867943311289,0.596956308128446,0.531392781664577,0.257377092584194,0.840250450878258,0.766634756736041,0.766640287362639,1,0.751394811949156,0.798659435644882,0.838354797784632,0.541850342529611,0.647395167879236,0.446818703109597,0.659954334335795,0.820868617510233,0.714118747162995,0.797240396555022,0.770098330136449,0.828850828275389,0.77230289100767,0.397849123416372,0.520733521929449,0.140176254021041,0.56482209705462,0.591264699873801,0.535749505892053,0.618558607461031,0.766374640652624,0.402146322094149,0.473396152704785,0.717581008618631,0.53454320133195,0.613090170642321,0.493892450068521,0.273344241653513,0.562013947078642,0.814529720115569,0.646793904724835,0.116390470330806,0.390513761589368,0.640809693325159,0.401290879302947,0.779981081511135,0.694392663328505,0.843260419777338,0.774620270922836,0.785060132781288,0.824468062799377,0.850847079040823,0.796207521858654,0.443921139253639,0.776951302912418,0.537341232819784,0.33130400394677,0.78872417997762,0.697213444980679,0.504141110569469,0.553123442450857,0.519980696969966,0.391487835039234,0.342258745045187,0.577695395722473,0.372944387285598,0.331229263893806,0.641713055832291,0.522802343321711,0.407136589997634,0.430146520547097,0.733410910772381
"21",0.207163299989922,0.263585437666436,0.674986917722127,0.296245788042759,0.523315651122341,0.553908818581678,0.663571237118873,0.319334120946794,0.441714183801532,0.673282720085491,0.586258418647386,0.734001359522036,0.593763205504227,0.605868823912191,0.497863700126425,0.240319508444712,0.82281285511185,0.709607380013378,0.782176609503205,0.751394811949156,1,0.766131604595926,0.817421156164588,0.459791122058692,0.640600927932629,0.527940697076984,0.584368398034506,0.8029312372683,0.693000948450004,0.789771569562145,0.774826595708431,0.778380166620222,0.750266867617845,0.480202497449078,0.450620513623984,0.211928755027663,0.497118575039857,0.519491810666911,0.541845292983809,0.663604742375175,0.750384231842656,0.399861829730438,0.50729726739028,0.740313244719594,0.442171791151898,0.584899041402556,0.415517020426588,0.262870403323869,0.597293078971245,0.788293420530274,0.613537733542733,0.191403628363895,0.383337342994021,0.618203280710145,0.394041028427553,0.737022911425076,0.666410751347351,0.776917766939331,0.724973525159667,0.749688057916954,0.797674176221716,0.819189222381947,0.778062214538313,0.434826068950335,0.745069306691845,0.551024559618701,0.338153824337652,0.7495842137989,0.662104345732135,0.420066431196275,0.55588640083757,0.48719400902919,0.36927985411131,0.277643287585295,0.534607209974978,0.299637308133912,0.377697758056802,0.620648649440569,0.536239795307943,0.365506319062808,0.446440544287256,0.654051376508383
"22",0.103622771607821,0.247085236485524,0.600643589452857,0.298965354024983,0.486163702043023,0.582456674046879,0.675600178058752,0.302661343246128,0.42636106452186,0.730403608102029,0.584737532847044,0.774202408166688,0.608433849222413,0.625268179843952,0.553422988984478,0.309296589648116,0.880258049677925,0.781991189613706,0.776579690707244,0.798659435644882,0.766131604595926,1,0.89165590333423,0.58191123741194,0.655933522656931,0.425356487182315,0.686570486807753,0.8436394303004,0.69977236024908,0.820487347925142,0.841673851861853,0.828487258263356,0.798823085397894,0.299077218497911,0.535208393576048,0.0987752426265954,0.656350486917783,0.537353679525828,0.622528482847278,0.692074530584454,0.826568658262513,0.337403536635622,0.535523371026211,0.742607980320048,0.559937740040174,0.673172903066326,0.563418032441969,0.347837195166162,0.605144282458209,0.844579547638327,0.638172021087781,0.150515134614402,0.384461283317442,0.673827607120213,0.431896812297574,0.806852185886219,0.724978938322442,0.866241321127087,0.705724802516383,0.788456200527273,0.859834074388222,0.860443740482829,0.850797708985222,0.5048386818293,0.834717141659365,0.460763989299295,0.259006417167371,0.840640001801003,0.759837823506527,0.535821346550189,0.598853232113162,0.522692998756568,0.324236080935148,0.412276221121941,0.670966145671337,0.414077917460655,0.302723562637859,0.642841735349043,0.54633515825492,0.465110586082324,0.390174052505541,0.726643319023007
"23",0.18698487806116,0.277725784038427,0.648834757244147,0.312219065936144,0.498733047614783,0.627929412631318,0.730086374476533,0.330542728703423,0.486528485604746,0.751695846837587,0.596071228042421,0.811356333991417,0.626085766815413,0.670446182877127,0.569349192100701,0.302186464309833,0.931236625407375,0.796829240941117,0.842503219984417,0.838354797784632,0.817421156164588,0.89165590333423,1,0.59751771215968,0.715661572981521,0.486211146582084,0.72651801841315,0.88892109584485,0.741427471670754,0.869147799721292,0.864430549346685,0.868978507255711,0.838100048000372,0.345337113049599,0.560664011569146,0.156707189484496,0.650826916226309,0.58948004026824,0.639447202526637,0.725883671139866,0.864008928917185,0.404853769315397,0.577809929321931,0.784923195144821,0.564439775566024,0.707605159654467,0.53615379189896,0.341820211120514,0.646350961372517,0.86457619543882,0.67075017484353,0.169192632690563,0.376039692928764,0.712891162226767,0.432699342028762,0.850500550895132,0.766380378534614,0.891112765580324,0.766401527720436,0.8205616516008,0.91042595842273,0.911963428119854,0.893197986719336,0.492742320617628,0.880401455362511,0.532183714004677,0.281911304738483,0.85513944696299,0.807505990405878,0.5011345400022,0.619378945112747,0.51197800131367,0.369694457119087,0.410996870617952,0.666791860370433,0.388184759767567,0.350324998611309,0.697972915345223,0.575156426020294,0.466017880970022,0.421974744863752,0.772446167120122
"24",0.0569795929200837,0.116861854772075,0.318202752247187,0.214609936828082,0.328393677809147,0.475797561463533,0.402480594520349,0.329637369604701,0.399082766094248,0.434375235625696,0.416074435834665,0.504629938740612,0.257622779242486,0.447127210998306,0.38636532425485,0.216428248928588,0.615499422934141,0.665543346286173,0.480572844607618,0.541850342529611,0.459791122058692,0.58191123741194,0.59751771215968,1,0.557808358766728,0.121776654455585,0.519186437669517,0.578480222160855,0.612242071812073,0.525412659501266,0.564024852048951,0.621675523683313,0.551238291087456,0.237655509458688,0.491904453518906,0.0271228298903168,0.34478576909523,0.443870960350007,0.311118116145791,0.364065728980862,0.509155332471021,0.24834901281006,0.264460381633772,0.500467937133229,0.522204613947729,0.380535354406383,0.427700374947675,0.192920458115276,0.332023284433113,0.5818488231915,0.44317491391358,0.210663036474763,0.26327650023388,0.506407286436993,0.301214230380297,0.58910619259925,0.601909744202074,0.64328822078821,0.533608748765508,0.580634423686052,0.590792611496491,0.637685350494166,0.588789633084642,0.46299905561614,0.498245463221466,0.366738823501612,0.193400434483915,0.51352208740226,0.468925536821029,0.439473180891854,0.464449332378105,0.325380569410437,0.415782954607025,0.365020179973537,0.383219261075883,0.308516529599451,0.211579652466069,0.392437216232457,0.408535969691039,0.300945873793796,0.432621781552917,0.553821836470724
"25",0.0353145766780584,0.277676221256187,0.54741957273158,0.229520414778338,0.395012678101582,0.50131519282226,0.532408481439801,0.392212917086777,0.455739825106584,0.507388602215076,0.386030426369873,0.565876945164573,0.304764818997214,0.494202918545044,0.344602425078649,0.186303714123805,0.727346834325095,0.688408551151008,0.653406491227066,0.647395167879236,0.640600927932629,0.655933522656931,0.715661572981521,0.557808358766728,1,0.30709232817587,0.655327319732714,0.68477321342934,0.630019409762425,0.65829865097186,0.679416180078541,0.667349876707178,0.558406297877903,0.416922547302714,0.469658135403228,0.163843026366804,0.381678664858494,0.551560537274425,0.394160075938456,0.444272196572638,0.675150829273562,0.372782803666689,0.434591161777291,0.599761772507648,0.474222478803353,0.476997748469898,0.338447972539798,0.268966583181761,0.532759178539588,0.669932696433197,0.414495359359756,0.0638439072178508,0.330307694654882,0.529967820585096,0.346096573362969,0.65061952012236,0.629836164979253,0.688341253823381,0.576182072830019,0.600769406064459,0.68595167830107,0.726734727332707,0.654594803489707,0.377723977853327,0.624822795832727,0.50061067180507,0.102583753691353,0.608560228980228,0.637622631166051,0.298819312313516,0.485067442520295,0.361597381696286,0.410778744030227,0.27153019641114,0.47196486137492,0.289679048982988,0.389358104893091,0.490892064205675,0.456337047764025,0.305230819607831,0.391005258068378,0.576681497080733
"26",0.233086124250871,0.130559870320707,0.470501716858154,0.200157157090998,0.372566531411165,0.317282729154713,0.465825933514315,0.283050083877175,0.212573109752608,0.405447735875961,0.299058333101675,0.512028804273357,0.442575889199366,0.354920786174305,0.364576669911699,0.229639971719303,0.50328791634002,0.375178181610984,0.535309828229005,0.446818703109597,0.527940697076984,0.425356487182315,0.486211146582084,0.121776654455585,0.30709232817587,1,0.30052727902785,0.465383998197434,0.330713097033965,0.473246524375364,0.437172779334892,0.447026912208806,0.455517582443898,0.349953319250396,0.130774504078757,0.201437231508651,0.331346196829689,0.225420255487315,0.431759477428927,0.486119678537379,0.475492443554531,0.304683325957204,0.319497938740998,0.501461534979875,0.225078534874097,0.429839104217606,0.275548152325609,0.156688342142676,0.404350533754509,0.444055439742436,0.406494744738082,0.20944283446316,0.268467145145091,0.378268049043892,0.133355449953083,0.376995658504261,0.357236536573684,0.404982085883745,0.453854084378668,0.402762625484985,0.485624928110414,0.478938948195981,0.492408131389417,0.235446912915859,0.453439913290851,0.412078464753595,0.280698899735691,0.461202409400249,0.380358778813054,0.0732372536515093,0.394508796616148,0.301304459308564,0.13238770575446,0.0850175577864641,0.302460633861435,0.188142860464944,0.246437335708211,0.463108697736228,0.305643396293094,0.216164609204744,0.155144328518168,0.385052199304731
"27",0.0181799776827758,0.243957112782311,0.466716840260156,0.152698790411858,0.332628620582894,0.473111016345669,0.567789262800989,0.239914769171155,0.343349873040167,0.564644128320013,0.344958297440731,0.562291479065654,0.33767713873322,0.40716281874455,0.343030388586838,0.234037390884344,0.721800797310628,0.603244059133702,0.653888133049624,0.659954334335795,0.584368398034506,0.686570486807753,0.72651801841315,0.519186437669517,0.655327319732714,0.30052727902785,1,0.650992171113044,0.525304891383204,0.660885704710585,0.629850461684807,0.657580121920871,0.588097169446283,0.204151987638524,0.460353201528484,0.0928131401696664,0.495847217276077,0.501497919811443,0.470675276343231,0.533278805993911,0.686025113141267,0.268078846067567,0.468768581580335,0.527710790777653,0.489722008735605,0.504881220277264,0.423935611084744,0.333781540874631,0.519963212664362,0.624830052364576,0.339910107866929,0.0366919372994282,0.330547774897017,0.581052544678593,0.417794110210852,0.661485294959825,0.622936706431579,0.70154191576441,0.53539961753282,0.56112143460628,0.696342460271997,0.695323216303762,0.658107505500915,0.281527722655939,0.685155346156193,0.399643892676454,0.0727494001153303,0.646327376262107,0.686397536624906,0.334262978924608,0.483384081603379,0.303069541461663,0.292045596937744,0.334884338434732,0.569991149260417,0.371616501110106,0.246914172572173,0.496941497579286,0.471354909831471,0.404218848207403,0.33231936079147,0.560982232587744
