"","1","2","3","4","5","6","7","8","9","10","11","12","13","14","15","16","17","18","19","20","21","22","23","24","25","26","27","28","29","30","31","32","33","34","35","36","37","38","39","40","41","42","43","44","45","46","47","48","49","50","51","52","53","54","55","56","57","58","59","60","61","62","63","64","65","66","67","68","69","70","71","72","73","74","75","76","77","78","79","80","81","82"
"1",1,0.0686337991747,0.0614294728900186,0.00197836774035461,0.289666706978855,0.114811501144031,0.135845457226207,0.0126536629908861,0.0179780848666039,0.0241836968273753,0.0841452521721957,0.0278667058827235,0.126152225476031,0.0674068650921103,0.078295539783111,0.0841206369980036,0.159328758858485,0.123871023332988,0.0663724112748339,0.101593839985965,0.0868320678409807,0.116287441344586,0.135209469604228,0.221734370256167,0.00863420418274007,0.00588647064787106,0.0694865169357141,0.0923621142630502,0.154533599062785,0.0964487752857708,0.0248013312734883,0.0733746336613569,0.0695197185456816,0.0661162553889043,0.194011328220266,0.0841234319389139,0.0741979010106077,0.179979728671662,0.0896927453668679,0.00577805089698926,0.0559518759433622,0.303590803272332,0.117473165892482,0.183983566030869,0.00498020585571082,0.0987488164559731,0.03982584330161,0.0273149470064568,0.0477541753235046,0.128890242716944,0.0835882410765091,0.149129637544742,0.196151720345569,0.140860188632347,0.0195794667744011,0.107871402592033,0.0761044447471123,0.0486174486715133,0.247392349501205,0.196437599800871,0.127609734690705,0.122304440384666,0.215926599064435,0.189222029702605,0.142390172466776,0.0903772891336848,0.103062574001812,0.0404397737145888,0.0766965296913662,0.121332365477819,0.0645233308146411,0.0656756290484763,0.00159820294402126,0.136033677876377,0.0800686380794383,0.0120181859437566,0.0344374557738481,0.065215272719365,0.10753093155658,0.0050625100929495,0.182717944392703,0.208764118311669
"2",0.0686337991747,1,0.0623509191431629,0.0387773456909296,0.00562419955488994,0.0767037313372057,0.0476517468835541,0.109945581789719,0.0119810166810321,0.0852791767262883,0.111699045444466,0.0914925765059958,0.0983029010049535,0.150664696626212,0.102898998816349,0.116430015611405,0.0991931270319309,0.162329621347687,0.010938496035079,0.00482508805445316,0.0108380736681571,0.0933409921338612,0.115698026535063,0.187242920485619,0.117086895531782,0.0730593007999933,0.0967243522175053,0.0542117816313738,0.140643061803797,0.148572735692662,0.239064357739273,0.160667772163808,0.0479539358769518,0.107695954463724,0.0367232342537088,0.0400286648574136,0.070442075047114,0.041395658155189,0.0823835522946624,0.129790525415835,0.0280555565374602,0.115394793114977,0.0973742659357808,0.0797314447420659,0.148094217343709,0.0695879757301615,0.0668917972628305,0.0280226566300368,0.0693715480251222,0.0479162806393065,0.0322954783970456,0.0699416727772883,0.022157509045497,0.000158533545531297,0.140092239430527,0.165950376088339,0.0261959092227182,0.090279947492445,0.00411759336182616,0.00657961352731111,0.0964587183704782,0.0397463600394149,0.026274793269102,0.00847052153867912,0.110955602578373,0.0333066590365404,0.129183988586222,0.00959684115801049,0.0599645327423642,0.0123937984881321,0.00628608474361905,0.0603550425434762,0.0825341582635477,0.0961828144637994,0.0219230329383117,0.231493806020589,0.0764686349795028,0.10244075373668,0.0568227289416826,0.0661997456788478,0.0368289240080293,0.0610371770751142
"3",0.0614294728900186,0.0623509191431629,1,0.16928127810683,0.184335874553177,0.348861034623988,0.0714260901570508,0.21139741983141,0.462746966078591,0.168903943336354,0.607634060076315,0.712992236898355,0.555425417403226,0.335204407467281,0.0946888889360928,0.102351902246287,0.571812248430202,0.655622656657148,0.640761822499322,0.651520833116674,0.708288083520694,0.660565154111967,0.653113903607929,0.181368153534276,0.32354352450502,0.271123531935331,0.48390795300738,0.711708947757887,0.434259920241651,0.64611296925396,0.590371850724117,0.633087898395939,0.772759444195552,0.576309501445994,0.210375574618775,0.340442460875482,0.0247418167462804,0.199200172499729,0.00100324918971967,0.624732037193534,0.550730200521657,0.191637575829806,0.518613288422809,0.432181817690703,0.443602799239529,0.488314922856608,0.214445022907823,0.176159087554877,0.670780322292279,0.651572004299624,0.691463872283007,0.428380494568169,0.141582689137535,0.147013360498969,0.572532832115179,0.506934808139049,0.67160059608719,0.665476734549958,0.579450946630499,0.338727620825146,0.626803925298111,0.731838879439803,0.516730480673949,0.378672598242409,0.5183344869625,0.459411033232773,0.492243591289669,0.622801155880831,0.498843036463681,0.0391211957260932,0.274026046637276,0.379346116668241,0.587475052754503,0.485894362797622,0.625524186043039,0.207402858778032,0.635198801885648,0.420147353400449,0.291649607179846,0.0412875584465663,0.274229433243556,0.0568186171498667
"4",0.00197836774035461,0.0387773456909296,0.16928127810683,1,0.128735609371898,0.051905298452913,0.114437744059771,0.0271337657374234,0.0948518609284071,0.100977605126432,0.141880056363419,0.170108056458181,0.162187352910522,0.0538921833493016,0.0108562555980235,0.0176190766302782,0.202109698311909,0.162074628081319,0.161861790858706,0.106745059896611,0.145023139904558,0.162591617212361,0.15812896377831,0.0970981616801589,0.127961674013166,0.197936560871794,0.0736449059346908,0.160820251355759,0.105835284942634,0.172033044356905,0.125397523221139,0.123868100156955,0.193899351574738,0.188677613338118,0.0294599959076694,0.0893034714944406,0.0319347559506142,0.0126314067333046,0.00401114696489266,0.106914898913676,0.10306522104342,0.145798841769465,0.155905675309586,0.0857967999698067,0.0955000720849998,0.16517940039117,0.110379218937937,0.0683199142469523,0.161722357142384,0.126869248543754,0.154233613751462,0.0498093136801366,0.138730529846188,0.00433006622221637,0.0749008894497041,0.143380733534757,0.146711047438265,0.169477098520295,0.193782436994027,0.116639964110415,0.15656532650883,0.220025567671634,0.111010720647767,0.102512488166552,0.107840501595924,0.124800991982282,0.108146705743875,0.0775719430828438,0.163301775952581,0.0573099209580544,0.0975497167740557,0.120825025196667,0.0875929947656746,0.0703707081694245,0.11140057705801,0.0217800951934309,0.106965604469732,0.0514593028797915,0.011611887309266,0.0205695064673187,0.138928147500028,0.0366825342928192
"5",0.289666706978855,0.00562419955488994,0.184335874553177,0.128735609371898,1,0.29637182686205,0.291011799323311,0.11725836136187,0.133045839974823,0.123028699784867,0.307094434263118,0.225151822230431,0.332157156635569,0.245588200563081,0.190969920177606,0.184601697869959,0.382171577772916,0.29539139824005,0.253420232064676,0.339511690659725,0.257496003774254,0.340621990925851,0.348092297282688,0.288683406133791,0.130890139792176,0.129346825973222,0.137066337531611,0.324029684257072,0.388663374975942,0.244022830280303,0.195950267694713,0.29893417155908,0.268113464867386,0.308232784000793,0.240292866956361,0.018286921442899,0.112924971793372,0.321741595448046,0.145030051808827,0.161154677835783,0.217834277257279,0.379846332952297,0.00210521964902163,0.347569994954548,0.122637572592793,0.263893891063592,0.197944548335811,0.129397861100859,0.143061973331853,0.379588537243692,0.314395910542255,0.0203136304595276,0.29569552351224,0.186424917207342,0.0496290150414057,0.28434455531099,0.377772834590601,0.323285342548737,0.4839346590339,0.388980775558903,0.36017573361479,0.380818875495483,0.392740854283486,0.237872286615036,0.229341968258315,0.317527151082839,0.292418213561571,0.153259508552809,0.357309553209423,0.140917467073781,0.163936991247751,0.265684522214365,0.166364266074833,0.100264765733909,0.0577671704365278,0.00828605547179879,0.110790693935595,0.0756014783991529,0.191912955288825,0.0219637171097285,0.381175897572614,0.399435869631641
"6",0.114811501144031,0.0767037313372057,0.348861034623988,0.051905298452913,0.29637182686205,1,0.178366372094952,0.0741507331270784,0.146577339363587,0.258606188725368,0.465578182425377,0.407392295739944,0.414889132832574,0.288774950579841,0.110543849784629,0.0510897697517799,0.423250329278276,0.50826048243552,0.364174072721239,0.389166063428908,0.422117128598359,0.462480944904747,0.520890482443366,0.357358797401348,0.265812072761411,0.224724677472914,0.399278516821755,0.448774092983085,0.435588496637817,0.409208791906136,0.434128958418176,0.503151869408584,0.491268081352377,0.327393448179553,0.180240939045007,0.000329546219394986,0.109000780057565,0.271003721221415,0.0758029161194957,0.341552506685508,0.371523537334321,0.115703385436345,0.137778263999393,0.368551563495731,0.412559216523398,0.295232243062156,0.285817141443832,0.00741720447117244,0.264208098901483,0.425620469656897,0.39137189559423,0.0909742520928437,0.224028247080147,0.222151227407757,0.237702961067201,0.429557058782487,0.443630830935708,0.455413031818488,0.460306893353736,0.402224073377139,0.506715988733363,0.517783484253585,0.437666141069584,0.286028396321424,0.376587779644838,0.423461774501599,0.455524731164406,0.348880492513124,0.396382220840729,0.113816971753733,0.24855575337073,0.333251360226394,0.298793023020462,0.0555748511691843,0.259158577490923,0.0385179476992746,0.286557122001795,0.310415274053437,0.0496530546632992,0.00260859140556272,0.357183214596735,0.225267491692265
"7",0.135845457226207,0.0476517468835541,0.0714260901570508,0.114437744059771,0.291011799323311,0.178366372094952,1,0.0829958778650741,0.107708761801525,0.0734598484312256,0.170096898582818,0.11931993732705,0.158299467832302,0.204331396452884,0.173370469078053,0.195946960799506,0.209862201468075,0.14570964378015,0.140013270272645,0.132396580403267,0.172277581665963,0.186875313573332,0.249432030747328,0.21383841758554,0.082437942813843,0.114402825789545,0.0844228516864171,0.185007871033165,0.270401990339161,0.0449558259060968,0.0849605381503651,0.157496800780839,0.105742277199965,0.222616264739408,0.106386241431454,0.0214804571783117,0.128364308195101,0.220448573897578,0.0980631760365019,0.0253589087050808,0.178027075682982,0.238600288254433,0.129571248323821,0.236131385110293,0.134538661569785,0.124360227861469,0.0953397372234675,0.0906398053095601,0.0237596941937664,0.263529732805587,0.201595572893918,0.0210159666331686,0.20217923892413,0.133744029632255,0.00647941824184807,0.136344188749523,0.221131155213385,0.20426907890603,0.307174143603648,0.299299550419322,0.211381845271865,0.154202447156408,0.24597261074733,0.157626070394939,0.10902708108247,0.113792119690558,0.12027432927837,0.0623470338035729,0.19376202685415,0.159328215533397,0.20161571988429,0.160268017431923,0.120136666986401,0.177144148276258,0.0120996905001179,0.0358117293060828,0.092535497584715,0.0212712212784441,0.194450479730426,0.00459846076870489,0.293209341414756,0.29344818190211
"8",0.0126536629908861,0.109945581789719,0.21139741983141,0.0271337657374234,0.11725836136187,0.0741507331270784,0.0829958778650741,1,0.150825588097782,0.0463821744337429,0.170538983689837,0.195257541164151,0.0925650295547629,0.0510382039902186,0.047173329594888,0.0452673561678486,0.18155158126853,0.105981119621426,0.142819054185004,0.229047336107128,0.155380506548696,0.157791741725217,0.142229248122452,0.0123413311131295,0.0738975774717908,0.00436698029094765,0.0586677852272487,0.136443350791945,0.0456588814962145,0.0929504071693138,0.0307230760783408,0.0509722837623692,0.190443474438783,0.171574995098436,0.134068341375975,0.201310894012998,0.0368421481134149,0.134656508852098,0.0976297748694097,0.156755185371434,0.0617281515852479,0.0127624206174845,0.0163953358185113,0.181567731583379,0.0152594469444589,0.0774786103661615,0.0576826374461333,0.0191129315293914,0.156682133252193,0.231593910147353,0.251463457671383,0.0615107923543815,0.0277227226301751,0.0721960590185302,0.0786535786782788,0.147434050265622,0.180823599537126,0.166187031947046,0.187759372110386,0.203682867777794,0.113142536561609,0.21509896474178,0.136151415865303,0.0566875314935775,0.0894144149471374,0.126011711545427,0.08844034779187,0.292534899676341,0.117483116823467,0.152689978051825,0.0755240661193565,0.0833199377809853,0.179840496760778,0.120756425732755,0.135395895873711,0.17593006793982,0.0528825409222505,0.125610064665308,0.0217959564171229,0.0691269376967787,0.100465176880795,0.13406364359075
"9",0.0179780848666039,0.0119810166810321,0.462746966078591,0.0948518609284071,0.133045839974823,0.146577339363587,0.107708761801525,0.150825588097782,1,0.0322329949659517,0.433674580054738,0.436170283417767,0.373852171877613,0.169005885734739,0.0311070483783935,0.122517060198979,0.279980041502716,0.302842244755205,0.507024490887889,0.421525408775604,0.398957546039643,0.404028572721329,0.397334915107365,0.10280668562773,0.359827972929603,0.0326063381838535,0.344777944617737,0.54580154880862,0.33724379395669,0.217519814406987,0.294178053585957,0.401729940535885,0.419497418413528,0.270447148275452,0.0249969251879424,0.187135137709638,0.00499179550531,0.0459308563374743,0.146147239959121,0.303931581638443,0.401719390315294,0.165221570442527,0.244053669543464,0.325081463429014,0.213609274274409,0.424114693931029,0.0585825100262603,0.135922099687367,0.407525748801151,0.479391305635706,0.508041178904764,0.398305957417193,0.0583516801064997,0.0615543210275414,0.349506610384091,0.201441299344798,0.437371732351127,0.453452418625715,0.388259110955005,0.243584619901177,0.371575790440859,0.374836117340309,0.258797862937342,0.220586996440483,0.24262381361794,0.250686702272333,0.229695494791716,0.447470007920753,0.187110313050437,0.0282206563717751,0.32116500638312,0.18981034625138,0.501389072354148,0.272764841552917,0.402290908329637,0.232987623409824,0.433119673232204,0.279484067508328,0.266410610153877,0.161240618445424,0.128768208333507,0.090148616920298
"10",0.0241836968273753,0.0852791767262883,0.168903943336354,0.100977605126432,0.123028699784867,0.258606188725368,0.0734598484312256,0.0463821744337429,0.0322329949659517,1,0.219922251285705,0.230770403406129,0.234083878341511,0.109353196839334,0.0797585505735125,0.0739253797762942,0.281118346132995,0.307361354431148,0.168569667250196,0.164227962935546,0.272520574030839,0.248982765661117,0.228952119363876,0.172005049986091,0.0903356107230436,0.173449133569929,0.158686129601175,0.17893709784083,0.181658010289115,0.282927018559033,0.263478430799615,0.301505863480188,0.254042595013921,0.187318065093155,0.234221126205852,0.0273156642289805,0.0614949160848636,0.075584574784507,0.00375802770156475,0.236532750044893,0.207623795118651,0.0269940086800676,0.199501148144663,0.0720489813505769,0.202199836772199,0.0321495880872693,0.236560276422697,0.0422616643380678,0.16462682217988,0.120388243169256,0.188075173294783,0.0637351461738775,0.0325984038261306,0.0988452632829246,0.233023479906057,0.230605836614076,0.185087480213292,0.224297950725374,0.195209166205288,0.145154874853941,0.263738300365508,0.302920498394483,0.268730150848956,0.0557196002869923,0.20905525143516,0.217477835494161,0.239232930512063,0.144983687495792,0.20850451964135,0.078507251628339,0.00531492219115229,0.242983173779801,0.142262172705449,0.0262731628451136,0.142074805531457,0.0210036468422148,0.25817229936073,0.0867057305219263,0.0789363848914729,0.092346104162847,0.14069968423871,0.0590865261289699
"11",0.0841452521721957,0.111699045444466,0.607634060076315,0.141880056363419,0.307094434263118,0.465578182425377,0.170096898582818,0.170538983689837,0.433674580054738,0.219922251285705,1,0.695759601663352,0.587963627025759,0.459579502217789,0.0171041664769728,0.0974869186980621,0.601689886147004,0.704349408658118,0.602722178639262,0.601841767351016,0.689032878440608,0.718031860363874,0.706707446126888,0.4004752978513,0.41722214819934,0.244561183239337,0.512575902625852,0.703105244328963,0.596195491681693,0.591415978779146,0.606803888751479,0.686769395910973,0.72315131921874,0.477060088090041,0.307063373429713,0.224161452541655,0.0572089847537756,0.169885645176907,0.0177902807925914,0.580059328013365,0.514704409054914,0.206467181671032,0.337774036856841,0.425245264176379,0.511718678267168,0.480947729615743,0.271694926116651,0.1270985955284,0.522735929337722,0.628441851175934,0.679906029488657,0.318137297337481,0.197539008278022,0.224399571745961,0.514121075571078,0.575313858531505,0.664447137639858,0.693731301128272,0.609158060969477,0.469322307213426,0.714236039975058,0.721146509327991,0.550695891992499,0.384871304458416,0.52524922321817,0.53952825387065,0.559274565344069,0.57182293748246,0.463245304568186,0.17500000209373,0.361534664917163,0.446862291571305,0.531421112093523,0.278998313590121,0.478901892877885,0.107938879792895,0.507776442101249,0.467898754318873,0.247274641989095,0.0921402976938563,0.37782140004793,0.228946681782224
"12",0.0278667058827235,0.0914925765059958,0.712992236898355,0.170108056458181,0.225151822230431,0.407392295739944,0.11931993732705,0.195257541164151,0.436170283417767,0.230770403406129,0.695759601663352,1,0.619323596207258,0.460177775493782,0.0524967211745169,0.0589698314450674,0.668565249880917,0.751246996809589,0.649107674290189,0.65458207058665,0.722654695170139,0.699070020744759,0.711222934145545,0.32077265836321,0.369711341201677,0.333239189535656,0.551933837078778,0.7399173275691,0.567549177344626,0.690886219169942,0.705910722801306,0.712092200546231,0.76575876715,0.560754463709902,0.252700422942593,0.3297306127303,0.0378842929409562,0.172402183356986,0.0814341719119013,0.639484960263098,0.596747807092598,0.156216301641948,0.512691045023731,0.374755638558677,0.534322563445561,0.470284889563556,0.248938524717395,0.113550764942787,0.629798510191129,0.649870525314056,0.697386864739189,0.373971084906783,0.170578121766282,0.190302347306893,0.588678019524078,0.579504577805197,0.635786207452127,0.720125761111249,0.625293682027901,0.411915830918199,0.701690325330525,0.75152120389385,0.539646246324701,0.399930818220629,0.580775907457053,0.512172753273723,0.561695418929372,0.616879638504747,0.480270221684961,0.0313872776109087,0.282627434678648,0.445810079724988,0.537141664060471,0.405525817637966,0.541953095364213,0.0722291283905834,0.637704791861291,0.483955541453967,0.276626809004899,0.034848025246144,0.305956080587715,0.179854006910385
"13",0.126152225476031,0.0983029010049535,0.555425417403226,0.162187352910522,0.332157156635569,0.414889132832574,0.158299467832302,0.0925650295547629,0.373852171877613,0.234083878341511,0.587963627025759,0.619323596207258,1,0.488941906861355,0.0545572306474541,0.00201622516561212,0.643156244208697,0.690836030485152,0.560796183584442,0.544117565822438,0.616348675748748,0.642033216169386,0.644965060870306,0.406330052350305,0.422225185787626,0.32626450020622,0.499390887895811,0.685861372702689,0.623892515172326,0.635236781461563,0.661508091635657,0.680917448752645,0.646948944285395,0.529003764632596,0.224645174787588,0.240625542829543,0.130174923897364,0.234513677379836,0.0593048653539127,0.542460650796009,0.507688353587622,0.334215776112508,0.419431256106033,0.393898895177879,0.497768351627325,0.474870126472271,0.265099849212277,0.0114632317181322,0.501699632204366,0.557024710509766,0.616279604001508,0.389059001022843,0.24668350762628,0.209679900173662,0.481245332492211,0.502289136914913,0.567565835452697,0.665744750278386,0.64954961794387,0.398549097194709,0.684555143583897,0.66436377745074,0.558653428280911,0.403100044393725,0.531500245276083,0.497567544968374,0.500526266635687,0.397152051578712,0.49062950096001,0.0293036678368001,0.258839564763128,0.399182684884088,0.46245343005958,0.199905572287816,0.399849871361922,0.0503578346995361,0.513558032892094,0.328370615136916,0.112316897842288,0.00777868048029877,0.37129844500844,0.239493670056847
"14",0.0674068650921103,0.150664696626212,0.335204407467281,0.0538921833493016,0.245588200563081,0.288774950579841,0.204331396452884,0.0510382039902186,0.169005885734739,0.109353196839334,0.459579502217789,0.460177775493782,0.488941906861355,1,0.0517977104657196,0.0553984081315089,0.515837929038912,0.627913108566701,0.342812901043199,0.375827645580926,0.403360905128115,0.482537028954176,0.525291467416296,0.451270476641316,0.274350901413509,0.416242435836902,0.368223849094146,0.485229030183224,0.587486825445636,0.559076575949766,0.666666815125235,0.495397314076811,0.45872640446262,0.349041631766493,0.198306230733198,0.159933180591787,0.10903125092369,0.0948990774910358,0.200007952672796,0.39773971071975,0.395013569210168,0.217810284132342,0.320393918842752,0.247915122833687,0.46382948180594,0.361089724255771,0.152590197768271,0.0853331662883285,0.340900669508014,0.419542437354727,0.457499943149994,0.188760098555027,0.249483827379697,0.169436941934732,0.31788953280951,0.425554764036065,0.391963946331913,0.533498237936608,0.473892998140562,0.295784620640972,0.513643046843831,0.413469383088525,0.392850769432397,0.423758020053017,0.44566666274659,0.281074829130271,0.389074686172497,0.27944232235251,0.325884106401178,0.0167926598707838,0.158729903878849,0.275065096824653,0.261713604344825,0.0838226050021731,0.247194305362198,0.202029700821958,0.28237732659085,0.23132532706098,0.0571664699291554,0.0339112363312251,0.321643528873833,0.207852331747122
"15",0.078295539783111,0.102898998816349,0.0946888889360928,0.0108562555980235,0.190969920177606,0.110543849784629,0.173370469078053,0.047173329594888,0.0311070483783935,0.0797585505735125,0.0171041664769728,0.0524967211745169,0.0545572306474541,0.0517977104657196,1,0.193948379148265,0.0020656408106806,0.0797388049613901,0.042279691422375,0.0292263387929046,0.0490498028336279,0.0496068286158134,0.0502194899490474,0.199915467496176,0.00301178262420914,0.0690469989427858,0.0693576425306025,0.012820919711021,0.154694422490747,0.0806984933427191,0.0529736273564839,0.0321767830463007,0.0477644707832836,0.00422466177502754,0.052902790402947,0.063694055283147,0.0345058581637205,0.168650096386136,0.119809069311744,0.15269658141556,0.0082121435650633,0.186786137542799,0.304574199252255,0.205390123434988,0.106970335337085,0.0495007808916723,0.0742236951367714,0.108955076032356,0.179573119662799,0.107807479276405,0.0264872556979578,0.0983236737836906,0.160220018708307,0.0734050166106364,0.105574357426252,0.0171420761439769,0.133987489079622,0.0709284008037442,0.135267360986945,0.13971107274465,0.00260130060621384,0.0314285761540153,0.187263921378251,0.149997564416257,0.0107586936598488,0.00361565659956637,0.0174987026647036,0.0367044425193505,0.0549639458479762,0.116647005931052,0.157912364686783,0.0231179596410359,0.0424550789286314,0.298357763510785,0.0585572436206587,0.064756943414976,0.318343873545586,0.163761889021321,0.22770736595854,0.0352297851166699,0.302213680182621,0.300812107360243
"16",0.0841206369980036,0.116430015611405,0.102351902246287,0.0176190766302782,0.184601697869959,0.0510897697517799,0.195946960799506,0.0452673561678486,0.122517060198979,0.0739253797762942,0.0974869186980621,0.0589698314450674,0.00201622516561212,0.0553984081315089,0.193948379148265,1,0.080735165267454,0.0205335719269817,0.149168817866526,0.151241280066493,0.134205327817954,0.114598768806666,0.122857635522499,0.0398860890330228,0.0347283833899576,0.0760476577290663,0.00140496224054386,0.107000823587132,0.0561491951799873,0.057610855102791,0.0867332739837135,0.0731381939610489,0.0948136022325746,0.0886253066659086,0.0956436680908904,0.0398486591504718,0.0437076442797451,0.172989974162195,0.196302242153215,0.0061556510787476,0.10683667473244,0.203601846695754,0.162484031333253,0.274155257561441,0.050531542174411,0.135724865066449,0.0419691205800841,0.0363651489846684,0.00701787110792939,0.182337967891237,0.121790985254269,0.0486384675536636,0.149970746360113,0.132080284275316,0.0273993505967978,0.0692998156633672,0.168470069163339,0.107531273332803,0.227747283927436,0.26291192143716,0.11322899904877,0.119356276124951,0.183628298296826,0.0466192208158309,0.0382923972212351,0.0889737654430231,0.0546837895362747,0.100184162302266,0.111958096565101,0.222764638970932,0.185212928790269,0.0643109840555361,0.104850286241639,0.0845452750446466,0.0176492265459622,0.244265083180272,0.0629365472607196,0.00170711943537296,0.0619054703476221,0.104091267093677,0.187897084818772,0.262422562379215
"17",0.159328758858485,0.0991931270319309,0.571812248430202,0.202109698311909,0.382171577772916,0.423250329278276,0.209862201468075,0.18155158126853,0.279980041502716,0.281118346132995,0.601689886147004,0.668565249880917,0.643156244208697,0.515837929038912,0.0020656408106806,0.080735165267454,1,0.789955885262961,0.565284667610324,0.622913096753056,0.646140369302859,0.674826389224972,0.733342957881486,0.495135830559064,0.362470079893553,0.427573000447499,0.410735339068682,0.648555727432722,0.606302914142195,0.721645020535066,0.690344726773337,0.690022759211036,0.69244561532075,0.585247026451048,0.383079544004686,0.229976030112495,0.103672500504563,0.334976181827581,0.0620853933484352,0.574955239312605,0.525712574665316,0.34036316264185,0.412015100312253,0.463836366135224,0.500159328213982,0.489270555954364,0.311599992489343,0.04243130291571,0.500264641698956,0.638915816600315,0.641210193248382,0.206838269249219,0.312822759426395,0.226385808893735,0.477010549257787,0.642457027608914,0.551350049068368,0.691686735702946,0.747155096429224,0.464464599109216,0.715081917964236,0.749198377247075,0.659929701435928,0.405577487430739,0.564717269693779,0.51777780691714,0.566047103435492,0.479895789771851,0.565612510379518,0.0255351135207371,0.212631499284944,0.455840761040862,0.395486016901446,0.154938893700554,0.400818976035524,0.0515397627072654,0.529057269993663,0.370445638852734,0.0530582306163739,0.0201864402401987,0.473772501878092,0.308050659572421
"18",0.123871023332988,0.162329621347687,0.655622656657148,0.162074628081319,0.29539139824005,0.50826048243552,0.14570964378015,0.105981119621426,0.302842244755205,0.307361354431148,0.704349408658118,0.751246996809589,0.690836030485152,0.627913108566701,0.0797388049613901,0.0205335719269817,0.789955885262961,1,0.589384596680544,0.603904563017873,0.705733612465876,0.722916101606444,0.800081664467662,0.532072447748895,0.412884503805252,0.541775251288375,0.566858021632902,0.735322193821587,0.707020457759533,0.811747384285252,0.843080563789442,0.768541129813132,0.77232064093875,0.595385719595001,0.387554837474416,0.285067505649544,0.0835127104805557,0.253417379502625,0.0961840620902288,0.655392523249104,0.588408956106459,0.242399978054445,0.516341377349421,0.394535559145097,0.654437154161762,0.522582802721703,0.263692049466423,0.0499790006447978,0.602384401091604,0.633409553763103,0.690520009658472,0.319177247548562,0.254856750240135,0.242241116947378,0.560632283859026,0.669294648908702,0.598511612410946,0.760630113957618,0.725934072694044,0.482207261076056,0.784483786446769,0.766680745322472,0.609877755235885,0.465040917597447,0.636753934968575,0.557339786098076,0.644712048007559,0.523709472331627,0.533808323497785,0.046232013192705,0.222529992012921,0.507087556912021,0.439218439337152,0.299692795145245,0.462558680238563,0.0427589823189914,0.640332786309479,0.480729414950396,0.179307990322754,0.049288342180799,0.405191559655204,0.226597836415345
"19",0.0663724112748339,0.010938496035079,0.640761822499322,0.161861790858706,0.253420232064676,0.364174072721239,0.140013270272645,0.142819054185004,0.507024490887889,0.168569667250196,0.602722178639262,0.649107674290189,0.560796183584442,0.342812901043199,0.042279691422375,0.149168817866526,0.565284667610324,0.589384596680544,1,0.615166704839263,0.663856599823379,0.646288524379406,0.637675272393681,0.244996700619227,0.37846141890152,0.198562858354382,0.432717215034273,0.713055538306818,0.567904568884913,0.519339349343912,0.537382112034829,0.644282836188554,0.678448985893858,0.473823922681401,0.194849899869483,0.209259069647162,0.0541981312612973,0.236238557921705,0.0825923004243918,0.525784587304914,0.539700022665471,0.256003254670159,0.32142988131875,0.448821315988141,0.459793992720246,0.509265743655456,0.281185013002151,0.115721876366341,0.50135855642992,0.648860320930026,0.621747552708987,0.408837228560125,0.209917790888991,0.209429086189917,0.507095307502202,0.456893131942699,0.642220944909754,0.672282057604224,0.618318218099538,0.447781752631137,0.605099121175448,0.651333478221148,0.54133302360927,0.408982494243023,0.498301162796659,0.473442574401578,0.474429449409322,0.564575182267027,0.411673774789682,0.0508478136857726,0.366790726369187,0.41265182246021,0.585484320143582,0.257282579209708,0.502155511951764,0.181125628414628,0.531632631688094,0.336804991824714,0.173812806880591,0.0664757405036193,0.371131661870861,0.214525156507839
"20",0.101593839985965,0.00482508805445316,0.651520833116674,0.106745059896611,0.339511690659725,0.389166063428908,0.132396580403267,0.229047336107128,0.421525408775604,0.164227962935546,0.601841767351016,0.65458207058665,0.544117565822438,0.375827645580926,0.0292263387929046,0.151241280066493,0.622913096753056,0.603904563017873,0.615166704839263,1,0.638025058918944,0.620465758656199,0.65577504869856,0.28068049620556,0.458650062729785,0.156926188865359,0.49027317554822,0.68171762360557,0.521988295261653,0.51737493179341,0.537143172219622,0.671902434317134,0.682780116164791,0.482811802556366,0.236485751450962,0.232122876428678,0.0392543062109489,0.212142103380198,0.0200397765474899,0.572478483660873,0.554488200856641,0.260615620587835,0.342808694239917,0.437198743049072,0.383772983876276,0.488346548667794,0.172574443926167,0.158978512049357,0.500498123224357,0.721711799554519,0.666141982326003,0.351584893913343,0.313622832640577,0.161590474379663,0.445397160633818,0.517476160429147,0.635256030848749,0.657597889119314,0.619508182857932,0.410489643847489,0.661696162655418,0.707577048514227,0.56817826802872,0.399320344774107,0.551586874445882,0.502886786333342,0.524681443227552,0.56815776804028,0.494325213965628,0.1080338405512,0.344506043729236,0.383929594444078,0.60937905872512,0.271847354835998,0.460364109455519,0.204289757374344,0.500916857589312,0.419417206770925,0.218794155595038,0.0837677636469309,0.405552517162065,0.283865557051318
"21",0.0868320678409807,0.0108380736681571,0.708288083520694,0.145023139904558,0.257496003774254,0.422117128598359,0.172277581665963,0.155380506548696,0.398957546039643,0.272520574030839,0.689032878440608,0.722654695170139,0.616348675748748,0.403360905128115,0.0490498028336279,0.134205327817954,0.646140369302859,0.705733612465876,0.663856599823379,0.638025058918944,1,0.702903641310647,0.673470391247539,0.290684168671987,0.359498673433918,0.284572618362407,0.522049219580519,0.708484899208423,0.546577573918168,0.650672320548961,0.615907461348217,0.697876363787189,0.763789333987533,0.534914435649648,0.303551205326467,0.247536333467377,0.112745161581655,0.228033246584389,0.0712594681462975,0.615983246294197,0.532405502841568,0.230399897444707,0.458210255615959,0.392021437657058,0.475058308312689,0.478454038790257,0.271573979309592,0.189898816578451,0.592132397555427,0.656468200986673,0.660578301738355,0.346548518654598,0.181969099315289,0.182966717458219,0.568515479969085,0.56150005824562,0.663551257056262,0.673987825578371,0.604261526799529,0.403168654666761,0.716546471835169,0.760092129309196,0.589416998490487,0.429638597549427,0.53603413682613,0.50997485740658,0.560279196557822,0.580961900401663,0.478994174857206,0.0410081265269614,0.258120009237672,0.466870011905299,0.531697020278441,0.396972701318049,0.522843747501835,0.131570871562781,0.593487471340698,0.453584697646106,0.275890703587144,0.00236495532303189,0.374706621911427,0.15110184684059
"22",0.116287441344586,0.0933409921338612,0.660565154111967,0.162591617212361,0.340621990925851,0.462480944904747,0.186875313573332,0.157791741725217,0.404028572721329,0.248982765661117,0.718031860363874,0.699070020744759,0.642033216169386,0.482537028954176,0.0496068286158134,0.114598768806666,0.674826389224972,0.722916101606444,0.646288524379406,0.620465758656199,0.702903641310647,1,0.739144975319712,0.390546323640221,0.389202604669429,0.316640342866325,0.483440578164931,0.749021002929497,0.632704031520857,0.672359419344961,0.648642940727142,0.72477398868887,0.775514180642406,0.50653255529482,0.283554759258537,0.23324563166479,0.0225779735791706,0.273432308861826,0.0760660005703939,0.561344340875297,0.587202257181681,0.303071969981009,0.363273365358844,0.493958565355821,0.530199323162379,0.51238965900924,0.291681031161094,0.0596175058040933,0.534858862418146,0.676319382945214,0.726278169448223,0.35972289487074,0.285965479788347,0.229132507975591,0.543112647691874,0.582919912194686,0.676608722124611,0.728314059979267,0.696068582196408,0.494226454241826,0.723017433160397,0.746342878949509,0.642979343572575,0.448354285187778,0.572503042138594,0.530518846779998,0.555227369210581,0.545044556038527,0.487756274972182,0.0558202826059702,0.286735264206095,0.463371112495682,0.541665688065798,0.237908119246077,0.486389159882526,0.0267765551355511,0.549782480821959,0.373396811726351,0.140786749019308,0.0106720366182097,0.410864287503721,0.250444269456441
"23",0.135209469604228,0.115698026535063,0.653113903607929,0.15812896377831,0.348092297282688,0.520890482443366,0.249432030747328,0.142229248122452,0.397334915107365,0.228952119363876,0.706707446126888,0.711222934145545,0.644965060870306,0.525291467416296,0.0502194899490474,0.122857635522499,0.733342957881486,0.800081664467662,0.637675272393681,0.65577504869856,0.673470391247539,0.739144975319712,1,0.500102047535751,0.406541840259666,0.395993565243037,0.481992896085518,0.782255287505133,0.712511001260881,0.710236559239304,0.719769812680641,0.760781420477203,0.772859694412422,0.589715000108427,0.305406649527471,0.235532772332058,0.105547948059701,0.31533321521304,0.00249270058121083,0.565920945813944,0.612547054393387,0.307420946446201,0.374804899423108,0.526625375310227,0.56120318389191,0.532081070291111,0.308932076445966,0.0470713787958715,0.532487520416281,0.711766405456538,0.72771441333593,0.357120478807327,0.302860275779912,0.262842411858021,0.50388068639876,0.629731182839659,0.655092283504648,0.779238831967029,0.760014968630094,0.544580147585444,0.760239290557215,0.76557737607091,0.673791301673814,0.466886866692213,0.616715040992012,0.555656741499044,0.636001563749828,0.537221898326306,0.535796172053443,0.0898978168406222,0.288793546966827,0.422164373901889,0.505925613090792,0.189868210808338,0.44588156752982,0.00168294021123659,0.511781210653129,0.405857338355165,0.0782306325243872,0.0298549479408012,0.443799785602181,0.307048012005816
"24",0.221734370256167,0.187242920485619,0.181368153534276,0.0970981616801589,0.288683406133791,0.357358797401348,0.21383841758554,0.0123413311131295,0.10280668562773,0.172005049986091,0.4004752978513,0.32077265836321,0.406330052350305,0.451270476641316,0.199915467496176,0.0398860890330228,0.495135830559064,0.532072447748895,0.244996700619227,0.28068049620556,0.290684168671987,0.390546323640221,0.500102047535751,1,0.254167625050489,0.356639717947865,0.221820304719568,0.357246071197129,0.548393099987155,0.41196082037124,0.466029735879201,0.42663922980854,0.346115537763215,0.275538132607357,0.298665420909784,0.0603632399023417,0.151310963333478,0.239264372275055,0.0449201061296208,0.228309973040776,0.290833735410587,0.304918263300146,0.0277199285253022,0.282050176968146,0.322494526177931,0.312635540481241,0.214945609368379,0.0473083120892973,0.126096252665301,0.349302745066989,0.377726449841313,0.0211796046391385,0.306164818221172,0.243279595205496,0.179185880131297,0.417851853532211,0.28501853323219,0.424106121992305,0.531871316495782,0.393465636267256,0.479179735286728,0.427488676264968,0.418555485748634,0.315201395012805,0.419805831819336,0.268162479292762,0.407545852073252,0.175003336534074,0.289724903228501,0.161264707688022,0.121871674672091,0.285894117797647,0.102992795840447,0.145069951766366,0.0498764867117018,0.212875561142545,0.0891909298576127,0.203147666983191,0.106515645151568,0.041497087394922,0.417946943053252,0.381852197449024
"25",0.00863420418274007,0.117086895531782,0.32354352450502,0.127961674013166,0.130890139792176,0.265812072761411,0.082437942813843,0.0738975774717908,0.359827972929603,0.0903356107230436,0.41722214819934,0.369711341201677,0.422225185787626,0.274350901413509,0.00301178262420914,0.0347283833899576,0.362470079893553,0.412884503805252,0.37846141890152,0.458650062729785,0.359498673433918,0.389202604669429,0.406541840259666,0.254167625050489,1,0.110707272725022,0.355097514970183,0.459097103210245,0.408837417598724,0.288234265287316,0.413635759802932,0.404637900740019,0.39499716642078,0.229775951639919,0.140317658979026,0.00330485861458904,0.0767819441285279,0.0283908190842809,0.0367103313031177,0.342816044272438,0.342371229203641,0.152758920668149,0.203817518109346,0.233784468309871,0.317182375894619,0.30612698660528,0.0966137112555621,0.0366221386005502,0.254532281549418,0.419565096614299,0.41749681277928,0.333315464871593,0.14416205797362,0.0720387845201346,0.331479225873399,0.29457419419075,0.383329325279272,0.461642634401177,0.36680290373017,0.233412780152405,0.443077212989784,0.413434473865693,0.29680949308768,0.160492718579637,0.313883514078074,0.259333429678713,0.292275275318644,0.341302297100344,0.25676836745098,0.110114887218579,0.233521264500977,0.270575371222386,0.366757835883015,0.168791378520165,0.255465596088544,0.017962172925179,0.371152144581622,0.336604478318526,0.211042257406397,0.163391529391881,0.258166891362247,0.158787496570338
"26",0.00588647064787106,0.0730593007999933,0.271123531935331,0.197936560871794,0.129346825973222,0.224724677472914,0.114402825789545,0.00436698029094765,0.0326063381838535,0.173449133569929,0.244561183239337,0.333239189535656,0.32626450020622,0.416242435836902,0.0690469989427858,0.0760476577290663,0.427573000447499,0.541775251288375,0.198562858354382,0.156926188865359,0.284572618362407,0.316640342866325,0.395993565243037,0.356639717947865,0.110707272725022,1,0.209507941976272,0.283939146251732,0.339099646845717,0.562806328752701,0.496720109498954,0.374098369224831,0.362110879526017,0.450483526246109,0.262451991559364,0.243683107956712,0.087592443064266,0.147841820221931,0.133892501824222,0.331491019950537,0.299548681278536,0.167139490568747,0.352656289566631,0.14482840624285,0.373962081985516,0.218779652478147,0.0820736217860639,0.107183327164773,0.351010370722975,0.216774453319765,0.285510709826983,0.150933886010525,0.201910460887355,0.134762727840501,0.179760670758687,0.377602660259804,0.184930068204022,0.345652737376348,0.377770081244084,0.148256309663774,0.403979034551883,0.356808143126112,0.326015248218352,0.218365040401942,0.285137205413624,0.197350246342781,0.333043958383032,0.116894103435127,0.315916568711576,0.139887348532409,0.0646869121911662,0.262422248728572,0.00861150400901401,0.161930221297254,0.124360022039535,0.205739905220855,0.255002799289372,0.0979440064059069,0.102580416148875,0.095638263150429,0.173635687479444,0.0880977548264206
