"","1","2","3","4","5","6","7","8","9","10","11","12","13","14","15","16","17","18","19","20","21","22","23","24","25","26","27","28","29","30","31","32","33","34","35","36","37","38","39","40","41","42","43","44","45","46","47","48","49","50","51","52","53","54","55","56","57","58","59","60","61","62","63","64","65","66","67","68","69","70","71","72","73","74","75","76","77","78","79","80","81","82"
"1",1,0.00386067660947579,0.00787709692340564,0.166814730482924,0.0420453117768383,0.0814695739414148,0.0411387910369629,0.16046222134028,0.087734633603069,0.053569140203651,0.0279863957388057,0.049897854010052,0.182105120530699,0.0179973617560677,0.124294286918026,0.0724420989251239,0.0951772768441169,0.107108861067534,0.00873108662644514,0.0269941758370633,0.113961515382915,0.0465433506999953,0.0634812609967765,0.00851828444013072,0.138249802494999,0.244668711768347,0.0905234042406737,0.0421935183236966,0.0770794777916198,0.0918183828229366,0.136815263742468,0.00974822463585523,0.0822486093717602,0.118769806256926,0.0138984741140144,0.183090571601324,0.0509099726301506,0.0936940073931157,0.0137178789706686,0.18363815116776,0.011778043253232,0.168691143682383,0.127227454661701,0.154873393460349,0.159539621962527,0.114729433999927,0.0303696899062894,0.258838217050976,0.0291509912492382,0.0127599995802457,0.00386620771872715,0.0343001315066739,0.163353510025272,0.0434070925106068,0.0894096970571898,0.0298011801165436,0.00892427506074117,0.0292147612185239,0.0383267218243571,0.0614145084454142,0.114945376549607,0.123927892382575,0.0239808183975935,0.0641316352943999,0.182828763945864,0.0652237319135865,0.31285686831109,0.112879446442816,0.110415623557172,0.042068508420456,0.047760520626389,0.0252659513007859,0.209831806426649,0.224446130281128,0.0549797546686429,0.00495325396468532,0.252523310527507,0.0549378733477858,0.0816246648121248,0.0668194736272667,0.237461167211434,0.0911401081061567
"2",0.00386067660947579,1,0.0856267244208314,0.185718762622577,0.257350996856604,0.334924577863168,0.050339799463143,0.0986089824504003,0.263086295181145,0.22581514221391,0.123029793048776,0.189914634050934,0.329245250396219,0.308809313905229,0.116868541822376,0.132038471897483,0.206012012498382,0.279547421902288,0.369231285225519,0.284340928053085,0.185185287619447,0.358890872832299,0.345510990970709,0.161979843293214,0.110251496155523,0.0700252251447167,0.273725011401906,0.286592403307987,0.269434574977773,0.215917171119565,0.220621984987163,0.28199595511227,0.265380671553811,0.198874481468627,0.0648129210945733,0.357348486324717,0.15202341485314,0.258232658606433,0.0472919308904874,0.184467413069132,0.240411269650471,0.140351630328677,0.129674171214907,0.200904238851248,0.343820573625657,0.328845832055433,0.0942914015767868,0.136365420543051,0.0541178237352022,0.198193184410479,0.227734038443231,0.171756374034736,0.198074616714651,0.277270280304747,0.054788767161547,0.294819794994057,0.135164851043669,0.288840298021081,0.314948143915029,0.208520958136175,0.230586262971785,0.246488614377169,0.344433521259334,0.161298339583834,0.292984580607863,0.209946390845797,0.144376883167384,0.241015409959941,0.16973577721115,0.0953541824041131,0.260376060281341,0.021152669463597,0.193859928527766,0.109231948546247,0.0664125083997452,0.0687033544827233,0.150288593483473,0.346693018241614,0.315671832281747,0.0651745129289062,0.0944969636692818,0.164315624487268
"3",0.00787709692340564,0.0856267244208314,1,0.325980773174404,0.180289482998755,0.166072027344986,0.167603786979129,0.0263092139008151,0.100025835990828,0.345238607378841,0.275596032831999,0.427858366520006,0.376636496867591,0.370366694998182,0.288843367931645,0.0454824032255536,0.410662570681751,0.434713931530719,0.232887542252258,0.344890885737947,0.413816817148082,0.458427451568391,0.43966210391274,0.387115492817836,0.0884307513322283,0.118391368728108,0.331643070651153,0.452328295071,0.337694592384164,0.448764517523423,0.453272329961733,0.400417002300534,0.433171427815557,0.112136977779719,0.128629193667334,0.254024862631881,0.188586346203529,0.295525528863817,0.0498260398370924,0.302765617252125,0.298010065204709,0.215012847496816,0.319375683590185,0.326881700617736,0.338533008119967,0.236306119164706,0.281325259479089,0.312456669005493,0.0203739058892177,0.414726511957482,0.24167504983888,0.0461676935185871,0.110397033177687,0.247505474024145,0.323796008337362,0.430395642615963,0.255060659531967,0.322299311744801,0.343762725625877,0.373168061937169,0.360475801378349,0.43624560523556,0.388819053948578,0.468172899010651,0.384158661024382,0.325666274305439,0.0118301037632683,0.409431242963856,0.0344255876399443,0.227452818587931,0.277059622951659,0.188789264772457,0.163889513914266,0.314668728715561,0.128425743368164,0.0488633656605901,0.308174688649715,0.322031053794395,0.205090839420321,0.0263249445941043,0.181465451347368,0.394888754819883
"4",0.166814730482924,0.185718762622577,0.325980773174404,1,0.235134238687946,0.012426930468697,0.250376480971819,0.148284819332655,0.0369132013128154,0.602916424187758,0.355171221186778,0.561023136198014,0.661160682065822,0.366673105990078,0.487491077700324,0.0238171557400287,0.570372878635335,0.653598086878392,0.394725870273405,0.495571551657891,0.609032004112145,0.611149819908881,0.644627667461906,0.54710593981077,0.186338156088922,0.160996596841049,0.54790237632666,0.635002590252513,0.433306108887838,0.660800273450593,0.658283361351421,0.485755548759495,0.66884139990617,0.146449537758265,0.374585196804259,0.692069446480853,0.365837480805389,0.599262464942156,0.119964466929792,0.691209619583544,0.338771213919513,0.3702674530531,0.565945373328439,0.647303758942034,0.66289676588289,0.43516428266452,0.493554038313635,0.557566701467134,0.0364547620146845,0.551312495803274,0.220568854247468,0.196988163912683,0.579801364422249,0.407734371915725,0.482726761293867,0.674872602482053,0.417831838026979,0.46018660669405,0.303832961473829,0.564726245502523,0.649585851397179,0.632065433053855,0.540167576958802,0.579604955333742,0.720877399114474,0.420802141221463,0.466746246129889,0.583091022814683,0.0770574538513279,0.207295188173944,0.440735009128575,0.390657604204277,0.0948528221709434,0.684321285868591,0.243584209109248,0.0646920965564612,0.747203524425955,0.599248019477469,0.461972485676789,0.131058100989552,0.0732337127470587,0.525109365822664
"5",0.0420453117768383,0.257350996856604,0.180289482998755,0.235134238687946,1,0.404025618964231,0.286223966003034,0.0542699056183787,0.0611790290181819,0.316609038708575,0.394778038202784,0.361314385728254,0.345214816766757,0.378336231474165,0.243609622510313,0.0177573433396696,0.471692270145997,0.484138206885538,0.378818899457545,0.429235493234211,0.387624239909983,0.363948993791834,0.436112564714317,0.454937871207826,0.257338462216193,0.113735051109267,0.38154541702597,0.500987053613955,0.354032250432479,0.412570483570173,0.455683972508894,0.480937476853634,0.435181927528389,0.43347161526959,0.249626951539636,0.36933491061617,0.23282050858003,0.385091098083836,0.0277680160432045,0.320045093424277,0.343252336985695,0.136509158282058,0.271406756865188,0.390970155688389,0.389231976522049,0.204428766010215,0.239724359781668,0.19828797710509,0.129080590330531,0.488948200154605,0.349723683182959,0.0441302136935589,0.231404673345784,0.283965148694209,0.263727651497908,0.458549165953549,0.367209484621498,0.490758578894427,0.449874168650363,0.385802625169574,0.464344664797123,0.453448012419253,0.468847579843091,0.360923571782602,0.311173518043683,0.345619661895391,0.0793232464446206,0.307476831221636,0.249129253215882,0.200912863343227,0.375609876338762,0.348547279449738,0.199420129313152,0.178269632435013,0.0405432261518474,0.094780008948976,0.15850829137392,0.346606918444002,0.380054113134121,0.0493689703748452,0.227024912426561,0.428081744259711
"6",0.0814695739414148,0.334924577863168,0.166072027344986,0.012426930468697,0.404025618964231,1,0.223204947449282,0.119288716133287,0.10877845253734,0.265525430081461,0.241004838673975,0.266206237199366,0.274129944433358,0.397642360174834,0.0866737123941627,0.0189413303334271,0.302566612668434,0.365926195968476,0.387554306351243,0.364760001549573,0.236296974569199,0.291124693441117,0.289830733719605,0.184799302735575,0.293383765616597,0.0972915872670805,0.32587192976197,0.347895956034423,0.421928551554213,0.234490583673056,0.233065273994287,0.427047996625307,0.240001271728291,0.396631822385772,0.0566596940184995,0.184690210573404,0.0769701455761858,0.28988362374565,0.0794172182993479,0.076682776580925,0.230457404694492,0.315646496453588,0.123854761360639,0.185716294470378,0.228656286578033,0.18952536625984,0.0972218069515063,0.00527486506229793,0.109166072466796,0.319094996003426,0.426692027959523,0.343237561627561,0.0113180616625033,0.235995292485576,0.0405955837263817,0.297812898749209,0.233920315384472,0.468929254395745,0.550106133855461,0.284598319942025,0.276416678769216,0.333928405248964,0.364604813659473,0.188514953596749,0.214237848748942,0.269042977283629,0.117104339277512,0.28311341116121,0.300338145727369,0.269562324628289,0.232319967442304,0.0396463203247439,0.293693629626935,0.00678745780804568,0.0441627458123712,0.00896080030815959,0.00389670343778883,0.206386810299509,0.31659538799827,0.000956419864622659,0.251164763456806,0.328567507561375
"7",0.0411387910369629,0.050339799463143,0.167603786979129,0.250376480971819,0.286223966003034,0.223204947449282,1,0.0184349004564239,0.141808996585735,0.31645733715952,0.347015806826963,0.383430479138812,0.287227155172389,0.263616832237604,0.241166372326735,0.0732006544338675,0.372549445398048,0.421160761166554,0.270946324118677,0.393245005166738,0.369626245105625,0.302230645305484,0.389126389799741,0.274306874500596,0.114739310770391,0.10742720174009,0.27829000923782,0.382559272380983,0.362925679908536,0.39808834733101,0.379359944759552,0.411916114928149,0.345643300794995,0.176232419176565,0.166021614457107,0.255581996634834,0.0474136069476183,0.372637834894679,0.013018957135259,0.299099958135734,0.19074303560185,0.0590498553430137,0.242835161830565,0.344477705777961,0.271715751174042,0.219599928027751,0.244344216340936,0.199282802582397,0.0720098296220407,0.412376249738443,0.301732823096702,0.067857920255855,0.159161350018953,0.342800315507052,0.249103866316744,0.38378008456548,0.368032484139009,0.421380353255848,0.320786407120693,0.428040030021577,0.376674183406286,0.409522183902063,0.355818726617583,0.315182625877847,0.3449298983514,0.217312789338958,0.0265341888283711,0.341921374511799,0.147788356308803,0.28578986289506,0.298258505914548,0.29769918108467,0.0903373220083256,0.255572424290616,0.012050305084674,0.0343243193722874,0.241579080281825,0.275813504738915,0.256830974889569,0.0847528945134895,0.00421207232139285,0.401711831360248
"8",0.16046222134028,0.0986089824504003,0.0263092139008151,0.148284819332655,0.0542699056183787,0.119288716133287,0.0184349004564239,1,0.0664280225408031,0.0199041613565622,0.120611399738363,0.0729305723446762,0.0327177030988166,0.118632269229121,0.0688903491879607,0.0340309162300273,0.0476444440291067,0.0353546197530365,0.0444782136358752,0.125802139583254,0.0058990559643287,0.0439156158241758,0.0643195217589918,0.0484668907232944,0.140383275219092,0.149419834975748,0.0420911232177338,0.0383299065235873,0.109393851316849,0.0451915416005512,0.0465707366279337,0.0946100634726303,0.0213211130819355,0.0482148880910902,0.03574741587152,0.101391674816421,0.00118643844868679,0.00446916524884366,0.0416731796561707,0.12596269733813,0.0758419671909024,0.101997693522553,0.0118211076918418,0.0164807030569401,0.0326079057803423,0.0236892822750461,0.00973440516220748,0.0238501423621922,0.0129773228305087,0.0860790122530842,0.192275218001968,0.0153551222712777,0.176784269225742,2.1184774739217e-05,0.0418761531207384,0.0242655730791664,0.0726119600448144,0.0857223096231679,0.176812996214606,0.0797781297940237,0.0176647710268643,0.0760828222492599,0.0823906659977185,0.0224823383779666,0.0288694579776345,0.102637734726155,0.233600192777405,0.0252586022425306,0.204659679762572,0.141198884089603,0.0123955583867827,0.021142198259805,0.208093682078048,0.117693035268454,0.0160308393957608,0.0901021336935064,0.0522775527813386,0.030325169754067,0.0107786745969179,0.0555217233554422,0.169234155114435,0.0320037457081716
"9",0.087734633603069,0.263086295181145,0.100025835990828,0.0369132013128154,0.0611790290181819,0.10877845253734,0.141808996585735,0.0664280225408031,1,0.0460376298438049,0.113098052868887,0.170401424873169,0.0721861917361831,0.136043193095718,0.18580889402046,0.25854593680863,0.116757881512378,0.113118540684672,0.108369835797447,0.0960627079384267,0.15243736215636,0.0611781114391868,0.00708022260239833,0.0217577419719186,0.15842619102356,0.0171876638048851,0.0593617548443377,0.0564113394263771,0.125904131845962,0.199447549334313,0.127389373203551,0.0778194670894059,0.12847933172321,0.128701468472345,0.019868188508087,0.0859168210160091,0.0152866784182857,0.0747211567131063,0.0164045115516115,0.0885777416919993,0.0132904717318231,0.295735924100627,0.122287859254106,0.0901719457687519,0.01369570025956,0.0218424014722884,0.101832632467085,0.109882229811863,0.0402125489268962,0.18755827222943,0.121068279158008,0.1047720592269,0.125502782378809,0.0728219877634826,0.0932045061249897,0.0406627575082391,0.00552658153009115,0.0853944847899267,0.0566805032890531,0.121181829939964,0.103080691512419,0.163554680094838,0.00130788549460947,0.155942307108178,0.0755294922198787,0.0584771422902651,0.074607849614115,0.207523777995314,0.0165731226953333,0.140604437009783,0.0327180385728588,0.0398974782566406,0.0351537783125547,0.14589045977941,0.0431091400350825,0.115678570156673,0.128636532509288,0.133252776585787,0.0990897572474076,0.0410937103756831,0.0114347903520554,0.103733059772224
"10",0.053569140203651,0.22581514221391,0.345238607378841,0.602916424187758,0.316609038708575,0.265525430081461,0.31645733715952,0.0199041613565622,0.0460376298438049,1,0.505523308569479,0.639442146424104,0.652718996583105,0.522782673579423,0.462809306826036,0.0507804165152413,0.657019473703243,0.739517564559729,0.554568516231209,0.564199038017833,0.665354990427585,0.673182666067212,0.717496589160793,0.540941588657665,0.0601230147342596,0.0860303270982668,0.630833350162576,0.700929056270571,0.596602786648866,0.717670491924303,0.663679774505342,0.627108602201168,0.670875421181838,0.209936552845978,0.366315339056299,0.634290912442146,0.333940258316748,0.629037359321582,0.0176038757972328,0.609136169887041,0.446785470361161,0.17846349144855,0.53512073164058,0.606783080187954,0.62452216591159,0.475381751829766,0.484269842720224,0.446910028828368,0.0184990958518676,0.671345078569907,0.426462087083418,0.0468221047718143,0.438218639352902,0.550188261927454,0.456481728184055,0.710357644165894,0.510731372992247,0.639000659586923,0.533895051677833,0.668776406426723,0.695046478082585,0.688163021172835,0.658712719499338,0.631309683980508,0.697313147734804,0.495047791666133,0.262237077730942,0.617621326575999,0.169675811306848,0.359825044310592,0.464838420535327,0.391727861946389,0.0940503742899648,0.530150494522991,0.12711303722056,0.0258164974890097,0.631815051773556,0.628825665539181,0.550295016732023,0.0866338460002989,0.0299092073674197,0.611080413654432
"11",0.0279863957388057,0.123029793048776,0.275596032831999,0.355171221186778,0.394778038202784,0.241004838673975,0.347015806826963,0.120611399738363,0.113098052868887,0.505523308569479,1,0.511271503870482,0.454384163971142,0.479671117604343,0.405853791770101,0.111997008712511,0.652169227918293,0.625838992155121,0.44689601043923,0.56083900986394,0.573759062536966,0.511595852975046,0.580439089519287,0.539965582328135,0.181343673664995,0.0200826288617178,0.47587707316699,0.575920995610229,0.532646740885979,0.608326552365989,0.597404221560492,0.59546332164481,0.557974792460202,0.333967053188393,0.3775803538738,0.422923075269118,0.217359556228525,0.510332683728131,0.0451857922095595,0.456903318590625,0.434187585245724,0.0133996592335886,0.426845421622805,0.484803860770591,0.430681750209429,0.316927892265428,0.330684815763899,0.304966391668911,0.0821643509118907,0.604248512198624,0.444925598872313,0.0647464820928381,0.265992517719591,0.372127147419582,0.436764982421665,0.590565845008455,0.51370613490056,0.58870114534898,0.519451679890623,0.604756228261173,0.59519605517283,0.600134969349501,0.603782675663101,0.497275248390311,0.501554020549432,0.47358505201161,0.0541494801563237,0.451750336571145,0.222761077893996,0.36768223275404,0.389950750200773,0.465509014942029,0.127605310427818,0.317594580733206,0.0633348296795913,0.0764716276684187,0.351022798458905,0.49155101211521,0.443435109001609,0.0626258199369398,0.180249443042389,0.518351373125662
"12",0.049897854010052,0.189914634050934,0.427858366520006,0.561023136198014,0.361314385728254,0.266206237199366,0.383430479138812,0.0729305723446762,0.170401424873169,0.639442146424104,0.511271503870482,1,0.711947857245133,0.560864904172282,0.495271844601267,0.0486397121928858,0.674458451414076,0.779291026268517,0.535606319817004,0.669210950602174,0.694505668238804,0.714505751706157,0.748007760557961,0.531051954434633,0.08940210268016,0.000359930614314679,0.64599509253464,0.733638815215528,0.678669384732403,0.76747366350639,0.739346799585406,0.685696866831439,0.726896087930749,0.229473731752711,0.321614922474095,0.61203672276989,0.303020434273845,0.655729895259573,0.00619040294657144,0.612439939728869,0.434202033066594,0.244772388653223,0.569625497056277,0.655767006041127,0.659007898746194,0.493101472461265,0.461628545821014,0.468390024229362,0.0143042595173118,0.770386414628098,0.537583746116137,0.0412175986020587,0.375408959499133,0.481616826118791,0.46926373715022,0.730917954421643,0.556517830777836,0.66498756947567,0.607292958910829,0.732936604479471,0.704052711357194,0.757966062996176,0.705305934641155,0.682357101588154,0.71703037426809,0.538983014482855,0.157606092418949,0.675100612473587,0.165793744423048,0.445474691438536,0.541301944326009,0.39513566807812,0.195366689010845,0.540928630346452,0.0844305242401358,0.0366643563337387,0.624976177184747,0.586991201737991,0.547322401965644,0.0733658516216184,0.120371597525426,0.672578624719512
"13",0.182105120530699,0.329245250396219,0.376636496867591,0.661160682065822,0.345214816766757,0.274129944433358,0.287227155172389,0.0327177030988166,0.0721861917361831,0.652718996583105,0.454384163971142,0.711947857245133,1,0.597187054236922,0.598861344753164,0.0483214377327446,0.694414586732077,0.824004136228994,0.659452723532008,0.673445317293155,0.714579790156007,0.806493956081173,0.782728375743378,0.524129070943977,0.0444186794095163,0.127215259858783,0.69803601674063,0.750096044133075,0.733671962059425,0.800425508029237,0.78709407905044,0.677056800484595,0.777326469837075,0.208740503342783,0.348438870356671,0.744049817092948,0.303164320397116,0.712314089572281,0.0111679990017117,0.688446791317256,0.479929405081078,0.307601465328577,0.581847368721689,0.701469057013265,0.775720235465761,0.625527992812358,0.533727053085514,0.558095121758082,0.0354458397832134,0.726105480429065,0.569374883508442,0.0792410391428227,0.531847369718964,0.53968411230513,0.47026270698993,0.769474046446362,0.46987938426365,0.649179866440826,0.627329420494495,0.70198967651271,0.758386536071396,0.808989925374847,0.737956976641936,0.733112262836612,0.815829006457308,0.554271556655068,0.34254329317487,0.732786570284354,0.0784710364979299,0.378658698008168,0.616972233891836,0.329980997326044,0.0934460919137649,0.631915356340156,0.141160807804833,0.0292597243563815,0.740138777623494,0.653815954208242,0.594143885328489,0.0338628563871007,0.0533740932989024,0.684892476857018
"14",0.0179973617560677,0.308809313905229,0.370366694998182,0.366673105990078,0.378336231474165,0.397642360174834,0.263616832237604,0.118632269229121,0.136043193095718,0.522782673579423,0.479671117604343,0.560864904172282,0.597187054236922,1,0.40653701716049,0.0295668282167272,0.602976215786255,0.675067126074697,0.543225013584631,0.612939133185863,0.580771861354482,0.658737981731169,0.617698079739027,0.484784942782262,0.11229705345607,0.0163421617406663,0.578089855403006,0.626678173730637,0.605934601338306,0.620734859134836,0.632337151937518,0.596758824261556,0.618097273773663,0.281074044611646,0.238931108446998,0.478073678775606,0.270544334457278,0.506919701451321,0.00946112472624783,0.415877884038795,0.418561079278736,0.0569155401262309,0.457263792805852,0.492327436424084,0.534335809031271,0.419362102748127,0.323829559041939,0.328509340448267,0.0423388464115589,0.638183519538925,0.566663025893413,0.224263653011915,0.24796279369388,0.390764048791461,0.360730728944709,0.60579885693134,0.40185893650583,0.577542794571174,0.675914095667777,0.546053135659217,0.601084179603171,0.648230054557534,0.638529907357871,0.576090970612193,0.564040800288543,0.473055362119384,0.0287343856379727,0.585026949915586,0.146125851425275,0.388728925968559,0.442204265327203,0.209582898748214,0.314370922987377,0.360273389528079,0.0802785507292331,0.0195479215362949,0.407057632236935,0.484273306063427,0.40948846776487,0.0158813660468768,0.277439423595419,0.572866354420666
"15",0.124294286918026,0.116868541822376,0.288843367931645,0.487491077700324,0.243609622510313,0.0866737123941627,0.241166372326735,0.0688903491879607,0.18580889402046,0.462809306826036,0.405853791770101,0.495271844601267,0.598861344753164,0.40653701716049,1,0.0642925934724679,0.510367881355557,0.586078912352333,0.39028257345034,0.537032353943061,0.51394961603343,0.579462590797213,0.562733876377894,0.423093819999247,0.0133045602852466,0.0292681609840623,0.484434769581989,0.587832908956684,0.483756661425359,0.597943380792997,0.610445241354478,0.432347136010256,0.592395389919012,0.0880620826098606,0.230711384780943,0.484503835160841,0.242006469040051,0.478644130218476,0.0508247301801172,0.523553095732825,0.348624204436262,0.321883194350456,0.42228440354336,0.492528369561923,0.553818411608843,0.336747501153029,0.392654308476872,0.427731168670555,0.0098523745647231,0.562626271275555,0.376549870458592,0.0347674930520111,0.336587847361518,0.356707249649907,0.39705048954465,0.542981632668886,0.359905808992931,0.448699856390747,0.407784298620891,0.52755362315442,0.557845293310586,0.570447278639102,0.484669867810673,0.564497411739654,0.539381860948941,0.397820076720434,0.178004911594263,0.506265508479927,0.033477354077808,0.336775593422252,0.430209877518812,0.291724033734064,0.0672080794463988,0.446852822606634,0.115420594623978,0.00633296729094441,0.546233451064233,0.447918508944744,0.381135778937473,0.0818653446475452,0.133769351010621,0.51709633061136
"16",0.0724420989251239,0.132038471897483,0.0454824032255536,0.0238171557400287,0.0177573433396696,0.0189413303334271,0.0732006544338675,0.0340309162300273,0.25854593680863,0.0507804165152413,0.111997008712511,0.0486397121928858,0.0483214377327446,0.0295668282167272,0.0642925934724679,1,0.182790833179107,0.100295334588422,0.041756961493715,0.00339887005895423,0.137839331206195,0.03486643149241,0.00900748253103653,0.0133029757691043,0.0353730021777023,0.204578320371062,0.00692962336080834,0.0199417275246232,0.15914199812487,0.0864356789316069,0.085508729264256,0.128306864535799,0.0167312417089327,0.00809129641152844,0.0419631195590712,0.0339270267590434,0.00518064874231322,0.048977912361265,0.131763614458781,0.156088101694675,0.0176594621509584,0.00381522787810542,0.0592133582000297,0.103918021335163,0.0372221658828094,0.0365836662130704,0.0412732403508449,0.0111643998924588,0.0139645799678011,0.0760920513532711,0.100219598662663,0.0908603487795691,0.0610449860659633,0.0750827763184403,0.089342407771952,0.0137659052194683,0.0859250243178479,0.11829212842362,0.010842989118043,0.139354832897733,0.0778007045934875,0.109017775648458,0.000878745907528554,0.0345956379980898,0.0785516411360786,0.0212396714947955,0.0609183390618115,0.0670298618407823,0.0189649890192872,0.16883423256877,0.00635824081458979,0.122932971367819,0.0196090185367583,0.0194995016016325,0.109750508834633,0.199889515034977,0.0202078805415547,0.00105029533144583,0.0653768923775893,0.0501199379512914,0.203263317617082,0.0713311311479216
"17",0.0951772768441169,0.206012012498382,0.410662570681751,0.570372878635335,0.471692270145997,0.302566612668434,0.372549445398048,0.0476444440291067,0.116757881512378,0.657019473703243,0.652169227918293,0.674458451414076,0.694414586732077,0.602976215786255,0.510367881355557,0.182790833179107,1,0.885785143491106,0.577292994147823,0.674970381336838,0.805957121276083,0.741741797907274,0.806388840172673,0.754411711499938,0.0952426274976749,0.102260877550065,0.641688312594794,0.782492121108403,0.72479676194786,0.817324196567514,0.853127322835615,0.792468390350713,0.779509227164417,0.3768119120179,0.496944250777851,0.693970856116978,0.338476301880688,0.696628230341689,0.077725283472467,0.748508890830247,0.556236381751899,0.124541687634515,0.659681833105974,0.754005559911705,0.692900006016892,0.487020976917499,0.490163541535687,0.454352002027819,0.0861885854580478,0.808518663034742,0.543475198804723,0.10577123784728,0.48416101150123,0.549604220120076,0.593068649005591,0.801468648573914,0.682000251510594,0.767335741673634,0.65840910363483,0.797707156963287,0.815635813786266,0.823579316154589,0.792449319962631,0.692739120962458,0.735552933730384,0.626850387075478,0.276272219374738,0.656622221530538,0.247161890987019,0.366768888594375,0.536939777125367,0.644055009950257,0.0704780436526124,0.535111548549891,0.0299658820339659,0.0441002284978687,0.571102244140648,0.709034518402778,0.647967362693876,0.137103731561999,0.0711434534622068,0.705928310261785
"18",0.107108861067534,0.279547421902288,0.434713931530719,0.653598086878392,0.484138206885538,0.365926195968476,0.421160761166554,0.0353546197530365,0.113118540684672,0.739517564559729,0.625838992155121,0.779291026268517,0.824004136228994,0.675067126074697,0.586078912352333,0.100295334588422,0.885785143491106,1,0.70917779910028,0.768803032191323,0.853904472709723,0.831747539180227,0.878923361094542,0.701170497988772,0.129832711084706,0.121551549372885,0.757891545787604,0.844117916344645,0.82019316316146,0.895377976333859,0.88166508258722,0.841717303941162,0.842888051092633,0.379134585242416,0.461653977807042,0.781584678350857,0.379416927387504,0.805183212614257,0.114402858376369,0.794100435915971,0.567869448504573,0.170370439676534,0.685790767499972,0.806205279255534,0.778513943225311,0.588606400102352,0.564895241469195,0.524520031795798,0.0712010911406351,0.874256807624858,0.621487704166221,0.0223905096299072,0.545005510901033,0.610729350968053,0.585026261252092,0.86129424631113,0.653906138857286,0.794398310277798,0.732738491185438,0.851370590768385,0.862833555088071,0.907208155359201,0.831572874331201,0.77527100899681,0.853401046325643,0.648221428113678,0.29743185669798,0.730418179967178,0.17482485777224,0.439553845938921,0.637745248144587,0.541490614135229,0.0977319285644621,0.601612499905321,0.0576191153022953,0.0304380654616816,0.677860558243329,0.780737940430893,0.721322212227947,0.100186944705154,0.0763116284686048,0.789097373613523
"19",0.00873108662644514,0.369231285225519,0.232887542252258,0.394725870273405,0.378818899457545,0.387554306351243,0.270946324118677,0.0444782136358752,0.108369835797447,0.554568516231209,0.44689601043923,0.535606319817004,0.659452723532008,0.543225013584631,0.39028257345034,0.041756961493715,0.577292994147823,0.70917779910028,1,0.590521530726139,0.545530796696355,0.663169304396504,0.703318398756999,0.413241379221851,0.323225400265849,0.0304682345631061,0.641170854550444,0.641581134567786,0.659206429143473,0.635389396751548,0.612164681287253,0.628194363913729,0.620408945372931,0.341308227847669,0.345913619497104,0.647077814983017,0.22750322216385,0.596736518278092,0.208405272248181,0.484151521143076,0.520574037341058,0.0234728312277879,0.399586545624443,0.547741359477679,0.640826703514286,0.539330679880558,0.38258673789955,0.343698955304396,0.0323856744729244,0.620419418528022,0.569192918593382,0.068208105325813,0.435006087040046,0.503940337626638,0.30820969819858,0.635624025248674,0.453897681296546,0.578658082852914,0.678214595107779,0.578128560085339,0.617420139691932,0.658298566499918,0.710107145669994,0.583272347944016,0.631065187186469,0.472649972577114,0.198292831453178,0.503603516978633,0.198825453734725,0.316415003091679,0.542705130931861,0.259913724068501,0.114639613645557,0.355615735141978,0.0130031603221898,0.035033250197349,0.449914675609784,0.613555804657998,0.581952136972762,0.00946500006065663,0.137745801561295,0.56629951804769
"20",0.0269941758370633,0.284340928053085,0.344890885737947,0.495571551657891,0.429235493234211,0.364760001549573,0.393245005166738,0.125802139583254,0.0960627079384267,0.564199038017833,0.56083900986394,0.669210950602174,0.673445317293155,0.612939133185863,0.537032353943061,0.00339887005895423,0.674970381336838,0.768803032191323,0.590521530726139,1,0.683308140280275,0.706835843604788,0.719308223755698,0.520687869998362,0.089590478491286,0.0284123838464869,0.649532144843217,0.704515706670851,0.691598445016487,0.741615977625725,0.712730698783571,0.688393415664707,0.673114459749414,0.350204338858298,0.357360369802535,0.572263626113367,0.224563686219232,0.692224541364368,0.0557717005564402,0.562374344090082,0.446985989094095,0.129048112896482,0.499021407149737,0.616734210517481,0.630495238913857,0.421603558772859,0.421483762520555,0.404915141391204,0.0135814747903374,0.731331649588296,0.566388650362318,0.0683954113319785,0.322150235057203,0.525931031982191,0.393249358612121,0.714394936047563,0.504900175374711,0.657280779996253,0.649026659977032,0.693256257116253,0.669198486193247,0.751182414595694,0.700985418981574,0.636270453479842,0.684346879230012,0.531484509957861,0.085564252863218,0.623938289944219,0.191427294238946,0.414295031187525,0.493056025988135,0.34467675856057,0.220283413815775,0.480217776011759,0.0520160292700598,0.0492213676264496,0.491898251372991,0.602875949320897,0.544087742656069,0.0793029086733048,0.160955068070713,0.670455906025035
"21",0.113961515382915,0.185185287619447,0.413816817148082,0.609032004112145,0.387624239909983,0.236296974569199,0.369626245105625,0.0058990559643287,0.15243736215636,0.665354990427585,0.573759062536966,0.694505668238804,0.714579790156007,0.580771861354482,0.51394961603343,0.137839331206195,0.805957121276083,0.853904472709723,0.545530796696355,0.683308140280275,1,0.735349338586235,0.774480091910347,0.641031869203974,0.0136246793169395,0.144721282484691,0.670357530965784,0.737878954782847,0.712388344862362,0.809491332695829,0.803048915320531,0.741037868527134,0.744966920598515,0.315586491023421,0.376810586917514,0.672818442060591,0.339491896643467,0.694841178840883,0.0652090056976246,0.731418062426372,0.439721400656056,0.211848663910373,0.620342786556369,0.721813900432835,0.677057569751907,0.481884982739595,0.490549497406564,0.511141543629881,0.0443214516173957,0.785476738502666,0.507195779827792,0.0264082505837527,0.473165107546052,0.542756309512861,0.541488257813984,0.765931772953192,0.59010279236172,0.707072427168563,0.580865589525173,0.774973442254192,0.745028487033564,0.806235658315004,0.705419976004369,0.696145848278147,0.789873731365837,0.557099000262644,0.289996364617424,0.6556008195638,0.110837542023152,0.413039622916876,0.547745789794132,0.493228590647561,0.0759680177905309,0.577463703432859,0.0455770481653489,0.058484490521937,0.619597666470048,0.682852290109137,0.60432963973059,0.133143920196728,0.0108674014705906,0.692587534781545
"22",0.0465433506999953,0.358890872832299,0.458427451568391,0.611149819908881,0.363948993791834,0.291124693441117,0.302230645305484,0.0439156158241758,0.0611781114391868,0.673182666067212,0.511595852975046,0.714505751706157,0.806493956081173,0.658737981731169,0.579462590797213,0.03486643149241,0.741741797907274,0.831747539180227,0.663169304396504,0.706835843604788,0.735349338586235,1,0.833444877230864,0.611653839356292,0.0344772152608463,0.0540470857755973,0.721997260292973,0.816305060437804,0.722173394703811,0.799875213006105,0.80496077814902,0.716177701591583,0.793738914625792,0.224223856017974,0.368969947989521,0.700971727778976,0.381221681485266,0.680056022230471,0.0231546920846167,0.633893247451076,0.528239271030376,0.263563025486101,0.576582414904655,0.69629622230282,0.758697126015236,0.583896145780113,0.525443729521212,0.517428465383271,0.0272530283516343,0.761768093493952,0.593549658647737,0.0917614325840291,0.441249330516797,0.549166251644347,0.468294851583548,0.810463968834682,0.5005472883668,0.675731263751612,0.669284161236958,0.707852453168753,0.772689476673492,0.798826827290465,0.773728157712953,0.760262892285642,0.77643904025347,0.578808365766103,0.216251536433682,0.723137787049619,0.125116043331969,0.33573943109221,0.592987053039242,0.341978691234413,0.220592414251362,0.567363439762086,0.102339511014474,0.101980043054495,0.664087038245646,0.688444037563347,0.548580028960829,0.0128098249996309,0.179322670403297,0.706395465978042
"23",0.0634812609967765,0.345510990970709,0.43966210391274,0.644627667461906,0.436112564714317,0.289830733719605,0.389126389799741,0.0643195217589918,0.00708022260239833,0.717496589160793,0.580439089519287,0.748007760557961,0.782728375743378,0.617698079739027,0.562733876377894,0.00900748253103653,0.806388840172673,0.878923361094542,0.703318398756999,0.719308223755698,0.774480091910347,0.833444877230864,1,0.657827760430614,0.0897716351682238,0.0283163705579597,0.702009834356073,0.844137486044467,0.726388848989086,0.841587757369343,0.846609182197866,0.782627137870526,0.838418476868885,0.30589622862651,0.443596038738833,0.760794371001405,0.349588117532839,0.737421826589845,0.0264530314713853,0.7254749840398,0.551940097358819,0.197674818414926,0.63367114235951,0.755933042097328,0.774703156477523,0.610331424510843,0.563603316787544,0.531020699377975,0.0181305618480002,0.81424754049882,0.56894773398424,0.0914357893418556,0.528884272809059,0.609051020292834,0.524612066463308,0.85670638177229,0.637513971139777,0.716526993474471,0.672924237155054,0.79729217857562,0.804477296925678,0.832221886494815,0.836869509303902,0.75974008135841,0.81900229669842,0.639097489553482,0.265822114866415,0.694485838275514,0.216378033238259,0.375330444676873,0.609830345726857,0.480978613412086,0.16699218901267,0.569473554131249,0.0746115523578519,0.0551911589441434,0.670290635545298,0.767297931893998,0.677600211974889,0.042424106056329,0.151397488943954,0.74359324596881
"24",0.00851828444013072,0.161979843293214,0.387115492817836,0.54710593981077,0.454937871207826,0.184799302735575,0.274306874500596,0.0484668907232944,0.0217577419719186,0.540941588657665,0.539965582328135,0.531051954434633,0.524129070943977,0.484784942782262,0.423093819999247,0.0133029757691043,0.754411711499938,0.701170497988772,0.413241379221851,0.520687869998362,0.641031869203974,0.611653839356292,0.657827760430614,1,0.0188702270848773,0.00312546266256382,0.531691636111277,0.674369513405779,0.468187735049369,0.647759833898396,0.709171694853114,0.557888264687477,0.671677699216526,0.327352014007258,0.480949964429717,0.580947159796409,0.382390361477089,0.538456249629048,0.015671486421144,0.563364088868098,0.499919976506653,0.102498048776114,0.549887441933862,0.619506929874535,0.573331252276691,0.288147461267432,0.451572902980745,0.392675345526657,0.0631364203462273,0.655017930607187,0.320164056610174,0.265531387171064,0.459352579230633,0.373043251755732,0.540477263291849,0.726559210159769,0.590440949663124,0.588568004489727,0.460294414228204,0.585234616987711,0.717405551306517,0.635638816391814,0.636317664802791,0.590427441280276,0.528769015114177,0.521623614853145,0.243013622199168,0.506737830038054,0.226415075248087,0.223851167649398,0.381346140333623,0.589942926259533,0.0843615678106553,0.375712142368705,0.0520853009666548,0.0474963039592006,0.45383860593684,0.594863788509226,0.486533097481095,0.145422325997788,0.188959088079632,0.543979283948117
"25",0.138249802494999,0.110251496155523,0.0884307513322283,0.186338156088922,0.257338462216193,0.293383765616597,0.114739310770391,0.140383275219092,0.15842619102356,0.0601230147342596,0.181343673664995,0.08940210268016,0.0444186794095163,0.11229705345607,0.0133045602852466,0.0353730021777023,0.0952426274976749,0.129832711084706,0.323225400265849,0.089590478491286,0.0136246793169395,0.0344772152608463,0.0897716351682238,0.0188702270848773,1,0.168399645732251,0.089484452632434,0.106177048388697,0.201314281738855,0.0366865003560373,0.0414558839820485,0.192562464239569,0.0373055175555605,0.307958973814141,0.0866531507302842,0.0689591748500657,0.0156269966542206,0.0863798276984776,0.237392775984487,0.0506915787692205,0.145850570393726,0.328640659338665,0.0292062575591535,0.0361920542460249,0.0632268159803271,0.119644250695396,0.0605284759824129,0.168258143742459,0.100281614723644,0.139794982139255,0.290414370182275,0.0104270150707996,0.00812571493140975,0.120151584852273,0.0265800656249942,0.0503038567337314,0.181904607878003,0.172707357401879,0.348550641112618,0.0979294389183064,0.0624423572670582,0.113050682573594,0.202154047886315,0.00665457748842016,0.0245342530384673,0.0768186208990069,0.158685035192019,0.0429544945328058,0.20833111616139,0.125036309810283,0.185938477519173,0.109054111067458,0.00748691623843416,0.172995038811815,0.110182597582881,0.119039654447707,0.128605385214293,0.0501616085856754,0.224503709663033,0.0417496503845912,0.148153944529075,0.0876995206570442
"26",0.244668711768347,0.0700252251447167,0.118391368728108,0.160996596841049,0.113735051109267,0.0972915872670805,0.10742720174009,0.149419834975748,0.0171876638048851,0.0860303270982668,0.0200826288617178,0.000359930614314679,0.127215259858783,0.0163421617406663,0.0292681609840623,0.204578320371062,0.102260877550065,0.121551549372885,0.0304682345631061,0.0284123838464869,0.144721282484691,0.0540470857755973,0.0283163705579597,0.00312546266256382,0.168399645732251,1,0.116014413724498,0.0854635807389284,0.143305618762105,0.0405217310792263,0.057497461232428,0.0787813246156049,0.0261749556717296,0.09919216758149,0.0937799563621872,0.263502719221442,0.129155457754486,0.133953888389181,0.143036439857722,0.25125059343679,0.00220186081108028,0.0410649267119767,0.175085338592317,0.123978920694555,0.10636650159833,0.0858343025185038,0.0416718670923327,0.109393716971536,0.0333766232785542,0.0377469839999452,0.0911534994790943,0.195084797393199,0.222993915377646,0.056699713231141,0.0173040339662995,0.0438450127410386,0.0625764835000631,0.0674257043185613,0.0983601553164178,0.0931538134762569,0.0887754198214745,0.0785772564993752,0.052912067437951,0.0365430823939089,0.193888814453541,0.0255816099225273,0.405526896749004,0.0510509463589028,0.106450796851797,0.00431584874083935,0.0141059279085851,0.0219667846805769,0.215223941194362,0.128011164560287,0.0106603716347574,0.0380179462214698,0.1745221652426,0.222319165077533,0.190777519530624,0.0342679179077545,0.392061758734583,0.000677679969433353
