"","1","2","3","4","5","6","7","8","9","10","11","12","13","14","15","16","17","18","19","20","21","22","23","24","25","26","27","28","29","30","31","32","33","34","35","36","37","38","39","40","41","42","43","44","45","46","47","48","49","50","51","52","53","54","55","56","57","58","59","60","61","62","63","64","65","66","67","68","69","70","71","72","73","74","75","76","77","78","79","80","81","82"
"1",1,0.583839051761495,0.481170272687301,0.469818904688868,0.0783573498622507,0.163949714647489,0.338832287911934,0.385383172281799,0.0179700859679456,0.652566603679829,0.423782617911314,0.45817399867807,0.0983953242386517,0.238670568974201,0.0965803121403366,0.428086465635833,0.70976456331996,0.64029119016981,0.360595367235668,0.336996834045133,0.334945034565142,0.467382984301601,0.596851327343763,0.246896380176327,0.608077557276903,0.425651877062788,0.527450120248022,0.539644395844475,0.243168168548579,0.612397235861595,0.662703466655812,0.194425839099571,0.510246483641075,0.672014455256733,0.624788462580662,0.180134164870475,0.400616370430715,0.0610989904624489,0.494220427243885,0.535577540949016,0.45426194740651,0.351596625708505,0.314046574505393,0.681375036154237,0.0948318567004981,0.507937771169306,0.565105010920307,0.156858709921915,0.659149198311452,0.489574613520434,0.66325041450764,0.160812245268838,0.282102571746649,0.119481681347512,0.0916094319359112,0.348055684117586,0.453281171165562,0.64020514131987,0.447889456701232,0.537567661128799,0.683231433838152,0.596387937325486,0.417562958405296,0.518939175936327,0.646276709944969,0.477471916023213,0.715068204728476,0.557846911212818,0.25945768848994,0.380974362600302,0.625180280657228,0.477186215749682,0.549262822494961,0.0346663151254087,0.477903793524754,0.0196841606670367,0.748385628623463,0.720997639232716,0.521089012707457,0.33097078220905,0.00553910984759225,0.686066773105992
"2",0.583839051761495,1,0.550791924192606,0.409195073705888,0.111857323739595,0.331307680606443,0.440122324683551,0.559333644335361,0.0192058430333813,0.55883339701749,0.427873992381559,0.355037181243428,0.00643933890378145,0.214630435005183,0.179914043745005,0.439809623179951,0.655796826919552,0.588067467808237,0.421297276143517,0.303995077249118,0.312572286587844,0.25381636032492,0.546599714682062,0.260518384156934,0.617407964314923,0.512840582900588,0.403748627202672,0.532256057272013,0.190743860844595,0.607859729842321,0.599375078800389,0.0229763749074436,0.542431271301224,0.685979371522161,0.579348335773565,0.204017110641498,0.468380119451242,0.0102724665027111,0.44898381841033,0.609038444067386,0.583268614967614,0.213481708683774,0.0175244433684748,0.624391246418664,0.10560435568343,0.465421957793077,0.485855936880143,0.203637662122464,0.586011919461328,0.329330681832691,0.636164168099075,0.196178709220431,0.274282896146426,0.0117119985301202,0.0939779151530415,0.228576288005444,0.459243201702292,0.598715106598175,0.329315145573891,0.413547532777509,0.65346693621371,0.498216322048746,0.333313959755551,0.473736037614182,0.661512264755349,0.3894326160535,0.71663775597305,0.524992922526172,0.501557975054158,0.393430457622382,0.540934902638443,0.511199811531888,0.51783168225163,0.16769958614174,0.584049432750571,0.0118104919268776,0.707458362147862,0.688761665535956,0.382715809653521,0.403325070937631,0.090411154535362,0.619180253600491
"3",0.481170272687301,0.550791924192606,1,0.317318590986059,0.127448174974554,0.431781135041986,0.282713253596589,0.401859924468376,0.106547719944045,0.39327675769888,0.288596671296096,0.235708687773642,0.207811133669515,0.133374797749035,0.290094310676777,0.438641308564293,0.52427791134888,0.384777396363998,0.123973680666654,0.151000987867068,0.220191047933039,0.189199083569282,0.358971644123306,0.0254382995531992,0.493887158076511,0.380614608980129,0.424468815581064,0.329077524937524,0.0793175802342628,0.400903033209213,0.416830318332286,0.00182617968352189,0.352405107564017,0.532089230343549,0.536744148791876,0.135668607817963,0.410744196554042,0.0648987596222248,0.426648631592764,0.475375233475633,0.411231326579455,0.15644220747885,0.0377569795591739,0.481902342846204,0.231586039070294,0.405764856883463,0.392438535466849,0.22418506687475,0.504798583361245,0.195495701508728,0.518917631154901,0.0321196353269703,0.224265261200083,0.109113458860068,0.213509238659176,0.163304479624305,0.203408749456997,0.401381561054471,0.0879448823281793,0.20711038779932,0.465074784650604,0.364302411051384,0.113500889285157,0.290131785720349,0.493138883346147,0.218412291130628,0.559893741384006,0.397653950742167,0.392536432220745,0.230179268208075,0.374066102490283,0.337043441666927,0.331141863951352,0.109755677379514,0.387141514198248,0.105268484089234,0.607798952107975,0.527304533147073,0.374078155731493,0.223900131364911,0.179720650417753,0.466611649727914
"4",0.469818904688868,0.409195073705888,0.317318590986059,1,0.0592540873590911,0.223081448259877,0.0066760641207606,0.303273778566963,0.105450194772228,0.383726759435881,0.0937212156197573,0.229913334747414,0.0337984749008085,0.044540522479769,0.0930835713627239,0.209989161275594,0.323613440641819,0.329842384937683,0.0975618530456853,0.169231415741846,0.0490526013530105,0.279852606837695,0.289517477356261,0.0532237956599195,0.315557245755894,0.249430857139022,0.162713093152112,0.203930173219515,0.0398854690211795,0.373188682121042,0.344680914039309,0.0323165658025276,0.179737164729589,0.396783531164222,0.372722988180885,0.068645954686941,0.235668711721654,0.119407632709485,0.256592328344491,0.262839293595324,0.152690586189724,0.310000512534593,0.155713714701979,0.308871694103853,0.183446827009383,0.340707534466504,0.37347381126094,0.152591112663532,0.31003744859308,0.252308394986132,0.354807069237719,0.0109251777833788,0.206429764082436,0.0630513380202918,0.317951709835675,0.154710658209643,0.184804594423477,0.325237314011784,0.204598518511935,0.224931613856213,0.350036335305891,0.300049998161828,0.196766596664316,0.239137093426937,0.362383777829418,0.203272257962096,0.47539081618316,0.323118296246518,0.0771152656155339,0.0931210887851368,0.345142013429785,0.238646065055227,0.387782910850777,0.0729420494594019,0.215697269933374,0.00385223667653312,0.409806182097951,0.433100651365969,0.248121152396526,0.259830086063401,0.133462227339912,0.431998413313338
"5",0.0783573498622507,0.111857323739595,0.127448174974554,0.0592540873590911,1,0.342421490195769,0.0728033069626781,0.140014932604913,0.0675151465105211,0.137405363991268,0.17470122785256,0.244366848038982,0.163803366559446,0.134186507672903,0.205226989818086,0.0457303554322204,0.123738924731055,0.163214636077354,0.108046502192108,0.293144247876232,0.214013402497369,0.236259982251489,0.219070012870425,0.121959510533718,0.177369412110213,0.00407958828281422,0.123275326012457,0.152152382061822,0.208516326873361,0.0327733180007161,0.0940863779450175,0.316394418860652,0.172160508975502,0.0591360815961358,0.105429069321278,0.0979126980536868,0.191292826846367,0.143703906377529,0.0922261361323487,0.0574290715659485,0.0674990278046629,0.126774040890712,0.24538355098683,0.133367370283053,0.0648550827132231,0.063494435997268,0.0287812794194171,0.111407266959538,0.0528856506537157,0.221236738088426,0.0944998911656168,0.0659571026918363,0.106892253763732,0.22763351616174,0.204067327096065,0.206378184761908,0.134498861343079,0.200364938753795,0.264784775727796,0.245838968066337,0.158531612677314,0.252628038029541,0.216630896219008,0.021101166724869,0.0650642839063028,0.122153645383154,0.0630811592241363,0.0872165898891693,0.199084833393972,0.150052054060028,0.105133774366348,0.142866139128922,0.0464981349910821,0.0918984544670017,0.00873695039464865,0.0752241145351259,0.0105336057953587,0.0216891151781534,0.194086252410519,0.0724931577775503,0.207020512189954,0.201893813549108
"6",0.163949714647489,0.331307680606443,0.431781135041986,0.223081448259877,0.342421490195769,1,0.0983689385094465,0.33094500273949,0.159338701994325,0.0579985233112396,0.0407395273970628,0.0545981145263792,0.248597108203672,0.0100268231916795,0.297494013395622,0.327248748977279,0.150872341084704,0.0136529744436958,0.0724819885834556,0.144582951452307,0.0907426476898219,0.141878651568357,0.0124928444039752,0.249840093797353,0.238568251226849,0.230474476060036,0.144889449523729,0.0592988041807742,0.123571293063477,0.075998275710755,0.0500741650047898,0.31668824478697,0.065978865871124,0.207742933479876,0.211027041994502,0.0484195600359818,0.253555558486755,0.118898546873662,0.165767645731564,0.213399165977213,0.180832223680981,0.0177405930643057,0.159066516280365,0.126780790100928,0.226603059469405,0.146351156651288,0.151687311903712,0.206172688346426,0.231198286063271,0.187908904656682,0.187506181560848,0.116160764958002,0.0335830565304938,0.0900843641225136,0.355402173329866,0.0624852648050452,0.0696621314633877,0.0217888440653425,0.276604794471007,0.156905411430837,0.107815274888017,0.0361981054904342,0.171764892170445,0.0127071957891511,0.167461706092676,0.0412209856943159,0.221450754790626,0.109261050408401,0.420425717664072,0.00668710314868792,0.0592929671331555,0.0200946765912312,0.0507480637544289,0.23055330513976,0.161748502821291,0.104480313379079,0.259894396953629,0.221107655671458,0.0625745251046511,0.187710846572659,0.290293457020241,0.125341273146226
"7",0.338832287911934,0.440122324683551,0.282713253596589,0.0066760641207606,0.0728033069626781,0.0983689385094465,1,0.337244535802999,0.197007384939909,0.387740932324811,0.508197437536954,0.415485026280336,0.166659022089275,0.371409513571767,0.00848883439602195,0.282616144187845,0.611253734619509,0.62157715985003,0.56119334848003,0.360187523994755,0.535245747802495,0.329000129602943,0.573791886421267,0.422247740108314,0.519773564804244,0.415476837263363,0.382594923460054,0.629153664890563,0.565482370929897,0.575847098242632,0.602719170458418,0.371924808265735,0.549762779139235,0.592492224402647,0.412326523336804,0.252455040808502,0.380650738407168,0.0269971999008312,0.366076506010798,0.541463439634802,0.563535379466627,0.0397921571362421,0.0859343177728197,0.579954683112163,0.163155098867248,0.420924645328504,0.346458557342203,0.153287741268267,0.483472100264979,0.442198683100674,0.586875000032491,0.236803654822911,0.152385205219574,0.165764040124606,0.238460249641874,0.291232163694481,0.593405144864449,0.56879539912892,0.462036595756556,0.362201000387486,0.585530650483008,0.517059067518487,0.454013467448394,0.509219285641478,0.535021579660301,0.357007731211668,0.460737281030205,0.464909942237739,0.384246731770188,0.553143374988778,0.459216561886896,0.425198739830335,0.310836181769001,0.0223761601513495,0.53106561071085,0.121777188696546,0.522227205430238,0.545914707797651,0.358138051872468,0.200546509218242,0.015972272336088,0.453689669856534
"8",0.385383172281799,0.559333644335361,0.401859924468376,0.303273778566963,0.140014932604913,0.33094500273949,0.337244535802999,1,0.0674281009632069,0.394005772928921,0.281410653697513,0.245064964265719,0.0179492155984804,0.107539156938752,0.16358324328709,0.278481699432425,0.453335546444173,0.388411372901108,0.280355793798482,0.172986402544238,0.257251317313789,0.0967386153240975,0.415159285657612,0.166480172033445,0.401901038369533,0.27317358294775,0.257679423382805,0.365973415729638,0.084160495000519,0.447795517248577,0.392109670383137,0.0268758275174904,0.370312096291077,0.484138058484785,0.384695229556212,0.12557432556056,0.46696041401296,0.077409565649091,0.418215816092102,0.465966730070034,0.420400472999163,0.0306549050460954,0.109340231810837,0.396300309099615,0.144550960742014,0.37707638599313,0.293502748330161,0.200302500145956,0.407946182847883,0.207886984094047,0.452468712993626,0.04956613739386,0.126782797753934,0.020149754008842,0.0760171134187234,0.107758300505168,0.335882165514868,0.370229346688857,0.106895345493901,0.259258890262376,0.470435462768952,0.324305610686854,0.151863805383214,0.362793482544975,0.457824093615008,0.167399497974506,0.496280508292654,0.393262472425914,0.404497365080279,0.333032284635875,0.346199468767688,0.410941410348691,0.337181874765703,0.181719785427127,0.418040472787385,0.104184056783685,0.509891157169868,0.47462871125805,0.290251457912694,0.300717611832034,0.207697051443389,0.43361895015818
"9",0.0179700859679456,0.0192058430333813,0.106547719944045,0.105450194772228,0.0675151465105211,0.159338701994325,0.197007384939909,0.0674281009632069,1,0.0460585069790215,0.0424419889773445,0.164723209508434,0.135361625703104,0.102171624467477,0.187207944642469,0.181959469201781,0.049937208207002,0.213818927388491,0.239769733626986,0.0829502346085915,0.0465668624671923,0.212980321745245,0.0833036682707951,0.188907315615545,0.012605906884773,0.223965677023053,0.0826538499591253,0.108902878771841,0.305601441751847,0.273921771602115,0.168694146712172,0.144434275931328,0.0227814679657945,0.0650501532831122,0.0233135575296173,0.10089384002434,0.0270629076998887,0.104737233721264,0.01516033721458,0.0374372963761204,0.013528466438619,0.0649364878904454,0.0427516190025838,0.0594727915484867,0.210437157049031,0.0566741385723761,0.00869353107346818,0.033638761192807,0.0419225767821183,0.221606188896682,0.114734917609824,0.267116936157512,0.0691441964562694,0.0711400165221076,0.112941362123929,0.0200510105080455,0.184439427578223,0.102341143451293,0.357103921062619,0.0116698655242278,0.0614086694081682,0.102185992260296,0.387453080011139,0.265360823517885,0.05028082672382,0.112415987110578,0.0430229601463202,0.0663173660288695,0.0846862172585172,0.113901204070608,0.105727229841442,0.0691006138012531,0.0956843489753666,0.0520719918144691,0.0491966264634954,0.0752707475744036,0.0243817135643809,0.090606921245794,0.031389300820768,0.020215486947359,0.0728543254016741,0.0114542401824567
"10",0.652566603679829,0.55883339701749,0.39327675769888,0.383726759435881,0.137405363991268,0.0579985233112396,0.387740932324811,0.394005772928921,0.0460585069790215,1,0.471488370601704,0.489991389437994,0.119699913112766,0.235517817019754,0.076778020299533,0.337101046219881,0.689516863861907,0.645139819503889,0.436478618163225,0.397661833132294,0.392324229189052,0.444616072879685,0.635256372371915,0.29631375943586,0.570029599779461,0.405418846944617,0.50080622254039,0.5660525212051,0.26591707307831,0.589651945035978,0.649123242430802,0.235901335549037,0.558565748657157,0.625485670954758,0.57462536782143,0.185037864558392,0.376606435833606,0.120290840788843,0.510356973212865,0.542975249172847,0.463810947923341,0.264368456789962,0.263512348964125,0.650724365682709,0.126729080994406,0.495909707211837,0.524757199957612,0.17963407317856,0.554108685199152,0.478165869506649,0.631008785064676,0.157981892318403,0.254959342476765,0.105728885788069,0.0121023616414308,0.411223232780847,0.468447210275576,0.657529750866839,0.459375667587311,0.572487774739396,0.683253773515961,0.609944294683249,0.465492187021032,0.506590043329207,0.62681233936072,0.403179945358919,0.660322430459316,0.511388496092806,0.215122088781176,0.368073885365465,0.610614231183506,0.490363040944831,0.484019756857796,0.0414122467702113,0.486808942968372,0.0666420677383305,0.682379284369725,0.64572903791824,0.498709420225582,0.34337328130946,0.0335164578748944,0.666395700551085
"11",0.423782617911314,0.427873992381559,0.288596671296096,0.0937212156197573,0.17470122785256,0.0407395273970628,0.508197437536954,0.281410653697513,0.0424419889773445,0.471488370601704,1,0.597323778884925,0.173179876724616,0.31662124606897,0.0876868155622005,0.258173569189646,0.736574590730743,0.716491768421884,0.519616313302741,0.50694916655116,0.662117106395503,0.45511222912355,0.72534770306462,0.334825990212459,0.611846129259217,0.430166178286389,0.635807178081096,0.714255725817092,0.52347535390328,0.600070715987183,0.697770095915597,0.44749610316593,0.731337814498758,0.642536872762667,0.59547922649116,0.139786613405264,0.373195383643006,0.170068281867169,0.574275899997012,0.605362072316617,0.642952367145135,0.00987504373441144,0.0397488418978732,0.675333065565301,0.0240910444277247,0.541694172885592,0.305590568799837,0.109806890467371,0.496094211849413,0.554806206286336,0.683224513484632,0.248778988420241,0.217049992156206,0.281808087359593,0.193753084752686,0.575623761029072,0.550123508138396,0.681010385534134,0.574134765370624,0.583072712572392,0.73593912105444,0.74590096471778,0.558651838739512,0.53410450378916,0.64950465787592,0.423314720986991,0.558341346095557,0.607474233482609,0.29545840735018,0.633324255559805,0.446720229616508,0.600091285111058,0.352937583498039,0.128248308706223,0.538340330476797,8.71753078889051e-05,0.594085122010969,0.536862366644683,0.469325102664924,0.261404072473957,0.198100968957973,0.559189072823543
"12",0.45817399867807,0.355037181243428,0.235708687773642,0.229913334747414,0.244366848038982,0.0545981145263792,0.415485026280336,0.245064964265719,0.164723209508434,0.489991389437994,0.597323778884925,1,0.20080579817392,0.310087637031296,0.0940952368347543,0.200916076813773,0.658137574525668,0.70790786216493,0.466944002522161,0.558446652522999,0.558479487631141,0.522073894779101,0.644695756312981,0.373226296058807,0.535131150820783,0.423482923964432,0.497556612112017,0.656218237892981,0.512906479957594,0.624311467744769,0.664128343296959,0.479895794305774,0.605262751625745,0.601151348752992,0.541025332623439,0.167616492712219,0.327617256069021,0.162853639526889,0.454543590921289,0.558630474772415,0.487557595662693,0.079019184025933,0.0960384343566394,0.633454121926566,0.0945806595799026,0.540235026010483,0.360896276134317,0.167863256952896,0.455298922414602,0.614054394671315,0.663002956889602,0.187179507528108,0.281023073738112,0.257553470255152,0.120059558673782,0.509691689938258,0.533073298215914,0.659133513888859,0.585283273637349,0.516640638311933,0.682759321606276,0.693726802226308,0.631357332342341,0.572812859168292,0.601186607227892,0.428499178304831,0.569727654896588,0.591329641899038,0.142101133765189,0.506114026936003,0.488853204633207,0.502843762147263,0.390895915657705,0.0443818760374982,0.499178293152785,0.0459270638988859,0.550103769626586,0.524566719302648,0.481462228172806,0.257313973139053,0.132219339704341,0.548453541639776
"13",0.0983953242386517,0.00643933890378145,0.207811133669515,0.0337984749008085,0.163803366559446,0.248597108203672,0.166659022089275,0.0179492155984804,0.135361625703104,0.119699913112766,0.173179876724616,0.20080579817392,1,0.244591699408081,0.163798824083796,0.0841932431689807,0.119796043178467,0.217293891819991,0.362947035791063,0.265601330665894,0.162089783451987,0.194472819762211,0.217298197316535,0.339245527529474,0.0994163102877017,0.0578596076792467,0.0745504470197077,0.255604354143364,0.27535267077849,0.171786999355553,0.213303844678223,0.292685736570246,0.280444010026363,0.0906954492168922,0.0676435741703311,0.025646662615619,0.0309261834020538,0.0837657441101799,0.0182210714766982,0.0654610863342133,0.14459376870976,0.00673303668730763,0.0410081399273074,0.159137894510139,0.162886084973048,0.0143842274379229,0.00124480269980016,0.0274802081380265,0.061476513010991,0.225979927995876,0.15356329067649,0.25522887546179,0.105735323320412,0.0698942228787614,0.264633818071345,0.171546410345498,0.297592979538673,0.251373355499226,0.36687731564146,0.353190073527777,0.190098322347751,0.209324806090624,0.29020946188963,0.168430742714205,0.140050083054176,0.248290544772993,0.043533522774239,0.0576709428616835,0.105148958941983,0.206351610866394,0.19232331909099,0.185753922195482,0.11155266926365,0.0572171625728415,0.104804705718884,0.154324442486318,0.0315806549110926,0.0974807073760049,0.00861747406201578,0.086582598310813,0.227590125078619,0.144575066783141
"14",0.238670568974201,0.214630435005183,0.133374797749035,0.044540522479769,0.134186507672903,0.0100268231916795,0.371409513571767,0.107539156938752,0.102171624467477,0.235517817019754,0.31662124606897,0.310087637031296,0.244591699408081,1,0.0682576950403937,0.147511988796564,0.386338261631474,0.409175721859675,0.388593892859171,0.313315889509957,0.341495116826377,0.29445409117191,0.390542581387342,0.342443643813793,0.35597440374076,0.214662427052691,0.185090643338632,0.441481564391057,0.430996798786954,0.395145963179214,0.405859243954407,0.338305110093133,0.407217246439717,0.395767151700418,0.197909156668149,0.109801258819355,0.134691621499172,0.0240537142630177,0.248279987752369,0.244457160943878,0.34876778501762,0.0796404898138194,0.0330454967676169,0.414705860926888,0.0998109933179105,0.201650075406201,0.146712326992632,0.187360177915537,0.240768334094269,0.290080209272575,0.359309228984259,0.161706922323446,0.163792315843794,0.162290591182198,0.190066431006644,0.237783006717901,0.357684658388335,0.410086795519397,0.411813238680432,0.35521979038253,0.381108012685198,0.344674697616955,0.359172779865234,0.215671144367683,0.319250387334033,0.238892367242412,0.303931214412589,0.280936726378607,0.081243023539631,0.365353214757785,0.30360174608451,0.251576556607699,0.206386002629925,0.037608945705332,0.34457400612792,0.0873061179013799,0.229866521758177,0.255398221820872,0.175634217072187,0.144677996422561,0.149949909560967,0.298114847933103
"15",0.0965803121403366,0.179914043745005,0.290094310676777,0.0930835713627239,0.205226989818086,0.297494013395622,0.00848883439602195,0.16358324328709,0.187207944642469,0.076778020299533,0.0876868155622005,0.0940952368347543,0.163798824083796,0.0682576950403937,1,0.246297565648909,0.0662540594189229,0.0967311946174766,0.00312467649650068,0.216869545617904,0.129138212687574,0.125747027747009,0.0499352007215101,0.156444001446323,0.0876519256876599,0.107564958657064,0.0990172248659967,0.0553114743265069,0.263696090520285,0.0518296235797511,0.0536650188192946,0.298796682684284,0.0325084833566068,0.0826494975787455,0.0719543269820245,0.0887823195389203,0.150254611057338,0.11355107507293,0.127890217365606,0.0364540511374633,0.0360708910438902,0.0692765747678185,0.0523881044337381,0.086237968598251,0.294046852345502,0.0316322473414604,0.158970697584016,0.102555885295411,0.124613976614926,0.235669094340676,0.0157946780623672,0.13168736432779,0.0459235507748162,0.158853369654874,0.154399963754882,0.0808150909058598,0.146188989679256,0.0239970985769474,0.213962923324975,0.118117941548618,0.0130165445975716,0.126494936871562,0.226281120102777,0.108183648676412,0.0169249020937728,0.00832467362694282,0.104110937251666,0.0468718664880688,0.219944354571938,0.116230961931877,0.0607931954059226,0.0389231599244876,0.0186793507842719,0.120425608301549,0.0453911036483476,0.0977355808449096,0.158325430256709,0.104469557680775,0.0133450175320035,0.122388811233604,0.105643215522522,0.0396095051891478
"16",0.428086465635833,0.439809623179951,0.438641308564293,0.209989161275594,0.0457303554322204,0.327248748977279,0.282616144187845,0.278481699432425,0.181959469201781,0.337101046219881,0.258173569189646,0.200916076813773,0.0841932431689807,0.147511988796564,0.246297565648909,1,0.47510920649102,0.328178835768171,0.175760204439595,0.125566768574603,0.146573878253975,0.210400764766444,0.321705666082424,0.110840896228843,0.450951514631969,0.309422893096598,0.369044435116951,0.345549742179858,0.0552771442260092,0.326765509660481,0.365181964668262,0.0265721186146213,0.35288090551358,0.430396924554917,0.463633559687477,0.182400614716106,0.286625905283457,0.116338920542121,0.311837433334096,0.40603235824961,0.374591071226097,0.174760971173745,0.071627093355479,0.473994832981095,0.184588982979333,0.301703218177015,0.444225973451015,0.119918494971031,0.425902747417079,0.137551250181265,0.383809888928299,0.091792673299881,0.139369498509458,0.0851651446915822,0.0613188988166823,0.17327676883341,0.216815864503351,0.38741217353587,0.129809936761118,0.169023457677857,0.42140069651395,0.296569783589013,0.0928279758177808,0.198673713767093,0.430969222846355,0.173053345784208,0.474476091510877,0.303401036267221,0.388053103703463,0.216897810094111,0.381035750048597,0.293799363496479,0.308808314221617,0.00371255098429192,0.408094019708529,0.0251754005581852,0.525607892603031,0.464011607275195,0.21020821772871,0.29589720881792,0.00344655072803732,0.424313789052479
"17",0.70976456331996,0.655796826919552,0.52427791134888,0.323613440641819,0.123738924731055,0.150872341084704,0.611253734619509,0.453335546444173,0.049937208207002,0.689516863861907,0.736574590730743,0.658137574525668,0.119796043178467,0.386338261631474,0.0662540594189229,0.47510920649102,1,0.897981604262057,0.593850141143437,0.510501975633241,0.639913346212998,0.576771342601167,0.844959858247609,0.386499182520742,0.801162467673188,0.589506805865085,0.700634184341256,0.825177364392324,0.522545337975218,0.824676705045743,0.883293911077311,0.392259134844027,0.777053968312228,0.87202039819501,0.764643245711335,0.256526305776886,0.532708229944125,0.0734392949999183,0.651330387103133,0.779260570273581,0.706959907602457,0.197201057438669,0.123899983201975,0.889760549497023,0.0147374141051278,0.688231768430106,0.574942689503357,0.198519650459283,0.760602695202362,0.651340875068312,0.872785882944492,0.215450578572323,0.303708519276562,0.2747664287979,0.0671997539229028,0.550978275719608,0.659234784882308,0.864097744880537,0.633584217156373,0.649650921993113,0.900817456850391,0.829250858182939,0.630336756902798,0.705022408997427,0.855104737137478,0.523060659836586,0.819964428060425,0.748001874902885,0.423093680152961,0.659145047458941,0.683281348570604,0.667529851168974,0.531803149917793,0.0543823607944553,0.679908557881593,0.0522869772823546,0.875662373757039,0.823099761131222,0.612477904126013,0.375543767271145,0.119588488849346,0.753092175070826
"18",0.64029119016981,0.588067467808237,0.384777396363998,0.329842384937683,0.163214636077354,0.0136529744436958,0.62157715985003,0.388411372901108,0.213818927388491,0.645139819503889,0.716491768421884,0.70790786216493,0.217293891819991,0.409175721859675,0.0967311946174766,0.328178835768171,0.897981604262057,1,0.625611057126247,0.599593228758206,0.682511103727517,0.612178045718516,0.849974193635628,0.492518067870137,0.739608991060089,0.57478677549504,0.574022441748941,0.819915811656141,0.621133371304574,0.86855388931732,0.881969261682745,0.50202626733681,0.733891631514845,0.837466244850323,0.687736488938464,0.255726677886944,0.438819519607787,0.0994745733849593,0.557324610842192,0.742685866143451,0.653196266709188,0.221101863893748,0.14148238895122,0.833675106029978,0.126195907092768,0.663128312170808,0.487098493139862,0.168110305203813,0.683143673156876,0.749420879925157,0.837217333472062,0.322850110847298,0.348607027425158,0.26828629430575,0.10392730298004,0.556714343161697,0.72549546970713,0.869399802854292,0.747524313087329,0.655690660974201,0.873438273016972,0.858328006140621,0.755758166464698,0.770814998958217,0.829480633505027,0.53857606850376,0.768598759367176,0.747476241472196,0.306432920954815,0.68299872583969,0.683266052789323,0.632941876684619,0.566322845374204,0.0858996925751154,0.65318597646409,0.0641733095595571,0.782548338028686,0.784865756940382,0.617724490379758,0.320997374687061,0.144943686534105,0.716941173003999
"19",0.360595367235668,0.421297276143517,0.123973680666654,0.0975618530456853,0.108046502192108,0.0724819885834556,0.56119334848003,0.280355793798482,0.239769733626986,0.436478618163225,0.519616313302741,0.466944002522161,0.362947035791063,0.388593892859171,0.00312467649650068,0.175760204439595,0.593850141143437,0.625611057126247,1,0.381387154132244,0.440625721128547,0.34428767754815,0.622037116265849,0.488998297436667,0.480368707199861,0.385533292352232,0.37238191095482,0.644263734003455,0.446353872787039,0.584911788237814,0.62775499126484,0.321482497054131,0.616041884918798,0.541091796023034,0.330316569046251,0.197939413715599,0.300565071684457,0.0230468878651587,0.424719695170635,0.440330558377285,0.540551104829459,0.0763451101118363,0.00383854175501221,0.612754501933918,0.114277574549041,0.314099816474428,0.304342120500564,0.105558235229341,0.476382836169643,0.428816758230552,0.560035476101155,0.298166181346202,0.0927870076624251,0.155858524103051,0.287293120205516,0.385881224820759,0.580007806374814,0.63578182997346,0.637195392175824,0.55239100547216,0.59346305362743,0.506558591182133,0.51470614903445,0.526344960755325,0.525082144597485,0.388417570432235,0.443701581094315,0.393098795570533,0.220381009893173,0.541803918084818,0.478019193423856,0.487517632755869,0.289255722857312,0.100706280466805,0.525743393356936,0.091455818140995,0.4861779441887,0.505161907926369,0.284258852532202,0.263238928953417,0.129707861561063,0.466466326853821
"20",0.336996834045133,0.303995077249118,0.151000987867068,0.169231415741846,0.293144247876232,0.144582951452307,0.360187523994755,0.172986402544238,0.0829502346085915,0.397661833132294,0.50694916655116,0.558446652522999,0.265601330665894,0.313315889509957,0.216869545617904,0.125566768574603,0.510501975633241,0.599593228758206,0.381387154132244,1,0.486417274781907,0.472932826131786,0.573250748303711,0.365086424569338,0.455423573691769,0.297674886423127,0.370417183403191,0.557065136865084,0.488498370565141,0.502208939155767,0.542403805425122,0.468425723574762,0.526475851525829,0.484253003199414,0.459263725716803,0.121895504909934,0.166724847354973,0.271510157635217,0.318593170436679,0.474824765448461,0.420483550289399,0.130040868176674,0.107205462145161,0.504727572925724,0.12033177449218,0.442607894835406,0.302829481985626,0.152003177737759,0.285490098278872,0.582103200815141,0.556449771392677,0.194052107493903,0.286481006188397,0.18668680084998,0.196988145419166,0.429535196060446,0.531465757137114,0.59246014863457,0.562367300744553,0.511898074145126,0.583191413643184,0.622393615524991,0.53175105632692,0.412458287530547,0.534388143812972,0.3305262195291,0.455838823596395,0.557519048975348,0.0180952379855702,0.446993510308031,0.433881574985061,0.487566399616614,0.388696650246083,0.046909494211255,0.375573784049303,0.0452209252494876,0.394537081473012,0.433126107761334,0.468500408519801,0.195368010421201,0.176056026298832,0.499876304050945
"21",0.334945034565142,0.312572286587844,0.220191047933039,0.0490526013530105,0.214013402497369,0.0907426476898219,0.535245747802495,0.257251317313789,0.0465668624671923,0.392324229189052,0.662117106395503,0.558479487631141,0.162089783451987,0.341495116826377,0.129138212687574,0.146573878253975,0.639913346212998,0.682511103727517,0.440625721128547,0.486417274781907,1,0.469461812863196,0.668816307185166,0.416911278183015,0.521533044191607,0.331288722694049,0.527864303725974,0.668654271565314,0.626285658894414,0.548309339214732,0.613245378022746,0.587786319348466,0.605208120475853,0.585828839635651,0.478612528593893,0.150889970104413,0.372759473387805,0.152903797774018,0.444489125575058,0.562349115226099,0.525619403859532,0.020223649168286,0.0255872637909935,0.598295270229016,0.126089239546001,0.46569371031042,0.269394496665775,0.182759964338053,0.477943651587989,0.611382252398685,0.601449598542966,0.17101398372956,0.146888313914305,0.255469443770017,0.230970775965532,0.529490732475615,0.550307339124677,0.611936098057348,0.538078637864062,0.497257796985239,0.661148655690537,0.671890194991917,0.568373793162068,0.528359312988162,0.58312632375916,0.348450988171017,0.463238771521868,0.546260170086651,0.230314202628573,0.619356028453775,0.451231182838888,0.486067390552532,0.23415463872719,0.165192807764265,0.478256203748389,0.0879716647059251,0.503308309282478,0.473885034141496,0.487050407428508,0.170222003967883,0.208987548856575,0.454231635733832
"22",0.467382984301601,0.25381636032492,0.189199083569282,0.279852606837695,0.236259982251489,0.141878651568357,0.329000129602943,0.0967386153240975,0.212980321745245,0.444616072879685,0.45511222912355,0.522073894779101,0.194472819762211,0.29445409117191,0.125747027747009,0.210400764766444,0.576771342601167,0.612178045718516,0.34428767754815,0.472932826131786,0.469461812863196,1,0.559061024425223,0.305538398845703,0.436698650701224,0.350708505123636,0.394162533480249,0.495667166851867,0.457861179142897,0.510562576466675,0.597520784965739,0.426025484927816,0.473110351874818,0.524521241358427,0.495260053649694,0.14291126021891,0.198622683579115,0.129253730957321,0.375463537672774,0.424648788953988,0.275499789213279,0.23721457780831,0.268061945428096,0.537291584099235,0.0300543202778487,0.441782460656622,0.373890783626204,0.0456644160135125,0.390370413728082,0.562202999912384,0.528045431504155,0.200344948908019,0.219440594387334,0.242253961099057,0.0908246071477443,0.402776691365017,0.421499319541326,0.567150734479406,0.583781891053037,0.474812344277994,0.539042951734658,0.59445851765169,0.556434385857479,0.482590966828964,0.507043870104486,0.378879008812225,0.499481801786015,0.482222168222016,0.0275699633226892,0.436986621020546,0.464044618401748,0.311489251466095,0.384136459486708,0.135432993606286,0.357124467324114,0.0462079823562036,0.447088827029721,0.475717876476389,0.429887341919283,0.128237176301084,0.179450861580844,0.499199924165144
"23",0.596851327343763,0.546599714682062,0.358971644123306,0.289517477356261,0.219070012870425,0.0124928444039752,0.573791886421267,0.415159285657612,0.0833036682707951,0.635256372371915,0.72534770306462,0.644695756312981,0.217298197316535,0.390542581387342,0.0499352007215101,0.321705666082424,0.844959858247609,0.849974193635628,0.622037116265849,0.573250748303711,0.668816307185166,0.559061024425223,1,0.464069347061824,0.721401300969424,0.496986646495708,0.609753002013342,0.789931297979707,0.547671928146744,0.739092240637324,0.815821207069446,0.500493286679621,0.755050507072015,0.779632022805359,0.68179155681876,0.20333065863759,0.417830843931807,0.171134879383102,0.60047110833858,0.702319730464739,0.662742844631423,0.182144338732618,0.109153147608722,0.793986001956774,0.0429400040864524,0.63851073485539,0.453417418907005,0.183016672793194,0.623547946230818,0.681786680815225,0.804319040744173,0.222188252205526,0.292761437593527,0.262539538234998,0.153872676978699,0.564823534836292,0.664633047972306,0.836537966826067,0.679940167520471,0.696324820797277,0.843224174034697,0.824201959638997,0.668084567240448,0.660015137980929,0.779578885141776,0.483890355960427,0.720461734156621,0.678658489059647,0.293721630871066,0.656127625649179,0.631306837614904,0.674520249484377,0.489723581084903,0.0511605103597874,0.603042201115909,0.00487729734770888,0.732182259774184,0.716002255600015,0.585746045248957,0.327033086593304,0.16971198283433,0.733441397932718
"24",0.246896380176327,0.260518384156934,0.0254382995531992,0.0532237956599195,0.121959510533718,0.249840093797353,0.422247740108314,0.166480172033445,0.188907315615545,0.29631375943586,0.334825990212459,0.373226296058807,0.339245527529474,0.342443643813793,0.156444001446323,0.110840896228843,0.386499182520742,0.492518067870137,0.488998297436667,0.365086424569338,0.416911278183015,0.305538398845703,0.464069347061824,1,0.30420114255145,0.190187837465418,0.14485299610092,0.474451364955537,0.4454219824093,0.481439413166904,0.465235432646932,0.448397016215684,0.424957405720194,0.362578079458464,0.208748848479087,0.164958745203916,0.15462667615676,0.00685143457901274,0.150981684347665,0.28242307401419,0.305751816319789,0.0781462668276169,0.0487915670627403,0.417638880470038,0.299485590353141,0.199262776233851,0.178104604828678,0.0222282506206002,0.297518876688641,0.478024285581496,0.374688678101583,0.261917049155775,0.0536566278032057,0.12954594644528,0.307214363113501,0.257304064263792,0.568022603272855,0.471527212941081,0.577845489283439,0.421999612513486,0.440694847906333,0.380206892606016,0.425646707753111,0.442628941594334,0.405240201138602,0.293934882383847,0.320786078597453,0.287442485993275,0.0592419141072416,0.337143845459809,0.370497425299185,0.336776142955565,0.314477034497418,0.0423362338010189,0.352291315421358,0.0200328811118059,0.281220513843833,0.329418334868922,0.188901580564425,0.160433126621194,0.152385628233125,0.354435435689007
"25",0.608077557276903,0.617407964314923,0.493887158076511,0.315557245755894,0.177369412110213,0.238568251226849,0.519773564804244,0.401901038369533,0.012605906884773,0.570029599779461,0.611846129259217,0.535131150820783,0.0994163102877017,0.35597440374076,0.0876519256876599,0.450951514631969,0.801162467673188,0.739608991060089,0.480368707199861,0.455423573691769,0.521533044191607,0.436698650701224,0.721401300969424,0.30420114255145,1,0.598527089141426,0.559670051662113,0.703723011980421,0.397370612620584,0.673078973294168,0.698252234474168,0.273235847449326,0.669270812935972,0.774042444329777,0.685479926349216,0.192844192668813,0.343300384277354,0.0105974587629361,0.552265734771066,0.666383065539971,0.63149713372876,0.322974716911699,0.143443240429224,0.766348538147249,0.0724755033697791,0.596473187219314,0.469358675247243,0.284036355177208,0.603410143547338,0.535174074366051,0.754966808278717,0.228138657136392,0.426403394846468,0.20565074543923,0.0122887994311257,0.455474614015626,0.505222934854074,0.758183951244131,0.520697485668426,0.505188310124271,0.776815731402015,0.721897797718157,0.524684623704367,0.487413946753284,0.721472471272765,0.431958952004029,0.742681159419171,0.625730804819678,0.412728928690824,0.508733081290873,0.592552747624569,0.581694107593178,0.474207075379525,0.0362030522652856,0.565590609676055,0.0365940180801844,0.759242216686751,0.733948243688039,0.582976800810073,0.337780459692748,0.071388931428022,0.72616228149715
"26",0.425651877062788,0.512840582900588,0.380614608980129,0.249430857139022,0.00407958828281422,0.230474476060036,0.415476837263363,0.27317358294775,0.223965677023053,0.405418846944617,0.430166178286389,0.423482923964432,0.0578596076792467,0.214662427052691,0.107564958657064,0.309422893096598,0.589506805865085,0.57478677549504,0.385533292352232,0.297674886423127,0.331288722694049,0.350708505123636,0.496986646495708,0.190187837465418,0.598527089141426,1,0.331003281464229,0.476259609721754,0.32382575716403,0.552840852697975,0.54475551602584,0.0756969340000404,0.460442796464702,0.57223331572254,0.497742027248565,0.148279947248043,0.279865629318032,0.104721722020037,0.387483496179585,0.542063040540347,0.440920107982416,0.246042948322416,0.115168712128705,0.558298430834963,0.00601775190586537,0.444528008481904,0.364951986246197,0.198177977933775,0.435437661127687,0.370789096862562,0.545113515722989,0.228250014077298,0.34148493138148,0.182466314379451,0.020319965248399,0.306135658983022,0.364963643099468,0.537090781111358,0.436979377556306,0.251114418399487,0.560220165284363,0.503055226949621,0.485542951342859,0.393630490387233,0.531960961967123,0.289167386239584,0.550006564523998,0.499547301161935,0.336658794897006,0.341612887829438,0.406554513064124,0.34208432814534,0.389006028525635,0.0654247946504992,0.450300482751076,0.00798498338441288,0.575220835685609,0.585949115748653,0.404197329296454,0.240766992607287,0.0356914987988854,0.462539557021919
