"","1","2","3","4","5","6","7","8","9","10","11","12","13","14","15","16","17","18","19","20","21","22","23","24","25","26","27","28","29","30","31","32","33","34","35","36","37","38","39","40","41","42","43","44","45","46","47","48","49","50","51","52","53","54","55","56","57","58","59","60","61","62","63","64","65","66","67","68","69","70","71","72","73","74","75","76","77","78","79","80","81","82"
"1",1,0.126852779803566,0.317557333710897,0.0759031187452577,0.171070408935929,0.425851828260951,0.314400359977471,0.201157685135781,0.256664110859099,0.513525580838859,0.45714349315668,0.560425248099486,0.50969504074566,0.392557337552413,0.0898702990490254,0.377648543156515,0.573234247184996,0.502124821726617,0.529603344358696,0.58897203841496,0.632861228008958,0.564063993774683,0.623965344966811,0.223933199048284,0.376358340776227,0.0873297594857278,0.433266867685002,0.609828972140404,0.526567382377263,0.576340796179933,0.598239397961445,0.570076146455178,0.533539213246084,0.417797703127642,0.527905520892341,0.331075888864054,0.39735562345977,0.122237209514497,0.136254711000153,0.502439331203045,0.576558066669917,0.0892418753956725,0.0427577933798953,0.562880812506605,0.586233140602495,0.423318809261448,0.36837333247712,0.293210524289888,0.442771079347435,0.620081900116513,0.462238586234667,0.356011363443703,0.0229847826723219,0.516178141729477,0.565316597737289,0.616438227876891,0.608301049861549,0.61919779903002,0.572082905515074,0.577947055317414,0.611813945659134,0.630930001181831,0.624789357306127,0.465370385723755,0.578864222619009,0.520660707735698,0.495501611413803,0.336676367478988,0.514712859000548,0.551301009264516,0.168820143346348,0.384545351138436,0.0718994483361679,0.236276420063699,0.599907819252026,0.0919462518160822,0.163417777616011,0.446897454244601,0.191025121309403,0.158217297111631,0.269658247424416,0.527162045981428
"2",0.126852779803566,1,0.0694284803828258,0.124763131726194,0.00246913201860642,0.147828961464537,0.0682407593021882,0.129062383196145,0.294148647822532,0.00913142989039133,0.090480509161506,0.00767847527769022,0.113077864352295,0.175361603056866,0.0248996900779039,0.0802954026318007,0.0119074195620458,0.117914464119954,0.0790680849093798,0.0262859582507291,0.0581168834959541,0.00431807378532654,0.0618174642528528,0.182993729516638,0.127884223802064,0.0162517146181116,0.00739402928826273,0.068830192131869,0.00348907870498311,0.00974571170509788,0.0108545321668706,0.0524697262847722,0.0401120236941508,0.0128482696474014,0.0367207192970892,0.0322088971436151,0.033720819229503,0.112091294886044,0.0827175839589177,0.00827353221281644,0.0101494955877362,0.104175400292884,0.0558027202730909,0.0572077890146335,0.0152715059057112,0.150280260459901,0.0466135470363745,0.054202295781457,0.0807739411321308,0.0766901241586333,0.0492559275426345,0.103549132843723,0.037353487706342,0.0777944944068999,0.0128165791722858,0.00345294036813217,0.137833667535789,0.0761256331276485,0.0322847878130688,0.0120257716794989,0.0507209215754694,0.00247020569466656,0.0613673768551893,0.0987786483717761,0.0704977816936213,0.0137295135568114,0.0997059039295006,0.0552720246438649,0.0218753411866445,0.00805829737725218,0.0267226103631297,0.00943298489157285,0.0225647370923305,0.0641002912848066,0.0309500216077884,0.260159578811165,0.0342894364438806,0.133137521673836,0.133149099099438,0.0113934912930692,0.196268024153692,0.0285712332426876
"3",0.317557333710897,0.0694284803828258,1,0.105076031181107,0.180658504943148,0.304786054073522,0.434230563725269,0.245318095170641,0.184372560407035,0.473466810900706,0.34600659815699,0.522360191015376,0.386234284996786,0.37232846090504,0.215629819936169,0.342048447849269,0.490317564918496,0.414536046074012,0.480561946948714,0.501386405364314,0.458539675365042,0.444400379762785,0.494144592038758,0.0774392213015301,0.281975463527566,0.0978401936590581,0.211428561585641,0.476360136695177,0.509085308038667,0.489956987253052,0.441508618102157,0.399444651787997,0.495117823463894,0.0671564653891358,0.441618468976727,0.123617180044839,0.268993088499916,0.0794580385035339,0.0539995562551047,0.493041302456377,0.464426756248544,0.235312675670713,0.0290195359779396,0.465264957027066,0.421836058542705,0.48701894184084,0.335627841671383,0.0195339747547884,0.135932626656215,0.520900614353841,0.532761120713582,0.325013018750752,0.0654389268136589,0.363187840546534,0.459473265723742,0.500388848535129,0.383439589280258,0.453473094068229,0.448832888231818,0.481165853896393,0.521141301242068,0.499876634139622,0.490534009644625,0.3804416982329,0.416677158381319,0.35630042462619,0.42196976182242,0.462156821436677,0.346448958632399,0.399742288259645,0.0383449267232709,0.478394562508815,0.0804452850051526,0.345475650607823,0.34790857951964,0.113414397910347,0.201206762624366,0.27346751110161,0.121130441299947,0.0382851732953333,0.155250154554898,0.526248807706744
"4",0.0759031187452577,0.124763131726194,0.105076031181107,1,0.196896378925892,0.210130771500631,0.114325263354087,0.0908311728773346,0.0699250338122704,0.111428100343231,0.193948687654896,0.165153156314706,0.0708539581462068,0.152051174894772,0.00540327790181508,0.0804844655743202,0.190493215488241,0.138595867540239,0.0770803629722687,0.173363557188305,0.172220511391309,0.155211643450987,0.148684754315856,0.213493062133384,0.0197528163780291,0.108361119820455,0.00683671934739285,0.17870489368747,0.152803858538826,0.110952535480607,0.146033190233814,0.160434587518686,0.170346747825785,0.188100252165723,0.104068664928149,0.0651247790120327,0.0738957259472449,0.107386538494528,0.176467244145474,0.104443938313521,0.0658089979789631,0.0303383197511267,0.0471277180925052,0.117031182784348,0.0741701567703511,0.125173687071084,0.130117312667095,0.0656976625397639,0.0421768967003424,0.170017678205979,0.175612215846182,0.108922332711035,0.0733143328681336,0.138168489794091,0.135468076245269,0.125534768798877,0.111860934324818,0.129257025632553,0.169340637556596,0.177891288926551,0.161246778059013,0.112117679426824,0.136239945812768,0.0754620208434261,0.105099300792126,0.063668703153066,0.141364678686421,0.210298725837716,0.0911279180295909,0.139448509268651,0.111881843156716,0.154658175157822,0.116916163725893,0.116631626132585,0.134314512927559,0.0827262363145287,0.0703798396681908,0.0921649187380195,0.0369172708346851,0.00193340703398357,0.134321882614433,0.1830619076669
"5",0.171070408935929,0.00246913201860642,0.180658504943148,0.196896378925892,1,0.347100372236827,0.207644082903177,0.163787435832705,0.0133502311119542,0.319051195846434,0.454943153798954,0.344287099050091,0.340613697301811,0.246910063176168,0.22326499155568,0.0912589564141274,0.397823875563529,0.486285524058756,0.192648088776908,0.354277190999152,0.344092195025958,0.373447829813502,0.391398010983664,0.291593485323161,0.151712827640718,0.181814694064988,0.191227408274229,0.410479836719295,0.366045820128595,0.347262491816461,0.352526625928195,0.459099007583284,0.400935097579648,0.405651610166525,0.288215791882542,0.0377197684333668,0.0906608598495986,0.284719601422847,0.25995693096661,0.258310472010119,0.239017244396071,0.0494100871987428,0.0887177112096909,0.389690088967501,0.249701310772732,0.278701964492415,0.208344855251099,0.051106961687977,0.1905440116338,0.402643194945752,0.433665934412717,0.298057988754626,0.226621763632378,0.257642180326575,0.238712627818621,0.305897437101795,0.262939084447081,0.3852075952164,0.408958414911796,0.452295325478474,0.398792521911299,0.356219470536526,0.316680149952603,0.14547923301749,0.337798821479505,0.275634586293212,0.368687454094563,0.340595412822172,0.271916046857733,0.351941245473484,0.0805145942989141,0.388427816987715,0.289081752848729,0.211663596540277,0.239057992664165,0.165358383850011,0.125929705203905,0.234568757317797,0.0779017180091848,0.0093493440655164,0.157003275251681,0.422170024399225
"6",0.425851828260951,0.147828961464537,0.304786054073522,0.210130771500631,0.347100372236827,1,0.317580917277565,0.345125322162435,0.178266689359451,0.522963967915543,0.574088888764973,0.544187097821661,0.475544833108585,0.41380171147901,0.189991993052858,0.366424498530702,0.637282179952606,0.576794576519819,0.469799948790108,0.622495721463834,0.602729320953559,0.557021641881795,0.625848024347931,0.398842963322649,0.359606190539492,0.0844452402022551,0.278110457060482,0.650165423679922,0.576170611917466,0.608594807060879,0.615536289601293,0.567789249439551,0.614560857644667,0.479168882255722,0.457503795959775,0.186331675484867,0.188980219294792,0.178049810154757,0.246082937235306,0.461468337669998,0.51141834897632,0.244477739907525,0.209826120131225,0.55889566771084,0.473294714452239,0.35941503014766,0.40378661440203,0.310916834600601,0.38557531427468,0.597787836718921,0.572609206112085,0.318976017121156,0.180570167745355,0.446998785167413,0.498349822782704,0.564557460992811,0.54205137585427,0.60886771554228,0.629474361683355,0.636078776678667,0.581843973510232,0.598741965763641,0.585269121817781,0.318405479398007,0.495376803491365,0.500358009162347,0.565073215361564,0.557273927066415,0.442403351371803,0.481106168744609,0.0375610980658577,0.437825858262468,0.176240967797625,0.116139717878096,0.493580890037554,0.144599979267139,0.174719184418508,0.559993563646095,0.0343882318010652,0.0295753422214023,0.407793185591183,0.59937319261228
"7",0.314400359977471,0.0682407593021882,0.434230563725269,0.114325263354087,0.207644082903177,0.317580917277565,1,0.180684677032357,0.34175586886007,0.449178822349536,0.443770475378571,0.563493962570286,0.466960441850922,0.338030370064742,0.219975222045014,0.272700926732853,0.467769160407315,0.47620749813773,0.479013214568911,0.528830307481181,0.465934126332803,0.505524084113,0.54838761529614,0.130525209489538,0.217307435737798,0.0264148411115501,0.327056757137334,0.519771365011601,0.521725461360023,0.476540208469396,0.464349095833018,0.484281380876667,0.540660628522462,0.154061940492649,0.452677531729818,0.195471882132556,0.328218208766348,0.133032561178392,0.207364002607102,0.553458260068976,0.451247489031242,0.233169079353874,0.158737610420033,0.470199334535868,0.506123933432576,0.482925329037521,0.343438732340203,0.0298858736969326,0.211993249157862,0.541374339879716,0.463794626356876,0.421203427177102,0.0783389746567663,0.452813344530723,0.461538233624709,0.526352429736729,0.525465952812919,0.530022366605838,0.462432000017529,0.475668207727268,0.565472101113354,0.515906904679094,0.555712618720241,0.485213124766228,0.502688049760368,0.431282397945908,0.46588760887935,0.376087791567082,0.467920048041071,0.420528054916512,0.00336936582938645,0.464562059971066,0.111938959943965,0.327953622112605,0.370457852457919,0.162804838306364,0.1671886621596,0.221268294055955,0.126928764547028,0.00798333018993446,0.0664679570428564,0.538363142762663
"8",0.201157685135781,0.129062383196145,0.245318095170641,0.0908311728773346,0.163787435832705,0.345125322162435,0.180684677032357,1,0.206260443325923,0.327834786360759,0.270562471044478,0.41770902861881,0.36374002873998,0.224086476436733,0.178064752981421,0.367648725708579,0.482482989980633,0.16459139411024,0.324449272452391,0.40233462653383,0.347225741982012,0.32898766520276,0.362977828879073,0.0984591817208958,0.204314431547566,0.0711051561220501,0.0771151130363013,0.39271719092503,0.373991442832166,0.405911085286873,0.379049983349441,0.245478278796371,0.409860411747494,0.136004687818404,0.341339239415864,0.202019002435756,0.196626502678968,0.217304934629424,0.276382880397424,0.304215942363426,0.397392538789771,0.0089715856328054,0.0486363418344395,0.415533999731922,0.302741174143891,0.34721125566421,0.238192297660435,0.0962906751060027,0.192833686416826,0.37037264062438,0.519742827548301,0.243323746538894,0.00812364812481379,0.241569534045443,0.374878559810349,0.417296867822959,0.181759888575167,0.35020223236884,0.403390382613809,0.436106166621616,0.346719110033522,0.428778975357302,0.367034490133308,0.179247699711836,0.36183922700924,0.345015242772718,0.272014877771577,0.447102860195872,0.289457517123121,0.335373041719964,0.0193576114882904,0.317946306130696,0.0948000521881209,0.143575493871329,0.368654026362664,0.278309031071597,0.191490458802307,0.238981331340181,0.21295335275262,0.13178284200954,0.146066905349215,0.364721016734742
"9",0.256664110859099,0.294148647822532,0.184372560407035,0.0699250338122704,0.0133502311119542,0.178266689359451,0.34175586886007,0.206260443325923,1,0.248882035294819,0.180321044620038,0.241044574523401,0.198555253392044,0.233181065382317,0.0343654261380944,0.0946196564695321,0.145499050582346,0.332927930202223,0.348339224994619,0.263144831125445,0.246294178700338,0.222460518721303,0.280807760618014,0.262628437494684,0.208618432484582,0.101640776286165,0.29398733407758,0.262220912645699,0.22144905561312,0.200722436225923,0.250477273940679,0.280883898766357,0.232346078475219,0.122774134898949,0.226230206740128,0.113960077328229,0.220560627394475,0.245557091664288,0.132145971583899,0.299596331036607,0.221690421091745,0.0288809655252456,0.243915814453309,0.145819340511526,0.343937632918604,0.0974252945358021,0.178172735287876,0.15179150483359,0.16725856862715,0.273969021141915,0.104277454982802,0.184953167483343,0.0227492742083237,0.373163236742258,0.224574464650925,0.259364874488247,0.466137820780147,0.3117270221426,0.220038628609616,0.111733525731799,0.305330903510392,0.213395469864243,0.322458920629529,0.430254773953874,0.181706149229433,0.269592926195464,0.299653955157877,0.0104076577368611,0.306953161029545,0.122079001029708,0.030318714480129,0.107429806680252,0.15575627477087,0.0786372393656959,0.135146312764043,0.129833540303387,0.0938809301955606,0.0345619498193063,0.0431974035026069,0.06410717645076,0.0573178720243367,0.188498126722719
"10",0.513525580838859,0.00913142989039133,0.473466810900706,0.111428100343231,0.319051195846434,0.522963967915543,0.449178822349536,0.327834786360759,0.248882035294819,1,0.553083888205817,0.788276917864552,0.730638366603834,0.426140090410326,0.202495723098442,0.412962508649522,0.808518574602884,0.592411004000645,0.65942001558405,0.741072791663763,0.748386842043685,0.777529704459955,0.808074355754639,0.191108191361443,0.436132117681853,0.0728970313220937,0.571197077557152,0.772682038684064,0.760809790577962,0.766236428493869,0.811464817081222,0.660523448134339,0.728070474273687,0.405846267421476,0.757810736041608,0.375349852619201,0.453308390091341,0.0779502025805713,0.265177915756578,0.72612255670416,0.77739508386472,0.00714714692522846,0.0701771783494399,0.777641661655118,0.728538957148297,0.662441902934048,0.511849819077446,0.243175079105615,0.497970598248029,0.729180729674953,0.720321884094162,0.557212662485978,0.0234355135921031,0.633646743743005,0.682321348390824,0.80881142687171,0.68796315441987,0.756924966081498,0.739239270953988,0.725211359287814,0.757888699882344,0.825248875081804,0.793406871236481,0.561410587654887,0.748779660719447,0.722273378561377,0.588140240903321,0.501545784623651,0.722790529323837,0.633308152608095,0.255973308660602,0.518102403850869,0.180257359949911,0.372836630183175,0.667519486389447,0.369202851927333,0.293042876107557,0.483392253575065,0.314104862619337,0.0975050949604042,0.186137972775365,0.714003736017391
"11",0.45714349315668,0.090480509161506,0.34600659815699,0.193948687654896,0.454943153798954,0.574088888764973,0.443770475378571,0.270562471044478,0.180321044620038,0.553083888205817,1,0.605786800722222,0.59575426521174,0.530304250176632,0.303199444745017,0.288522637507616,0.659894503574599,0.747007488198528,0.485066076827686,0.651837988396298,0.629561930940357,0.633648750117133,0.692755497577726,0.392048992913957,0.371524266361571,0.206462650877568,0.404429532978094,0.700481224573754,0.664861526454807,0.63544702119667,0.661683713911339,0.740624309033854,0.667187395586144,0.519673629418731,0.560691190943542,0.119305766168733,0.196569769376499,0.291880730316282,0.298394745965125,0.535355480018906,0.551340605028575,0.0518846517165737,0.147351494995264,0.63901028551438,0.540593098957375,0.482750626705787,0.384821860540421,0.148968571211797,0.400967894353376,0.709445946522928,0.616651418551331,0.493404868261036,0.190677807971136,0.53566851464514,0.526338849646956,0.618306083249182,0.586767317832418,0.713008882823252,0.674538150699864,0.700540603004391,0.682562815748229,0.658121063819859,0.639451141976632,0.476001184450271,0.629299641336715,0.515015614854435,0.615073249643877,0.549422906428577,0.516142531851433,0.547200199131384,0.00989271966478007,0.532145671506877,0.299447258437299,0.233298873872011,0.462427462184315,0.15421292917008,0.151707776229967,0.426157639282439,0.0394416017891383,0.070978832493398,0.277421168944382,0.667212119018997
"12",0.560425248099486,0.00767847527769022,0.522360191015376,0.165153156314706,0.344287099050091,0.544187097821661,0.563493962570286,0.41770902861881,0.241044574523401,0.788276917864552,0.605786800722222,1,0.803150441455255,0.50140045858984,0.215348582645382,0.47123383073814,0.865570563112696,0.669614698340063,0.741301699870696,0.844775339177401,0.826578549842317,0.824428971706734,0.873227504547321,0.153535518484838,0.412709234088545,0.0059706507441019,0.610844659933651,0.834647820029413,0.815417113511874,0.845621507617639,0.844135691635282,0.741982694844558,0.803919896774491,0.421863558482163,0.788478841796532,0.418540009612421,0.482667235421391,0.0894390382578107,0.323011004528102,0.792068224564312,0.826427496297114,0.0683981985380504,0.0582153521069905,0.845383890569677,0.794529734876257,0.731471002031362,0.524278704664169,0.238430247254926,0.482201531090559,0.816999284988792,0.781735335959751,0.59211502986168,0.0164112417052514,0.686988236261631,0.773541492485864,0.870449493139865,0.730576951297458,0.840367291511984,0.814641081538354,0.806881709632345,0.842689984246501,0.896172082509256,0.873551735746047,0.658372569978228,0.824518552510516,0.778725203559061,0.638529249346692,0.561537780125719,0.780761375283795,0.730440820813785,0.189644169169442,0.598922544380195,0.167553748570052,0.444763776462715,0.723983890414267,0.361523045675613,0.331096224168553,0.504277281068984,0.294046386952494,0.140838198127159,0.228315808376634,0.779839304412689
"13",0.50969504074566,0.113077864352295,0.386234284996786,0.0708539581462068,0.340613697301811,0.475544833108585,0.466960441850922,0.36374002873998,0.198555253392044,0.730638366603834,0.59575426521174,0.803150441455255,1,0.356029683500405,0.222182848359593,0.349643468301558,0.800255916431085,0.605255439353823,0.614420389405917,0.757293649053577,0.737301371429095,0.765513485457164,0.810749449996185,0.171145754225177,0.34507303303586,0.0844302425341345,0.625489702528733,0.783034486951491,0.783969327044559,0.763392198490181,0.805941813895365,0.683804224980545,0.769445394127551,0.428878463403678,0.763660932380043,0.410909376579977,0.434452847139458,0.0878587844020601,0.360104775929845,0.735942316331242,0.772415321566257,0.0601851248972568,0.110671443443317,0.799324303755658,0.771141361181994,0.709141503493073,0.488405597659027,0.236325174776002,0.461830633567653,0.732264932967487,0.721607648237837,0.671239072864418,0.00195383288629783,0.639805989328495,0.682260180535804,0.802812683856724,0.678039743481597,0.778099109063355,0.754895823473984,0.711749986445713,0.779021658717361,0.832645851088744,0.791454554444779,0.582294993701135,0.81352903182259,0.726609056000005,0.567548964901619,0.500365459480926,0.76975126731417,0.674161657478338,0.244114302847559,0.550034771639085,0.257860633283558,0.388826403721163,0.678064267567516,0.473468462128855,0.308637756183295,0.384797705104301,0.326049985198881,0.215240104418104,0.0652401418920769,0.724650695486394
"14",0.392557337552413,0.175361603056866,0.37232846090504,0.152051174894772,0.246910063176168,0.41380171147901,0.338030370064742,0.224086476436733,0.233181065382317,0.426140090410326,0.530304250176632,0.50140045858984,0.356029683500405,1,0.162052309395492,0.379443619053159,0.500754714427595,0.561142251831379,0.511425356252039,0.505472285500619,0.49272964944026,0.42689252443566,0.521099926410684,0.266941550224832,0.355241630520676,0.00756000403971162,0.218653106323364,0.543440786427373,0.508514116376799,0.513635868485732,0.477773945118781,0.512511925108057,0.50130544364384,0.279966532620167,0.399273336499642,0.111603701065903,0.146306981993443,0.1424749264473,0.111193198886565,0.426476951765514,0.429996794369494,0.0111811447435995,0.202958589183975,0.448192123424544,0.398170295985252,0.332567361022143,0.267735945983308,0.221931236363063,0.318049202887261,0.567965361976197,0.437869530454476,0.207719305174202,0.0966989164498422,0.418072251737613,0.432831678583011,0.492480875183019,0.454903202532495,0.547840661970948,0.58019412207424,0.550234051313817,0.504048945695329,0.503394788579356,0.506479270939222,0.418622889057129,0.437323780207089,0.435267745436337,0.548936576981657,0.476500948427124,0.319333298175775,0.354537550225215,0.062107300204789,0.395638538804367,0.00315559933181902,0.183078571854511,0.349881555923438,0.00575793956030875,0.115607511873625,0.38404617807305,0.0573944027239653,0.0161874052901643,0.339951520571682,0.513755541935253
"15",0.0898702990490254,0.0248996900779039,0.215629819936169,0.00540327790181508,0.22326499155568,0.189991993052858,0.219975222045014,0.178064752981421,0.0343654261380944,0.202495723098442,0.303199444745017,0.215348582645382,0.222182848359593,0.162052309395492,1,0.082705965240909,0.224536178598642,0.311739314630798,0.115983567821391,0.238830518484137,0.149017464885595,0.220610007535598,0.201138654635412,0.121432857385175,0.057896594183361,0.103367103654554,0.0737747163198875,0.24146353471729,0.24492648503503,0.257734691459987,0.20670286230681,0.281719357542503,0.285257484584754,0.124482403500304,0.20343357795137,0.0175118620007906,0.0426447291924303,0.12341301082787,0.182972157833532,0.208267073043527,0.156158956325659,0.154141363073352,0.0876801496784522,0.212660174527199,0.135576172609208,0.244519050282452,0.0803949220404295,0.0693581581666584,0.0265343753510488,0.260187491561481,0.316242240959536,0.158174134299805,0.0938589147562063,0.140358991464068,0.119240550172148,0.19973140613544,0.118925456960679,0.249812159485345,0.25401304159888,0.275414693224704,0.274312178693447,0.21253800164081,0.19246157352513,0.15022549893264,0.223271679863459,0.183921261255506,0.255842563037555,0.259988898880058,0.158609777415329,0.188880635561643,0.142526645148561,0.327554482840995,0.0543720113878098,0.161030277625974,0.0633088398528936,0.0338054095364435,0.00976404914961717,0.0553738722887745,0.0797788501676673,0.00329057216508887,0.108132454667116,0.312897527809199
"16",0.377648543156515,0.0802954026318007,0.342048447849269,0.0804844655743202,0.0912589564141274,0.366424498530702,0.272700926732853,0.367648725708579,0.0946196564695321,0.412962508649522,0.288522637507616,0.47123383073814,0.349643468301558,0.379443619053159,0.082705965240909,1,0.491501619812608,0.296354750908241,0.444990731489392,0.509846252007061,0.502980214380704,0.371605435546705,0.488505472317042,0.00834478876681281,0.377780612337437,0.238747541582651,0.115967392697213,0.487466649057218,0.47236553888395,0.474550341431295,0.431042668346079,0.359395940792164,0.40949111674494,0.171218212630267,0.41861874092828,0.209933762640436,0.306942828554594,0.0929398479151985,0.0992155980921855,0.414162391584214,0.459505682223813,0.0127122990974702,0.148371646830187,0.441658352375233,0.359765471670757,0.361472649478254,0.23763611777623,0.191965599630482,0.321144967759022,0.53261563342192,0.425382474272504,0.160524877642366,0.0376937308076366,0.315586789574444,0.540708243064462,0.523248271847424,0.403465773418401,0.430719636801223,0.503681148409747,0.503322155782955,0.450105905226159,0.4904333279652,0.497770870130551,0.346985697081134,0.384855890383366,0.429135564376917,0.4140233618873,0.407814979025113,0.354036871639013,0.405535030398855,0.0203609807472809,0.334983904321337,0.196200608470822,0.170896456649282,0.421172869424075,0.0284007445790792,0.109689935568652,0.365397907703882,0.187439723319096,0.0651245386022388,0.418708202174613,0.418340768215907
"17",0.573234247184996,0.0119074195620458,0.490317564918496,0.190493215488241,0.397823875563529,0.637282179952606,0.467769160407315,0.482482989980633,0.145499050582346,0.808518574602884,0.659894503574599,0.865570563112696,0.800255916431085,0.500754714427595,0.224536178598642,0.491501619812608,1,0.674460434537714,0.713762201760095,0.867561474737375,0.851023677430587,0.83865710987189,0.879739915461299,0.220623511917932,0.458896272588207,0.00471193440148089,0.570698340656281,0.876113955237238,0.851841044937023,0.883920365973883,0.888186258365281,0.759748816666085,0.836868365644761,0.490223762696348,0.787980608470548,0.414428239971635,0.461936570698584,0.0293490068260484,0.341800545447512,0.762966656676308,0.836381138274931,0.002268405349152,0.0540622321442732,0.885096349078445,0.779321352928797,0.728202755792963,0.550216281586718,0.286748884150356,0.495440823238254,0.834093008699856,0.856720669589208,0.580077954795244,0.034466330011148,0.670234669041659,0.803167622927991,0.890590231876624,0.688417283886552,0.831926715289005,0.878132881862154,0.841455672920299,0.833568199754034,0.917427858184018,0.876674697358037,0.593935496818368,0.834227818134159,0.756324158776759,0.643147891366021,0.681391681113102,0.739395314007802,0.758230675859754,0.207595615695091,0.593148024674254,0.165722405661943,0.401653972764704,0.753189789020736,0.418166514194741,0.339624581287945,0.56499303188431,0.282289138415944,0.146742291055236,0.287158103519357,0.816118971602624
"18",0.502124821726617,0.117914464119954,0.414536046074012,0.138595867540239,0.486285524058756,0.576794576519819,0.47620749813773,0.16459139411024,0.332927930202223,0.592411004000645,0.747007488198528,0.669614698340063,0.605255439353823,0.561142251831379,0.311739314630798,0.296354750908241,0.674460434537714,1,0.546421022290178,0.691511137415098,0.699435542740706,0.717390103483558,0.756349247055573,0.477572082588721,0.441848960215235,0.158028547677955,0.525201672824146,0.737227720261755,0.721701128576111,0.74329968842446,0.718211333749796,0.82243280823764,0.748868919593678,0.577176257975371,0.605264256606672,0.149173833815396,0.291638271843741,0.385099346801556,0.276246486889985,0.619917487889123,0.577706717547166,0.0297051610351664,0.0890164836216919,0.683026407789263,0.611451323370889,0.512922130929822,0.388723202807368,0.225104718280531,0.356059469911029,0.769808448275498,0.641715842017911,0.466454078891052,0.118437175974495,0.6056415709855,0.578188130827059,0.656555636276324,0.705374811445572,0.811880451307904,0.760598439255512,0.727343000820596,0.785477714554073,0.699908488385103,0.72116201202646,0.601878608918479,0.640614872825141,0.59344935262609,0.727897672569133,0.509959437702319,0.559497310292052,0.594670403123646,0.000340928511642626,0.619048510159171,0.298979972178308,0.348999190919289,0.514098993427581,0.0830578684039882,0.122823950024105,0.443333715406147,0.085719939266276,0.0180972451052167,0.380445045528307,0.725990997657926
"19",0.529603344358696,0.0790680849093798,0.480561946948714,0.0770803629722687,0.192648088776908,0.469799948790108,0.479013214568911,0.324449272452391,0.348339224994619,0.65942001558405,0.485066076827686,0.741301699870696,0.614420389405917,0.511425356252039,0.115983567821391,0.444990731489392,0.713762201760095,0.546421022290178,1,0.731545412709397,0.714075548472567,0.657176943739153,0.737277839124566,0.162608890623912,0.430607883501881,0.00964581100891783,0.51218391109432,0.731241158871786,0.676052092670832,0.683791696396484,0.69390866347159,0.594383731210561,0.665228452164144,0.315490020565418,0.662490464347571,0.327053037974032,0.446575085381448,0.036586123592092,0.15754282340904,0.671593351467528,0.716051398843982,0.0318100671693658,0.0449741142070013,0.680901792223559,0.68259227171171,0.561884394158255,0.459716452931006,0.257330320206018,0.440486469472728,0.720517386916205,0.632154560883886,0.485000964741302,0.0419635834411959,0.617874166623873,0.679779126813026,0.76682222270088,0.698139551214611,0.731658134319699,0.721517951118096,0.629550899103633,0.679441904685722,0.74948475159559,0.762693510170192,0.619397703914571,0.669282226138952,0.655304885521173,0.572955755372075,0.500311322822231,0.630960673185559,0.569522734561512,0.201738994511177,0.454545891534829,0.0978764566091858,0.328554929442444,0.5940430236683,0.248484538263492,0.31281937515495,0.440610674316608,0.284948462635324,0.0866866878641226,0.226750074227049,0.65548252246876
"20",0.58897203841496,0.0262859582507291,0.501386405364314,0.173363557188305,0.354277190999152,0.622495721463834,0.528830307481181,0.40233462653383,0.263144831125445,0.741072791663763,0.651837988396298,0.844775339177401,0.757293649053577,0.505472285500619,0.238830518484137,0.509846252007061,0.867561474737375,0.691511137415098,0.731545412709397,1,0.820502490919567,0.800031198909823,0.871297778480411,0.229548045282689,0.475989989837019,0.026168758845372,0.563177026698185,0.860995133624131,0.814445234642112,0.826401560982242,0.846752849395423,0.762758462987513,0.824150238537915,0.462863764753123,0.754244810889487,0.387679871548554,0.449233278192239,0.142045183571184,0.296050001478381,0.765896030099609,0.798342998565744,0.02512890649848,0.0303659412280436,0.829044298811325,0.777240796578138,0.686415280079496,0.54047261704681,0.292341755546473,0.493131511341509,0.851317794424154,0.788240239641919,0.60362276270111,0.0412849283829047,0.692116003013361,0.786091113567391,0.864605032316295,0.750526980949087,0.850982488028024,0.856942053466787,0.819100668073465,0.839380017582874,0.893196648508716,0.869187363225298,0.63227907012336,0.809284634991319,0.738698570567639,0.68368076902105,0.61515130841348,0.728552940765467,0.71848918278695,0.147240275081166,0.605549387959985,0.176574589311737,0.401784141471929,0.7204042828289,0.320619313441731,0.313922404778254,0.504745747981265,0.254884758588881,0.108393308342401,0.300904811320643,0.779336892567049
"21",0.632861228008958,0.0581168834959541,0.458539675365042,0.172220511391309,0.344092195025958,0.602729320953559,0.465934126332803,0.347225741982012,0.246294178700338,0.748386842043685,0.629561930940357,0.826578549842317,0.737301371429095,0.49272964944026,0.149017464885595,0.502980214380704,0.851023677430587,0.699435542740706,0.714075548472567,0.820502490919567,1,0.795617137877978,0.864379712991466,0.280118890245047,0.47292622058185,0.0368132044021811,0.596838985913597,0.849748686940121,0.787889074572078,0.827895799620871,0.845057345690767,0.745486652366878,0.780839709029066,0.507997380321302,0.761117373245876,0.40235828735217,0.516344160473413,0.103241371959157,0.235493719905771,0.74522964704522,0.806008742127639,0.0354038575752972,0.0394458096162371,0.805069881760584,0.761423054773657,0.657973257719309,0.515661861429255,0.328987565493586,0.533655021953167,0.819558043559129,0.721767596717901,0.550961771901056,0.0126084211163992,0.678777029696109,0.796724385723568,0.855121812195593,0.768063884332597,0.842626982580593,0.832989336517527,0.789606604953477,0.827390692037615,0.877139431440956,0.865422379184884,0.619092805396268,0.791041759372255,0.744236046152147,0.662268389656644,0.560905888317363,0.70830760025342,0.750572380945738,0.164422105579201,0.547839819863533,0.171678343780621,0.356416753564226,0.757637679222638,0.29889193260111,0.24693984096298,0.529529599679885,0.252791570541666,0.144800295852293,0.344630903850924,0.757994257280231
"22",0.564063993774683,0.00431807378532654,0.444400379762785,0.155211643450987,0.373447829813502,0.557021641881795,0.505524084113,0.32898766520276,0.222460518721303,0.777529704459955,0.633648750117133,0.824428971706734,0.765513485457164,0.42689252443566,0.220610007535598,0.371605435546705,0.83865710987189,0.717390103483558,0.657176943739153,0.800031198909823,0.795617137877978,1,0.861286002056737,0.294526626859401,0.433740318023743,0.0537280473252866,0.620799877275551,0.807155395317212,0.800842067637003,0.838463273608183,0.847972667397922,0.779167193005039,0.81560973334621,0.48657390691886,0.751745901831845,0.402324783709834,0.486070402483693,0.128296829901758,0.315280668217301,0.74765869059536,0.77076487047337,0.0340564221777819,0.0116616446395763,0.824763163747459,0.773539226036583,0.703281513636836,0.510394979758767,0.227624879699578,0.454380845292951,0.806511502438052,0.756398681131327,0.57803127543169,0.0342487794856774,0.666206525393379,0.735286555552482,0.818498040448917,0.712755057050672,0.835376594362535,0.803489529620814,0.787075809377921,0.829428987363692,0.863521972655087,0.847250748435331,0.623547805059785,0.809906961414098,0.702989369768942,0.643578399273564,0.527986175703931,0.730319093083471,0.722357023367806,0.157088885008435,0.593981830339736,0.232620614692529,0.428375881281405,0.704877810772533,0.35091722958163,0.292108820778077,0.505065354723445,0.228618130273973,0.121461452741723,0.231603976666155,0.778713836507586
"23",0.623965344966811,0.0618174642528528,0.494144592038758,0.148684754315856,0.391398010983664,0.625848024347931,0.54838761529614,0.362977828879073,0.280807760618014,0.808074355754639,0.692755497577726,0.873227504547321,0.810749449996185,0.521099926410684,0.201138654635412,0.488505472317042,0.879739915461299,0.756349247055573,0.737277839124566,0.871297778480411,0.864379712991466,0.861286002056737,1,0.284433204431433,0.494992196669647,0.0513247209485249,0.658662232556247,0.893257621262694,0.869936822847885,0.870726783474061,0.895622324719592,0.81703068851309,0.847625921835174,0.513158506860913,0.796939335774437,0.367302940551743,0.478782450454397,0.17353302993455,0.321945335976434,0.790904429303628,0.849413666900583,0.00124645012422032,0.00581758319975392,0.875294049671615,0.824232190572091,0.704366261042908,0.541739817276556,0.290555640401022,0.544344928971693,0.878910309276344,0.79992166708504,0.618706536243656,0.0409204365496686,0.723709049885174,0.783990716588341,0.890946020964895,0.810038379148722,0.903459872874398,0.871744576013079,0.848048027015693,0.875426424253507,0.92610149320601,0.912159298285627,0.649845445576016,0.85371626939755,0.771869757877764,0.710011581656932,0.570013546633641,0.792425742495172,0.755164830841755,0.200059094656542,0.595416485047785,0.228768991729252,0.404260854706487,0.743283128146003,0.319856040022305,0.289768514556131,0.551644176013639,0.253978543010679,0.126404949485163,0.278115908577396,0.807675797156089
"24",0.223933199048284,0.182993729516638,0.0774392213015301,0.213493062133384,0.291593485323161,0.398842963322649,0.130525209489538,0.0984591817208958,0.262628437494684,0.191108191361443,0.392048992913957,0.153535518484838,0.171145754225177,0.266941550224832,0.121432857385175,0.00834478876681281,0.220623511917932,0.477572082588721,0.162608890623912,0.229548045282689,0.280118890245047,0.294526626859401,0.284433204431433,1,0.269090153331718,0.238232679425727,0.197805134927035,0.336610949147729,0.243663487536682,0.211947870895649,0.291737339151892,0.402149822442858,0.288449984857669,0.478637378342522,0.114254368442475,0.00139710596299611,0.0240680328951244,0.320306181752576,0.116027529059723,0.138990600797974,0.118566434956286,0.295362388635296,0.200724138977603,0.196447071917042,0.173167788838756,0.0603313981113611,0.115079076819847,0.097876308746861,0.198372558294339,0.275858808695244,0.184525554368365,0.158403456511511,0.188120129049157,0.259616932043569,0.140293511490238,0.172914779814128,0.312804385034098,0.345874880152693,0.314219343068762,0.256724302212361,0.271372937687592,0.18015980739839,0.232199120918227,0.203462931684528,0.170148674480024,0.128982244720613,0.329600679401036,0.234486209603706,0.1030841027807,0.206670360430892,0.114703650184667,0.143748619426449,0.385277065880403,0.0129776675986503,0.189464562627058,0.00335956389858318,0.0161894094069364,0.271180358546545,0.252694151038612,0.00779166415920181,0.292952955675341,0.306474669149598
"25",0.376358340776227,0.127884223802064,0.281975463527566,0.0197528163780291,0.151712827640718,0.359606190539492,0.217307435737798,0.204314431547566,0.208618432484582,0.436132117681853,0.371524266361571,0.412709234088545,0.34507303303586,0.355241630520676,0.057896594183361,0.377780612337437,0.458896272588207,0.441848960215235,0.430607883501881,0.475989989837019,0.47292622058185,0.433740318023743,0.494992196669647,0.269090153331718,1,0.0811385720722131,0.311998062517926,0.504392201544196,0.457660330613227,0.470916805694016,0.458120572112355,0.439169306338941,0.397269893666359,0.363978563185911,0.385500983518387,0.181648191619374,0.220803743756611,0.105795422438936,0.0656187029984231,0.366410761653384,0.414081794330828,0.172628959412924,0.145408525016765,0.445311805322401,0.421882636180847,0.293747592148497,0.299244209909134,0.221156538047663,0.330095178701734,0.490171122090279,0.445404798366539,0.222427564232683,0.0968106664744966,0.384367866563822,0.457644939785557,0.461215236283646,0.473477016803077,0.510582545366052,0.507195506931107,0.473627842149007,0.440468155236376,0.480784387419702,0.473704590310565,0.353502588104966,0.398512783719771,0.347909301335037,0.454641872711858,0.30212285740199,0.331203265332844,0.37865902368645,0.095839043642409,0.27494622531604,0.0780060966751474,0.104151867625685,0.409311487135267,0.0219961732665751,0.0653191612092894,0.367705323864187,0.00263494216550326,0.0630654751032647,0.346660964984675,0.415479686129845
"26",0.0873297594857278,0.0162517146181116,0.0978401936590581,0.108361119820455,0.181814694064988,0.0844452402022551,0.0264148411115501,0.0711051561220501,0.101640776286165,0.0728970313220937,0.206462650877568,0.0059706507441019,0.0844302425341345,0.00756000403971162,0.103367103654554,0.238747541582651,0.00471193440148089,0.158028547677955,0.00964581100891783,0.026168758845372,0.0368132044021811,0.0537280473252866,0.0513247209485249,0.238232679425727,0.0811385720722131,1,0.107393225529741,0.0495571811258679,0.0756235174979951,0.0036739376039233,0.0961265285120321,0.0890827325667855,0.112915962207217,0.204839273896767,0.0458086776342551,0.0896267118121907,0.0861726104970665,0.232518558441063,0.212937058326651,0.0152525983506359,0.0281199498402442,0.112325401607153,0.0487057985803072,0.0338349806149832,0.0614365091313552,0.0275042628950292,0.000458250977383156,0.00665530978539018,0.0255700949625278,0.0334125979025859,0.069412351227815,0.195583252063234,0.156514291738372,0.050050695115561,0.122879606864402,0.00952825671367166,0.0579120234976804,0.107085736682078,0.0273899863433942,0.00858828643806745,0.0302780783979302,0.000146412713326244,0.0159199413021154,0.00464928626305744,0.0793644668467324,0.0416592675592358,0.0313772475270021,0.00172079631922262,0.0577045108663304,0.0722148170239692,0.0932826181097933,0.0556783553333408,0.349387265565269,0.0680044956475238,0.0582148001568741,0.147704421960097,0.0318721050976251,0.00797223912776401,0.0453011855035566,0.0737180603281596,0.0927888129133603,0.073144164212514
