"","1","2","3","4","5","6","7","8","9","10","11","12","13","14","15","16","17","18","19","20","21","22","23","24","25","26","27","28","29","30","31","32","33","34","35","36","37","38","39","40","41","42","43","44","45","46","47","48","49","50","51","52","53","54","55","56","57","58","59","60","61","62","63","64","65","66","67","68","69","70","71","72","73","74","75","76","77","78","79","80","81","82"
"1",1,0.216626085374003,0.0787572930854983,0.230666250205864,0.299476053095368,0.21300356430228,0.147136692860826,0.123155224763272,0.223835285594156,0.00662166522595577,0.301976336779292,0.322874669511564,0.308557685575517,0.300553179226225,0.23856371645522,0.0796874075916298,0.373899329961252,0.377876973976645,0.239332432494698,0.363277627957016,0.335442372567459,0.373228598361333,0.346734734571541,0.210902705400337,0.25181683074892,0.129636574755562,0.256707334285172,0.123829082199041,0.38722822454919,0.366796003802732,0.340329972387575,0.261699889735982,0.284370038307071,0.297741107846787,0.292315042468657,0.0713437968834297,0.00812178858679839,0.210539065952652,0.208632982562522,0.289523356364126,0.135534164733701,0.326757834823683,0.116208924023644,0.317912606975897,0.197604711391412,0.281848354579516,0.0435560416320808,0.0730697250040187,0.00688534167279023,0.316354032051695,0.330038057694356,0.226833111034953,0.246269096887168,0.26725726995694,0.206441400133674,0.287292871327376,0.17482095236953,0.356693564745568,0.337230787993035,0.383678370152894,0.30613811984467,0.200081337663062,0.395827044128077,0.377395050850772,0.345132503043792,0.284625455812539,0.281959916222445,0.321158829253238,0.0614513796217448,0.366442979427472,0.249468855938635,0.353414736049609,0.165377840370327,0.0972263386081206,0.31965522617827,0.0358211515555374,0.209607744691133,0.332501542403703,0.233232652064413,0.0326987665718321,0.131037551868651,0.364624505352679
"2",0.216626085374003,1,0.0510598967256092,0.424542945784373,0.471897806043468,0.303734715401498,0.337954136372553,0.261730242687825,0.336994847132094,0.020029096039548,0.405864095966151,0.362420964948485,0.415724116886135,0.15104936852176,0.152509308123786,0.0295589514112425,0.560693573876316,0.465344013650442,0.309560597633236,0.467424289239663,0.514092720421223,0.427665834472085,0.473740844614902,0.434520121989802,0.414568599122205,0.146391980578827,0.458920934880711,0.123093903633515,0.326920938945267,0.543336064344721,0.533306425657313,0.348312067015737,0.341707968883912,0.447161920196689,0.492967254153886,0.134204369028485,0.0507482347327225,0.25565785893598,0.423953254883803,0.499031498031665,0.350229564049314,0.549240039299222,0.0182349963094468,0.49780186175172,0.447011127542525,0.419595623085056,0.228458916429637,0.191729713197922,0.0257249155542742,0.518344677794944,0.288957948953744,0.378017114446105,0.355551641018101,0.36280412832526,0.456324920474649,0.494476665425749,0.232533432785482,0.477218075412227,0.526199382270276,0.520134362449161,0.510843391356316,0.0410588022935281,0.364548242575955,0.484506004321723,0.461985672917389,0.318680127560304,0.217433702103432,0.393515194596623,0.207005099845569,0.435255578410522,0.256180674078473,0.507580034641871,0.122726202765578,0.218494921030007,0.437905574628656,0.0887935359810894,0.406376751592626,0.536949587085552,0.531347223446308,0.00101185841098571,0.0688517899871531,0.427767552955372
"3",0.0787572930854983,0.0510598967256092,1,0.112243033687644,0.00308921596801283,0.059997679792763,0.079979052660283,0.21106287731021,0.00892098545865152,0.0805360060218962,0.143666219451847,0.0915120801105869,0.000444512345376589,0.14197635964899,0.208407432910045,0.056049626907037,0.00603905840403445,0.162422290993569,0.00506341317355828,0.0353442846688892,0.0427867460869061,0.0671111158904862,0.0837406606301545,0.0145009926822461,0.0178261926322122,0.0832801885238424,0.0147872306571542,0.174850082268171,0.0679212046940472,0.0133771049406688,0.0319132676517099,0.160079471382412,0.090194334610269,0.00618995557604883,0.0162456038169833,0.0306009476776229,0.00595474345659772,0.00381510621995565,0.0535836069233716,0.0664033685187796,0.0331863115976617,0.164635313488819,0.192294006720492,0.0607623887826895,0.0832521011510411,0.100110190214926,0.0684040067108901,0.117409097641888,0.0670802095901365,0.0354473114442197,0.157470454472884,0.0160699196915793,0.124684767560294,0.0836347521272032,0.0293462706139777,0.06039391205544,0.0696083834193727,0.0810866018771163,0.046876083638674,0.00666929299449418,0.00630599209793508,0.356457671235529,0.18589773902946,0.0414833324855409,0.0650507778897085,0.000345880464136038,0.23127436663376,0.0506261209850297,0.119386344851182,0.0180271007680865,0.0598558471433083,0.0293428764912866,0.0678590926304898,0.0532299967512267,0.00426750743179761,0.0748375906957405,0.209182944484338,0.0785607062670814,0.259828148858713,0.108234570429484,0.232989028763824,0.0766852898540873
"4",0.230666250205864,0.424542945784373,0.112243033687644,1,0.50508297277606,0.315068593954404,0.342317091960913,0.268555969666628,0.382726371918053,0.0827707482470924,0.425590268389768,0.405624642178176,0.482715676677692,0.0814538564622001,0.1525176949681,0.0942039623271363,0.635910372420505,0.457949494232365,0.482575637298745,0.566960987704749,0.606512409553326,0.454553341468956,0.515644503160141,0.371097895373654,0.481581097401861,0.129512992048613,0.487620739384005,0.166577666888165,0.441295590095119,0.582689275077422,0.609327069780578,0.413014490284383,0.426424091585898,0.509542445087827,0.53617968173499,0.11814646052758,0.109409310645973,0.282296196406972,0.466566261198852,0.557898711566616,0.413405848099941,0.543445820035161,0.123136286652575,0.588780945555827,0.466172880524876,0.47835405197026,0.320131575493129,0.231166055493074,0.0228570527571516,0.542709176596247,0.312053353772486,0.353375473348372,0.303124341906321,0.412749873530036,0.486358560038733,0.571974274719262,0.291864442847375,0.539984198421025,0.56264945971158,0.571714534724268,0.589730413355311,0.0169528403074378,0.407764153440305,0.620740139036427,0.489977728286538,0.354277463174036,0.187712897558929,0.529143098104136,0.177799528378497,0.50678212134689,0.276880424975292,0.569493088710152,0.184979582254963,0.252361544791455,0.499933604397441,0.0571580094681837,0.42123298213521,0.539611315521167,0.591416929434642,0.0825408172899268,0.0433751215565987,0.437401184392788
"5",0.299476053095368,0.471897806043468,0.00308921596801283,0.50508297277606,1,0.475919079055216,0.37661991595265,0.371938304563484,0.441454403573162,0.0581993492245633,0.638569039429213,0.630379556284714,0.535279168660263,0.146985199306619,0.275853006098511,0.138736652802499,0.763963782178052,0.704066601888586,0.472977685330186,0.721905830532918,0.714127793136663,0.644314310767659,0.721451127872059,0.607055325535604,0.693197483790347,0.204365162953649,0.560767353428092,0.369039770334713,0.525122471751667,0.663764681667072,0.744209070357847,0.573609786400527,0.606957252166953,0.715902745618383,0.684676424378352,0.195837403431209,0.0828061266309505,0.488151883568566,0.473977650867489,0.673657505627879,0.500828174129744,0.745022983932527,0.138747203310376,0.728622919905187,0.63212978166343,0.627897543984989,0.350831904762933,0.186645869253152,0.0738610408609159,0.76702175418523,0.520089173450682,0.604879459812469,0.5181897853314,0.414921958639838,0.535331855374977,0.695418439981022,0.449298622215478,0.778225003862417,0.734611375011976,0.750369169452492,0.709252382561544,0.29158812768325,0.545112928209938,0.643041192176878,0.634521583321182,0.500023233827386,0.4246661362688,0.599312926177179,0.187486719344969,0.692318794347128,0.528084604454061,0.709188124455602,0.324317891835065,0.282796565385346,0.525815078765689,0.313275731587924,0.513537337919265,0.752136662339162,0.619254691532228,0.0290471511299262,0.146882723363579,0.678315319338963
"6",0.21300356430228,0.303734715401498,0.059997679792763,0.315068593954404,0.475919079055216,1,0.347813178655702,0.264804375108961,0.434296616398405,0.18898221521154,0.389017715298937,0.46786313906871,0.32112136580972,0.221408668277423,0.202648658582016,0.0354960891546817,0.520761026491585,0.610228941733201,0.376504522585954,0.411819356015308,0.446737959131273,0.501596771069924,0.423510723110615,0.395942961485108,0.383174536623436,0.311755976965936,0.421998437987955,0.315911110330761,0.450832768069575,0.472626488234592,0.502113769971754,0.388362906374995,0.395812508178723,0.46379920157361,0.457095278464952,0.132990831170185,0.0786038483784827,0.182090502100256,0.428440489120676,0.395844884081,0.279329013109155,0.458985042078786,0.0353436432749221,0.440407693930918,0.302680123241894,0.351968455323742,0.246349074660537,0.128879791311715,0.116549646578057,0.505162545215658,0.399671888582862,0.381885990137177,0.308650573150322,0.357777933138176,0.361905209578061,0.378938599346278,0.227302516733787,0.498186177992275,0.568310580693569,0.515752159635363,0.458747990987984,0.343489067269588,0.4330830952833,0.417881066418935,0.438820898752095,0.264990266331818,0.291578848122634,0.400606362941057,0.152759991357533,0.384261063894519,0.330660294487721,0.416124618773333,0.211260655521332,0.153420039064933,0.235505557190865,0.0205548469486599,0.423510923600691,0.431656969867424,0.273595728798692,0.0172002690510663,0.0918217683671288,0.385868164089906
"7",0.147136692860826,0.337954136372553,0.079979052660283,0.342317091960913,0.37661991595265,0.347813178655702,1,0.172766364275055,0.255602721203506,0.0648108172593399,0.252048033421675,0.291251331166798,0.240224550815351,0.0475874608161982,0.0503172981518628,0.0163175480796329,0.466289988364178,0.389200123593392,0.327618910392861,0.367652798231006,0.44430262537419,0.369600494490855,0.428318879411124,0.392051074823795,0.410435313068707,0.117459962112639,0.386663508706909,0.242096289160772,0.267778187861431,0.423700761848967,0.452139925889702,0.306679155280216,0.374704077525969,0.379108979163379,0.427602693396359,0.104637743607039,0.00324139254032707,0.251555800452401,0.370755854439563,0.421801996119912,0.402594135651658,0.394269185352262,0.119327986955282,0.461600639341267,0.405820933717235,0.35067786700397,0.220996566674449,0.16518880773944,0.0461196891995981,0.448987986854267,0.245121380147717,0.39850792552698,0.276015307214158,0.256896115694206,0.444270582179356,0.434658087727977,0.255318719184357,0.389870916495106,0.461176927077263,0.391695546240704,0.443865965228761,0.0550411753975557,0.180251434000545,0.32641979784866,0.373545706812498,0.248588947203794,0.175996838723032,0.28506885165108,0.139720233147878,0.284692824855094,0.256531977846095,0.401948949332961,0.00591356138543534,0.137410548115121,0.3347529860373,0.100454565451549,0.374667371027368,0.415063934511761,0.351871470668489,0.080178891456552,0.0161076307165176,0.355436742067845
"8",0.123155224763272,0.261730242687825,0.21106287731021,0.268555969666628,0.371938304563484,0.264804375108961,0.172766364275055,1,0.212452354945705,0.0965312235812758,0.2473682823376,0.311259016997888,0.296192350886924,0.109258102502204,0.0596832356117274,0.0544121458549847,0.398896789087463,0.319345886456921,0.41413509369996,0.358796682766313,0.333674825903858,0.294614982981023,0.311301442515388,0.293293637854834,0.325689110409351,0.199036267765528,0.287724164644291,0.195432484457767,0.339787248854687,0.342918058829291,0.431058038451325,0.20195379833309,0.309340072297171,0.413131434569981,0.245309010684071,0.0542920897171355,0.0373280011980607,0.0898828036514615,0.34113134225471,0.290802135574095,0.149787240657544,0.439123819381804,0.0641546328445478,0.43352821692299,0.304996393001148,0.230664586694509,0.211402250395688,0.220998296556947,0.0309171776978429,0.328779273144715,0.2563954848054,0.234432828827232,0.288251059738414,0.327071167349658,0.176519467083116,0.347173739410834,0.191297276117979,0.380482962951889,0.408944181993039,0.359705931126431,0.324058541694253,0.0269500862809944,0.236206522319392,0.38920298243923,0.225859024634894,0.260182822682804,0.0984683143279003,0.36166625549477,0.128369114848314,0.324734408381686,0.198199441375955,0.3409533805372,0.136525141629384,0.255600483231236,0.159693192324728,0.17353627082835,0.431796059865179,0.360468145288862,0.368364999827059,0.1260880891031,0.0734983131131624,0.281547387584913
"9",0.223835285594156,0.336994847132094,0.00892098545865152,0.382726371918053,0.441454403573162,0.434296616398405,0.255602721203506,0.212452354945705,1,0.0808473152443221,0.414102616215969,0.44830655759341,0.316768369614377,0.18708062994289,0.259758784315737,0.0730271145069677,0.496809979153821,0.492801083991675,0.201811871704357,0.387005300609939,0.463309730619399,0.402006207349136,0.360087704090857,0.16293382562894,0.453280568663747,0.442911523008751,0.389490003084814,0.00397061108933762,0.357453553486745,0.452574131467573,0.468589781806969,0.242728309198338,0.288998212003871,0.408574078909447,0.576059247779641,0.154174073390543,0.0146266536949419,0.241571838577852,0.465335502086403,0.502167871718585,0.317938004344556,0.532430479504446,0.0767535150231932,0.385344968973396,0.385248986058386,0.499507221357882,0.238097865323343,0.0140278166873693,0.0865678981706837,0.469761053001574,0.455507779643461,0.426833554429505,0.321797470310265,0.309182964229478,0.390694461695948,0.375055186940491,0.0469537254531272,0.489087736069224,0.478007224687543,0.523492246588825,0.431886449554922,0.112519524104686,0.475588726510571,0.462884513716757,0.355478886533976,0.233416527443071,0.211036964001193,0.554705882877199,0.319302050553771,0.408061192022333,0.313869620048985,0.435581829541011,0.283634586898907,0.24716570840424,0.377267646141598,0.081449768460967,0.371180838870651,0.512868234482842,0.460751334986843,0.0479898386160772,0.0526836430795759,0.383011564888527
"10",0.00662166522595577,0.020029096039548,0.0805360060218962,0.0827707482470924,0.0581993492245633,0.18898221521154,0.0648108172593399,0.0965312235812758,0.0808473152443221,1,0.143252094853355,0.165976515833358,0.0680571685867408,0.130231031058393,0.1170503819734,0.0861840533376854,0.089607305153708,0.192456767798232,0.168882255426621,0.123781125394354,0.0695448181525197,0.171951254083023,0.143704693052759,0.136631030447213,0.0434975164411285,0.0124454540634571,0.10148613051353,0.263543017100279,0.128125640752163,0.0614868815829831,0.0868322322485597,0.195555311907839,0.217534973394141,0.116218689405405,0.0190345906059327,0.0948028481951144,0.158040517563891,0.0186507563937102,0.0170203834977075,0.0463974871755036,0.0368889474608669,0.038522707670084,0.0791665972160694,0.067427839266676,0.0430070572306322,0.0356252519420775,0.0163538667002768,0.00470079982288647,0.0965983798380231,0.127915941550338,0.154302612234987,0.00468848425280053,0.000423843572783476,0.0753216065889816,0.058841222735155,0.0796860627174189,0.187100611872736,0.106394571397122,0.15095736857786,0.11693937297336,0.127121239127246,0.308446728919846,0.165478708102926,0.0335127755632162,0.151351578748817,0.092967393814948,0.180176644728787,0.00527778835427515,0.217716899651315,0.0533377507156124,0.0261032887579106,0.0263980655612644,0.111622812962642,0.0395388044178744,0.0575395970108569,0.057846657967338,0.0306464684972896,0.0380577662817795,0.109224379048578,0.0564964254194302,0.111432973435243,0.0888549991831862
"11",0.301976336779292,0.405864095966151,0.143666219451847,0.425590268389768,0.638569039429213,0.389017715298937,0.252048033421675,0.2473682823376,0.414102616215969,0.143252094853355,1,0.607167134618772,0.519848138607704,0.239755862530977,0.423385347488914,0.256301738345775,0.672873548369184,0.690920761468133,0.477293988086145,0.691373716540506,0.677546600244116,0.635829599636748,0.712618341945617,0.490124357642025,0.610060307877473,0.25264746752095,0.486583168148879,0.393283736610975,0.48956253160221,0.598014595132417,0.661861162269381,0.635192913085347,0.652237857758539,0.637731943059248,0.6578520679246,0.145919331965901,0.104733504278302,0.464196790855141,0.395678105670416,0.628305816140536,0.466747235549248,0.577878949003094,0.273487280008096,0.626760432216523,0.57647366854142,0.683669932726022,0.305949323516379,0.0219995383245105,0.0312776685399469,0.718276992066091,0.567970447183831,0.564764979116777,0.412884426358359,0.400010613250445,0.540470006697235,0.657947095445952,0.498281209452901,0.726382412755543,0.676927423104469,0.706701210456639,0.723460084975032,0.42695895902828,0.626101900270404,0.571426691394497,0.66347300498795,0.449462377660498,0.503245588838674,0.609287438745442,0.0450345335547275,0.648048488312404,0.459802317546819,0.62060945771026,0.371778291698675,0.216281942840789,0.533264419867343,0.241023839011624,0.342559562887668,0.608002484634473,0.466072608597701,0.0658305276994927,0.238629580183255,0.681982373725841
"12",0.322874669511564,0.362420964948485,0.0915120801105869,0.405624642178176,0.630379556284714,0.46786313906871,0.291251331166798,0.311259016997888,0.44830655759341,0.165976515833358,0.607167134618772,1,0.51093664096439,0.35119884582527,0.402277426189396,0.234311795872717,0.644405175032834,0.67437278658638,0.412276427691674,0.641193851343491,0.58470680081283,0.620151078067865,0.637418474220267,0.4350024005206,0.553864509234294,0.297672136654258,0.478708905010218,0.360019970772907,0.561173167328416,0.590204079000558,0.632920230508342,0.581837147493984,0.583267691742357,0.574598687444353,0.590382895062637,0.196689910171032,0.00303338004077363,0.345016357140893,0.364896835839841,0.533722234634405,0.440899864737311,0.568400775415206,0.255908979638575,0.591926575784276,0.492540476270546,0.608568552513296,0.282286446877311,0.0178515701088272,0.0103747329688263,0.636266018464926,0.605859820140349,0.448669236975256,0.423460504608047,0.356127216316988,0.438983926006216,0.584153092384679,0.41575613654075,0.684936085526713,0.664968416876151,0.684160239816953,0.633238861428115,0.392725138601595,0.614885169546816,0.523727728946744,0.569536129642576,0.438157292703895,0.507671969710133,0.561277961564057,0.0231829044172298,0.609503740949388,0.464587664185098,0.574511461625692,0.326688094940663,0.238677387740731,0.421170219828966,0.166176226520246,0.368304120716032,0.591995973221361,0.412892214204949,0.0258066395253534,0.254606704909101,0.621809360108789
"13",0.308557685575517,0.415724116886135,0.000444512345376589,0.482715676677692,0.535279168660263,0.32112136580972,0.240224550815351,0.296192350886924,0.316768369614377,0.0680571685867408,0.519848138607704,0.51093664096439,1,0.266784416680352,0.319436285375082,0.233907622831532,0.662606459936423,0.566227780016593,0.522563672069902,0.630692803439563,0.609895418242888,0.591183341107322,0.648037064767935,0.498684019905718,0.441165180717228,0.112107543468258,0.573578662045784,0.235840295599962,0.58895531459682,0.711637969296624,0.692293929756724,0.492900606281253,0.5188066565459,0.551607856742329,0.540990548529046,0.0935608684135588,0.0422118669242587,0.272028026194864,0.426108429104976,0.553734980993604,0.396965736439877,0.571472141815374,0.0907427192721694,0.634483342838612,0.512104666884015,0.518525003218488,0.278739175718889,0.162933054127373,0.0122230226555273,0.53971779341998,0.470111307435443,0.35990321415521,0.412366999934963,0.405672112359659,0.454907918239956,0.550228385858461,0.521079518962762,0.594863502397142,0.685210774029913,0.64973051326976,0.602533532984684,0.183930319154374,0.558637476439288,0.626976770686193,0.578575994709813,0.494311295690902,0.366030738786203,0.476206186262699,0.135955696402592,0.636716903513474,0.340693836323196,0.632196158693807,0.295960228652985,0.210908326412256,0.478289584570378,0.0384158186250708,0.402997202511346,0.585433550191878,0.549173197699508,0.0301980408737722,0.0885761264010975,0.603771865009451
"14",0.300553179226225,0.15104936852176,0.14197635964899,0.0814538564622001,0.146985199306619,0.221408668277423,0.0475874608161982,0.109258102502204,0.18708062994289,0.130231031058393,0.239755862530977,0.35119884582527,0.266784416680352,1,0.360458962647908,0.153404067388683,0.212644583698513,0.316333105246876,0.149002342221203,0.224406054626867,0.169164609602323,0.305105897950645,0.247874699536574,0.0816128756547534,0.100185540550471,0.161731796491468,0.143830608475311,0.0866481382387229,0.386991272713375,0.24432224355975,0.218528221061765,0.205982136549535,0.228340064224147,0.135049463537264,0.191162409088135,0.00298785514589784,0.0412860273000667,0.0100675173721262,0.11439750250028,0.0808548088194349,0.0178520820481448,0.164444282067984,0.327003149944259,0.146235464866938,0.0737089283507521,0.198960071788109,0.068258206132635,0.0545341000968933,0.0544642942149984,0.134747880279229,0.396928934568271,0.0133412665713494,0.155513310493266,0.138039813364048,0.0146202958468508,0.118773673774679,0.137245230018375,0.263778045361606,0.260652436503412,0.267164559075878,0.138143211457603,0.353950620779246,0.352929186804289,0.201266143300017,0.256856353680236,0.209743120158247,0.353906918081446,0.209427536681945,0.116958906133805,0.22732781098084,0.200548562514318,0.169797832226832,0.222300861579594,0.135883150026551,0.120541246481981,0.16965952949143,0.0874357802710399,0.13912110743902,0.0314218766671286,0.0121026839526086,0.18041210487683,0.273554077891645
"15",0.23856371645522,0.152509308123786,0.208407432910045,0.1525176949681,0.275853006098511,0.202648658582016,0.0503172981518628,0.0596832356117274,0.259758784315737,0.1170503819734,0.423385347488914,0.402277426189396,0.319436285375082,0.360458962647908,1,0.185905238954867,0.273838528831364,0.374043138645837,0.183526056349845,0.318308216440066,0.322883173994657,0.333883799062738,0.353250265445005,0.143372026556257,0.239960183691552,0.158236343267189,0.231424795373519,0.132158598622914,0.363030854494986,0.293485909757636,0.259715090732683,0.353562406873769,0.324077001959887,0.289642786786469,0.348493995378276,0.0203827950242024,0.0656679409163172,0.150102759591819,0.078357904875908,0.226051091228554,0.193441447639133,0.236264862968,0.396159683279844,0.207525026500375,0.161298724055803,0.36787648070647,0.0803533246610989,0.0920952776429468,0.00935335199140371,0.348479323925468,0.419957705692335,0.272638954717073,0.219786380374516,0.152776335522075,0.16721393217875,0.230908343678718,0.221382199779856,0.32724519778875,0.350152085936912,0.393744473703932,0.285936815650866,0.426877899963313,0.450529090159369,0.259925608258581,0.342711841057478,0.301981135500502,0.412623087136427,0.293197371987509,0.13086652935781,0.323675922280401,0.257373993711671,0.267276559515834,0.33267720617564,0.106676998221917,0.232095705674723,0.132880109947704,0.131501157950972,0.236276514472835,0.113686502900793,0.127484652409688,0.201228487344201,0.425090887637228
"16",0.0796874075916298,0.0295589514112425,0.056049626907037,0.0942039623271363,0.138736652802499,0.0354960891546817,0.0163175480796329,0.0544121458549847,0.0730271145069677,0.0861840533376854,0.256301738345775,0.234311795872717,0.233907622831532,0.153404067388683,0.185905238954867,1,0.193245579442685,0.211780435951832,0.23844292681407,0.236335899257531,0.149000596661136,0.269335689518717,0.286230102277616,0.0651548181936757,0.1789415117485,0.117791962490211,0.185330722436135,0.230100386715983,0.198704597749865,0.207137772193369,0.209899313620546,0.261713771354691,0.2617969506763,0.167279883901304,0.217934253043594,0.0666088243028645,0.0433622387725631,0.20435345145349,0.00544092185022245,0.149460355170358,0.189806948177245,0.0800582505523898,0.218871653651173,0.200144082652307,0.142617398321146,0.223982412411259,0.0732068871019673,0.188730921203278,0.141530538088917,0.178804086732057,0.318492488641773,0.0619136955262005,0.129930519247866,0.0868112060076228,0.0872211881120856,0.121308949824136,0.323349486728457,0.179243061906848,0.217857386626238,0.232726869647233,0.216040539260579,0.24606013352116,0.301887725917356,0.172097522249842,0.206396833095292,0.253993970460553,0.25964685881973,0.210470664086853,0.163176608863937,0.203510674615983,0.113855858070939,0.170435777161702,0.255182137825726,0.0311163540207963,0.117991764469222,0.000882454651775943,0.00966987872138214,0.134751801385659,0.00518263230265049,0.0624047480273942,0.193739695547607,0.22860831264705
"17",0.373899329961252,0.560693573876316,0.00603905840403445,0.635910372420505,0.763963782178052,0.520761026491585,0.466289988364178,0.398896789087463,0.496809979153821,0.089607305153708,0.672873548369184,0.644405175032834,0.662606459936423,0.212644583698513,0.273838528831364,0.193245579442685,1,0.816384119305307,0.652728829851779,0.845957686568407,0.849459875035909,0.763134916633301,0.831697027782467,0.694210266577013,0.722869724852967,0.247038603069517,0.70754564834629,0.381786943979773,0.683743218741915,0.86935821826463,0.883082522273274,0.676633038725989,0.711807760294935,0.77059640718344,0.783860991018583,0.25232598431531,0.0698330752612893,0.474606221778205,0.593134023225774,0.799523775396665,0.612276319657442,0.825152719768082,0.00335915087104528,0.87366040272935,0.754490856902459,0.737191641761273,0.39823401336119,0.248373656022184,0.039991871179127,0.836478698440959,0.554684685998478,0.626709049735389,0.503627389240578,0.581426283137102,0.679305837681085,0.821687110036984,0.567209456244478,0.833916318632873,0.861561195738003,0.867106519982028,0.86007128178449,0.215977108827861,0.645403590450728,0.827947010448831,0.74366570835513,0.59562914334355,0.440045535763209,0.7372656919059,0.249857878738087,0.764945801704547,0.493429171776013,0.846364482646109,0.331023943316227,0.286904420047782,0.683182221311344,0.157674893056317,0.625228193836872,0.837505255752506,0.723460427417513,0.0437627358436646,0.134142342396447,0.749750266370267
"18",0.377876973976645,0.465344013650442,0.162422290993569,0.457949494232365,0.704066601888586,0.610228941733201,0.389200123593392,0.319345886456921,0.492801083991675,0.192456767798232,0.690920761468133,0.67437278658638,0.566227780016593,0.316333105246876,0.374043138645837,0.211780435951832,0.816384119305307,1,0.545724633046725,0.746011058342945,0.712856946122206,0.779935018835688,0.774179300471769,0.657976526210641,0.600765620270151,0.305123273569211,0.642655064348545,0.507505930534875,0.667527266594684,0.776711771827208,0.794025002113887,0.730497629477795,0.709094176632477,0.71220916859991,0.682925823797959,0.178013699965882,0.0892951829654618,0.397844238821964,0.507330839656631,0.65146271669602,0.508408279660567,0.661157116915833,0.143468425844757,0.721519112679446,0.605190404578947,0.643931063168525,0.316778575969281,0.0807290341767052,0.07412647249362,0.779624295057274,0.624219859411018,0.619400954833255,0.463596432850719,0.494532175722233,0.59618602322713,0.680668217435949,0.530883122989122,0.818592567623496,0.84039530162698,0.773447590155601,0.759298117496155,0.530610809540524,0.68035728318613,0.644875695583062,0.751533343706574,0.524834052901326,0.526898603092223,0.617154436632602,0.0733570814156342,0.690382131818048,0.44749895230483,0.703843709693279,0.366477379255869,0.200229826209659,0.516023982218388,0.0954256424208315,0.448401178518615,0.690364039325725,0.462943492418213,0.0284859084726806,0.23552217006918,0.723833721661321
"19",0.239332432494698,0.309560597633236,0.00506341317355828,0.482575637298745,0.472977685330186,0.376504522585954,0.327618910392861,0.41413509369996,0.201811871704357,0.168882255426621,0.477293988086145,0.412276427691674,0.522563672069902,0.149002342221203,0.183526056349845,0.23844292681407,0.652728829851779,0.545724633046725,1,0.655415693475608,0.592448043700314,0.526775197624469,0.628371534797258,0.459526482901792,0.462610091840742,0.126100478975312,0.54213475777515,0.397141533315692,0.587952612637823,0.604001797618281,0.660088414285671,0.511676629612162,0.601291593309814,0.546816811118304,0.4408314574239,0.126057715408733,0.0825152522316447,0.288000270676308,0.439689522664336,0.486119765180146,0.438437254769663,0.463557355402289,0.107311238049645,0.698343506430029,0.469502760959777,0.456697282511289,0.30722533602036,0.182454063788328,0.0434993664935696,0.510463062414819,0.391560696787612,0.353767162351403,0.250132753128834,0.481831414966682,0.47588232747468,0.557699161106537,0.570165873979433,0.557851042278554,0.64549929320259,0.569597403316303,0.618200184017221,0.146596977947272,0.490313463395895,0.641226933226131,0.480240846865691,0.487672052600289,0.238359694223787,0.541699573809656,0.116020492356538,0.534517283746433,0.292389218052696,0.614462222702434,0.210073041686043,0.0592078002311357,0.433357693711287,0.106062493552399,0.396906173742648,0.484425567876902,0.456713686308159,0.0958550930072313,0.00186476757715747,0.492925430811466
"20",0.363277627957016,0.467424289239663,0.0353442846688892,0.566960987704749,0.721905830532918,0.411819356015308,0.367652798231006,0.358796682766313,0.387005300609939,0.123781125394354,0.691373716540506,0.641193851343491,0.630692803439563,0.224406054626867,0.318308216440066,0.236335899257531,0.845957686568407,0.746011058342945,0.655415693475608,1,0.791269798619065,0.698633779109821,0.802439379154112,0.597976148456912,0.673989961391845,0.193077158926984,0.63788827867589,0.427575063405829,0.678281786110605,0.768081580154002,0.812837191295422,0.692476244452713,0.731080726208109,0.723904001894351,0.730954389851707,0.194332920998987,0.0954622960454037,0.487318665572094,0.488194294200117,0.691627560259084,0.580290057649293,0.695040438375049,0.0668543935914498,0.808933560874749,0.676945261452055,0.72622657818745,0.360971546022813,0.136398052810263,0.0622553362428955,0.787324413399868,0.583158126275404,0.565949794490868,0.49440186539338,0.528448974636361,0.597136983771897,0.769865520085668,0.608615067082337,0.795809433264368,0.79808592367596,0.797372886576272,0.804314094772104,0.2961527737008,0.648301536238784,0.767434409743232,0.709523763396637,0.575642751532941,0.461687157265081,0.71409517159133,0.122728536877379,0.721380193936147,0.488196439563113,0.789774096992653,0.328164209990775,0.225825549072233,0.620528727313758,0.176566271109666,0.486010084134415,0.704721102046606,0.621545170115021,0.0341522795302454,0.173993183876241,0.73738442877961
"21",0.335442372567459,0.514092720421223,0.0427867460869061,0.606512409553326,0.714127793136663,0.446737959131273,0.44430262537419,0.333674825903858,0.463309730619399,0.0695448181525197,0.677546600244116,0.58470680081283,0.609895418242888,0.169164609602323,0.322883173994657,0.149000596661136,0.849459875035909,0.712856946122206,0.592448043700314,0.791269798619065,1,0.665743271020318,0.774632152556482,0.622642157202624,0.67441737410694,0.161612038822693,0.687761338734908,0.308587583565244,0.612293501523006,0.78503685017165,0.826535800759995,0.637861715911428,0.673143366024857,0.71790474175799,0.775629626361692,0.180562514684349,0.100657262201712,0.4636788660284,0.549392000591459,0.765912849873543,0.585503821028154,0.762792871992882,0.049061029333952,0.801382715258998,0.651610466391562,0.715006539466178,0.391795063405036,0.212710249661183,0.0796753056235213,0.81315415113775,0.538757146846717,0.636595267393979,0.462179641291089,0.539666532009689,0.703048530433345,0.804791738901629,0.532434611908832,0.775402345076313,0.797102489808436,0.804961260029138,0.823061199523302,0.188045116853517,0.619774363737197,0.755388247401334,0.684338887465149,0.5636992966826,0.408112243322581,0.680426053488412,0.258705139766674,0.718995618242995,0.490399025344334,0.81488807162776,0.299544469864043,0.2370160413767,0.665440743277434,0.119839248817654,0.548589399866149,0.782586861112819,0.712601289589949,0.0188375391020568,0.109184344780569,0.718838903243548
"22",0.373228598361333,0.427665834472085,0.0671111158904862,0.454553341468956,0.644314310767659,0.501596771069924,0.369600494490855,0.294614982981023,0.402006207349136,0.171951254083023,0.635829599636748,0.620151078067865,0.591183341107322,0.305105897950645,0.333883799062738,0.269335689518717,0.763134916633301,0.779935018835688,0.526775197624469,0.698633779109821,0.665743271020318,1,0.73830886070714,0.629457782569217,0.570538507475948,0.203719622075334,0.600295346449172,0.398832737455828,0.65695968890466,0.744006628513378,0.733636220436035,0.645411582402113,0.66193542754297,0.647679856135373,0.623008209418676,0.170206852063093,0.0524069613323089,0.366263048526962,0.455581749170779,0.61469169606969,0.444761688282493,0.626654177846274,0.165815374851418,0.69506410248289,0.546400654862298,0.603274664374705,0.306356235042296,0.127640221850041,0.0245348436788587,0.68379401210908,0.558053024669835,0.518779460774356,0.44935228158524,0.445308421393787,0.539934152876964,0.633590236532021,0.526900066806102,0.71788987834973,0.774784438529195,0.73811110318024,0.718498451010488,0.404412560999088,0.643638272261489,0.63133310736399,0.708740281565002,0.549177773547878,0.514575712960128,0.575165817821676,0.0585615089074821,0.682734246388421,0.406057356417782,0.665913349411393,0.351733425357189,0.171820804657463,0.488837798998187,0.0728027035640201,0.410452914415457,0.651802526855829,0.496923761569689,0.010466538348578,0.191142407164841,0.723833171733048
"23",0.346734734571541,0.473740844614902,0.0837406606301545,0.515644503160141,0.721451127872059,0.423510723110615,0.428318879411124,0.311301442515388,0.360087704090857,0.143704693052759,0.712618341945617,0.637418474220267,0.648037064767935,0.247874699536574,0.353250265445005,0.286230102277616,0.831697027782467,0.774179300471769,0.628371534797258,0.802439379154112,0.774632152556482,0.73830886070714,1,0.659150390489666,0.678605940666482,0.139057161211981,0.637342829200603,0.50462085195497,0.618679812040312,0.776484275553144,0.83980825470236,0.719020494562386,0.74499636975484,0.690778757594549,0.739368660187194,0.202294497278907,0.112944622447487,0.525343084115412,0.44857480895756,0.696017923545081,0.612605036961589,0.665546887123015,0.106243241156918,0.808375969819657,0.664081586483287,0.704537158122524,0.364884523335659,0.0733358924051905,0.020962388415076,0.763610042415709,0.610613480854314,0.576018900471354,0.50445957065354,0.472681156846711,0.61255899043549,0.738998026097696,0.706550893620889,0.799838006729356,0.833187990967369,0.789591901858957,0.807208302083862,0.358843936531219,0.63009854332828,0.687810797465759,0.732640025211927,0.585377002224552,0.513162330150958,0.620487403068259,0.0326644492998289,0.744098749218618,0.465922031191879,0.76178332074044,0.370233673029496,0.232739337865536,0.587518743351913,0.214387233092829,0.468473065882601,0.717417560007856,0.55775751188768,0.0543199923827036,0.24558852294385,0.781119882707704
"24",0.210902705400337,0.434520121989802,0.0145009926822461,0.371097895373654,0.607055325535604,0.395942961485108,0.392051074823795,0.293293637854834,0.16293382562894,0.136631030447213,0.490124357642025,0.4350024005206,0.498684019905718,0.0816128756547534,0.143372026556257,0.0651548181936757,0.694210266577013,0.657976526210641,0.459526482901792,0.597976148456912,0.622642157202624,0.629457782569217,0.659150390489666,1,0.530342435852718,0.0801961510905649,0.560100585629675,0.454928025999929,0.471192549790389,0.671584496083339,0.667744382769959,0.563462452275638,0.617178201579204,0.574147399125267,0.522923294201194,0.148256080387742,0.0652626415392129,0.346502940070134,0.410876559392171,0.570085318561301,0.430968652921027,0.614069253380027,0.0453763515737768,0.679838421170576,0.559660396889052,0.468334679292511,0.301065871306831,0.244563643617539,0.110675468450061,0.649708995788833,0.334826927471061,0.547621586373254,0.427598910109448,0.38125824205523,0.507257422778747,0.662321985345138,0.527308568238165,0.641851163081812,0.697233025215055,0.62025745682822,0.64926843814539,0.245556683101332,0.403388504735433,0.493233262844154,0.622117708612578,0.447632495117704,0.363638667385509,0.353773999300297,0.119542882208266,0.58179230562505,0.335750900200318,0.633803737872649,0.15068255266677,0.14334935386736,0.421669106370707,0.215142437608729,0.468080855504025,0.634140548760522,0.504532254596144,0.0656161180873454,0.131109780812413,0.620076069575274
"25",0.25181683074892,0.414568599122205,0.0178261926322122,0.481581097401861,0.693197483790347,0.383174536623436,0.410435313068707,0.325689110409351,0.453280568663747,0.0434975164411285,0.610060307877473,0.553864509234294,0.441165180717228,0.100185540550471,0.239960183691552,0.1789415117485,0.722869724852967,0.600765620270151,0.462610091840742,0.673989961391845,0.67441737410694,0.570538507475948,0.678605940666482,0.530342435852718,1,0.201339163699697,0.479287541639086,0.327748737955103,0.463419069431475,0.599714205504494,0.689024026374472,0.534353482175705,0.606073576379214,0.637517750825678,0.693299143612113,0.168338809823385,0.0277530591434319,0.500895140894223,0.42797671999763,0.645330312945529,0.601470359927351,0.651875872116261,0.101920967493987,0.716785208305766,0.624320399426991,0.663591158779858,0.298692189904362,0.0844699293848077,0.00537183050172925,0.698586608203503,0.490668675474528,0.567488258684477,0.448822666467913,0.427376751194382,0.525407177697543,0.688900109543792,0.461590064303581,0.718083796647866,0.65445421445828,0.687304381854528,0.6943975584756,0.199421031633279,0.479341122624292,0.594935463262643,0.558229878246566,0.423743914278609,0.402177392276773,0.632886498804086,0.146911603859773,0.604688419081621,0.469247862083281,0.663482307416174,0.298060116782611,0.224987001880277,0.498331002854156,0.303566195552722,0.468319953982787,0.681289281778765,0.58208018186755,0.030956255003897,0.165773851225621,0.609446697687785
"26",0.129636574755562,0.146391980578827,0.0832801885238424,0.129512992048613,0.204365162953649,0.311755976965936,0.117459962112639,0.199036267765528,0.442911523008751,0.0124454540634571,0.25264746752095,0.297672136654258,0.112107543468258,0.161731796491468,0.158236343267189,0.117791962490211,0.247038603069517,0.305123273569211,0.126100478975312,0.193077158926984,0.161612038822693,0.203719622075334,0.139057161211981,0.0801961510905649,0.201339163699697,1,0.160611729645948,3.41548447518391e-05,0.198016906451572,0.183394562527418,0.186828428238429,0.1182026307374,0.168963283045228,0.224267076380953,0.283308760757925,0.0095850280717512,0.00345293819907551,0.130453126549084,0.207176697039522,0.236369768259879,0.16036422200312,0.170253230951206,0.0669020241778605,0.137038641478786,0.18391437412694,0.267488524629133,0.111697361048325,0.111142769170889,0.116456071288396,0.213562754623884,0.299392493814992,0.173120003803714,0.0679821250933842,0.16947867608713,0.204825023068657,0.159486512766717,0.0566262963177972,0.26205863048665,0.226723806741535,0.271640418180835,0.208128261234276,0.206637796510304,0.310044619656424,0.231066740968404,0.154139924753068,0.0527342226667449,0.140656399926474,0.409957121918232,0.0971008305105211,0.156682787428221,0.146094593003991,0.154295305222226,0.195761589658579,0.0881874612918971,0.179504150556385,0.0504101139457561,0.0728213678410306,0.183231638420351,0.133340953459112,0.0423358368932614,0.0194682305954159,0.163850832859835
