"","1","2","3","4","5","6","7","8","9","10","11","12","13","14","15","16","17","18","19","20","21","22","23","24","25","26","27","28","29","30","31","32","33","34","35","36","37","38","39","40","41","42","43","44","45","46","47","48","49","50","51","52","53","54","55","56","57","58","59","60","61","62","63","64","65","66","67","68","69","70","71","72","73","74","75","76","77","78","79","80","81","82"
"1",1,0.0296345303616737,0.0759849827933173,0.104706510814303,0.066863413545997,0.0101631963135444,0.0423840628471008,0.131597028098204,0.106840165230942,0.129866020168375,0.0346381643021784,0.0742078961287652,0.0646053928576868,0.00324563383964717,0.0909017234392604,0.068451379273269,0.0285012191778567,0.0469615573697242,0.0678792297904513,0.0367595990641216,0.00451238101559378,0.0549821560133781,0.0434035746611639,0.223791873854734,0.076585780735135,0.0281975618702861,0.0481447854971511,0.000105464720677533,0.0161299471854693,0.0162757628736434,0.0017984633324218,0.0376981993021806,0.0254289468827251,0.108834428221649,0.00851890111476615,0.0518099545982413,0.016256061380072,0.0872860094969271,0.178221964446253,0.0295797403787703,0.00217332614581866,0.0150934766696416,0.236523574361798,0.0191558973664506,0.00722801796444408,0.020553387960545,0.0455244514987466,0.00358216978903647,0.0245498884820432,0.0117717426945695,0.102784530882251,0.106537532447638,0.0271648443025934,0.0174997180117849,0.015561586564169,0.0693586055213633,0.10438970671706,0.0524975888188944,0.0223928222060758,0.0484200740859985,0.0243145888668639,0.122202646619919,0.128184297224645,0.0389624088635662,0.0550808867910948,0.225154360459119,0.0107898702502724,0.0333558605021542,0.153361174707734,0.00351350484724856,0.124365472914287,0.00935705248563843,0.134067633370372,0.1219408570286,0.0619368262949266,0.0535918870807671,0.0821310069157351,0.0225622094300205,0.0666159295207925,0.00311000918065071,0.0727967076938581,0.193903025435104
"2",0.0296345303616737,1,0.0716542670573032,0.179887250755511,0.126289000191452,0.0252403285314588,0.123485266953607,0.228194326555887,0.0107420746898874,0.00804801266696049,0.0193781084572095,0.230535767107081,0.0474886770801806,0.114312880652626,0.0626481265959763,0.101741710564536,0.0719771462960066,0.00520383245531943,0.0271636323078677,0.0450225789803813,0.0970567826037864,0.0370143231875811,0.0128271329896068,0.00094917820085098,0.00381843972859331,0.0445370604191209,0.0249249451702088,0.0260551097800574,0.024173299800439,0.0316789688624885,0.00296593319294652,0.00326406521528608,0.142770030227447,0.0862287925438287,0.00468518469439336,0.0992208181549153,0.101325389509826,0.0711008548241846,0.108595930804273,0.12115779107961,0.0921198181694482,0.0571398428731997,0.0860508500493554,0.0571177705876882,0.0827744025351595,0.0281544722718321,0.0583787210562703,0.107954575130702,0.0858659227529371,0.0416517095118183,0.0119558813571477,0.0862243372618554,0.160646526942206,0.0785426012163002,0.0953425215036247,0.0359956902642929,0.115232896515193,0.0665652763882204,0.0337086311601032,0.0164658856171256,0.054441981172438,0.0599066294303163,0.139297242095297,0.109242639167767,0.0479619688271049,0.131510311752515,0.0867582606260496,0.0566618139833868,0.129301929828189,0.0700863530973604,0.186036779455453,0.05870150868762,0.0764851504689344,0.0392677502398868,0.138186690965028,0.0254372771891003,0.0298643004322485,0.0550907351439457,0.096981786976051,0.0122865196543374,0.0575438173605304,0.00473982038981297
"3",0.0759849827933173,0.0716542670573032,1,0.275621060126998,0.132338178044847,0.567152687099298,0.662943256841473,0.194161540940868,0.551207635814243,0.542255713512906,0.734559131960354,0.0588349679728781,0.640911700125252,0.195530038974943,0.238616067858272,0.0876564474115025,0.75592814541909,0.727464338619405,0.65324172702131,0.76549815344161,0.76632747957579,0.695757884159285,0.782981497453917,0.494411161386553,0.0320012515948558,0.0125663573423725,0.58524901336788,0.700330935560137,0.544167504863637,0.689396451319606,0.745688046885088,0.722235508803393,0.768875001057777,0.605425137019754,0.661401097043193,0.403248993324871,0.292964091104398,0.404423351162073,0.291545680927627,0.665736424211352,0.749953529722449,0.417275028546477,0.32792672015332,0.698496520523958,0.572964872691498,0.684999366669976,0.132584729989153,0.0798923070189936,0.399762399291065,0.751566407289943,0.478463095349919,0.0963060250709053,0.508916026268523,0.361720241755054,0.49038422771719,0.699566513034879,0.68817944599,0.749367387715019,0.644308418447637,0.758094811601488,0.761137453285408,0.752135714926283,0.727934747219101,0.669908961785572,0.692352062846618,0.255322640255119,0.221937005026054,0.565913002586501,0.156902241182178,0.569462448136942,0.69157852880054,0.530329307635871,0.545776295104148,0.187146144253902,0.038706432218312,0.418400381816138,0.480185334683038,0.691153336877124,0.645179004688565,0.355541765328014,0.48807860046039,0.624770759391467
"4",0.104706510814303,0.179887250755511,0.275621060126998,1,0.0742248114724531,0.254790452273472,0.318437267599683,0.293639091838949,0.25082968229314,0.100267807736927,0.342599849447309,0.362935126998735,0.152594934208532,0.255012013429029,0.0122619382505351,0.0255917332574971,0.36492953843392,0.242811498308533,0.309213340053052,0.229704011057834,0.286780981727127,0.328358925935641,0.223748825247565,0.0760555139093062,0.143049478475844,0.127622252037981,0.256979231519601,0.238432897740998,0.136000859603299,0.252259105524352,0.275752001168384,0.248545386917447,0.397185115639563,0.239097214831083,0.347171617727851,0.215243530575436,0.271895243554676,0.0380357067345862,0.127460257014972,0.372629024309001,0.314549345422344,0.0298616368683785,0.263592413844985,0.264150291213033,0.29428053220276,0.308004145314324,0.0142560202292493,0.213444791353614,0.188231623231368,0.255714279399815,0.098038130992263,0.0194413889517235,0.317120501028258,0.0998204797205107,0.305466480483128,0.167550145022157,0.306420660453742,0.269185605141261,0.223663845850851,0.23660851384136,0.324664238425223,0.264265133093954,0.295257473380269,0.30841051551178,0.209644243148151,0.43094597258274,0.0696987157578011,0.250541224074278,0.116765474875337,0.282430160288894,0.300334165601342,0.20774832713668,0.129457424806901,0.424880391070808,0.0376044755102366,0.182606979733774,0.00382043271041907,0.275774799735875,0.196469497505359,0.278202904383137,0.0430567769558454,0.141646490002925
"5",0.066863413545997,0.126289000191452,0.132338178044847,0.0742248114724531,1,0.370087407582843,0.206606338560895,0.176471756227664,0.22353486678252,0.257860211933512,0.281186558943515,0.272175756778253,0.213776540831465,0.196667931774205,0.202231580311115,0.202890172923089,0.333823375232026,0.399838342400184,0.292804671666712,0.309747886269459,0.255051137789486,0.256599197626561,0.293435827890097,0.26115373719645,0.220286135586338,0.133074769405995,0.268856524375262,0.352847124854564,0.32688802296968,0.284289130823596,0.295545977358165,0.357945216804963,0.189018477644907,0.284971646640541,0.184839031648502,0.13732133745749,0.0677018761596944,0.27321871131435,0.0853106048025445,0.178955563451539,0.169969730545401,0.101079073888671,0.11772915884126,0.322349622641085,0.159994784866577,0.271054420796724,0.115839288417556,0.00598372336867723,0.121970701441947,0.300897024862293,0.288593798953375,0.19779908336156,0.148666595134774,0.0410999432129236,0.244621360708469,0.253390582957052,0.272136225587419,0.32687419401521,0.375210576086763,0.261943532516091,0.274318700327565,0.349233723446248,0.267541705544702,0.249372240894786,0.324062231791715,0.131544114973314,0.217430846110219,0.290803466887079,0.223677806185374,0.365768446853773,0.146250249754736,0.215948867591748,0.2010840445595,0.0152877718009397,0.00895740434427482,0.0623669232661731,0.320513307170422,0.253624617552306,0.328935809183162,0.0978945948434408,0.336466288107111,0.294562163947637
"6",0.0101631963135444,0.0252403285314588,0.567152687099298,0.254790452273472,0.370087407582843,1,0.616596879394585,0.0465287631946995,0.585366073927713,0.485114085849156,0.718466409213487,0.096411479316384,0.605505364729081,0.0657369379185096,0.296421691825975,0.146938725716911,0.756179197347301,0.763518260265673,0.629145783252823,0.685351290286197,0.679898404563158,0.677235487539096,0.689449108739681,0.504666398462548,0.0238208044238202,0.0624789617853597,0.639070650451236,0.744882073441379,0.656317809194467,0.682979211949279,0.706478308291369,0.725896110313342,0.658181733358102,0.576198737739449,0.616438854458941,0.345008203914289,0.213935933185898,0.437156604579023,0.125357212256879,0.63639059318734,0.595113808171814,0.24995378084379,0.458889006207965,0.71727048583338,0.547021575281034,0.643226293467504,0.102533855063012,0.158075552552035,0.419840593249697,0.710581842050547,0.460787574776317,0.0474796238122503,0.272553168358493,0.266457176330423,0.580107648949506,0.6047217811822,0.677249582878155,0.728461020975113,0.763742977067999,0.687695083455325,0.730529558257558,0.748394449203299,0.654983297150303,0.629557825916112,0.676477189314867,0.303168607197742,0.33725144086285,0.661416083572652,0.129094750088426,0.640865389521825,0.562309264820533,0.473849440135461,0.446842473824087,0.256408122068814,0.0427336394619946,0.29578761151358,0.46155634321504,0.647171259048947,0.606455052158807,0.408895528592016,0.460260235994312,0.54791703146158
"7",0.0423840628471008,0.123485266953607,0.662943256841473,0.318437267599683,0.206606338560895,0.616596879394585,1,0.16818851558204,0.577853397249249,0.531182937099536,0.757617828278183,0.118785327306489,0.599198193995703,0.206587710052232,0.283175400469468,0.0574517405842265,0.788465401650243,0.746641585518998,0.676691441946276,0.767371957001842,0.754962003461494,0.697642920997266,0.747514549883126,0.531452697160454,0.0293379080329186,0.0025091922747835,0.605101689527377,0.722941429073743,0.567105216733734,0.707884062955831,0.739828502169351,0.713529873465056,0.780868208450841,0.588661566473087,0.697333936953837,0.373539377902124,0.320785732543656,0.456572838606574,0.235756440476524,0.73291327636096,0.721926709664642,0.386763940876463,0.434918016418024,0.734261168245572,0.548569064263673,0.682396409933594,0.132445265131064,0.0834245726621794,0.433229171630403,0.76795475891703,0.405505808274017,0.0117537476539712,0.458804584412272,0.330360970750639,0.538866280195603,0.691340299638312,0.739893962607703,0.773116468444655,0.65910570123568,0.72362764336985,0.794147690733731,0.757119807550488,0.768868529129252,0.691308205768839,0.709035168448297,0.352142189879576,0.263799642748464,0.589978737553113,0.072194170417795,0.662999596624319,0.693892268780731,0.567667089759507,0.550323636954417,0.267819214379164,0.0296342073839899,0.398965675511569,0.521578688983124,0.740823683473246,0.708014836097628,0.477126112689377,0.500984521057327,0.587633307916908
"8",0.131597028098204,0.228194326555887,0.194161540940868,0.293639091838949,0.176471756227664,0.0465287631946995,0.16818851558204,1,0.130375748626691,0.0758592388978741,0.118730879193558,0.29020520811707,0.00455419041935097,0.274675372307042,0.118364698991095,0.0225117050597905,0.156401702487232,0.0779533469076495,0.0586076693200493,0.066634346210917,0.12883921701202,0.0772841880907782,0.0945498093400593,0.0348695351876098,0.158885475602047,0.159590419295836,0.114342905741488,0.00438062412804777,0.0363605478706023,0.0659204644468483,0.11555413808663,0.0116000608094932,0.167327695401574,0.112722607166275,0.130232456538143,0.158129539975004,0.126903717689509,0.0517909557702777,0.172591216157682,0.198100878181152,0.142696688172982,0.112986981209462,0.107396980900288,0.109997964532658,0.145593241021098,0.142599790994921,0.0478282205097393,0.125522728040254,0.0753434367523933,0.0643502078476888,0.155525929850844,0.13623844312665,0.229229475347403,0.0352226120125698,0.0521507423728614,0.0412180145432909,0.143418157116138,0.0878044268021925,0.0349151248676072,0.0747942553429503,0.1122426261809,0.0584670295224219,0.127629723571888,0.103736117689894,0.0501271423295411,0.261385709319087,0.0645634473089357,0.0494446053587585,0.184038939465842,0.094192935972645,0.187760535066732,0.0367116448700088,0.0198992286036642,0.176103696063408,0.0148037630929225,0.075615132729139,0.00432003928160007,0.184457648168817,0.158343897693296,0.132164846733175,0.00068368567078489,0.0153555572540766
"9",0.106840165230942,0.0107420746898874,0.551207635814243,0.25082968229314,0.22353486678252,0.585366073927713,0.577853397249249,0.130375748626691,1,0.439987569904194,0.655536543873267,0.0203194865990746,0.602818972151159,0.0281750042451628,0.244127917214767,0.099162049428649,0.689311848411829,0.692808310700793,0.586222489373874,0.65216874921599,0.676037079279055,0.638170993191988,0.705272646819888,0.40139783560058,0.00986270451045585,0.0733877010104958,0.587192843421763,0.682824024484044,0.666627669097917,0.675411804903947,0.696846283065834,0.627046384098372,0.62496718823673,0.479420028266708,0.557947648870677,0.360958083179784,0.198915786061021,0.352494886599974,0.0722755524824814,0.628055483505666,0.639589355431572,0.349614055047009,0.46620308957606,0.672803637124181,0.489592902379795,0.607569515969062,0.109340688870688,0.195432346840959,0.396122477857165,0.689406346704939,0.492268772432474,0.118076318839309,0.356966860196336,0.351110875079151,0.450984207456918,0.61054546432507,0.592904510573657,0.689007685049018,0.685543406297524,0.692414995662476,0.673387659439199,0.620714872563868,0.585117029128292,0.708005739059887,0.663539613820044,0.336986435057586,0.24753970182944,0.579249818963643,0.012434011954419,0.570701690734782,0.527856452380638,0.481633938721091,0.448063650586627,0.289702523678223,0.0300502711769848,0.376936772667731,0.477956698727078,0.632930252950025,0.585613044843645,0.354077833497445,0.447274651647027,0.431109049140331
"10",0.129866020168375,0.00804801266696049,0.542255713512906,0.100267807736927,0.257860211933512,0.485114085849156,0.531182937099536,0.0758592388978741,0.439987569904194,1,0.562636158238009,0.0941076390384117,0.496903515656787,0.0526582504884637,0.233671150934172,0.120194326324336,0.591785721503612,0.611482355888052,0.525782009848418,0.593556359506193,0.563702093466696,0.530860154059496,0.61628358439162,0.438292536519132,0.0659100638264378,0.063620534334674,0.454434486936379,0.551694626365802,0.438474194179671,0.538194702635515,0.578703176836675,0.606984872464878,0.554663538211622,0.475667838088974,0.491149568163758,0.324103236260947,0.0949967211447707,0.435447300189424,0.188390904048128,0.445996479183076,0.512655023791689,0.407885055539836,0.254383576072168,0.547673705244661,0.415209718583736,0.539055009481813,0.140327030922251,0.0601829907794659,0.295979689343084,0.583927178333022,0.417591782555216,0.00731611495719296,0.262064660779711,0.229622507595635,0.357887195509581,0.549043063536137,0.53969057638044,0.605292674903536,0.539333156825346,0.586254876769429,0.572223778963456,0.620679898168689,0.595516128921757,0.499026714959544,0.549083906921935,0.0559006871430789,0.239837797736988,0.41007251107884,0.146233028544323,0.496733801260398,0.506648064109655,0.402090863324226,0.439782672122744,0.0142237398835262,0.00078761630209237,0.300822937354499,0.403232004888738,0.508146370118873,0.513769745981313,0.315039891848912,0.425682169790934,0.528680151601743
"11",0.0346381643021784,0.0193781084572095,0.734559131960354,0.342599849447309,0.281186558943515,0.718466409213487,0.757617828278183,0.118730879193558,0.655536543873267,0.562636158238009,1,0.0339264185065412,0.666245826978279,0.156424575959018,0.324719869652779,0.187158678988875,0.879738022980883,0.846161007321493,0.791675292579488,0.847259525786358,0.85734877857838,0.82671574043868,0.851709338174801,0.606206164247792,0.072294676405575,0.0137101434265251,0.715427371212648,0.840869427419739,0.679513287791629,0.796554666169142,0.830806628877458,0.83357791462076,0.848243016000248,0.697345178137723,0.794725556139507,0.40640586013752,0.349961221568929,0.489098550363056,0.271867768516537,0.777339178618043,0.80177392260381,0.384337444554,0.425505152937529,0.828835254188391,0.649855333840023,0.759013054114008,0.134692481699262,0.160810233261987,0.481728059515852,0.855636012904108,0.485984986434568,0.0185971902171909,0.508386266080225,0.374712433976028,0.65903883421526,0.776566933988152,0.814078420142789,0.870709647501723,0.80810435140454,0.843123798115645,0.89100580438983,0.877738665754555,0.813681729111502,0.761540675772865,0.826543278464765,0.362388248644874,0.29674885945642,0.708858804465238,0.146102235488368,0.681089591702822,0.734623628965635,0.602766841455518,0.567761972290381,0.311378714602485,0.0230081330556895,0.44857831983142,0.561023496412359,0.801721488241592,0.71909691359464,0.488917334378002,0.542774360816267,0.692779867092773
"12",0.0742078961287652,0.230535767107081,0.0588349679728781,0.362935126998735,0.272175756778253,0.096411479316384,0.118785327306489,0.29020520811707,0.0203194865990746,0.0941076390384117,0.0339264185065412,1,0.105625893080802,0.399453787461377,0.159032304418575,0.0665382385135165,0.0456584201722952,0.0829180137059681,0.0597964332539585,0.0317093428343703,0.0273573846792013,0.0305535588439199,0.0512988734361982,0.122712506571928,0.231140171566458,0.138865190779346,0.0259593242917824,0.0824136404309685,0.171640664166811,0.0581270975414264,0.0233613749549429,0.0734792800434899,0.106942160283738,0.0282911109990474,0.0501299290319654,0.0992071777075856,0.188890387529316,0.0376308345670226,0.04673075919682,0.158502568597592,0.0434888843380128,0.0285755261707945,0.106389698024549,0.0124668906616023,0.0848506208109937,0.0200887066082022,0.0119974604157245,0.0177401803280299,0.0561733462576099,0.034736210403594,0.329372441414478,0.0214900978673048,0.263615777808554,0.0750798390185945,0.0995152500698864,0.0505034994020396,0.027727300719959,0.0389028208677913,0.131059942802935,0.0578585567298142,0.0406656724853536,0.0603758207544377,0.00786395978242993,0.0192764080588268,0.0622739742034824,0.335925399050121,0.127446051429561,0.0478445611131591,0.145278037571877,0.0357398356503945,0.0893134377703581,0.0172960349602242,0.00619533061601146,0.280692473749825,0.00251026179121836,0.0350880028885964,0.110907220092103,0.0249255651809582,0.000540700202882839,0.119251706299504,0.14254260412297,0.101940884196256
"13",0.0646053928576868,0.0474886770801806,0.640911700125252,0.152594934208532,0.213776540831465,0.605505364729081,0.599198193995703,0.00455419041935097,0.602818972151159,0.496903515656787,0.666245826978279,0.105625893080802,1,0.01695076995565,0.378996152933865,0.0224287456713223,0.662997308766106,0.696158072055907,0.577636048699429,0.715135110409616,0.731894651723313,0.68893397832176,0.739183201703229,0.449178497113114,0.0487759085456802,0.204702155169458,0.560110525160599,0.701354691658516,0.671640811424825,0.693331822715997,0.68609898382156,0.685484969101094,0.723260630968955,0.550803850741691,0.61008393076178,0.326509977235906,0.23700442873107,0.343016463801004,0.232587091498269,0.611632134950441,0.695366812321795,0.286700922973881,0.34193454943605,0.672020070295625,0.482769779181161,0.600633113366595,0.198697445001897,0.0849040900028541,0.40043817893414,0.759212290111836,0.587940264418147,0.189765698271011,0.40676277170682,0.437032132096802,0.420888770856825,0.669466902483354,0.646740659763093,0.750449589489199,0.694925298636878,0.753387790351615,0.704703873717031,0.708651756311286,0.669977824212511,0.688952932496429,0.655249149772684,0.221315356864142,0.328013359206193,0.641576985100417,0.0625244536494004,0.60011742562077,0.62124363070153,0.533664079852967,0.43047318694502,0.136763576188915,0.0328229355541968,0.346482957285511,0.431977699146013,0.59295957536563,0.557324501522387,0.266775007937354,0.548540661944718,0.577505538796996
"14",0.00324563383964717,0.114312880652626,0.195530038974943,0.255012013429029,0.196667931774205,0.0657369379185096,0.206587710052232,0.274675372307042,0.0281750042451628,0.0526582504884637,0.156424575959018,0.399453787461377,0.01695076995565,1,0.106322951253283,0.0394971012263952,0.178419969370683,0.0857555007416075,0.214637929702032,0.121132641792257,0.137782011561031,0.0643587688221094,0.119106336266074,0.0655911367985134,0.0641037991312535,0.258182572814008,0.0334240790864523,0.0403514405003446,0.206356898449424,0.0481352143625548,0.137620121075517,0.0751193040696191,0.180425614860781,0.122550457023421,0.178854315827916,0.12850425773386,0.170942758777484,0.0430719131308719,0.119414359884168,0.173540354076388,0.178131703785444,0.288450230841513,0.120677162518331,0.060706942143594,0.148535490454767,0.122784458230918,0.0262316158092855,0.0757880119328213,0.0756620867451932,0.101334736770212,0.25749339424068,0.0426351390136787,0.284187047634887,0.0401379600610858,0.108820550261819,0.101233510891334,0.168324245736866,0.0865862163773701,0.0745918522110823,0.0726040079677509,0.141386556951076,0.102990537726923,0.129573618202335,0.0384147574308391,0.0851125299644245,0.192958927313,0.105317125413164,0.0612445395638442,0.0308162642277237,0.0338957436882887,0.166594795084927,0.120868082448869,0.154174930032555,0.106923051055146,0.0883780800873926,0.155235040112815,0.0967399767072736,0.169797197093071,0.128234318443724,0.257569155264923,0.0236370852216601,0.0812041636711564
"15",0.0909017234392604,0.0626481265959763,0.238616067858272,0.0122619382505351,0.202231580311115,0.296421691825975,0.283175400469468,0.118364698991095,0.244127917214767,0.233671150934172,0.324719869652779,0.159032304418575,0.378996152933865,0.106322951253283,1,0.0760030178252872,0.284942653401217,0.348511993119068,0.255956654677309,0.361602131861209,0.380137817520569,0.406390427060802,0.355711546890671,0.233958080760195,0.0314777718507884,0.147370715976684,0.33710167999063,0.394109173704593,0.375926694762908,0.374421950845502,0.317242605437593,0.351327423536462,0.364202461275276,0.301471999732763,0.329568171133417,0.101843211009825,0.101949649268011,0.15681030345911,0.0927204187795321,0.345417956627014,0.297781589428345,0.0372879522896161,0.143136499983061,0.340227462087982,0.204055754087004,0.261239605018772,0.150271717077653,0.0219178225067103,0.20574703625288,0.401152487037798,0.314115973714021,0.00118431642807672,0.113371002452352,0.253204771181984,0.262141716543145,0.34277934365583,0.316311162850947,0.378290389071417,0.367684223614084,0.407242886726733,0.374950799076848,0.400110147961682,0.334446823903926,0.384328000878973,0.309497190533305,0.0441953647830967,0.275725858222001,0.39174858903114,0.122571340719052,0.33302829054776,0.223883879075259,0.306362173935388,0.200219756272256,0.120162013878927,0.0851865906248224,0.174002402850055,0.112069362618437,0.219947751544149,0.199759350480023,0.13183530774341,0.344971356246953,0.323117613630149
"16",0.068451379273269,0.101741710564536,0.0876564474115025,0.0255917332574971,0.202890172923089,0.146938725716911,0.0574517405842265,0.0225117050597905,0.099162049428649,0.120194326324336,0.187158678988875,0.0665382385135165,0.0224287456713223,0.0394971012263952,0.0760030178252872,1,0.235869247021902,0.256626524227356,0.250875063244011,0.187072216810429,0.155644290842979,0.180023979377126,0.215491161194211,0.218955160187878,0.073238831663494,0.141715613401485,0.183265238264272,0.196748137425732,0.0552835298714051,0.18694095395755,0.229832181010727,0.235077786074691,0.0978746922606495,0.156585807062737,0.171574936789863,0.148540440238838,0.0456463277394604,0.216056433859648,0.0547584610667753,0.0736152207053751,0.0930269729628583,0.162466188949657,0.116994490871105,0.137196402252168,0.162076389375097,0.231600323271141,0.0232832706962904,5.82559653322054e-05,0.0154050355365706,0.139466019933248,0.0568070771907049,0.139791981108003,0.0252336749050567,0.0277109552261027,0.247468399895583,0.2053008270698,0.157193734412365,0.169341232063863,0.215936797220332,0.158617472764324,0.159171613478971,0.214876988243153,0.158566450626641,0.059087454877134,0.184036466302616,0.150986000915425,0.026148021780089,0.137959936245966,0.29329509708118,0.123326297203713,0.0356256749831112,0.139400796985028,0.188307733069975,0.0738583503084278,0.0701036031265581,0.108156608833371,0.0885201792386429,0.126581250750468,0.109441264826879,0.178394544365726,0.106859573397515,0.219816225727982
"17",0.0285012191778567,0.0719771462960066,0.75592814541909,0.36492953843392,0.333823375232026,0.756179197347301,0.788465401650243,0.156401702487232,0.689311848411829,0.591785721503612,0.879738022980883,0.0456584201722952,0.662997308766106,0.178419969370683,0.284942653401217,0.235869247021902,1,0.924028343513259,0.845527827891392,0.882151961214978,0.859820311471796,0.839421628331502,0.882656986010847,0.656675266998165,0.0488993025276799,0.0719805142727527,0.719699801377641,0.857288049782951,0.680929722286677,0.83246176217435,0.915018063414652,0.877467492068735,0.843182415256973,0.717463901091154,0.761114835135818,0.460397192279422,0.290690552432222,0.516781903434005,0.22680260510001,0.761903636319456,0.801485942522049,0.462456659171426,0.490371596686335,0.842695679898726,0.682095337825974,0.817474421587462,0.139022367713141,0.143462026244746,0.464530081637128,0.867166761139953,0.476522380740572,0.0655558628055737,0.475394621254733,0.360697708256058,0.645371353609366,0.782931771418712,0.840901808425991,0.894076411776053,0.843312319038972,0.838963296014964,0.896193900913103,0.894701070518928,0.850665320732773,0.762897444659149,0.826082429749358,0.326812083098089,0.323866275157809,0.72345973449716,0.139624141505513,0.762022245618319,0.735191345539882,0.630783911591803,0.657147975487611,0.289310858197901,0.0153187526695992,0.455316237191779,0.592028338754374,0.829903109834311,0.776170725756447,0.520792082273433,0.551523920137982,0.712246114679382
"18",0.0469615573697242,0.00520383245531943,0.727464338619405,0.242811498308533,0.399838342400184,0.763518260265673,0.746641585518998,0.0779533469076495,0.692808310700793,0.611482355888052,0.846161007321493,0.0829180137059681,0.696158072055907,0.0857555007416075,0.348511993119068,0.256626524227356,0.924028343513259,1,0.805546994274968,0.871222446368917,0.856592263671302,0.846779064658324,0.9064017319232,0.691563283400679,0.0908343588221945,0.0259203880831544,0.700556965790612,0.869925760475966,0.725769072745023,0.870522437363477,0.905652745639123,0.872415842933585,0.813706540161364,0.719845549548223,0.748932738079925,0.422256521828126,0.24671532657068,0.542205349247164,0.185489932971929,0.722315033625614,0.781819468777644,0.461745141083257,0.493694771556015,0.845794025852071,0.614037099021119,0.780569840218639,0.159713327871949,0.148290702835591,0.440542772191204,0.877756410145998,0.553268951804876,0.0401371196602314,0.378487783868271,0.386255898640979,0.6018124966147,0.795027480341535,0.80111084959754,0.896955489078636,0.88287816791954,0.850574885965026,0.886083807057549,0.898201359737155,0.834765649765752,0.775658634767392,0.836649407908546,0.229008010203443,0.353548065780238,0.701626040666757,0.200284231890215,0.74798068053602,0.67271254304356,0.625761887265739,0.608456890455573,0.232784381972011,0.0331554142329126,0.420238108825127,0.574604431093941,0.797487701697242,0.752409911842972,0.474335543841402,0.594902027766762,0.707267585959796
"19",0.0678792297904513,0.0271636323078677,0.65324172702131,0.309213340053052,0.292804671666712,0.629145783252823,0.676691441946276,0.0586076693200493,0.586222489373874,0.525782009848418,0.791675292579488,0.0597964332539585,0.577636048699429,0.214637929702032,0.255956654677309,0.250875063244011,0.845527827891392,0.805546994274968,1,0.779649776851936,0.782173536734729,0.743889198414036,0.798253070808899,0.642228020322662,0.0651816521343006,0.0750521118274976,0.674814380751333,0.768253222577586,0.542203218791888,0.698743269363212,0.808301524088688,0.808004243301885,0.744122034854137,0.621708716803569,0.709146517139941,0.377631976103003,0.263492419993772,0.503991382463594,0.22120671975152,0.646066607692547,0.723029694571736,0.448494636454974,0.412675586995449,0.730418241159849,0.584284217619006,0.717745539213203,0.156031788240221,0.0586185034551322,0.41331677825151,0.773565236344393,0.381802879863974,0.0691381678244734,0.474738923783995,0.356892867460382,0.644089064078859,0.751258705722241,0.736359888200346,0.787213115962706,0.743015202462396,0.744281211532749,0.80843784354782,0.800299491542555,0.774992901000521,0.651424519475965,0.748218108000292,0.217775005540629,0.281026453266161,0.612843692641177,0.191635162712427,0.641649302676097,0.64577818467858,0.586148991685349,0.62176779722629,0.215962241829282,0.00866384662300471,0.416395003071145,0.530302288657725,0.698745699598902,0.670347066946729,0.472104809029724,0.518310093956488,0.650052162544915
"20",0.0367595990641216,0.0450225789803813,0.76549815344161,0.229704011057834,0.309747886269459,0.685351290286197,0.767371957001842,0.066634346210917,0.65216874921599,0.593556359506193,0.847259525786358,0.0317093428343703,0.715135110409616,0.121132641792257,0.361602131861209,0.187072216810429,0.882151961214978,0.871222446368917,0.779649776851936,1,0.869982964649648,0.824407522151778,0.887338556156342,0.594696450160976,0.0302153733079042,0.00317332061808257,0.715342202275419,0.856571881829118,0.697618157194735,0.80541910559176,0.858047363471817,0.859912546837103,0.838937315523559,0.682462938432636,0.76459582127085,0.421463061203109,0.278338521529547,0.553185900427335,0.262349446758382,0.73094135165826,0.813413487517332,0.473502191151686,0.459739822411931,0.821832117503845,0.63033861739932,0.762663954474199,0.20962782888018,0.0580277477061351,0.437949860845876,0.875722449494696,0.546142315392568,0.0406728890187068,0.477479609112056,0.411964723559807,0.6204382706463,0.814099149927059,0.790500877217081,0.872551535255983,0.81356022620822,0.865491954723822,0.879034256997782,0.872537049134664,0.804411637196614,0.76705890016521,0.797724065946319,0.242895953955731,0.304337732173797,0.718358566427311,0.152261243259895,0.70541584222372,0.705709508016685,0.629840188121416,0.6227023039318,0.208119394745381,0.0429532986006857,0.442731793591457,0.583390608092691,0.780402314566663,0.719550585130552,0.446137041753697,0.573443480844449,0.720125446382904
"21",0.00451238101559378,0.0970567826037864,0.76632747957579,0.286780981727127,0.255051137789486,0.679898404563158,0.754962003461494,0.12883921701202,0.676037079279055,0.563702093466696,0.85734877857838,0.0273573846792013,0.731894651723313,0.137782011561031,0.380137817520569,0.155644290842979,0.859820311471796,0.856592263671302,0.782173536734729,0.869982964649648,1,0.828168061866658,0.895999163052084,0.587575341375262,0.0439583151785238,0.0201636119092059,0.732211506279327,0.855737160495637,0.702730034108119,0.821014883046058,0.848526893180986,0.842265788942299,0.870496548675469,0.689204248504868,0.77870519707287,0.44605437913787,0.346647487260098,0.47601164741295,0.227357555979867,0.773870091857414,0.843979784005518,0.433966843786933,0.487535694145584,0.829021779855472,0.63784277067868,0.755357406269915,0.170145558498213,0.0996534248491861,0.498964261163437,0.886062747124597,0.530094846834106,0.0873122357607994,0.554772938205996,0.451580661924147,0.64948671750248,0.828781945619032,0.791780180811576,0.870433594232011,0.804764287601658,0.88953306085015,0.8976604848943,0.85688229638054,0.806705887119975,0.798274769527214,0.811647718452219,0.322031331866398,0.251834641483894,0.702740994511386,0.144110612224783,0.674738982593494,0.691388027440141,0.615272475987396,0.597860348806191,0.24499108448482,0.0762004423532775,0.452500073223141,0.552156691784385,0.775715504903977,0.717230858527867,0.491143492019915,0.577393489678798,0.647109960216703
"22",0.0549821560133781,0.0370143231875811,0.695757884159285,0.328358925935641,0.256599197626561,0.677235487539096,0.697642920997266,0.0772841880907782,0.638170993191988,0.530860154059496,0.82671574043868,0.0305535588439199,0.68893397832176,0.0643587688221094,0.406390427060802,0.180023979377126,0.839421628331502,0.846779064658324,0.743889198414036,0.824407522151778,0.828168061866658,1,0.849221180544509,0.591990076969611,0.00167823364397454,0.0243476558651602,0.692367695974951,0.833222364855749,0.69860155044509,0.814649858807659,0.823282079153165,0.832101501003433,0.833985522495402,0.665551119006452,0.763611853790455,0.381473144836478,0.279771881753899,0.406489352554726,0.248761926363739,0.733128693152336,0.784979146477671,0.317729504288037,0.468324194512399,0.77163882042757,0.616304211198867,0.715172109205835,0.177093567386809,0.120727712133055,0.4556577835032,0.8520406092931,0.501885963919636,0.0140307780729923,0.479853920005195,0.439683085562388,0.620082748006552,0.759579959680341,0.764724492063308,0.84650846144908,0.834924257640612,0.827252551658052,0.854998552274806,0.840504295290242,0.78548617879341,0.750336213864426,0.764915185102835,0.273255161058392,0.313990956472622,0.698400277996042,0.141094008398789,0.676265785377545,0.659591340267637,0.622818274914651,0.53024872142118,0.320413687339708,0.0570448570330307,0.432739497967723,0.436932550860827,0.694628380658793,0.643613666804278,0.464706095989725,0.532853864815953,0.67366955364989
"23",0.0434035746611639,0.0128271329896068,0.782981497453917,0.223748825247565,0.293435827890097,0.689449108739681,0.747514549883126,0.0945498093400593,0.705272646819888,0.61628358439162,0.851709338174801,0.0512988734361982,0.739183201703229,0.119106336266074,0.355711546890671,0.215491161194211,0.882656986010847,0.9064017319232,0.798253070808899,0.887338556156342,0.895999163052084,0.849221180544509,1,0.643062589470645,0.0336807825450103,0.0142515961037599,0.707947463469573,0.870327795086975,0.707025381302151,0.859821204269288,0.89211882760307,0.864478266901322,0.840047538003442,0.694848652706493,0.779405660355439,0.448359265603247,0.250521547304091,0.554431672764139,0.247842901923509,0.725087391488626,0.845162712416715,0.497247945714038,0.507574508145537,0.833926937870898,0.624473568515528,0.768846935207217,0.211598029426234,0.095465236035239,0.43666026541152,0.898723646088108,0.581879851301394,0.0428904735609233,0.497420279050432,0.457945253564113,0.630541737023918,0.837603657714086,0.783362235890494,0.880161731076195,0.84267140504623,0.901385804711908,0.8818878204608,0.884463461355369,0.802771331000551,0.788366719125039,0.850385906123344,0.211519492746175,0.292754425431972,0.687951013676878,0.220036369597245,0.685515894683029,0.676297785942577,0.630029950759953,0.643061111871666,0.193571047751185,0.0372434476979511,0.473657925907926,0.586996019485895,0.778328947023275,0.72969822309764,0.458038292567158,0.55798616887295,0.69898136871778
"24",0.223791873854734,0.00094917820085098,0.494411161386553,0.0760555139093062,0.26115373719645,0.504666398462548,0.531452697160454,0.0348695351876098,0.40139783560058,0.438292536519132,0.606206164247792,0.122712506571928,0.449178497113114,0.0655911367985134,0.233958080760195,0.218955160187878,0.656675266998165,0.691563283400679,0.642228020322662,0.594696450160976,0.587575341375262,0.591990076969611,0.643062589470645,1,0.135579410412818,0.0398289768948995,0.478859565750449,0.608747859286669,0.432557207358236,0.604454690924807,0.650737877011679,0.662940862866598,0.601364153371764,0.558017691777626,0.53587285259734,0.283266837847365,0.131505481915164,0.411496798788698,0.18251536627909,0.447117778929827,0.535201933753016,0.342039075393504,0.234244539400281,0.58273740473849,0.438406748091469,0.53177542362847,0.125109526180582,0.0167259704430964,0.315819834964837,0.610436835860892,0.390522287541065,0.239025587068875,0.281019584061834,0.210078372830036,0.456924802048133,0.595799184539335,0.664661314934901,0.654840296287362,0.624371641304356,0.558235025990905,0.664973382557835,0.683067780906551,0.687286278429593,0.451479323407436,0.628526136365133,0.0416678400868309,0.257554064249762,0.414957612984843,0.236967088897393,0.495257364425969,0.533058199272024,0.427089471289543,0.547727347550283,0.109087464875753,0.023287413394697,0.277738610332168,0.475362422045326,0.551728091896927,0.597973065128146,0.346932433536092,0.468721154793413,0.587537634482564
"25",0.076585780735135,0.00381843972859331,0.0320012515948558,0.143049478475844,0.220286135586338,0.0238208044238202,0.0293379080329186,0.158885475602047,0.00986270451045585,0.0659100638264378,0.072294676405575,0.231140171566458,0.0487759085456802,0.0641037991312535,0.0314777718507884,0.073238831663494,0.0488993025276799,0.0908343588221945,0.0651816521343006,0.0302153733079042,0.0439583151785238,0.00167823364397454,0.0336807825450103,0.135579410412818,1,0.0745003253265015,0.00586009985404623,0.0393340766283642,0.024145763879677,0.0345088567720203,0.0633812139598713,0.0555817590075586,0.104767677059561,0.0363011483407479,0.0840475175477767,0.0358799416454799,0.201983393207037,0.0677036328806749,0.0446404106352626,0.139575080370794,0.0673064785468139,0.0607134630695175,0.071576682527969,0.00288438932945913,0.0136161256699287,0.0405638221123423,0.0591813629792072,0.0955857718651618,0.148001045301838,0.0286056956124648,0.0975689873599397,0.214596097993576,0.232260153177439,0.0339513265636855,0.00918521036382172,0.0125052981407644,0.0104642689654863,0.0292050187025989,0.054453106444245,0.046386587451392,0.0439413395661844,0.0588778887219339,0.0135243816570414,0.0509426850941484,0.0331038844154327,0.341239293063554,0.103632949264936,0.0146018126708942,0.195571503936816,0.107186673394029,0.075845221894638,0.0306455820534343,0.116556708169617,0.157461478542202,0.0746366037989973,0.018093337804307,0.0147213072682397,0.0732296684692729,0.0123802608469547,0.0434855556462508,0.097689801928508,0.148309505798388
"26",0.0281975618702861,0.0445370604191209,0.0125663573423725,0.127622252037981,0.133074769405995,0.0624789617853597,0.0025091922747835,0.159590419295836,0.0733877010104958,0.063620534334674,0.0137101434265251,0.138865190779346,0.204702155169458,0.258182572814008,0.147370715976684,0.141715613401485,0.0719805142727527,0.0259203880831544,0.0750521118274976,0.00317332061808257,0.0201636119092059,0.0243476558651602,0.0142515961037599,0.0398289768948995,0.0745003253265015,1,0.0440383600343037,0.0302068410488249,0.177337744245041,0.0554124368550064,0.0727341076354771,0.00611024596063224,0.0547406155503326,0.0454492095061928,0.0702815580986446,0.0580401760408996,0.00670610003625023,0.0257766686229576,0.107742746276555,0.0499568061931139,0.0259397880075151,0.128924967858976,0.0481680893627031,0.0644901268931884,0.142875351598886,0.0158106707110886,0.072585970919801,0.117025363311236,0.0172518119278241,0.0445833883129676,0.251197709338111,0.227379920979884,0.157701909155171,0.125092478184519,0.211488649184815,0.0165504753028562,0.0275628533023924,0.0630702607736249,0.0686315724732775,0.0236075274153962,0.00454475466660268,0.0169756688281251,0.0559975642110359,0.132719654332728,0.00334922382950958,0.0220762875226034,0.219964590971526,0.153184302110802,0.15159176752514,0.0710602512004629,0.043153990484048,0.00958033993528337,0.157120894918755,0.0272410116276605,0.117921517461433,0.0840104247243534,0.0660819551771372,0.0260541651061258,0.0133474996057473,0.147504410035537,0.0733431301602433,0.0542462393151249
