"","1","2","3","4","5","6","7","8","9","10","11","12","13","14","15","16","17","18","19","20","21","22","23","24","25","26","27","28","29","30","31","32","33","34","35","36","37","38","39","40","41","42","43","44","45","46","47","48","49","50","51","52","53","54","55","56","57","58","59","60","61","62","63","64","65","66","67","68","69","70","71","72","73","74","75","76","77","78","79","80","81","82"
"1",1,0.0977899683992517,0.313742142674776,0.425122082241337,0.48083446567219,0.50223234853826,0.417487651826758,0.372841462859474,0.020158041154604,0.60471539260055,0.306646856653555,0.547779730444644,0.529414242416856,0.243404517524982,0.226132521304431,0.306986884557972,0.555522867969303,0.629923680247069,0.563497242893119,0.333185739171599,0.631709187131358,0.580360860082381,0.654052944695839,0.504804126703731,0.284514572782169,0.113198189747053,0.576433595834502,0.606118540363982,0.492323569169473,0.529719804475257,0.609984303096128,0.571616509688849,0.615455197116327,0.57868428328352,0.525442457343598,0.466270502204624,0.0470850972707723,0.400476098527558,0.389945444801732,0.557144789011814,0.647806679103663,0.648735440661473,0.452007455966659,0.517957067472106,0.46569925661489,0.443389759523766,0.321906548097827,0.0445624253121446,0.476360259479292,0.584869574111241,0.453125468069775,0.040256957339171,0.0484716059159136,0.672132892942578,0.218568959874716,0.501403993801985,0.619677933997626,0.607584060669631,0.622491878803381,0.258842020788263,0.517855881303733,0.533912631148155,0.580414666982962,0.390132191019667,0.602048454839731,0.432400727044416,0.421523750746958,0.453765338687641,0.200057050977195,0.539478332198247,0.0691013485284463,0.610669439522197,0.391564427527098,0.0454365800021143,0.255303687058916,0.168429847059768,0.519178906843125,0.579517734141301,0.339213852332353,0.330099545093006,0.574609284582622,0.223778878508555
"2",0.0977899683992517,1,0.073317236678789,0.201750613897587,0.109997065831117,0.168848917325719,0.123296578419401,0.0232641743593523,0.0623746673396638,0.10278332791522,0.153981571465525,0.158614635237225,0.106044579387326,0.0366904516946382,0.162626967599434,0.110256011424974,0.175362113088479,0.224530389696898,0.222944934607956,0.114761273746004,0.17405849735512,0.180594148137456,0.12551353316535,0.131264893538294,0.067603082287555,0.0510536714840084,0.188910953011082,0.155924606043806,0.142379519314502,0.208804917805916,0.19131547002126,0.199936085261269,0.123137153052967,0.132983575305667,0.134338177926313,0.0555863395599687,0.0372713596503934,0.0631411987512142,0.142471807101473,0.138033217349442,0.124866759187255,0.145645497412879,0.180909649098062,0.194575503415846,0.177653156480984,0.149849816659158,0.169550632838012,0.0639878430034839,0.12857692542052,0.113829989440468,0.160017131303427,0.083164201563204,0.181624934124578,0.124760185335295,0.123013510426578,0.0706296602623265,0.165001117923264,0.131325223202605,0.125427591882593,0.125142460826211,0.177078784610532,0.174158077108233,0.136066178976622,0.131217168429436,0.150796823171208,0.119740473172673,0.147368805769202,0.0405651157392252,0.0105489711186513,0.163144969249061,0.13782684947944,0.127770777654477,0.173696293666908,0.0676279855748584,0.0215652241056932,0.0515574797015168,0.0587350393910381,0.107017240404784,0.0031310334763886,0.00234230058253767,0.0796470707292483,0.0627723636170577
"3",0.313742142674776,0.073317236678789,1,0.199925706200083,0.23666083845648,0.120103055427303,0.1869855774608,0.20772082637017,0.0146283091097833,0.395264039137691,0.118878964115923,0.237123945575395,0.308837274034701,0.125289559220369,0.0852044411397446,0.144604720637464,0.290857737266783,0.234650328906287,0.239808937581789,0.0440744154009978,0.340748340689697,0.287620723309224,0.356590848550902,0.36711276270802,0.0502864889437199,0.0302659650028636,0.330789665088748,0.238342496436024,0.198699329157757,0.175354752793058,0.308454756292974,0.245350135909986,0.367879038062324,0.227033341637988,0.34361531643234,0.355113248749927,0.172721489774225,0.16330864448449,0.180915684600804,0.337699971363823,0.314515940161268,0.264174946152417,0.228156707313334,0.139414133002188,0.213850820790959,0.219924992658974,0.228099655288319,0.166399511513457,0.348589089372735,0.165395098849327,0.197564561116201,0.0626328039103652,0.0184482162349992,0.376470302126501,0.113879580111831,0.248524787386744,0.350315131565513,0.33875941941229,0.250731004782173,0.125159379302412,0.231814359412578,0.243924177068247,0.346173382801743,0.112714065245605,0.342330267643038,0.257540835638375,0.122339726036681,0.194039709496486,0.0129604503563126,0.219256280526395,0.174156050222017,0.383474015857447,0.159845532281513,0.0194010144686524,0.17232622998503,0.0823854925284365,0.283738035814989,0.331804469827168,0.221329096720164,0.205242238003998,0.256645177116573,0.15353860137363
"4",0.425122082241337,0.201750613897587,0.199925706200083,1,0.364792748893524,0.442093007375659,0.229502411188935,0.404586631449612,0.0726008158797821,0.537184493604191,0.389001854099405,0.52494992692632,0.548776828194292,0.367063817880528,0.170138969185484,0.219051740918876,0.63768424890189,0.564377247365034,0.541592721190734,0.214356911889564,0.678762517107068,0.471166208192345,0.600971645586395,0.409944236701879,0.21267364133828,0.156672814402091,0.649041674681293,0.534325972112091,0.519756193163248,0.504881407972189,0.632741355560834,0.566581024648168,0.633346564020523,0.472621281466489,0.539258006248994,0.567746875262314,0.0707698280910754,0.345040201831477,0.456140578049014,0.676361463899188,0.512247670399984,0.668906201526449,0.653488146723917,0.457173988026543,0.514174883070281,0.491519828665124,0.493277587977915,0.165297067150624,0.433391992423716,0.558305078619752,0.503631503435356,0.295437711364079,0.198715058642637,0.584187861027528,0.214833329627987,0.544445473477699,0.627915954174383,0.542969517080294,0.499231337476373,0.15783645810499,0.588349568094244,0.541989761570718,0.628027546363786,0.415854981998035,0.512675730743235,0.524944577661289,0.441497717619362,0.493931323604787,0.148115225280269,0.522796080167694,0.071097328316591,0.615118721656664,0.284133194660494,0.151167015063208,0.091467298327242,0.0340071937786572,0.382228568729544,0.570312046994415,0.261391131874197,0.348426704512393,0.548901678564385,0.1979947101879
"5",0.48083446567219,0.109997065831117,0.23666083845648,0.364792748893524,1,0.527437532530722,0.432668799764352,0.331187241358826,0.0519589603375879,0.648135134336566,0.499460326018955,0.59733011373007,0.544637389988159,0.421041101208485,0.282698888620582,0.380301938481767,0.667689218471721,0.676686710230497,0.570366895744336,0.387023163925277,0.633011739779659,0.667589874935042,0.699798823219418,0.58269911103392,0.359514396728741,0.0456251492195229,0.633823776758479,0.679181259196467,0.600105641509446,0.607383381205227,0.665059175481291,0.651443866428501,0.652694438892929,0.495402075949134,0.615817254326571,0.466319939717408,0.028516710286955,0.38747642414263,0.467732745079264,0.605219903351694,0.571096529494315,0.504261964826542,0.396567236155827,0.51530410185296,0.435200995356436,0.541374097827343,0.347773353438892,0.0849850359515789,0.47394740502603,0.657718374437686,0.553716875489497,0.011005885259289,0.146072796349667,0.624959257655059,0.40144995354757,0.57358491795273,0.678311860463613,0.684874889714139,0.623725175845187,0.349114641856781,0.635477741933424,0.701981253026273,0.658664935199611,0.4453440204624,0.628614667130246,0.522262240378959,0.487816401882805,0.543882100129796,0.286325733128163,0.594919874218934,0.132788446510155,0.649020594570109,0.380361274381993,0.0575074381306235,0.395340015639983,0.0218232044544502,0.398202401781402,0.569220868310189,0.43921270341439,0.319021331064503,0.585266141552975,0.492648869361194
"6",0.50223234853826,0.168848917325719,0.120103055427303,0.442093007375659,0.527437532530722,1,0.374340067147502,0.385549927191995,0.0462821163554947,0.554124633300741,0.55890356730449,0.58407895194069,0.537015936242103,0.430960986824262,0.270089801843418,0.338326836399374,0.635526282462354,0.680422378906561,0.546753674822624,0.486553576265539,0.619765056160256,0.602182770521678,0.661819845258025,0.534421250922996,0.366950938204135,0.00634181039556421,0.587177127018154,0.631691390639622,0.626421635199673,0.597640750292183,0.657122697183549,0.638258615233686,0.610084141854539,0.566452021667724,0.559523441170349,0.448787150385006,0.038388642003746,0.433224014963048,0.475948936564425,0.543620790838752,0.564685460221719,0.551073559656222,0.356672706392073,0.631826632540648,0.468939692596328,0.444450359560697,0.342117951930119,0.0182897971698629,0.425792326235332,0.685128232542956,0.607258047551857,0.124099610992438,0.133471862129533,0.589802153390359,0.32570119635034,0.576661898002795,0.595088217707719,0.651594621664867,0.68162422248424,0.47272536710395,0.605711897649089,0.680714764027128,0.602795271679587,0.414729785438789,0.58066715856736,0.529129696206473,0.516261977805827,0.538219199474638,0.329594086309941,0.610812998083292,0.199373993276632,0.606500985740448,0.352441582291166,0.0656332063581845,0.344084380547541,0.124481128701723,0.398291610184937,0.536681166105934,0.438114598713265,0.291705654563175,0.585593477054207,0.475369010492757
"7",0.417487651826758,0.123296578419401,0.1869855774608,0.229502411188935,0.432668799764352,0.374340067147502,1,0.225337824331252,0.343769812339618,0.480154428444734,0.275974999869493,0.523103672376703,0.452594893035123,0.225195139738617,0.255428774693597,0.228516607078902,0.432576064672269,0.54745631106545,0.424598400990549,0.237647965478964,0.500507489382197,0.535247172242805,0.545676030554647,0.493127709766258,0.059058279800844,0.266852299900361,0.393934818893652,0.54324457026262,0.469500343351775,0.506243749196596,0.487601797751407,0.552910879529149,0.514865343200408,0.380538014651061,0.453554069661599,0.345997873423166,0.0233304045093385,0.255620712517846,0.180522174460617,0.492811647543952,0.485887419571199,0.370113403904826,0.294951350343657,0.372003826129337,0.351239444032889,0.492014907064457,0.336705941623617,0.052126819014715,0.253992467475238,0.487151708061106,0.426333665858734,0.0311878896024839,0.244687922239461,0.451953785986557,0.302281980988669,0.485453298448147,0.561093787783411,0.571195642229218,0.45258188946192,0.256766612359399,0.510702251882783,0.52937004106485,0.482931854677251,0.524000633637547,0.507233164481851,0.314143769943719,0.331947659271666,0.381565115967714,0.203315086226395,0.423468855383284,0.100382263392906,0.504030937241471,0.365752336357522,0.135452785487084,0.304518737179256,0.0380732268769022,0.289683222903026,0.463030282277964,0.346504931283334,0.231162416085094,0.395733564135665,0.268963472342052
"8",0.372841462859474,0.0232641743593523,0.20772082637017,0.404586631449612,0.331187241358826,0.385549927191995,0.225337824331252,1,0.00748377728314918,0.494105621657175,0.432036357462978,0.486696534868822,0.494621221089449,0.316256921272509,0.215262446814587,0.201774522506316,0.51081011248252,0.4991416936038,0.458805599209798,0.253532553849809,0.534311460410422,0.486309511824433,0.55329576514253,0.445328414931937,0.223603207540637,0.0217229717173,0.484788479574828,0.520282284670692,0.489832308907005,0.445493162900764,0.528269249752003,0.480786155856766,0.564144832473182,0.451228416752934,0.451238401505636,0.419225080392548,0.0243550576854069,0.355659747781178,0.402164806222646,0.493241662118654,0.515374289391879,0.480151272066885,0.346610561884373,0.461408748711577,0.402749861261486,0.452260678123815,0.276185732826955,0.127412750309063,0.373756836704848,0.509323929037689,0.536923084864854,0.00478336312924832,0.101885676910218,0.534060452299033,0.145056202533274,0.50040666593697,0.511396885294953,0.538293431444897,0.564553635124253,0.242383424561023,0.485244839368059,0.474106143428923,0.528016217749144,0.362330173993268,0.503448016449498,0.508297164833705,0.42796434972925,0.487574422599134,0.15243680326054,0.472269826156746,0.164024872597305,0.485033981805477,0.300910770788009,0.167033318692229,0.236534301785396,0.0847125547935696,0.251266438563024,0.447139055048731,0.258445205182062,0.30431405071379,0.517806449732002,0.309618247540056
"9",0.020158041154604,0.0623746673396638,0.0146283091097833,0.0726008158797821,0.0519589603375879,0.0462821163554947,0.343769812339618,0.00748377728314918,1,0.00409906704755798,0.140599179861573,0.0935867687755569,0.0106665241604999,0.169146231202357,0.135424635800008,0.0214804546029313,0.109878532084558,0.041018515383419,0.0823903723307309,0.207207177503674,0.0347319646826372,0.101865361881498,0.0169148881173034,0.027154199861667,0.248871270494274,0.39019877724609,0.0978008045763335,0.0807733822107502,0.0251174829791605,0.10670636038942,0.0049971510840181,0.0906137447475602,0.00983737554128768,0.112520507198759,0.00682847268905088,0.0570326806030439,0.0084803271946248,0.218980318287453,0.147995535520941,0.0218245017627452,0.00991006719284452,0.072585386032496,0.0195365380118534,0.0430672246793798,0.0558929410383234,0.227239408508119,0.105013060675814,0.0145085993477489,0.132373693634709,0.0375441585172518,0.0277221045771187,0.0425222597371276,0.23559697143871,0.0708175455674454,0.0592318895011217,0.0527076044180682,0.114655545543197,0.12393888886595,0.0278625357792505,0.00302362732571194,0.0413980551642831,0.055844913869775,0.0114721093507821,0.449778422362905,0.0654931307904429,0.184447089062044,0.0565491701983057,0.1221211881659,0.0209111338040844,0.00615172739075523,0.070928939678578,0.00923040593132021,0.286629391400025,0.0729626462896655,0.0716382347296677,0.0399595082751549,0.0466452544031806,0.0380165396309684,0.0053937961792244,0.041932012519315,0.140072672418264,0.178620889746306
"10",0.60471539260055,0.10278332791522,0.395264039137691,0.537184493604191,0.648135134336566,0.554124633300741,0.480154428444734,0.494105621657175,0.00409906704755798,1,0.522035865276149,0.725499735952578,0.726488792523289,0.428202628024823,0.294093261845845,0.408987729131561,0.805418669206785,0.76674126947221,0.683564225201278,0.359897730108422,0.82870608910183,0.751437448416401,0.849497169012669,0.690345580471214,0.392988612968628,0.0330272950756968,0.784024328485935,0.783160756759106,0.722085089768178,0.69041699517744,0.786612695416382,0.760135198631652,0.843312831889856,0.67522714373252,0.758761929746608,0.623179183858049,0.0948868570409963,0.478024471046833,0.573598642875037,0.790161690986901,0.771593829475308,0.684270377295418,0.530998815700421,0.60745080669571,0.589898939982548,0.665445581539578,0.467355560707027,0.189532685859125,0.542978081184919,0.730860030363755,0.652814884272708,0.0412507998884823,0.170726496433966,0.798989514760715,0.364159296021683,0.723357584951709,0.825266254576703,0.824307578729593,0.747094382833366,0.315659503477759,0.764675066940646,0.760061899371389,0.823177119826747,0.534832300587971,0.725300347462509,0.664424341865004,0.593557946740775,0.682271499236499,0.197905199601958,0.674626954723906,0.127440380493297,0.801641852682705,0.45647275063243,0.141090061939296,0.440103593563898,0.0519213934910539,0.485172730057533,0.71956277726462,0.499989904765101,0.432044748155564,0.720920219298172,0.503994787617775
"11",0.306646856653555,0.153981571465525,0.118878964115923,0.389001854099405,0.499460326018955,0.55890356730449,0.275974999869493,0.432036357462978,0.140599179861573,0.522035865276149,1,0.597963967900647,0.54493315197016,0.524586406017877,0.258695362417531,0.368398537234714,0.670033184113765,0.629284634631482,0.510240934935798,0.554604724282549,0.578570156618596,0.595954631469888,0.622975586429946,0.490970854088854,0.421593775653812,0.0996732471980055,0.619811792811733,0.632294246087796,0.63744964139183,0.569943879187394,0.615022942694695,0.641332424351073,0.606085826245427,0.506190344729021,0.528903837614666,0.418397090747543,0.0111494277624679,0.441866439802935,0.524890006399649,0.535943571979377,0.524058619045855,0.440331751770328,0.307431933276924,0.597479672981029,0.491086011173614,0.496078344611722,0.262132712816938,0.0767431062193581,0.427159038991884,0.652464876547341,0.666715044558657,0.101327404279616,0.118424574843375,0.567122448965482,0.400437289292986,0.567369901227963,0.563312804513453,0.629859294605005,0.6750805867719,0.47781682937401,0.614416981775429,0.678740969551347,0.614686192744654,0.352267631423083,0.533125077781711,0.641282307110131,0.498008629178348,0.626620391772533,0.214959157120969,0.629676847052664,0.278467851402071,0.537133577153976,0.271024909793359,0.16516875358025,0.276203342280211,0.0670920248408078,0.239922310166637,0.453848757365565,0.376000491770229,0.272466431671773,0.590714242031015,0.547502397706885
"12",0.547779730444644,0.158614635237225,0.237123945575395,0.52494992692632,0.59733011373007,0.58407895194069,0.523103672376703,0.486696534868822,0.0935867687755569,0.725499735952578,0.597963967900647,1,0.698107458327873,0.445670248344815,0.335462948424153,0.361217035503096,0.761437297280699,0.79158913444944,0.672622806881823,0.413606225907718,0.791239844383403,0.739953883355922,0.814570385707853,0.617781458390606,0.332376481224158,0.0111808096746985,0.732447253574307,0.775268669612369,0.764808308535578,0.740301888735188,0.779401956538348,0.777121389563626,0.790396438409208,0.656906288963236,0.704529242415339,0.591428167610947,0.0209914184429673,0.481359782778348,0.495402629172948,0.766059065175392,0.733272152949581,0.675987444071857,0.505643482709276,0.672664305236241,0.616307603245801,0.68281516323788,0.455544915638332,0.143948495226584,0.478671710010188,0.776724309382916,0.692807217034181,0.0484510895796565,0.271908339125499,0.744198974554081,0.427786851316382,0.745813479265582,0.798461048431387,0.817170079825958,0.742452409826994,0.380126072596269,0.777616166767135,0.767501187091516,0.782518466264941,0.576979711107273,0.730652887859179,0.670847669623028,0.610541044680424,0.675422821785916,0.268576753401235,0.685780065147517,0.241055732170467,0.747245652609233,0.415261102881822,0.236100132566956,0.365716023164926,0.0673079579674136,0.452580411652061,0.64288488445883,0.43166715120456,0.386501485479172,0.661012701549859,0.459541192668394
"13",0.529414242416856,0.106044579387326,0.308837274034701,0.548776828194292,0.544637389988159,0.537015936242103,0.452594893035123,0.494621221089449,0.0106665241604999,0.726488792523289,0.54493315197016,0.698107458327873,1,0.402612892019688,0.284678745397226,0.364566243528434,0.74737434167946,0.698833302383033,0.595474289734432,0.330196433254247,0.785870725966678,0.691349109262245,0.802230543679469,0.632737994349921,0.258533356761277,0.0200039698831035,0.702501914122375,0.70460867587835,0.704247080048121,0.678989973098791,0.729507363317472,0.74716081922621,0.813542335226799,0.59858713521763,0.66962055382897,0.597932503244658,0.0587798831547014,0.421897064140441,0.458319628194328,0.776439325749855,0.715244033174195,0.619505607238867,0.52263362553682,0.569097706479574,0.573793774630935,0.669375974043143,0.423221546948158,0.176032648561533,0.468433918708316,0.700635583855605,0.667101281259368,0.0172550774778126,0.219796213928321,0.704947054199746,0.424410886047282,0.700170722938123,0.751779758268193,0.768241496470389,0.698201559753724,0.279262890217398,0.769277063360413,0.735695909506808,0.771553345406779,0.507399246040267,0.666050677234152,0.6618156164127,0.520598280024213,0.652126950945238,0.137044802095406,0.642750466968827,0.116159506628713,0.735633292903766,0.358583845208026,0.282566197389569,0.386007058283757,0.166098515479757,0.372974326531997,0.653371844284026,0.410667416273577,0.379687806033108,0.659180861284861,0.478982411305185
"14",0.243404517524982,0.0366904516946382,0.125289559220369,0.367063817880528,0.421041101208485,0.430960986824262,0.225195139738617,0.316256921272509,0.169146231202357,0.428202628024823,0.524586406017877,0.445670248344815,0.402612892019688,1,0.286906810610174,0.33928100348098,0.647223565661048,0.580503766169459,0.434975806150268,0.386573023633996,0.493975970752775,0.489531972486142,0.517666537432762,0.472185986040989,0.455852423025795,0.22939246423735,0.550801090555923,0.536849116257773,0.549959092330474,0.528551967173206,0.613538275204527,0.480380132670111,0.480178565852798,0.422242045097374,0.572053095592132,0.440650310718568,0.0139086903895926,0.382115150211822,0.450617525484949,0.493042661309363,0.449688207682301,0.400856828295869,0.327140461704236,0.483411803714219,0.469051701556499,0.409362686562298,0.275891906158825,0.111107881542177,0.406375061292276,0.534443873849903,0.471154311868041,0.0308256299474987,0.12747744600165,0.52558142203543,0.36515867898199,0.459734293322827,0.508157252707887,0.499965040317394,0.543299637795617,0.318853164359751,0.495393767530121,0.592271175993453,0.582219309324648,0.286048835864696,0.463468952083961,0.562749013493851,0.452214466103722,0.503363793758104,0.352183336312507,0.51926284446533,0.165067215405169,0.483757870075942,0.0770897318758149,0.150267985534702,0.261291889655955,0.180459597879849,0.27250100152594,0.440805838092543,0.38838372989289,0.293962068144337,0.501641386526385,0.496471710250173
"15",0.226132521304431,0.162626967599434,0.0852044411397446,0.170138969185484,0.282698888620582,0.270089801843418,0.255428774693597,0.215262446814587,0.135424635800008,0.294093261845845,0.258695362417531,0.335462948424153,0.284678745397226,0.286906810610174,1,0.136788196526675,0.34312318710432,0.425302901949031,0.289142383464148,0.290516738700403,0.356042754648969,0.384184857062365,0.361702354803192,0.376089418940422,0.220380631809054,0.046345487620007,0.291420492332462,0.424757209246534,0.353647162954563,0.371234267640362,0.351248205737115,0.382284375534166,0.314085022327877,0.296786466982582,0.341881350438723,0.202099102276101,0.0103077162702799,0.207491691027081,0.137651979124042,0.316237757055603,0.276306714888304,0.279202316384441,0.126578099866605,0.277092390420634,0.288764527053034,0.343114946995994,0.228354569234393,0.108512523989116,0.188724038840298,0.392049259279521,0.27978557330786,0.0516835050941197,0.234831498428195,0.335970427932975,0.267741738946343,0.353630130687619,0.347484833409612,0.383335492367998,0.301410607541716,0.297897835387586,0.355516341680528,0.427073521970754,0.376513869546638,0.304751020664563,0.42583342109943,0.331408744138399,0.315559577557064,0.216052344522629,0.304502017927262,0.366472185563561,0.180652499230063,0.351256251666991,0.120568074686973,0.133751556538596,0.217480612999001,0.00257588594068604,0.178700696791482,0.222627831607642,0.244392402146185,0.160703766583923,0.297182091180411,0.265379117263535
"16",0.306986884557972,0.110256011424974,0.144604720637464,0.219051740918876,0.380301938481767,0.338326836399374,0.228516607078902,0.201774522506316,0.0214804546029313,0.408987729131561,0.368398537234714,0.361217035503096,0.364566243528434,0.33928100348098,0.136788196526675,1,0.459101004273571,0.502108051232209,0.482455924015996,0.225440923203914,0.427004294829827,0.447956442968812,0.479555667200708,0.393698057641019,0.311434055129337,0.0495196188812529,0.461413611220223,0.466995888325178,0.340493901123439,0.394111003468806,0.450669270080571,0.43062889646625,0.416895595658799,0.220326470565509,0.406688007192354,0.292599783041673,0.100890079426185,0.108835952543415,0.36431068228187,0.382815332702851,0.404115981927686,0.322308899066072,0.307367686966477,0.385309717476534,0.419863036657035,0.397729686502809,0.145785410834321,0.0272222045780342,0.240468993716735,0.405459420686022,0.326003367426088,0.0421992775851215,0.118152258017092,0.430893254633186,0.177437415218239,0.325498973838138,0.447908358978667,0.411635552889259,0.427093518759241,0.19123075956784,0.453017380571398,0.422011665074686,0.484350209783859,0.316307013166703,0.37549648090513,0.350992534551686,0.394473874846414,0.342997100574007,0.103072952219615,0.433331451907175,0.1576759982463,0.418950937177773,0.219661863172235,0.0352795067293402,0.326447530463461,0.124695396830394,0.16082516949733,0.379773769440111,0.23227372139598,0.249502161600339,0.429711175941454,0.328615940860336
"17",0.555522867969303,0.175362113088479,0.290857737266783,0.63768424890189,0.667689218471721,0.635526282462354,0.432576064672269,0.51081011248252,0.109878532084558,0.805418669206785,0.670033184113765,0.761437297280699,0.74737434167946,0.647223565661048,0.34312318710432,0.459101004273571,1,0.865896767320853,0.764374594949971,0.485137102337516,0.883668286574364,0.795228975339814,0.890261406976976,0.688573356393185,0.537329996822629,0.14447309447961,0.890926347553723,0.853202342097045,0.804811313372527,0.795119674565202,0.896099514918237,0.805766081824352,0.873760026972577,0.733381589694767,0.81734200796685,0.705143589293114,0.0436024937515347,0.52677213589731,0.680385628732549,0.842421482901912,0.806590575295046,0.723918439313581,0.636352415713317,0.704611713607884,0.679890300058639,0.716639450690204,0.502398176749666,0.208807280752477,0.614024399120781,0.827087820967698,0.736585368074933,0.118463158763252,0.20630541582422,0.857037610896506,0.465774860632475,0.739560963698923,0.867125330795559,0.853718778609844,0.828510881841314,0.360367165165869,0.8596633211776,0.852262885530355,0.909881220088151,0.563112265969247,0.75603711801877,0.822346538751218,0.692422943492647,0.771646329949475,0.275576097257765,0.77420219382419,0.220446242496206,0.845556112364676,0.371984764066128,0.21145556734437,0.424574352190864,0.0674917893132587,0.513421934429546,0.735327524379258,0.517328668131793,0.451150239652951,0.779727128635992,0.575188035312415
"18",0.629923680247069,0.224530389696898,0.234650328906287,0.564377247365034,0.676686710230497,0.680422378906561,0.54745631106545,0.4991416936038,0.041018515383419,0.76674126947221,0.629284634631482,0.79158913444944,0.698833302383033,0.580503766169459,0.425302901949031,0.502108051232209,0.865896767320853,1,0.759526668654419,0.485700597588788,0.844883336053625,0.856504598931156,0.866501022518,0.725284935320592,0.48081692644865,0.0201018927063083,0.799482846141801,0.86428326394608,0.786247403144317,0.862467310681844,0.899879811132071,0.841848075645809,0.830536705048649,0.670128579445928,0.775347180045516,0.603801203777881,0.00828504998019013,0.472773433811305,0.584746185814499,0.771365174866926,0.810892709910896,0.719084599717506,0.585045465921061,0.753673516629868,0.695605881780402,0.713325346929956,0.474365671593246,0.123286792113301,0.566640388879108,0.834341053650381,0.716320656505166,0.0636502353486711,0.180801936937099,0.830557724647118,0.447624554758568,0.731438105636961,0.844795316367149,0.852320414305459,0.830989841773161,0.466327955083,0.82708141952498,0.844779103819693,0.844698685442822,0.629060176873674,0.790657507165075,0.707011248100432,0.705658647400518,0.650550149759705,0.328247916729406,0.806404339341132,0.219432318469552,0.810970189157508,0.394989369856279,0.126732165301511,0.4165216632084,0.05844111416985,0.495761249554,0.720534204335784,0.482093214015398,0.409929444100251,0.769816904100579,0.500503271315545
"19",0.563497242893119,0.222944934607956,0.239808937581789,0.541592721190734,0.570366895744336,0.546753674822624,0.424598400990549,0.458805599209798,0.0823903723307309,0.683564225201278,0.510240934935798,0.672622806881823,0.595474289734432,0.434975806150268,0.289142383464148,0.482455924015996,0.764374594949971,0.759526668654419,1,0.323994622373381,0.759775485189604,0.697529972116969,0.760819341528178,0.539099847299453,0.423302682387092,0.0645182243297246,0.753481171957814,0.757751851363306,0.659655235868639,0.671734606853679,0.758835364956965,0.71849169609362,0.703183681280351,0.564994935365266,0.676414295884818,0.563563705723885,0.0323581608370673,0.348419483483884,0.548895911930006,0.682778603587419,0.705852267891413,0.67159128007948,0.586677935880697,0.615975291397643,0.615364510454878,0.626077299428621,0.438863177017142,0.08143906928786,0.521443809312972,0.695278003301805,0.571766120640915,0.0863983373172214,0.0832751668885544,0.736054913907719,0.33138650160345,0.585136325832961,0.772514642467196,0.715674776619992,0.709047121921984,0.309930871209688,0.711717328480773,0.684817079020782,0.771854847893222,0.57939917309944,0.652995193214894,0.592460685846617,0.601960462590717,0.572651797895675,0.236993343202247,0.687836382143727,0.211937836390134,0.701261928423701,0.449697503139796,0.0728694376625606,0.333748738425474,0.0761473934320558,0.484374217493277,0.645795363610155,0.341963761562823,0.346330813451238,0.652677390467615,0.307973166334728
"20",0.333185739171599,0.114761273746004,0.0440744154009978,0.214356911889564,0.387023163925277,0.486553576265539,0.237647965478964,0.253532553849809,0.207207177503674,0.359897730108422,0.554604724282549,0.413606225907718,0.330196433254247,0.386573023633996,0.290516738700403,0.225440923203914,0.485137102337516,0.485700597588788,0.323994622373381,1,0.374494753024164,0.467773858970192,0.459443429443161,0.411621932284387,0.403829528704684,0.00330828829159862,0.408983672411356,0.478244719835215,0.461769794701065,0.412356459708883,0.429873243865913,0.479046217813339,0.429905448925611,0.500553169285301,0.356958159331115,0.210288085996975,0.0494721902610621,0.414521402089783,0.278523022727057,0.312174506271435,0.37947977269666,0.313960916490437,0.0883511935598497,0.493232448931692,0.352275940815626,0.290198359707482,0.130680830387104,0.0083978713924878,0.273239139263337,0.55324312306755,0.485038329605806,0.197566321890994,0.0907499782186,0.412431054778467,0.310167855314597,0.40543412156746,0.35313925977851,0.440271215789999,0.537060345472238,0.494901549907575,0.436515529181853,0.539638761138455,0.438557617767393,0.183643821336588,0.394865526471007,0.470298487557855,0.395874832161582,0.491642912688904,0.272051711115757,0.459404930014391,0.231823494567468,0.377055017611229,0.179087663769592,0.0623987261125242,0.259389221064241,0.0373711380041876,0.194194702986839,0.323446726634076,0.365375953645464,0.151649425381262,0.493367058286105,0.476041156176344
"21",0.631709187131358,0.17405849735512,0.340748340689697,0.678762517107068,0.633011739779659,0.619765056160256,0.500507489382197,0.534311460410422,0.0347319646826372,0.82870608910183,0.578570156618596,0.791239844383403,0.785870725966678,0.493975970752775,0.356042754648969,0.427004294829827,0.883668286574364,0.844883336053625,0.759775485189604,0.374494753024164,1,0.775625770302912,0.907549222027527,0.691631652891802,0.400009090911353,0.0203320418565124,0.855377758074284,0.849274864972204,0.789058714995251,0.778342204816095,0.862753837416231,0.82664493277003,0.89982399267448,0.721355191857564,0.802527341302244,0.718248502517767,0.0237138356519215,0.512436890267583,0.578214154964242,0.883912651753328,0.822732212705053,0.792267742227724,0.682501603663407,0.664819371898376,0.670959213763419,0.741197322056721,0.602966126481668,0.248139392835749,0.568799940345703,0.812012003987185,0.68509021980277,0.137850598735866,0.234496648513587,0.845402477062538,0.425858035398307,0.771439545907913,0.900668913884829,0.877449366605503,0.787435185257448,0.299397215983962,0.869429132634499,0.834226212921398,0.896018544133874,0.612701705680518,0.79537295803699,0.7503847093765,0.661033327029741,0.745063386618596,0.227911190764033,0.750591962438489,0.141070665345131,0.869503213650511,0.461020242319288,0.212079708598248,0.40531158983277,0.0396415574648119,0.557503589334943,0.774624986415099,0.517519355017365,0.476599367637515,0.751151537098346,0.470885498561751
"22",0.580360860082381,0.180594148137456,0.287620723309224,0.471166208192345,0.667589874935042,0.602182770521678,0.535247172242805,0.486309511824433,0.101865361881498,0.751437448416401,0.595954631469888,0.739953883355922,0.691349109262245,0.489531972486142,0.384184857062365,0.447956442968812,0.795228975339814,0.856504598931156,0.697529972116969,0.467773858970192,0.775625770302912,1,0.838664784574222,0.723323198849529,0.408218642146875,0.0283613739774279,0.730481353270041,0.817285903500559,0.768984858455637,0.774458209152492,0.807838063567867,0.79792762287221,0.811315291223438,0.608380255712417,0.723801125670999,0.544013272774067,0.0610283315610421,0.443689029581115,0.541785461107978,0.725019990786758,0.760630048173349,0.622887656684238,0.465769655910205,0.708692607788132,0.608841273491783,0.704747294589115,0.409829623631559,0.104772279889798,0.513361690053269,0.785767812895389,0.691184083985343,0.00173691024302147,0.185528718934273,0.770661246039894,0.43021266369662,0.722506890275006,0.799489891726102,0.840823347137914,0.778298785226961,0.426951041879591,0.785129887929114,0.799062884471775,0.81065393212496,0.608334766860769,0.757004165760612,0.667657186952778,0.653005519432379,0.620016998618168,0.283908861806378,0.727016724997199,0.243979680339336,0.759881468383892,0.43430711091339,0.146799398362554,0.435785820440464,0.0206207196080029,0.406855162054199,0.660612916291403,0.514297299602438,0.377371421107057,0.718038299212654,0.524976385218512
"23",0.654052944695839,0.12551353316535,0.356590848550902,0.600971645586395,0.699798823219418,0.661819845258025,0.545676030554647,0.55329576514253,0.0169148881173034,0.849497169012669,0.622975586429946,0.814570385707853,0.802230543679469,0.517666537432762,0.361702354803192,0.479555667200708,0.890261406976976,0.866501022518,0.760819341528178,0.459443429443161,0.907549222027527,0.838664784574222,1,0.755861799141412,0.4037415115863,0.0219008834282494,0.846898852331156,0.869824794355559,0.809336280778406,0.774395391157518,0.871555642841757,0.852794806158186,0.917992990324607,0.70960495320208,0.816150723644907,0.684624670481611,0.0397821529625969,0.522792842159581,0.57979906148683,0.86376061623368,0.828270225252513,0.747842275995925,0.601271156665605,0.682537922012625,0.676039132383489,0.758036788845153,0.512233149854052,0.179594825529496,0.592885273918055,0.844431203473984,0.733498313392272,0.0390013310972648,0.187959828724453,0.849163556022695,0.450123194797087,0.786496098555974,0.891859919420051,0.886482946840194,0.827674604178607,0.38147919728534,0.86769017671236,0.862432613024513,0.908542638029613,0.604858897023748,0.822256690964663,0.753852153439398,0.688633501908905,0.753115900495659,0.259057017190116,0.775254923018773,0.166953038435855,0.873248085897304,0.454653071879787,0.208012338951814,0.456497210177493,0.0578857189592453,0.495382986675282,0.769313227743308,0.546619536101813,0.465464803500747,0.784340880409872,0.565729696383176
"24",0.504804126703731,0.131264893538294,0.36711276270802,0.409944236701879,0.58269911103392,0.534421250922996,0.493127709766258,0.445328414931937,0.027154199861667,0.690345580471214,0.490970854088854,0.617781458390606,0.632737994349921,0.472185986040989,0.376089418940422,0.393698057641019,0.688573356393185,0.725284935320592,0.539099847299453,0.411621932284387,0.691631652891802,0.723323198849529,0.755861799141412,1,0.309318150994609,0.0492324751654485,0.63787002535821,0.706379309815403,0.64870948291563,0.617769699531183,0.70930727852674,0.717480521025048,0.74156409179998,0.573784544719977,0.678201385113308,0.52995118651853,0.0832397115903296,0.402679331409942,0.385921652229784,0.674241560738927,0.63380406551983,0.519611677511614,0.391014785043343,0.556284038172686,0.538794609355573,0.59970404101007,0.395997874474724,0.103928512660107,0.451344160351931,0.680500056018526,0.587470116829819,0.0207796962759807,0.208135869773506,0.672467302145125,0.362117594599661,0.63522764072522,0.70494277355322,0.756305103114007,0.657170063373487,0.320001321162427,0.69588065369109,0.737150213140587,0.740156370912913,0.466141690170776,0.695715670983278,0.585482093579793,0.560633532754019,0.541761149810223,0.262290907471179,0.638791608769556,0.129554829951345,0.703713974696628,0.332430992484534,0.143094631154913,0.451000210340044,0.0396430116441648,0.385951817474344,0.640577476739338,0.511171018060457,0.312655777630614,0.654732697833599,0.534847465416603
"25",0.284514572782169,0.067603082287555,0.0502864889437199,0.21267364133828,0.359514396728741,0.366950938204135,0.059058279800844,0.223603207540637,0.248871270494274,0.392988612968628,0.421593775653812,0.332376481224158,0.258533356761277,0.455852423025795,0.220380631809054,0.311434055129337,0.537329996822629,0.48081692644865,0.423302682387092,0.403829528704684,0.400009090911353,0.408218642146875,0.4037415115863,0.309318150994609,1,0.193942884824674,0.495672869828361,0.46801106674592,0.396625542895516,0.410675057506709,0.469004785205905,0.384287024898859,0.344074173979602,0.424082407554555,0.432843775677284,0.270923199452575,0.00523003179275255,0.325806709788391,0.409369834512471,0.316945047789238,0.409768664368444,0.370082729421002,0.2672508913314,0.458754424417059,0.328790636502969,0.259217765359509,0.195649912497285,0.0977221939400974,0.336552819099995,0.468915985546238,0.32018629387622,0.0927640412454163,0.0287855609890783,0.459320359248548,0.22650421689343,0.310174898989768,0.395682759991288,0.400734251150828,0.485507299810037,0.303174978394498,0.404159507869089,0.431893975183759,0.457522072220655,0.175970312180637,0.332844612083947,0.458527887216151,0.452977134159066,0.411003445619544,0.314109182557471,0.452887719295841,0.247178016792351,0.378874090404951,0.0639824543840537,0.0347002313418407,0.207730307397215,0.207650501827204,0.322116663038081,0.346250773798196,0.274684406660238,0.176258619819767,0.471405937939381,0.356820545786192
"26",0.113198189747053,0.0510536714840084,0.0302659650028636,0.156672814402091,0.0456251492195229,0.00634181039556421,0.266852299900361,0.0217229717173,0.39019877724609,0.0330272950756968,0.0996732471980055,0.0111808096746985,0.0200039698831035,0.22939246423735,0.046345487620007,0.0495196188812529,0.14447309447961,0.0201018927063083,0.0645182243297246,0.00330828829159862,0.0203320418565124,0.0283613739774279,0.0219008834282494,0.0492324751654485,0.193942884824674,1,0.118943207278487,0.0592239770894234,0.0276024731320238,0.0772864250623598,0.119320901951446,0.0626962635027845,0.0102348972387083,0.0781882160611878,0.0657479742947491,0.0778990844851167,0.0756943859836677,0.164439819979196,0.123290918142768,0.042164066064852,0.0202867907991481,0.0948580265105964,0.204303624838551,0.0810440550128758,0.0668434535127237,0.107420173472513,0.0362211296612241,0.0425571695719847,0.111392768065988,0.0432777747549382,0.0046029704594705,0.218033778802079,0.00257227087987495,0.0390204418705113,0.0613604458555415,0.0169316566499066,0.0505914793658128,0.0646518493716374,0.0198278975569496,0.0706583095983666,0.0345760607424743,0.0348568039381972,0.0314551685752296,0.248442645098282,0.0391006012497037,0.198129879435311,0.00852596392583988,0.0380443476924994,0.00596775089733232,0.0190531113518866,0.0141986446779909,0.0355356316163493,0.278286838316143,0.0408446184771844,0.142084331038036,0.144588537811326,0.118066464744144,0.0136278805778592,0.0817800868818823,0.0325898887441583,0.0177529323996104,0.0181169130834235
"27",0.576433595834502,0.188910953011082,0.330789665088748,0.649041674681293,0.633823776758479,0.587177127018154,0.393934818893652,0.484788479574828,0.0978008045763335,0.784024328485935,0.619811792811733,0.732447253574307,0.702501914122375,0.550801090555923,0.291420492332462,0.461413611220223,0.890926347553723,0.799482846141801,0.753481171957814,0.408983672411356,0.855377758074284,0.730481353270041,0.846898852331156,0.63787002535821,0.495672869828361,0.118943207278487,1,0.801975766769415,0.73547649559035,0.724732549298622,0.851626666791387,0.76505102175213,0.83568161513743,0.664320676256746,0.769795403494604,0.689885425409474,0.0566920674749605,0.514212789378182,0.674506383876599,0.813770150431378,0.773773009770259,0.746855291528577,0.647858785168622,0.636328928898262,0.670685389245185,0.688237241697666,0.493732094319161,0.224793807098918,0.612926940453045,0.738656419220803,0.668312176061357,0.125946295247584,0.182971934619146,0.834984586311634,0.398648334316582,0.667217750951892,0.843898209890048,0.796400707015777,0.77936981204117,0.256225357494097,0.80549138635683,0.76192570247118,0.8557018192683,0.532587910767122,0.724432387576146,0.758196390966116,0.656630046878421,0.729039748164816,0.222190759391016,0.727625391978801,0.209557980170548,0.799159204476447,0.405822241600801,0.176512277188439,0.385434525854281,0.0748123877346343,0.514319625357349,0.70782529926556,0.446561348652713,0.434875978700877,0.722708361248833,0.50090662764543
