"","1","2","3","4","5","6","7","8","9","10","11","12","13","14","15","16","17","18","19","20","21","22","23","24","25","26","27","28","29","30","31","32","33","34","35","36","37","38","39","40","41","42","43","44","45","46","47","48","49","50","51","52","53","54","55","56","57","58","59","60","61","62","63","64","65","66","67","68","69","70","71","72","73","74","75","76","77","78","79","80","81","82"
"1",1,0.250118184056068,0.210579476597099,0.178511842623005,0.195608666186965,0.404138864591805,0.384326726585001,0.112285402324549,0.356603964809004,0.442801925988233,0.17479917526518,0.0696254427730944,0.0387970419182635,0.138669371480592,0.293271875188577,0.0770621924733136,0.155981539553685,0.190037218414609,0.0876871652455364,0.250065950899792,0.0276418394249863,0.00737111494482623,0.0879794719292839,0.287565424369759,0.280009632995707,0.245243153793668,0.173266596333913,0.0597466831614682,0.0597436673425532,0.178377848121826,0.0180904188342191,0.147126662608961,0.0591336883764604,0.324052520302456,0.0712847942224702,0.220541536181123,0.461532757286009,0.209380238677614,0.19976504962039,0.0314249562693591,0.362454641476215,0.558816040448814,0.345544183985989,0.0823218082713432,0.174289292118726,0.303018074836402,0.0470098112080041,0.295766198118087,0.276879357083059,0.201365125811212,0.155847429407661,0.0656747731868142,0.208833689639209,0.333192409755782,0.10359831311408,0.0836772074392718,0.158589724980459,0.249640215624568,0.144220968729248,0.00336226619261324,0.0170067453584083,0.192541436130182,0.0559335112777619,0.27861665949538,0.0601144825295617,0.340200539597584,0.255887356973019,0.0808835500345676,0.0958895207876647,0.0657258997141875,0.262781981111198,0.166066994044726,0.053908777148985,0.441289910555046,0.393757330432065,0.0590887813709515,0.16098996849543,0.250634722133144,0.432512871671772,0.0982389310655107,0.29417742442771,0.0172394716809544
"2",0.250118184056068,1,0.290418897814994,0.102912517979492,0.190705418405066,0.133818821397319,0.192829140092172,0.145818673598982,0.241617706510233,0.165565821642873,0.144594798723044,0.124277252524017,0.290563318128352,0.103726803013195,0.0402690457884045,0.0681811557782925,0.0761254757953113,0.121419742672064,0.176363710271395,0.0104934543407909,0.134455022232059,0.24079741271405,0.321702438097773,0.327367186370074,0.143717303383489,0.0334798007587125,0.249583327078737,0.164276098815985,0.147477273467836,0.0723379572777162,0.244028065445578,0.0952736451334105,0.170144991863346,0.244132392174415,0.272761355660387,0.05329154423049,0.126632312013976,0.147530899498808,0.0953922090560906,0.254021314374757,0.0821162467793557,0.277876990030342,0.290367406986586,0.241167903494462,0.191610765166335,0.0798582252598557,0.23082302151407,0.299070514341679,0.267812449010554,0.0740178817750133,0.109400108973959,0.0499121057633683,0.068856448768234,0.00569932654301565,0.178663430687702,0.0846599641410212,0.021215953977583,0.368561077128818,0.0431297454922582,0.165040313830362,0.232654600188359,0.0943285504698041,0.0631975205690778,0.0873708052285835,0.103110265233937,0.00267109631575874,0.04482397952928,0.139099698237008,0.00862261904300429,0.00378210064140213,0.176336093631072,0.00595268089695253,0.103422686208589,0.264805671172371,0.064242267045039,0.114976015239555,0.0497346723801272,0.00864753681438674,0.17182208777378,0.0102813607529142,0.315309049454429,0.230700268509665
"3",0.210579476597099,0.290418897814994,1,0.0353638574708689,0.256931930470911,0.0435885176782333,0.284768919893796,0.258633090356728,0.359686055052653,0.00681585145663663,0.32625256426704,0.302508650741703,0.387263692393536,0.332289003164315,0.0385228557562897,0.00511732690896084,0.247876295128947,0.291975673605664,0.306546979693205,0.223171493922049,0.320642823029601,0.465944958105448,0.470969393555515,0.34588785172646,0.0318583830702798,0.0565325129501489,0.514455008119212,0.342596649858345,0.269978441187142,0.28289759147704,0.478485905656302,0.232495397964067,0.300003802245534,0.411331250255882,0.235450149326021,0.000157271616078272,0.0397165973265991,0.220423925469613,0.0624868001160625,0.457998752881044,0.0718925104038125,0.34942870925943,0.462227937200383,0.451094508493214,0.335415773935844,0.134836791379354,0.241071566183996,0.280562320128026,0.324671784653952,0.208905708893407,0.294566453278902,0.26175139985837,0.0840465514601573,0.130473149199691,0.339910234307464,0.319149091886415,0.180173331606861,0.469368817072931,0.15866411387236,0.303439003831664,0.418493663594895,0.263273094116162,0.299453181133171,0.223631504485044,0.249697886619486,0.101835457732015,0.0347088075793998,0.265450098254273,0.00352804566087516,0.201468618804175,0.274460573970855,0.213736570097434,0.210142064930598,0.346161742233122,0.0470623349407449,0.0224831187834079,0.0749391976714215,0.00334985655321869,0.192818188637119,0.19274439765142,0.419457576112259,0.367576213765662
"4",0.178511842623005,0.102912517979492,0.0353638574708689,1,0.0890764208561877,0.463371125872717,0.225535983747365,0.39820227119774,0.105680905918461,0.398283428189014,0.548870938415245,0.494053839846857,0.496646486478294,0.0694363049703751,0.493157940671308,0.0643435162898954,0.603243113873306,0.631090904047169,0.465694650647457,0.474546333914353,0.380711413536957,0.408544337915577,0.461566159604971,0.0152878896550933,0.348027938048985,0.432819492989546,0.256616490471859,0.351897639896762,0.559962509412611,0.496636806497894,0.458781894056364,0.630659491693745,0.499568597725547,0.211476184421481,0.393322871264135,0.237099467386835,0.543142823164079,0.598850203978154,0.439905119901393,0.419489982136731,0.611180949174736,0.364212615984655,0.00262006053546854,0.451238504458124,0.420669945782005,0.511613356912656,0.411820538715307,0.110022086946748,0.197224331249229,0.62653510740468,0.51270231528701,0.238335594984931,0.163703593855154,0.607876391156926,0.413911908031443,0.483501297873196,0.60334469024442,0.268601327612685,0.578456855466653,0.445937008428378,0.48476552214045,0.628952202707252,0.486083907115399,0.436069098566488,0.426113302396451,0.619195561452554,0.523763510385426,0.399384416893618,0.123535965293772,0.366903341632563,0.0297391249195444,0.491883690268596,0.293690280187303,0.216541309767039,0.570625099660151,0.027429301744431,0.00996374186586964,0.559222790925002,0.483767274042084,0.0817440448666111,0.00820054299340771,0.529894009826025
"5",0.195608666186965,0.190705418405066,0.256931930470911,0.0890764208561877,1,0.130671318213225,0.335044984012967,0.177125733620593,0.254310859173709,0.15059371964736,0.177412523122476,0.165867135968812,0.189955364054214,0.00841272680288322,0.0572105105611327,0.274973770938199,0.136461377735305,0.13814279693202,0.145616400160775,0.133737238235499,0.0797525809339528,0.148205048372445,0.324662010085932,0.468424850635336,0.217419622282597,0.169642543599203,0.231512232478777,0.148405778087295,0.198730190757341,0.131734154108936,0.313527902025723,0.197972879078641,0.178474275751589,0.221151143276042,0.339682640109457,0.0276172156105599,0.0899734634086689,0.156346341080645,0.0414246452752166,0.0891883420133727,0.0252709402296634,0.219524515434156,0.0409724601625835,0.180969975181682,0.17144423842262,0.0990083394255211,0.211893113893353,0.170375102475162,0.29147541588387,0.0634446322383322,0.184409389615566,0.272053569356098,0.178676112005658,0.00955384548131344,0.0217029672463716,0.214175515326969,0.0809724594743185,0.417983237516778,0.207603290398118,0.209381999586935,0.213115536501544,0.218200771803329,0.0823616611650575,0.135871621388113,0.12825181119941,0.0229441491649734,0.0351304835678122,0.123621509057634,0.141548500930828,0.00207309576321008,0.100805836133962,0.0170961986956769,0.256285132182534,0.289827078630013,0.0994430497326509,0.15205969504428,0.0670141468472647,0.110847065714782,0.0669679549369364,0.016310322794546,0.200798869491561,0.198265823049534
"6",0.404138864591805,0.133818821397319,0.0435885176782333,0.463371125872717,0.130671318213225,1,0.239255912602527,0.35964552465472,0.204149130581532,0.387776256024519,0.594121148240754,0.523371592107972,0.418834677291208,0.17442022544415,0.599667387497936,0.0393035693286174,0.665930316793606,0.661452414696615,0.507702018320103,0.681967886564153,0.45438570506435,0.385475747225176,0.397100301323845,0.122962292314438,0.677516936889562,0.421171524600533,0.151527302222395,0.405669741414487,0.579622413175588,0.665995249821422,0.451454698936672,0.625764047065334,0.539256745329734,0.0233555219666057,0.329149883596543,0.321968439580827,0.693523178199931,0.551357878835691,0.484868288491568,0.304761181563403,0.699017034775456,0.530210544860467,0.180036531991088,0.473564557786552,0.537365142215376,0.665581432141375,0.227799835405737,0.216914768298321,0.205145202459559,0.634883889319458,0.598519106568493,0.346835535971432,0.0338838110539844,0.62922304118712,0.417037589111418,0.584134357707096,0.621776835000057,0.266475916090458,0.675486453353447,0.498194404660014,0.474024038757171,0.688502216323476,0.536053903423582,0.576009754042454,0.442554323290902,0.647119694155281,0.586589879674061,0.461334435584736,0.162526783786423,0.418631584009441,0.0362030882333713,0.537635371673112,0.430249787798073,0.401095513183764,0.618934128676315,0.152193764380937,0.146825752187592,0.509579368763024,0.50700068232828,0.0150865643731326,0.0218986895779661,0.479671255911412
"7",0.384326726585001,0.192829140092172,0.284768919893796,0.225535983747365,0.335044984012967,0.239255912602527,1,0.00954905687461575,0.371640947516196,0.332884592747213,0.0348647483396939,0.0194513469712433,0.00120368479754042,0.235012575738425,0.193056525346095,0.181341919159552,0.0665888688544415,0.0829894141381214,0.0428688600689548,0.0575507110064653,0.0861974819165356,0.151050783241788,0.191524973179656,0.354623109217624,0.125058207921901,0.105532527697775,0.255989090755222,0.170506356697204,0.0119404033508282,0.0361741478693345,0.15439985861444,0.0663096542355623,0.0207064752499861,0.272685434088023,0.00440902758110735,0.124630162801009,0.387877548994462,0.113252964429787,0.182706929620651,0.0380154899240414,0.267800950376021,0.510167417173863,0.260621079687109,0.0338198522490847,0.0123298215086006,0.141468185210198,0.00802248497513007,0.275693081756475,0.362865194875627,0.12352932487273,0.0188773353971373,0.156183487294335,0.272336638182713,0.233935128216783,0.0171570857438203,0.0454782131757173,0.136940607866343,0.317398535349428,0.0727205875224352,0.0229304567512612,0.0457191470293048,0.0776860662402701,0.0106112952066573,0.142016350299009,0.00165111047693857,0.245675799719121,0.20072141857283,0.000829331797690534,0.0793032429494851,0.0172380228483218,0.263853553564305,0.0536307857252634,0.12940425704907,0.434095465294784,0.359554856398417,0.0139368860148494,0.0075581649219943,0.307042551031335,0.418868188438411,0.107260365033356,0.257087630278827,0.0542307834660236
"8",0.112285402324549,0.145818673598982,0.258633090356728,0.39820227119774,0.177125733620593,0.35964552465472,0.00954905687461575,1,0.200127961118602,0.3346307541652,0.58747658149285,0.632128858590304,0.631732669410159,0.388152314970455,0.399183355505127,0.106585943200602,0.589867730813228,0.628345098473631,0.51789473794886,0.619726433910813,0.452487229063469,0.597900998887821,0.591495319680029,0.203109372570579,0.298138934541107,0.444112948805366,0.420164209989511,0.526760860360902,0.555372859187012,0.575149046621641,0.596842084282903,0.5952385661082,0.535004963167514,0.331400183328429,0.433713635895462,0.201171496313548,0.453953895182926,0.590247250608241,0.374529611824243,0.548173458102969,0.554576319833631,0.136201910639018,0.146380415042685,0.620365138877231,0.549582246716255,0.52528732965403,0.421817439155152,0.0457528248113362,0.0144399799039994,0.619543440658242,0.647751807342451,0.200830791804604,0.109726454522556,0.555873779310738,0.533638578192064,0.575836418031926,0.568825344271295,0.363996241234895,0.509922289666683,0.559433510388726,0.521790608846286,0.647064005856861,0.578025151336073,0.53919639774068,0.466198567072072,0.569852300466196,0.453848007579472,0.486583878674508,0.266153557159522,0.410744906399313,0.0451469685448839,0.546362915527551,0.380738255593579,0.128179010049022,0.430001647335014,0.138816762431853,0.197379186690045,0.36886706047689,0.275616127142751,0.157047636917652,0.229642623992955,0.619249596150215
"9",0.356603964809004,0.241617706510233,0.359686055052653,0.105680905918461,0.254310859173709,0.204149130581532,0.371640947516196,0.200127961118602,1,0.242070587034848,0.046010236296189,0.176707380759398,0.239073115280161,0.339845237826572,0.0572240590201586,0.0697415410951851,0.0599407603614661,0.108040351782324,0.118690355272097,0.101574628084296,0.182721244324979,0.283794184335155,0.308034979564317,0.34743916672631,0.135744107227846,0.0720088412954793,0.357348235968697,0.265726691048809,0.135459452264948,0.113441092812445,0.230023008082051,0.0369018608610504,0.142295726580388,0.301341192621425,0.137888700212382,0.0557525993779419,0.226797263650052,0.0201863761417102,0.0921592852380357,0.202502693407918,0.120503855540442,0.469005339283305,0.33891496118452,0.213049545958599,0.107850490414497,0.0197655712603404,0.0936228790774772,0.287324835140304,0.385088494001477,0.0845396603843138,0.188598078143613,0.0182593876496135,0.208335183826007,0.0945152874359122,0.191145696340785,0.135691606084607,0.00721994907981958,0.305504123095591,0.0646411406472513,0.202348342836406,0.120028291480435,0.0970891271186117,0.163641151750303,0.00681045289664729,0.18769294973663,0.0742670704953947,0.0484555568216368,0.121554882071599,0.203721383603597,0.071296061089496,0.231124379491791,0.0419999158083113,0.0261905492189581,0.38816836152602,0.189733309888929,0.00384784041270953,0.13011939329995,0.194577509120817,0.380141682441715,0.0469579701962822,0.39200048683386,0.146095438899823
"10",0.442801925988233,0.165565821642873,0.00681585145663663,0.398283428189014,0.15059371964736,0.387776256024519,0.332884592747213,0.3346307541652,0.242070587034848,1,0.365442101820257,0.319457687826581,0.274624963553935,0.0767727249788643,0.333496293191288,0.201351219389029,0.40200014072042,0.393437284747107,0.227825932590451,0.396946220245251,0.129161014505938,0.251784865427476,0.147489419846626,0.179748453206832,0.372889756955259,0.241909106413703,0.0426543547033848,0.129016999061232,0.234417414623142,0.369670689113182,0.229925010725706,0.370216464920192,0.196838666322585,0.118556292188934,0.0953066440013213,0.16942434265188,0.569287466337316,0.384782149192441,0.30103875279694,0.293998869263496,0.554129680107336,0.47550670079609,0.13554325531278,0.306109742214293,0.331405471396867,0.492473662508426,0.212593376436277,0.193982554856716,0.340966468196227,0.404911608136585,0.350450923750204,0.150856373748707,0.328887291841028,0.503841543239837,0.287972182887683,0.313632731205868,0.394668223095488,0.088374759726277,0.311620836874544,0.122844613462248,0.232927369571756,0.379927792435402,0.257154895586559,0.324573145666582,0.17002849430279,0.461382320354433,0.321461930393465,0.268483978282685,0.0758626836376912,0.261547960749847,0.223885070365629,0.377800519247767,0.156807048437053,0.397576426271161,0.494070356893231,0.149108025765814,0.0951667527882268,0.311399495966599,0.556670553034585,0.015929238263727,0.205997550665432,0.287271748892891
"11",0.17479917526518,0.144594798723044,0.32625256426704,0.548870938415245,0.177412523122476,0.594121148240754,0.0348647483396939,0.58747658149285,0.046010236296189,0.365442101820257,1,0.746050805643677,0.718325627320599,0.441506446633945,0.567663512367592,0.074179079514613,0.823225644314267,0.83398533142238,0.706680494622779,0.761579996172578,0.662391855074303,0.746539484937818,0.738634151699579,0.275859292137124,0.482553482286837,0.438514334417365,0.523713241987825,0.634549145412872,0.748717517303965,0.823704715199199,0.822382948413224,0.796627832677347,0.738982062292387,0.403976835288521,0.503904283302754,0.332739384280613,0.585757820000338,0.724807432586528,0.497190084743473,0.703962388189808,0.746855997785165,0.252043148037242,0.251199161952692,0.778931113876822,0.74044263623223,0.694795901744319,0.448785953091706,0.0453506048375586,0.0346718257426577,0.782784225515217,0.759780849924008,0.526640310972584,0.0912490760579571,0.735832680331946,0.68573971605483,0.783681919751125,0.72148725106189,0.577120685066131,0.703307424739242,0.65015770906683,0.812718263207524,0.804032670682141,0.73405354042291,0.725869529204338,0.630153460428285,0.718301763841879,0.582524861365424,0.681461762276448,0.0860135634909543,0.556018871639185,0.188661429828963,0.664723427755216,0.567283134519903,0.0976499234721333,0.606669166964622,0.158932153580836,0.187563768777604,0.550320856713106,0.343318152006465,0.211826315243132,0.284235178504861,0.781386843408356
"12",0.0696254427730944,0.124277252524017,0.302508650741703,0.494053839846857,0.165867135968812,0.523371592107972,0.0194513469712433,0.632128858590304,0.176707380759398,0.319457687826581,0.746050805643677,1,0.725452132883875,0.557887446077292,0.543035640172574,0.0739241452486383,0.808441629228422,0.835075829963886,0.70101108613491,0.784147142834451,0.6685924837104,0.765406403685613,0.7453802058311,0.283983720822363,0.460772258142196,0.404378505831898,0.553143942465847,0.733206728198689,0.764242477067031,0.797471282239557,0.75210853154578,0.761253132462164,0.717646050376033,0.477419047014764,0.396289951344622,0.310557283310246,0.545743412933584,0.678329084104019,0.510604013215388,0.689686969015776,0.7170458343292,0.167536033999746,0.322703691412555,0.750310062596251,0.675422415157116,0.664610846846925,0.465971881841559,0.00795158063796927,0.0251695119687844,0.797342516205301,0.788949363414314,0.416124519735896,0.0119127248437013,0.672995348285626,0.687595706968052,0.787017706199393,0.743924475818964,0.569154615558762,0.7258317817835,0.731435091341206,0.729929606482515,0.806870620026316,0.773460902420611,0.609789836949074,0.619556940403287,0.685357670597042,0.619884490108481,0.656040940843196,0.291327072663073,0.615641610559118,0.223419266860394,0.731689781862174,0.479184237895603,0.0600861598230794,0.541232957467066,0.239258085029151,0.197951651935407,0.545024453214723,0.277609098921038,0.246911310474199,0.338308675891945,0.793566823958152
"13",0.0387970419182635,0.290563318128352,0.387263692393536,0.496646486478294,0.189955364054214,0.418834677291208,0.00120368479754042,0.631732669410159,0.239073115280161,0.274624963553935,0.718325627320599,0.725452132883875,1,0.459786367391702,0.521622542067242,0.149102696496695,0.720185585320517,0.7929360870483,0.673205886395077,0.686004141329712,0.621199638552075,0.764950431575594,0.745697588692395,0.327766101583282,0.281560833000432,0.393981277855658,0.58895793058069,0.671699311018145,0.737365966631256,0.730252126726234,0.730217031527971,0.721886993725288,0.687216436181693,0.493528438086721,0.49586586818983,0.268078131618729,0.481169619858652,0.673729890610731,0.407242022045356,0.742989675392192,0.64306459229598,0.0836930189442104,0.349452847130339,0.755269963530657,0.688753397300293,0.593483647453485,0.545789409035111,0.112941958012993,0.0918301571053151,0.768665526751222,0.755555954963382,0.271063606708333,0.043966664639426,0.627085060419932,0.719687940704157,0.695981313112114,0.714178159830912,0.588290521545069,0.641408588231807,0.672769146660189,0.711879935814416,0.776478941688151,0.709998544034177,0.584869067066347,0.638603116883441,0.623633083051486,0.519009534701604,0.613690942980216,0.216862341780726,0.541596687741601,0.202660462616761,0.63680907615243,0.418811997914286,0.0167723706312116,0.478237581033154,0.154433906494395,0.160756997571894,0.468553580080666,0.242537272619024,0.201135134094539,0.428780345421675,0.805102173812229
"14",0.138669371480592,0.103726803013195,0.332289003164315,0.0694363049703751,0.00841272680288322,0.17442022544415,0.235012575738425,0.388152314970455,0.339845237826572,0.0767727249788643,0.441506446633945,0.557887446077292,0.459786367391702,1,0.25169387938777,0.0695931251247115,0.529757358722794,0.503426744493464,0.483603002936376,0.512245035863136,0.511742063339819,0.669282947260611,0.532902360318889,0.250713015501223,0.161975388420034,0.0815030376930349,0.503268840774851,0.664287784785527,0.486589013442548,0.55055784847305,0.560250664646076,0.392265344414248,0.444788721828214,0.519074147998112,0.100355917946173,0.223165341288152,0.213312236158501,0.323554016382866,0.229954259431924,0.511091662090849,0.382533697593723,0.151264061763748,0.488947284986422,0.541265519729497,0.421476735592092,0.410413579303118,0.241346989506966,0.0978213847207298,0.152924524143831,0.47476458039302,0.551535625580642,0.317217721496298,0.12258477511128,0.353785813210084,0.53652356592279,0.562300967955537,0.425008487064757,0.495198575215052,0.436240817706427,0.4946845615154,0.5149506548774,0.449125558229084,0.591860171176174,0.311371332645591,0.442500710913855,0.306231628585292,0.306297895355639,0.478448412218293,0.247168480191941,0.458415438501797,0.319995527813326,0.487014474664051,0.309505707415401,0.163166277334851,0.190990530175284,0.315874799972859,0.22181650190536,0.208028884354057,0.0871281169903892,0.286233999656225,0.403203231927937,0.536018086771045
"15",0.293271875188577,0.0402690457884045,0.0385228557562897,0.493157940671308,0.0572105105611327,0.599667387497936,0.193056525346095,0.399183355505127,0.0572240590201586,0.333496293191288,0.567663512367592,0.543035640172574,0.521622542067242,0.25169387938777,1,0.0761946008064267,0.625991360231258,0.641169953674132,0.509444176004534,0.634275384983534,0.454538256528743,0.475210560862078,0.464992160923593,0.0800102481615062,0.494312184190317,0.453109453711049,0.285049044971205,0.502283251146174,0.594481032355512,0.609883665512033,0.450895093996906,0.615263055457249,0.544328719715141,0.193066592948854,0.328121191388948,0.335856811116527,0.589320039534305,0.570218562290274,0.422194854442983,0.418163131250537,0.656688894278367,0.378338523325667,0.0252941123291474,0.478983015054143,0.527026800452773,0.597928212694314,0.338001850369355,0.20312066102874,0.0830877348639457,0.660220954850659,0.605605500332348,0.196373262679142,0.0168390843983413,0.613188946470297,0.451617151486109,0.544295141034276,0.618394457232203,0.3143694156341,0.608437499214196,0.555855001588228,0.476616790365105,0.673615345307195,0.581477604224307,0.562024572994202,0.46946791116429,0.615301827837778,0.540647961039001,0.468783672826793,0.19351413260019,0.4419551093238,0.0222172899482717,0.591019903158344,0.327619256034981,0.261445398600459,0.550189610692212,0.180475463578214,0.140508702915605,0.561683452156315,0.395079876647224,0.0941013682496634,0.102234112209084,0.563519358896318
"16",0.0770621924733136,0.0681811557782925,0.00511732690896084,0.0643435162898954,0.274973770938199,0.0393035693286174,0.181341919159552,0.106585943200602,0.0697415410951851,0.201351219389029,0.074179079514613,0.0739241452486383,0.149102696496695,0.0695931251247115,0.0761946008064267,1,0.0621511894624568,0.0854852558006202,0.114595938752572,0.061440771001939,0.035639145030888,0.125406985577493,0.0368861573788593,0.289141256531049,0.172843960876715,0.0675173633879127,0.108848575822331,0.0745744865058688,0.0376456278280641,0.0381926520770593,0.00897058559022829,0.0711737151145268,0.0585042082822819,0.0656556086209177,0.0311765420537591,0.0184717310031276,0.152875465121011,0.0741105097337307,0.104952347695895,0.17582835515815,0.16607466205191,0.136736343515665,0.125430102467312,0.187255514385191,0.0708353234508461,0.0259795921414169,0.187317856998715,0.126211511732862,0.0345309093454655,0.157446400017298,0.0559069493726414,0.179524941330352,0.156113972330554,0.186117545320948,0.185667433018632,0.0277155211026849,0.113018767284282,0.105242540226629,0.0373046643927438,0.0536910141789351,0.0806279758896138,0.0682766227045805,0.106818273412472,0.0769379138817992,0.0313075242586556,0.114488412660369,0.0690200810017534,0.0342169852265864,0.0540366361437746,0.135954186772612,0.0204018773964061,0.207837162202929,0.127844581105057,0.0965450521187251,0.108462645427057,0.0769140551300993,0.0751059916955707,0.219762550189955,0.0536029730610479,0.159709781615852,0.0372339887316478,0.15717886593696
"17",0.155981539553685,0.0761254757953113,0.247876295128947,0.603243113873306,0.136461377735305,0.665930316793606,0.0665888688544415,0.589867730813228,0.0599407603614661,0.40200014072042,0.823225644314267,0.808441629228422,0.720185585320517,0.529757358722794,0.625991360231258,0.0621511894624568,1,0.923023465912196,0.752066449517357,0.825336383934242,0.715100208619658,0.790719769959327,0.769370328333983,0.199693136918308,0.56596086910108,0.4702204784505,0.530403214742596,0.759291857438862,0.857545629720359,0.863175729140247,0.776470855648999,0.86123590345381,0.774455878123662,0.436801487463024,0.398114634277856,0.3699407067932,0.665722450875454,0.752033212804628,0.587722608913188,0.69242169035166,0.835614740286105,0.312272921223195,0.254140218919145,0.784690738381744,0.697640866187753,0.790332708880511,0.46963795202791,0.0447787245584072,0.0873643137781829,0.882422311971709,0.841415904497274,0.509477189421441,0.0516456338755314,0.81606985802192,0.737838538256426,0.843595647610919,0.83971048934916,0.573302038916502,0.852484480891272,0.772544960407451,0.796607875151561,0.880557810943207,0.863090743776637,0.695723775691185,0.67592085821829,0.794880945766493,0.695685165462239,0.700744844694779,0.283390180635475,0.66159543456614,0.224704950860254,0.762717417248322,0.54045276893763,0.184027923561666,0.674115978680992,0.280239265144779,0.16353617280809,0.667301548001222,0.379333217357335,0.2460316679008,0.26315526824899,0.811783614444755
"18",0.190037218414609,0.121419742672064,0.291975673605664,0.631090904047169,0.13814279693202,0.661452414696615,0.0829894141381214,0.628345098473631,0.108040351782324,0.393437284747107,0.83398533142238,0.835075829963886,0.7929360870483,0.503426744493464,0.641169953674132,0.0854852558006202,0.923023465912196,1,0.797944638651943,0.863695935357733,0.747685552436385,0.815861077658728,0.783372382610054,0.211629770506279,0.497944479360953,0.51532830592992,0.586934994554698,0.769016800712481,0.856995797744179,0.883893381905481,0.781979505918643,0.877471588409398,0.814112628692722,0.446154499599249,0.479084734345464,0.388907774442514,0.692762017119623,0.784665224324905,0.609432857564786,0.741618179474618,0.85305173508828,0.309050464134689,0.279138582213861,0.837064440482308,0.740833592284903,0.784415500664464,0.488745885821559,0.0384975454885751,0.0297059019769009,0.927387800480834,0.869072181664879,0.41851907598176,0.0299941123320887,0.81443080298865,0.775970963371299,0.842342898765419,0.857920486841376,0.574812598925932,0.848971533968502,0.793346597062409,0.799637993723136,0.925614428355786,0.864602517290648,0.741793105210231,0.706463873066659,0.815454300905782,0.73306330966422,0.702085376887773,0.269477640400412,0.68613142171731,0.20599237758482,0.788589179107232,0.510511020373329,0.160475798241562,0.701247459511463,0.278995405707431,0.206014647009594,0.666256615026298,0.366574933705431,0.221631611922184,0.332891650569308,0.852179408215753
"19",0.0876871652455364,0.176363710271395,0.306546979693205,0.465694650647457,0.145616400160775,0.507702018320103,0.0428688600689548,0.51789473794886,0.118690355272097,0.227825932590451,0.706680494622779,0.70101108613491,0.673205886395077,0.483603002936376,0.509444176004534,0.114595938752572,0.752066449517357,0.797944638651943,1,0.681639463213359,0.665484028625343,0.736450036964726,0.70209385253491,0.215898365271094,0.327815312852032,0.351540795796736,0.580508473741562,0.709053625808274,0.730645376958433,0.743139632450241,0.716346445190931,0.731833143497852,0.727137277357392,0.495763657370459,0.384149258273895,0.28463952951774,0.489881251708346,0.611630947006526,0.491286455978034,0.676419148322438,0.656915968454329,0.148031497133487,0.348323543951284,0.737092211881019,0.652797837181249,0.589994284848467,0.430481922415896,0.0555440714604933,0.132402130930617,0.746318430680782,0.729446709075633,0.345327264706476,0.0220976264582874,0.635710884195623,0.663083342399222,0.708937367529865,0.689976051834793,0.614662875838407,0.681169834705993,0.667541489986961,0.729015633495269,0.762299127723693,0.758156876818883,0.634223619449022,0.576151609933689,0.611844879146143,0.56299949210466,0.585373318666731,0.210715422407966,0.582713933209248,0.240669700968053,0.640236048480746,0.417424835173344,0.00739783662051308,0.48301817256624,0.294491612141069,0.188477797451047,0.525648047915419,0.169253679513933,0.268062759325873,0.390786684502348,0.760486920914465
"20",0.250065950899792,0.0104934543407909,0.223171493922049,0.474546333914353,0.133737238235499,0.681967886564153,0.0575507110064653,0.619726433910813,0.101574628084296,0.396946220245251,0.761579996172578,0.784147142834451,0.686004141329712,0.512245035863136,0.634275384983534,0.061440771001939,0.825336383934242,0.863695935357733,0.681639463213359,1,0.655761087451205,0.736784740630303,0.68463453858853,0.251334059631229,0.57475552958496,0.492519900083344,0.48296465905843,0.726553504338998,0.759325841556886,0.854186212745278,0.70396780250797,0.78839898367709,0.72184790932272,0.342103084902878,0.39054065245168,0.412550922718457,0.686774000871164,0.708770539842364,0.533443427210779,0.62127482181434,0.801621131872643,0.337130302483601,0.177626821772499,0.744312835016173,0.711814297739308,0.783056882224313,0.386595081022846,0.106864588942657,0.0176090710045874,0.85763109975761,0.844262009401353,0.389715595137595,0.0412963162977207,0.751071441989462,0.68153363027481,0.80352645926242,0.777031171096438,0.477097743405301,0.771837424134981,0.730145939592639,0.691005036808675,0.863354865260849,0.785882339659156,0.712154009896228,0.653006231443364,0.757573020387955,0.699167190421418,0.655053595855079,0.261915557716322,0.645951264742534,0.118404099630007,0.737273622207108,0.503254433084365,0.255564093110313,0.646253144922431,0.276587775148187,0.289784929804924,0.565442544858671,0.403015490333909,0.187536924156997,0.244810210679688,0.76435649660973
"21",0.0276418394249863,0.134455022232059,0.320642823029601,0.380711413536957,0.0797525809339528,0.45438570506435,0.0861974819165356,0.452487229063469,0.182721244324979,0.129161014505938,0.662391855074303,0.6685924837104,0.621199638552075,0.511742063339819,0.454538256528743,0.035639145030888,0.715100208619658,0.747685552436385,0.665484028625343,0.655761087451205,1,0.721019873974692,0.684380185827119,0.25532559272906,0.363458068359955,0.334737842697702,0.520813935824099,0.708659986638765,0.706199654561988,0.706216090936887,0.675887954904977,0.674989544035982,0.688032943794617,0.467714091658436,0.354265542671713,0.275684703587731,0.443855748963698,0.565709762547902,0.468899577408123,0.633065037466167,0.597785345947422,0.0954293562120921,0.344705765464018,0.673805168411085,0.583019216733877,0.556108420236173,0.351100467527938,0.0462600994320993,0.0859751257476129,0.693294649392615,0.663372009573449,0.371553093052269,0.0656145806267575,0.569430927429258,0.631289532896151,0.68108565659406,0.641568473942858,0.57901872157231,0.624631131318078,0.658016264108664,0.701884150420124,0.681933721292732,0.72684254514526,0.583064638529961,0.604288985786552,0.575777908419204,0.536550571521992,0.626472916319075,0.173906542186266,0.585605962120938,0.354261286159535,0.592200761350128,0.46548660877139,0.0163253317505224,0.441662109669915,0.304971550001032,0.219100794784814,0.499209790169064,0.112263893412807,0.253416513589258,0.383399658859289,0.712530919534425
"22",0.00737111494482623,0.24079741271405,0.465944958105448,0.408544337915577,0.148205048372445,0.385475747225176,0.151050783241788,0.597900998887821,0.283794184335155,0.251784865427476,0.746539484937818,0.765406403685613,0.764950431575594,0.669282947260611,0.475210560862078,0.125406985577493,0.790719769959327,0.815861077658728,0.736450036964726,0.736784740630303,0.721019873974692,1,0.818179962541832,0.299711435575164,0.30887905722964,0.322842325441449,0.716667849071825,0.794327741403052,0.742723026191543,0.793519084383377,0.821343712716309,0.735160240075464,0.7209578743703,0.576933934943526,0.38356781668283,0.311957698394383,0.449318860812381,0.636588730479458,0.432081406032547,0.810243440526657,0.652400502663094,0.015910198671657,0.518872922865316,0.835669669337248,0.682716769203066,0.62730132820707,0.499716703019345,0.120446503429471,0.15746794293135,0.770981371001115,0.787933232560388,0.408969543326434,0.0317218033438225,0.633298086472285,0.746256171204387,0.760075285028875,0.695752658358977,0.679999347249843,0.654335286972846,0.714695406806077,0.78773481866155,0.758394221082649,0.79183237420278,0.606685905158453,0.658803920176819,0.621304830363896,0.519929444527985,0.661736123199298,0.207135902181042,0.642423733949886,0.337580215679359,0.706075765190623,0.473845389532737,0.105841743762162,0.437224136730428,0.284415785586598,0.210984147049544,0.483436648169922,0.113361580165548,0.292394104635521,0.460129319773192,0.830508483155659
"23",0.0879794719292839,0.321702438097773,0.470969393555515,0.461566159604971,0.324662010085932,0.397100301323845,0.191524973179656,0.591495319680029,0.308034979564317,0.147489419846626,0.738634151699579,0.7453802058311,0.745697588692395,0.532902360318889,0.464992160923593,0.0368861573788593,0.769370328333983,0.783372382610054,0.70209385253491,0.68463453858853,0.684380185827119,0.818179962541832,1,0.438524004125546,0.325435083532788,0.419832794396629,0.680005274921263,0.75010340894842,0.783407008219653,0.738838592409314,0.81643618970082,0.742499884671164,0.735047804731322,0.57693839815181,0.484232187292437,0.23692488982737,0.336681779549082,0.644477601691621,0.398577465592315,0.732194083679162,0.555706852423401,0.0486992551611516,0.426322930028864,0.783055434044459,0.666540813906633,0.56357380664839,0.494233128720474,0.181399341600394,0.21751986983946,0.736558486294732,0.753527391128666,0.4185576656977,0.0643946235906891,0.572484324720349,0.679457673721906,0.728012427957379,0.650580738551953,0.725663366893963,0.672434004233998,0.745980844703248,0.779683489392374,0.757841888790482,0.749642940946025,0.584250735399674,0.654963716119317,0.577384542579539,0.502514305758703,0.638958398222576,0.26002755437923,0.49143938391165,0.362067419403051,0.629182391940105,0.493519651524451,0.181786368930349,0.399068606409348,0.12485517862969,0.129790316470456,0.478120749508402,0.0587134361406876,0.256772327641784,0.465079636820057,0.7948623431433
"24",0.287565424369759,0.327367186370074,0.34588785172646,0.0152878896550933,0.468424850635336,0.122962292314438,0.354623109217624,0.203109372570579,0.34743916672631,0.179748453206832,0.275859292137124,0.283983720822363,0.327766101583282,0.250713015501223,0.0800102481615062,0.289141256531049,0.199693136918308,0.211629770506279,0.215898365271094,0.251334059631229,0.25532559272906,0.299711435575164,0.438524004125546,1,0.215258855544517,0.0384209571843947,0.34230421767528,0.290982731716754,0.288272026007563,0.281242958999213,0.433321830218171,0.180510283680149,0.317402901969538,0.306604434080975,0.326883082734877,0.00176485646085759,0.144499958439339,0.183508548033736,0.0478231098461063,0.209218575024887,0.0468967520429381,0.383236480285231,0.229272202957844,0.273514147443662,0.308690207536282,0.138739567817256,0.166234289104253,0.29841828358464,0.330742099638208,0.154093712002084,0.282079410273548,0.337521157917275,0.250370314519351,0.00292983146342771,0.185726879193308,0.322624675869553,0.101583513104418,0.499446922418729,0.228323749070562,0.240508027048566,0.33115727785619,0.242650589503802,0.205102921517472,0.1108857254529,0.237720882021208,0.00479871960875997,0.0124764331009251,0.248803245529432,0.148480702898777,0.0209137044719814,0.188840763528951,0.0468469498457058,0.330235560834223,0.303938496527883,0.0718809825118559,0.133699615071431,0.0507518510275047,0.145869730107802,0.162540227874814,0.0124657754774084,0.395885907063238,0.263671922561155
"25",0.280009632995707,0.143717303383489,0.0318583830702798,0.348027938048985,0.217419622282597,0.677516936889562,0.125058207921901,0.298138934541107,0.135744107227846,0.372889756955259,0.482553482286837,0.460772258142196,0.281560833000432,0.161975388420034,0.494312184190317,0.172843960876715,0.56596086910108,0.497944479360953,0.327815312852032,0.57475552958496,0.363458068359955,0.30887905722964,0.325435083532788,0.215258855544517,1,0.337065829184698,0.0367788027325992,0.334391242196542,0.464589937952788,0.568796342637546,0.391121143423522,0.474847323836619,0.379590093113326,0.0275273562612553,0.290120840322643,0.22824839739263,0.495435855512221,0.457172152313436,0.310550263157151,0.183613863133627,0.54068679490849,0.369980685811284,0.195736605048621,0.304117135522976,0.429415885198123,0.613095569632149,0.19859878337687,0.107941877513768,0.268662825435584,0.459207662474631,0.502871961326098,0.442335079470826,0.0535130623781129,0.471866717668381,0.285485743703279,0.535070415250323,0.466611999556438,0.239727993929161,0.584449678276534,0.388425606954859,0.354255046090525,0.54740695517606,0.406755590083745,0.46414564716215,0.338765666742721,0.518475237528814,0.436679944801945,0.4247113691985,0.170992951515931,0.311046818797823,0.0119410169167722,0.388442471603988,0.427578833310549,0.371901670076769,0.495415449964667,0.0758992720096858,0.0525265787744587,0.306262629582058,0.500003750117764,0.0215856842792465,0.166761890608204,0.360083333517723
"26",0.245243153793668,0.0334798007587125,0.0565325129501489,0.432819492989546,0.169642543599203,0.421171524600533,0.105532527697775,0.444112948805366,0.0720088412954793,0.241909106413703,0.438514334417365,0.404378505831898,0.393981277855658,0.0815030376930349,0.453109453711049,0.0675173633879127,0.4702204784505,0.51532830592992,0.351540795796736,0.492519900083344,0.334737842697702,0.322842325441449,0.419832794396629,0.0384209571843947,0.337065829184698,1,0.214251016870525,0.387183548949852,0.495517607168605,0.417939516613445,0.312573733833725,0.494489783632107,0.42787677589553,0.114734560812976,0.350755460534185,0.219664861430035,0.425334080506105,0.497296350262824,0.32999915878112,0.252087967338899,0.488984813904196,0.295452039036888,0.078120141817625,0.406684562668936,0.439021747399294,0.423953061713197,0.256505115545836,0.116312197257268,0.0203823176173451,0.546319107162901,0.511117975679097,0.0271955926869336,0.0840357399999849,0.470457945601722,0.364469163593071,0.368214628251004,0.456920464565891,0.198527608577848,0.481136122046623,0.489012273086129,0.318422760054083,0.562264310169253,0.414448276215715,0.476489393776866,0.378397156161378,0.523606572414999,0.474630988178912,0.352510212193435,0.275645025415935,0.273744184755367,0.0445113002306803,0.393857890649046,0.234875343633472,0.223015636813401,0.460583447033598,0.0629485634412445,0.143612005685565,0.439018955547054,0.305325805728425,0.00908863775433744,0.0691713039624563,0.432264043591059
