"","1","2","3","4","5","6","7","8","9","10","11","12","13","14","15","16","17","18","19","20","21","22","23","24","25","26","27","28","29","30","31","32","33","34","35","36","37","38","39","40","41","42","43","44","45","46","47","48","49","50","51","52","53","54","55","56","57","58","59","60","61","62","63","64","65","66","67","68","69","70","71","72","73","74","75","76","77","78","79","80","81","82"
"1",1,0.0549036052048281,0.128882669228085,0.139623509012095,0.193583328876542,0.121016268258872,0.161043072593718,0.18893038299234,0.00441909657182283,0.180777153476129,0.224414898832078,0.149001622805506,0.0584200366854364,0.0465777141667541,0.12448745693925,0.0286133887383885,0.205655258432805,0.276361389595878,0.214100199097036,0.206819989438974,0.172452219424404,0.24825183762042,0.24663224055294,0.231455652371849,0.103738095038103,0.16137362762873,0.216362407816054,0.2996217299918,0.229044863947034,0.186420240756485,0.211018062631173,0.272757208250745,0.278704677164515,0.0406321477828837,0.211441609744102,0.0753285221098445,0.143384152714099,0.180423098679159,0.0723413274695232,0.198975633308363,0.188700929872212,0.265335646465991,0.0761864616111095,0.272267445536397,0.10587683898574,0.141772713257667,0.00450842724966953,0.0454278790550574,0.0283541794702872,0.245103234850036,0.23025182878136,0.203831132519855,0.20954245494671,0.140430652051779,0.188497043285787,0.207844819261042,0.264659309307457,0.289337793419877,0.317752567421326,0.27877825409511,0.215812557465108,0.239847158929775,0.246788571632363,0.213283042058069,0.250177816074179,0.178887774172246,0.250919175593669,0.130025882478626,0.131965480643628,0.213595719270345,0.153776010336507,0.149388364907452,0.121454494301438,0.0469655712888558,0.157949527227765,0.128945416992928,0.014601797588696,0.202856556836726,0.16606754740889,0.230813706137764,0.000867619799050911,0.194545979944291
"2",0.0549036052048281,1,0.176049691289575,0.289137754334501,0.196521883635467,0.137958454631249,0.089023166213428,0.0874260651986062,0.168113657890078,0.172283135374592,0.148404515022844,0.0195033140084864,0.120074446815225,0.0978897687710001,0.0121676472584035,0.0535869574584626,0.25545506117904,0.203639167843916,0.159251650414823,0.314411373582041,0.217617009972001,0.246153458442622,0.242620319747372,0.0184583357316803,0.0206210803477075,0.0190185314739107,0.264312905644479,0.207214013761474,0.00261447432095546,0.0548280283191987,0.238748012595356,0.213027606876424,0.128995592865078,0.177197446698286,0.208205438927194,0.154877026385962,0.225347150993278,0.286950788058495,0.162404509412565,0.295950025270428,0.325808958866838,0.198809840079804,0.197796625972238,0.251150124673964,0.014618622404485,0.201460757464189,0.132421380540013,0.104019873606813,0.0297722092864391,0.249733749834649,0.182091165829049,0.00619236176707747,0.00125032056420286,0.204955626332435,0.259443836906563,0.0993000629201819,0.143000162918363,0.14064540910976,0.226549580480566,0.106626464156798,0.244659388314933,0.125650497833224,0.175857847142428,0.152935655714708,0.263683450940603,0.164063104158406,0.163248478191886,0.189729988276918,0.317973269509399,0.164618338514924,0.129693570399608,0.212109343195879,0.0339753019522568,0.0233737764217279,0.0575171638458196,0.153767317871794,0.0671210750225499,0.200348332250073,0.240892220958859,0.285157982159233,0.0498817046687838,0.259844731785189
"3",0.128882669228085,0.176049691289575,1,0.718739120630304,0.411199006615574,0.280487245655155,0.3205534797726,0.156648920394079,0.0492472894308931,0.340374157909473,0.340089366371192,0.124041700465158,0.529980436633226,0.291974694305621,0.125654457295122,0.134016822467321,0.716970093454193,0.631069413110873,0.49006795899551,0.692202143509226,0.619443916473623,0.640019758165454,0.553935200903732,0.101682477896853,0.210985827234164,0.132067858524441,0.646040155429132,0.53592470035342,0.195771216619046,0.237908426582947,0.686147128521232,0.603719647572768,0.351207758900761,0.148513590654086,0.572288072266516,0.472877508861871,0.529853033238487,0.454452013807377,0.476956791743924,0.699957783937637,0.56996623921127,0.494886761067636,0.458108239412794,0.558856392784681,0.136609245666397,0.628322788691323,0.103883613697133,0.232407789428883,0.0476328130010305,0.732752485200534,0.379723966273632,0.192629239986457,0.0759467784414276,0.58143078688273,0.580431441943644,0.280342809520496,0.350473764561228,0.306525780648894,0.575409556655514,0.249139698252409,0.670708838722842,0.491536662176228,0.554811388548935,0.261493241670725,0.524055816049011,0.35528488906899,0.541538569953093,0.478642647305878,0.59942684852023,0.474798218223069,0.251193038289676,0.393048680573287,0.0953065374479519,0.0919888494278435,0.177485739977066,0.260638857625856,0.0183210519509161,0.57021086577361,0.632556248441855,0.488691203127809,0.2551030193543,0.480792474472193
"4",0.139623509012095,0.289137754334501,0.718739120630304,1,0.478684010756702,0.281024850809544,0.418380371424475,0.253228638612069,0.0791416779498823,0.436175268993882,0.283985473834587,0.132095508263449,0.449044114662016,0.170751952678214,0.0210373429828399,0.293724162586993,0.748874487133485,0.631663625631759,0.586861047248715,0.784140708193081,0.602002916678784,0.702765024128291,0.599353449963099,0.108339159778143,0.114014789198841,0.280482854679609,0.753323640803979,0.575851603846405,0.134098834144991,0.266022221266764,0.804514395054923,0.593970518113393,0.290912124779527,0.330130918994036,0.563334560104249,0.514922193389935,0.727710575052699,0.555599429949749,0.497150063985638,0.846938935484931,0.757922207406838,0.635053468196791,0.598595161920517,0.663907241341181,0.198907050865456,0.696026442208022,0.0388076636405002,0.322570417932133,0.131194783173232,0.823889578094338,0.310723840360117,0.167355828942327,0.0280504708843628,0.645260010450734,0.728093858448584,0.215480635439065,0.452052274223486,0.243634387122114,0.602502700268243,0.210363631727336,0.764461270615044,0.501193032261727,0.609349774572854,0.399431978102365,0.635722822552406,0.320616060637615,0.602141015940391,0.396267489949188,0.700421705045826,0.501457918697701,0.334816642345218,0.492806761675582,0.11577973056676,0.0842222826218065,0.154159301421396,0.254307011701278,0.108423458731819,0.678642251692308,0.786766191682051,0.588551793489986,0.0584137126167869,0.492588443728646
"5",0.193583328876542,0.196521883635467,0.411199006615574,0.478684010756702,1,0.453844452283724,0.363750817456844,0.146586008160988,0.0648896275117973,0.456099988837232,0.411020133799506,0.184462868273912,0.273181498889812,0.20093033547807,0.0965672750516977,0.0610491789514045,0.599239111643808,0.629971865123109,0.440567532486857,0.635195096379669,0.569360431048676,0.572270922250722,0.585689780972625,0.214014114154383,0.301643588020494,0.298249034793682,0.464251048315009,0.617515255415528,0.35205834921661,0.352078665799115,0.583314695477642,0.588349751964293,0.424906250600391,0.0997038627897619,0.476429368230197,0.371765598829424,0.404299760069512,0.454785216544785,0.399289802868583,0.519042111075876,0.499936496132185,0.358671974191423,0.154419658301075,0.553831709979127,0.175632182754412,0.471938559863641,0.0769415508443456,0.14001468582069,0.12569391734127,0.613978927810837,0.465580969717057,0.220845871178601,0.203439417517402,0.402431584506279,0.458705599115976,0.404014082994789,0.514474626764835,0.433675335795158,0.610633720908199,0.496818609636346,0.595486435593072,0.522761281614243,0.513498695893159,0.355469518823081,0.515680124967087,0.342454154415543,0.500194371346427,0.411734503140475,0.454439936469775,0.503622985165941,0.0188843498596622,0.478734468465129,0.225898975702888,0.0370468263039238,0.214520463532562,0.0303448573598468,0.0936599463251033,0.478667336581794,0.510178738417756,0.354484855891499,0.0914578934485,0.54698277018339
"6",0.121016268258872,0.137958454631249,0.280487245655155,0.281024850809544,0.453844452283724,1,0.393464108691099,0.120604831701208,0.226745362401159,0.386395531804018,0.542383564638745,0.270182487858661,0.246628110489571,0.31032549305493,0.31294802571954,0.144055839865035,0.458278750335503,0.583804785033084,0.41933850059776,0.428877408777168,0.474592530408002,0.415875927422573,0.560957015125331,0.395598313763687,0.265189820489553,0.282271985043452,0.287538550063426,0.600458863593643,0.480936798442145,0.554345438184124,0.46081929532072,0.559051936912782,0.493663667693943,0.329503837929374,0.401544458507651,0.186664569148135,0.133897353602786,0.267319787278944,0.0468815442490718,0.317437896971982,0.306073009077872,0.235639070736904,0.0229465866417436,0.399909859582617,0.286565643427494,0.317984142477903,0.173942369078065,0.0160546490848129,0.152721533841021,0.478779466312712,0.52599001338018,0.329981483015738,0.262358140783056,0.265276453254723,0.225083176934197,0.320819363522933,0.520427362243809,0.57778442726195,0.507791321439275,0.547456569188544,0.467867050017703,0.578265250588444,0.500048897178448,0.174262295418745,0.42824332934401,0.302371419689383,0.423937557921939,0.232764739781319,0.316001865093687,0.465870776551092,0.148205711775856,0.403032054661103,0.374375482061608,0.0742610189306901,0.186363421440973,0.0836611020221831,0.143385634525895,0.318118439297326,0.335499787781458,0.181850011205592,0.232529704490981,0.462182283811407
"7",0.161043072593718,0.089023166213428,0.3205534797726,0.418380371424475,0.363750817456844,0.393464108691099,1,0.0778423574416929,0.334952686595211,0.36024065188533,0.333650479806412,0.101896046952333,0.104840281319123,0.119032642650302,0.2087702004449,0.116552564543453,0.373702904405469,0.441967434429954,0.561552953584668,0.409241197768132,0.357735146156975,0.370718560090374,0.436883587329239,0.12307501656945,0.109233986139611,0.370520164037831,0.381410374384465,0.469085255486936,0.407134623030335,0.453285986062329,0.463941021771854,0.432490539261341,0.317747344297032,0.0112525058290105,0.416428089911863,0.2510754769571,0.316863353432765,0.20670680231472,0.090790072993317,0.417393098942883,0.345942154280142,0.307147478635533,0.230841157904815,0.399610091061473,0.300430099265262,0.381796401259303,0.0912011294336443,0.0531152382218447,0.1368693795192,0.513955557289286,0.364747773133551,0.225164001676942,0.21374204831576,0.273484488211421,0.400756742731817,0.109294718329545,0.502103124112282,0.375110718634435,0.447683786365635,0.304722548107672,0.508805249718508,0.441724345610782,0.520706412293247,0.242958458610748,0.468201234360125,0.199778449778938,0.49758818255486,0.0368717417841622,0.249560594150185,0.34986573501042,0.0206001439810166,0.387398810862622,0.449809696181636,0.152193311759763,0.248026126164866,0.0726643552933686,0.0458186209105121,0.430121405867081,0.344370231627029,0.24622282879947,0.0361501553852767,0.360583369688314
"8",0.18893038299234,0.0874260651986062,0.156648920394079,0.253228638612069,0.146586008160988,0.120604831701208,0.0778423574416929,1,0.023032236123172,0.147344258434142,0.280711085295399,0.150797849490179,0.168382535092935,0.19985563318384,0.065627964568438,0.0481464471002218,0.245036256372969,0.300282582638321,0.225887635746126,0.259929373247365,0.284198523374432,0.292300460380522,0.159766000618351,0.00374150234538337,0.165080455930695,0.131230948937579,0.209470793690965,0.230452133513233,0.131570396244572,0.00595965716477223,0.273514189586731,0.210288823838336,0.257637470533172,0.115242057267576,0.138721733821656,0.0927234703845696,0.25527219381233,0.296488144556514,0.161010959061377,0.242891596213672,0.256560050928079,0.343805054527725,0.106194896714347,0.320726235526011,0.0279109067149005,0.161840491131466,0.00682617269358022,0.0355637500412977,0.125153991025752,0.220476811490211,0.234392962551728,0.086725800131859,0.116488617873483,0.279959868646556,0.201391214765312,0.264252269009315,0.102568766683038,0.267564354071606,0.307655900347842,0.225425638211508,0.166051994873445,0.112970277049974,0.289552626714155,0.178475499193303,0.240671406033508,0.264424513305489,0.173699377867391,0.156733843854033,0.217288618657093,0.172591376622082,0.0506024372483255,0.073254257015442,0.0212600395524232,0.0902233128745609,0.086875779230132,0.0732990042792382,0.174569718687593,0.222723738501879,0.23259846126778,0.185446607948497,0.0689547588409539,0.104845027967516
"9",0.00441909657182283,0.168113657890078,0.0492472894308931,0.0791416779498823,0.0648896275117973,0.226745362401159,0.334952686595211,0.023032236123172,1,0.140516105317625,0.100573460618957,0.0180070574762264,0.0141593020737872,0.170239769265798,0.339752551493221,0.125961692955593,0.178289373989674,0.0179172600565751,0.314489371891854,0.151257862655466,0.119424753926257,0.143116661200496,0.0506450968619963,0.118078150945697,0.0273980121223692,0.073176546071377,0.000367655441619438,0.110678439413772,0.424522715007438,0.284520265813414,0.0163842720349874,0.0849999992173492,0.0350376699429342,0.267992901145803,0.0897612857435262,0.123765353991063,0.142203392043567,0.311577702380116,0.346922082691783,0.161606118563061,0.208538507189375,0.0209144818107056,0.0420905718486318,0.0579166949375168,0.1155792978756,0.00879617539036652,0.0338797913059309,0.160348765569365,0.118858029331666,0.00368645651305267,0.217650310999518,0.0254243315553488,0.0633998252554977,0.146809031759969,0.141878223475534,0.248702291355413,0.219380691930943,0.138314149868536,0.0406594830752167,0.0198811236929607,0.0245342834797671,0.193977597632542,0.137094661215674,0.186857291918158,0.0190491111707259,0.022058499396237,0.104229453553338,0.285661930502104,0.195390225210198,0.0536611255091375,0.176890902468995,0.048810086087215,0.348259483312236,0.125033128290921,0.0571789459755195,0.103626980888175,0.0865721866794602,0.0174170494302288,0.0968450518128003,0.145726631672736,0.0965828605651953,0.145994059916024
"10",0.180777153476129,0.172283135374592,0.340374157909473,0.436175268993882,0.456099988837232,0.386395531804018,0.36024065188533,0.147344258434142,0.140516105317625,1,0.378559253720124,0.168439130078433,0.177758114510704,0.113150431455264,0.045066506568702,0.195829063062023,0.513687790156339,0.537814556244363,0.433853763148709,0.555778023913168,0.478653311067858,0.465943082222044,0.578640094996991,0.185378952694343,0.197924822758012,0.365917174425767,0.418604230221247,0.48899212472759,0.270077768534638,0.35507793579808,0.53249417329857,0.467532721135694,0.402284323179443,0.0148792673727463,0.394350150283051,0.3493635397228,0.389366218081736,0.39215800147696,0.236853409368417,0.501808357124783,0.516341120603042,0.317698182052284,0.17479605665376,0.487774793265516,0.274564896915771,0.403966359891896,0.123726859994402,0.171313239626693,0.0726381644998941,0.532549565689892,0.321613547367865,0.295140464807944,0.139831669319397,0.395452877498331,0.483669140404216,0.361623178780545,0.447715454462453,0.373431629968787,0.511340103633121,0.391855801767311,0.513904167169877,0.441342061466681,0.4884684498678,0.398392858496665,0.529925276643398,0.199956574617874,0.474795709140399,0.268310005982787,0.36720351312385,0.466336865305437,0.0668445679341988,0.407504333936253,0.28800754495989,0.134397423437072,0.214724871769071,0.0353378247490419,0.0292341165644286,0.510349931717642,0.469741973268174,0.299359839214995,0.0112429806391305,0.513644459331784
"11",0.224414898832078,0.148404515022844,0.340089366371192,0.283985473834587,0.411020133799506,0.542383564638745,0.333650479806412,0.280711085295399,0.100573460618957,0.378559253720124,1,0.255381214361188,0.314288756285857,0.260333690397333,0.391556228955136,0.156874499543017,0.531554330267769,0.593774000387519,0.426120088208856,0.502370923241291,0.565181277774293,0.471308717739159,0.549876590979322,0.291108545919424,0.262938267727732,0.208723555022843,0.311710381608843,0.535225561062544,0.446395254636268,0.401513314057653,0.465827479635262,0.576156871438736,0.575284199788661,0.269338843845109,0.437034119229422,0.200702244088275,0.191040044030331,0.284819056216813,0.204718888159682,0.399430424110671,0.342584376215795,0.255903273880649,0.00484157209192996,0.460637542251068,0.205531465945661,0.367690561563975,0.261378037316577,0.0805547038253502,0.111613767764254,0.506797024373865,0.591861091058858,0.263789308353318,0.149514589518316,0.351105334909146,0.315989152540078,0.486581554262175,0.422954408971283,0.627622615036487,0.543698546886887,0.569118559594207,0.506763114786691,0.564342566072018,0.552531413831152,0.233973856057729,0.494297302941523,0.383096166981867,0.458906516750581,0.405480518521663,0.298016830763221,0.462575369704459,0.153596660981865,0.449075839348416,0.334785008399262,0.137049652217763,0.199286500521957,0.00971374868272395,0.0830406333539352,0.289676711029309,0.314172108259042,0.271321829353518,0.353595493149716,0.522080525903481
"12",0.149001622805506,0.0195033140084864,0.124041700465158,0.132095508263449,0.184462868273912,0.270182487858661,0.101896046952333,0.150797849490179,0.0180070574762264,0.168439130078433,0.255381214361188,1,0.0505275333227611,0.107224945122166,0.0730561005654659,0.0243889539866686,0.0961264282634596,0.227074087641017,0.0340798039983798,0.110971123022996,0.104446948227296,0.154107393138877,0.303003507396127,0.5271873795919,0.211560339429774,0.222072559113493,0.0922681286492112,0.205620290545959,0.260417148769919,0.350876973391547,0.0946300656909613,0.0938416571806592,0.347006817729128,0.168387266802423,0.0474798104259687,0.0393602261699101,0.0227219705161206,0.0767357429896363,0.0972983612608232,0.0409015452385441,0.0900479476907993,0.0472895385343708,0.303200183643997,0.1227021494061,0.333464954657991,0.0675101508533292,0.0809473365797262,0.00488688152873513,0.123469052530873,0.0202679418924411,0.198952945909868,0.261228258830762,0.184088532989774,0.0817184293273248,0.0668687794552221,0.382506626453148,0.255518445770578,0.250776916193198,0.252482261977471,0.5074633177839,0.0251465982357321,0.193977250691319,0.210358840789096,0.320939782295745,0.204435319421177,0.128503524934056,0.123660848081615,0.0296797677524118,0.0605374663678002,0.155974255105348,0.257896979352031,0.209875555434488,0.239472715429985,0.157220146142669,0.117472217409215,0.275452241958056,0.133783943827968,0.129258168756786,0.0110947489166805,0.0641776278422499,0.154281064192608,0.243448367090132
"13",0.0584200366854364,0.120074446815225,0.529980436633226,0.449044114662016,0.273181498889812,0.246628110489571,0.104840281319123,0.168382535092935,0.0141593020737872,0.177758114510704,0.314288756285857,0.0505275333227611,1,0.395447082959614,0.193125895530417,0.132915193466806,0.571914105368658,0.540625696947036,0.295436035390425,0.492491978152011,0.484336678845813,0.507295748181416,0.456113783590064,0.0118817101818369,0.28620435649825,0.0931466413468845,0.420330981335264,0.428484825152188,0.251586026736196,0.246743040610673,0.539489729690786,0.514623866816976,0.372889425471626,0.0498085476859958,0.42067827471898,0.228828718399198,0.281077438495323,0.326516087298135,0.340760438211825,0.454583420813223,0.36531698625958,0.359980236291035,0.285938763292547,0.438959485762391,0.130111370289803,0.43705478618364,0.177731644695462,0.0349960773094238,0.0594258003390667,0.48086944263125,0.383049808620044,0.132578780161082,0.0468651238408764,0.426461601973554,0.259281070939826,0.314901340916283,0.24889208503528,0.380601053489242,0.492784827550602,0.304433742068946,0.484916626652057,0.431851396470275,0.414208917921769,0.157994011139908,0.34912465020245,0.389508782030192,0.358770936595213,0.485782292523318,0.489579741284545,0.438924645290224,0.0739603630928162,0.259061322017495,0.00436435046127884,0.176949527159857,0.11606646348289,0.342953518073935,0.035450851415081,0.271975913781054,0.373028728845114,0.350205564300195,0.436838848656849,0.30864824630647
"14",0.0465777141667541,0.0978897687710001,0.291974694305621,0.170751952678214,0.20093033547807,0.31032549305493,0.119032642650302,0.19985563318384,0.170239769265798,0.113150431455264,0.260333690397333,0.107224945122166,0.395447082959614,1,0.229218761602412,0.303728100211789,0.297998454134665,0.387835175386836,0.281060074046425,0.263804970896615,0.360462273145185,0.271992427577411,0.169373190642968,0.0205849900407488,0.18431463944351,0.00690240579451481,0.216330358057521,0.36356215554472,0.343283633166709,0.16405943468963,0.2976070779653,0.402707464326449,0.332163715666758,0.271328932392427,0.286090309395485,0.0719193038480128,0.0267303898513885,0.275702091409045,0.157818409293877,0.150774269072797,0.0858820552061987,0.248591332250181,0.104265863140582,0.293764003015614,0.0850873774309325,0.161136779389305,0.0975129373955995,0.0720879214313396,0.200776061839888,0.27245547244636,0.383238686708732,0.138881660651813,0.0676276634296672,0.179054454398319,0.0185398877834486,0.176792104182311,0.211276065451152,0.403114892441973,0.297890490985024,0.277532355945277,0.203408413737174,0.276937509029773,0.261380989134068,0.0963528267749159,0.155058215687899,0.295990753420661,0.217638857269169,0.357919932606194,0.226114944097636,0.277344945664803,0.138957938848299,0.128493401138949,0.00780318485763632,0.147094590875775,0.0654332161123095,0.121041557772305,0.180195067859358,0.0548101898926657,0.152419924996653,0.128197757541249,0.451981517994242,0.0679611945256706
"15",0.12448745693925,0.0121676472584035,0.125654457295122,0.0210373429828399,0.0965672750516977,0.31294802571954,0.2087702004449,0.065627964568438,0.339752551493221,0.045066506568702,0.391556228955136,0.0730561005654659,0.193125895530417,0.229218761602412,1,0.273517425317333,0.117433884569374,0.224183530864369,0.18745303975286,0.0831449992664806,0.201544067815945,0.0680722091332484,0.189528835213456,0.199305129966565,0.168997092799141,0.063479152170985,0.0220884274787924,0.242899671784537,0.396136290837527,0.278082865146233,0.132807817520643,0.29259207389429,0.299072385273843,0.375886070049492,0.228701859515031,0.10728603620892,0.106360938035375,0.0263834360648563,0.088373964907631,0.0519680506852358,0.0487390868012451,0.0692806958318275,0.097747741330709,0.0741427646304013,0.0399785593577742,0.156164729257185,0.164650366854177,0.166161285377282,0.0729949776756422,0.165047396184645,0.3958121334777,0.141235055065021,0.0679304158005569,0.00881162794214117,0.0801614470857396,0.115650327529102,0.209217452903404,0.385109515632806,0.178388454335877,0.209015382270213,0.166718838115306,0.319249342536573,0.236594216581632,0.0926424085942552,0.169903562873787,0.131675802246726,0.190996213581318,0.120100220772265,0.0130192489026175,0.219105341124879,0.217841182061364,0.123015998489411,0.291994816622357,0.0450575865572028,0.0669913556264165,0.0110845024245471,0.124297322571688,0.0303326982085208,0.0306435509427313,0.0604162773789274,0.365097556288593,0.143684221225967
"16",0.0286133887383885,0.0535869574584626,0.134016822467321,0.293724162586993,0.0610491789514045,0.144055839865035,0.116552564543453,0.0481464471002218,0.125961692955593,0.195829063062023,0.156874499543017,0.0243889539866686,0.132915193466806,0.303728100211789,0.273517425317333,1,0.0870530531776043,0.00379355150839855,0.122720196762024,0.154588199445915,0.0724968611417641,0.0885858340632644,0.110213114963191,0.083627935352177,0.170583661593329,0.309863397566693,0.212253782292016,0.0320324057760444,0.189409893336475,0.0208633387204963,0.209492888906625,0.0328161807163761,0.103940386562854,0.463148831254762,0.00544018020959695,0.217538664379146,0.38149483887578,0.0986922076787439,0.0808914693063113,0.251789308645986,0.289159634031706,0.181598351839809,0.250017023804797,0.0936069988376065,0.151029547469608,0.18012710703552,0.168749294656828,0.29139649215485,0.0398298446180176,0.134787919320918,0.168271058342155,0.0155441752168606,0.0724085902488469,0.144561128945919,0.376470628789308,0.0837096145723816,0.0358809788713051,0.191075318892585,0.0710888938981074,0.159664022087128,0.165226970100406,0.0542918039987482,0.14009444315454,0.291427218503511,0.152248756920149,0.187849303158381,0.112004228655717,0.195268129748276,0.128286643318536,0.023954945532828,0.260587524253707,0.0761176282721397,0.042419391726282,0.103679626776628,0.0376767487294776,0.0865850303546863,0.182301932171244,0.271754320302179,0.255413475670066,0.140038619789666,0.437643896881502,0.0632607179416932
"17",0.205655258432805,0.25545506117904,0.716970093454193,0.748874487133485,0.599239111643808,0.458278750335503,0.373702904405469,0.245036256372969,0.178289373989674,0.513687790156339,0.531554330267769,0.0961264282634596,0.571914105368658,0.297998454134665,0.117433884569374,0.0870530531776043,1,0.811065171386477,0.558769907862474,0.838024967444672,0.768281505995134,0.794035562970489,0.781574466734368,0.126605956691167,0.329806717976291,0.26352224888213,0.69490882217238,0.714872083301512,0.316264568883272,0.414199507591099,0.821684179004803,0.73773708912991,0.561475587840627,0.0353427845619952,0.652786854613116,0.468552677387081,0.562622260081875,0.582286089121291,0.540648653619373,0.796003169061414,0.712081749092217,0.513718164655898,0.379500190173187,0.707139818314005,0.272118256543323,0.68713462103271,0.183663449503539,0.208774050889998,0.100272942049654,0.835646857386595,0.53064153671242,0.311047331664694,0.125712889785711,0.65739155703698,0.654569189012751,0.513351458930997,0.512733424208524,0.551475305611745,0.797605587146081,0.49391401388501,0.825372831192464,0.680668046383465,0.7207058459343,0.447293329495736,0.671278730392336,0.485835485757584,0.660273276663699,0.600663798773114,0.666816756537713,0.647021205313318,0.170590313287837,0.59580007994628,0.192122484760854,0.00580142939122162,0.250182418792623,0.185438402276578,0.0191516207421758,0.604957713399316,0.709853326153407,0.547616557310541,0.277181922214825,0.703035666295085
"18",0.276361389595878,0.203639167843916,0.631069413110873,0.631663625631759,0.629971865123109,0.583804785033084,0.441967434429954,0.300282582638321,0.0179172600565751,0.537814556244363,0.593774000387519,0.227074087641017,0.540625696947036,0.387835175386836,0.224183530864369,0.00379355150839855,0.811065171386477,1,0.602259429700173,0.795791807881625,0.744306522098108,0.779373227069412,0.796912450290706,0.353860836695423,0.433570038845299,0.318885260814696,0.672630835239574,0.812391761553025,0.529999249246924,0.58821249439032,0.801897179313727,0.832342807199106,0.670501934089737,0.111230495466008,0.631363713611435,0.370112600221612,0.511942187042683,0.540021460120212,0.386903756399692,0.681636240572574,0.631760431201525,0.559163298686029,0.250285924878718,0.727477270929996,0.332349188403912,0.583849088562681,0.206379727456319,0.155906872925503,0.173541726320317,0.808112590555465,0.623866033475093,0.397554352687864,0.251350223412786,0.633768727683899,0.569886856045237,0.497394842956381,0.632184509389275,0.648403899995189,0.840796671586558,0.639888300441781,0.768625962577378,0.74192631844958,0.757116692833292,0.461041491893616,0.656500683216568,0.557530452724755,0.731580161695529,0.531201007345066,0.596781348983985,0.685493816512047,0.0223633471168925,0.560673354268166,0.347671195344808,0.0624062224693686,0.318130265343832,0.0876162362046031,0.131866709656851,0.612343111232278,0.647229381451307,0.46950929276322,0.25989813903446,0.661701376747224
"19",0.214100199097036,0.159251650414823,0.49006795899551,0.586861047248715,0.440567532486857,0.41933850059776,0.561552953584668,0.225887635746126,0.314489371891854,0.433853763148709,0.426120088208856,0.0340798039983798,0.295436035390425,0.281060074046425,0.18745303975286,0.122720196762024,0.558769907862474,0.602259429700173,1,0.598100111454253,0.516846515247274,0.517342745142181,0.585970725182546,0.0697203851427217,0.131404171322905,0.411314657410203,0.556432317541944,0.600966528735001,0.425797750989473,0.47725604283634,0.677213061763881,0.568441217060528,0.403037926390571,0.00642898295042759,0.57959630896322,0.386201986870537,0.440150036118836,0.314705273932518,0.233571002541419,0.551687592241711,0.499046351737829,0.446266705383719,0.327418967769089,0.581045537542469,0.292295645641008,0.568758672102789,0.13165760706745,0.195764848231491,0.162849586509049,0.679130391198302,0.428663344043705,0.23462389855275,0.151534379097338,0.463613543006657,0.537404501393516,0.178816777749445,0.591208676415696,0.466584832649624,0.557950317103059,0.387892933151739,0.637469697613884,0.553268421424604,0.65889970069278,0.271555268060826,0.57239823359355,0.294208932316984,0.573406543314019,0.211538333804541,0.400198078089602,0.513335933559443,0.131063573486705,0.472473334404749,0.383690216701477,0.0958588943308109,0.175545101845317,0.0626596389341911,0.0522445684083984,0.61407016840458,0.52532332946484,0.400355381652191,0.0756228080911914,0.450146249838595
"20",0.206819989438974,0.314411373582041,0.692202143509226,0.784140708193081,0.635195096379669,0.428877408777168,0.409241197768132,0.259929373247365,0.151257862655466,0.555778023913168,0.502370923241291,0.110971123022996,0.492491978152011,0.263804970896615,0.0831449992664806,0.154588199445915,0.838024967444672,0.795791807881625,0.598100111454253,1,0.729292744168338,0.823249904593112,0.76544391466957,0.134056531906493,0.294215669661817,0.316243369571476,0.71493591282821,0.72571835315246,0.284403890843678,0.384076219635949,0.835259941314532,0.726909690292369,0.513641478708224,0.0984420288048569,0.61389499913751,0.506071262602289,0.619972309931279,0.640885907280007,0.5353796752052,0.807728857170639,0.766298851137667,0.547092061224513,0.389597658237443,0.743820609917908,0.266846717454446,0.677627714616182,0.117002659214338,0.248346725410559,0.137795646921922,0.850372070760784,0.497848439782711,0.27314263789475,0.165382069000553,0.654123413408869,0.688782011775288,0.474031224920776,0.575474598165518,0.46030496440505,0.74329086708456,0.499083384939381,0.807929296839341,0.634473592903207,0.69498466303975,0.487235730945029,0.736163452037018,0.453254072685897,0.643647188658205,0.575796975967956,0.683745486243717,0.618649271928824,0.180730461660942,0.629879016894554,0.190778017733737,0.0125114940821445,0.214284907949802,0.205318988469783,0.0125822594939697,0.672411492731067,0.748284463054643,0.563120628973513,0.19696728289136,0.680708577406483
"21",0.172452219424404,0.217617009972001,0.619443916473623,0.602002916678784,0.569360431048676,0.474592530408002,0.357735146156975,0.284198523374432,0.119424753926257,0.478653311067858,0.565181277774293,0.104446948227296,0.484336678845813,0.360462273145185,0.201544067815945,0.0724968611417641,0.768281505995134,0.744306522098108,0.516846515247274,0.729292744168338,1,0.716375941503157,0.687423119983153,0.118453236174648,0.314215293059055,0.212460534628573,0.570917072069594,0.652897024983126,0.336073577606318,0.36200305101361,0.713440261890444,0.692003103346466,0.543819707071978,0.100430658786569,0.602493918850409,0.382502635704428,0.445741575512822,0.535428770804452,0.44818306291466,0.669173443986653,0.597493597035293,0.420004773141926,0.265618831033232,0.633819984965334,0.158275617394565,0.558221683930947,0.222910064217896,0.119699670324381,0.119051776243694,0.726799889644527,0.559145805175324,0.261568154146527,0.125517656544565,0.532868511021873,0.524746804540409,0.45591346349151,0.470187955610122,0.55399152090822,0.679017629719496,0.494973986085234,0.690734243729041,0.627539905205907,0.629002176991539,0.350133121770017,0.630699785251536,0.484921322849783,0.571170178636602,0.548424734474446,0.577065155038396,0.565398580267537,0.0664440767372495,0.547937486299849,0.22022230377036,0.044307527637416,0.250606610632198,0.153051458155887,0.0600300204265537,0.496435690808069,0.580140208984321,0.469130013181211,0.338972038538356,0.631518935500022
"22",0.24825183762042,0.246153458442622,0.640019758165454,0.702765024128291,0.572270922250722,0.415875927422573,0.370718560090374,0.292300460380522,0.143116661200496,0.465943082222044,0.471308717739159,0.154107393138877,0.507295748181416,0.271992427577411,0.0680722091332484,0.0885858340632644,0.794035562970489,0.779373227069412,0.517342745142181,0.823249904593112,0.716375941503157,1,0.724291430034058,0.161460389813507,0.318082294809495,0.268241466948551,0.64097282082173,0.701719654280597,0.312022122696635,0.410186816741309,0.762817149091186,0.694055596596665,0.520615246119837,0.037596081757139,0.570814204715237,0.446422092675452,0.548865700874275,0.583744780714639,0.51135579385254,0.729292915734554,0.690933812817211,0.511637935411374,0.314436063652355,0.694294675064363,0.26783312697156,0.601069530310101,0.09117845703304,0.213702818302002,0.134671445404678,0.761375746263864,0.48205865341245,0.272194660134649,0.16680673189442,0.621315404911008,0.612462536520385,0.505508780678536,0.518732102736627,0.473595250423935,0.725117382605156,0.512540606657846,0.727077435608608,0.625341475204444,0.663715206170534,0.442597423644759,0.660167957323027,0.450377998169607,0.597714490452724,0.56036905008508,0.597782829400067,0.612222923553866,0.105418558803997,0.562530497782572,0.142449987818254,0.0288903849709594,0.212702005264959,0.168809765175704,0.0306902780167073,0.605065952363079,0.676492490851883,0.520481345863688,0.211255749515121,0.614243863068747
"23",0.24663224055294,0.242620319747372,0.553935200903732,0.599353449963099,0.585689780972625,0.560957015125331,0.436883587329239,0.159766000618351,0.0506450968619963,0.578640094996991,0.549876590979322,0.303003507396127,0.456113783590064,0.169373190642968,0.189528835213456,0.110213114963191,0.781574466734368,0.796912450290706,0.585970725182546,0.76544391466957,0.687423119983153,0.724291430034058,1,0.391886216157883,0.305917539549515,0.341260981282581,0.566316877601417,0.718361870115049,0.427726039104321,0.594597020985098,0.775018164496507,0.725799553699694,0.602819139252188,0.0468070718215799,0.56842651513828,0.42383819012327,0.467376010872729,0.45117348108437,0.355743306941484,0.671144442523148,0.656559551888825,0.409266117218582,0.235024998753624,0.683733163384169,0.454879149612037,0.585407738129718,0.223425907124494,0.208033442464705,0.120574259827476,0.738258074764107,0.52411720867861,0.371383579618103,0.188885079102553,0.610909527161599,0.621331859595441,0.487439623990613,0.635979605133429,0.54615331700456,0.728878670508157,0.624657038958554,0.745650826235537,0.716993758109431,0.738336173795554,0.526484890906994,0.696934282845002,0.410392765332216,0.667696060925884,0.456544085594885,0.541713568767907,0.648729157465585,0.0822273700827122,0.620743659782366,0.390898480297095,0.126390219776908,0.289177707498343,0.0608603823055974,0.00332325588924431,0.633826964599616,0.613659196191496,0.447717402467777,0.154502835848754,0.71415002963424
"24",0.231455652371849,0.0184583357316803,0.101682477896853,0.108339159778143,0.214014114154383,0.395598313763687,0.12307501656945,0.00374150234538337,0.118078150945697,0.185378952694343,0.291108545919424,0.5271873795919,0.0118817101818369,0.0205849900407488,0.199305129966565,0.083627935352177,0.126605956691167,0.353860836695423,0.0697203851427217,0.134056531906493,0.118453236174648,0.161460389813507,0.391886216157883,1,0.287181648934493,0.193094723532548,0.0196514722151499,0.296003252436835,0.399413924356197,0.498679025885759,0.119573907760623,0.288356598767369,0.38469355329963,0.317929666824331,0.105511204855427,0.118862428423394,0.0759896502971586,0.0394440933433781,0.111150402705078,0.0109892438793187,0.0541512970323063,0.00821328942775278,0.301682242247066,0.149607698293823,0.403529639417555,0.021258456525206,0.186402416629168,0.102293569770372,0.11905699191712,0.118568929893108,0.302547454841166,0.34914139284298,0.251784697217441,0.0696658534761936,0.0449349042871463,0.275261730019361,0.379299554718848,0.412678035611235,0.30744411883727,0.498365571698413,0.15373147371886,0.397052965859667,0.273105728247901,0.272013485571058,0.226340664968839,0.213535547582257,0.303516983767582,0.0507923367015845,0.0289739763400806,0.249269271080488,0.330216948916506,0.23084921983451,0.38703853369024,0.30469260507475,0.231596632102208,0.231835776195998,0.0174822736457941,0.08008231104981,0.00116713884391979,0.00938939758018243,0.0399812165992034,0.318299097038461
"25",0.103738095038103,0.0206210803477075,0.210985827234164,0.114014789198841,0.301643588020494,0.265189820489553,0.109233986139611,0.165080455930695,0.0273980121223692,0.197924822758012,0.262938267727732,0.211560339429774,0.28620435649825,0.18431463944351,0.168997092799141,0.170583661593329,0.329806717976291,0.433570038845299,0.131404171322905,0.294215669661817,0.314215293059055,0.318082294809495,0.305917539549515,0.287181648934493,1,0.0514682296202403,0.227214461803013,0.39281488958993,0.310923934314091,0.225317297896811,0.271168673168552,0.355372322599354,0.355153308807258,0.19387518166605,0.228391381708536,0.0833126381638953,0.139656625642353,0.215754946874215,0.227243232982091,0.136678942067596,0.141794914659937,0.176941137635549,0.0085595185487449,0.266995102552186,0.16881453916364,0.163035436738245,0.146646058874132,0.0223824983371064,0.0367062087838398,0.273052326654884,0.327410673224464,0.165721597040767,0.134581802066621,0.242373278444782,0.0576359486815635,0.264316291317602,0.234701426052216,0.343929024290759,0.406475527050407,0.369903125507348,0.280304726394913,0.314082858987453,0.26041302258768,0.145677574070545,0.15972655905161,0.278553015520751,0.306497982970519,0.348736815659353,0.195597020317713,0.300945609696417,0.0564750225658297,0.170940134177096,0.102350761250531,0.0613920185342872,0.0916310866939796,0.00127451502256424,0.202094774954082,0.185977047129782,0.154416087595035,0.127339597510176,0.236452789666382,0.280893522348338
"26",0.16137362762873,0.0190185314739107,0.132067858524441,0.280482854679609,0.298249034793682,0.282271985043452,0.370520164037831,0.131230948937579,0.073176546071377,0.365917174425767,0.208723555022843,0.222072559113493,0.0931466413468845,0.00690240579451481,0.063479152170985,0.309863397566693,0.26352224888213,0.318885260814696,0.411314657410203,0.316243369571476,0.212460534628573,0.268241466948551,0.341260981282581,0.193094723532548,0.0514682296202403,1,0.314331840651599,0.31692347328265,0.230580679718508,0.337538313445091,0.332194889671655,0.222171874561588,0.232435018341768,0.046316251172821,0.210240951921663,0.278422979349916,0.326059551092322,0.183721743646633,0.0888843003827013,0.285923094349501,0.329105893785115,0.195002000576739,0.128328000326775,0.278724665907911,0.324147662203721,0.240138363154965,0.00718864464061495,0.16211074004444,0.115127429491309,0.340238155053507,0.152196734127187,0.248824780404538,0.258309548997764,0.216033674651893,0.372621340237506,0.153603942359737,0.361980206032966,0.220808963451976,0.345631020837772,0.257790369591281,0.335046596853232,0.246548987352293,0.370651650978123,0.318229248131501,0.352542849395324,0.096172612557938,0.339045679011676,0.0540495205539031,0.120786573126598,0.276826473959537,0.0201768349582394,0.344530008199821,0.346794861662556,0.194279661709733,0.0741193865992139,0.218703642164137,0.0498657175360375,0.394606981406637,0.334528818391118,0.107332310553514,0.187466110167343,0.317692320284852
