"","1","2","3","4","5","6","7","8","9","10","11","12","13","14","15","16","17","18","19","20","21","22","23","24","25","26","27","28","29","30","31","32","33","34","35","36","37","38","39","40","41","42","43","44","45","46","47","48","49","50","51","52","53","54","55","56","57","58","59","60","61","62","63","64","65","66","67","68","69","70","71","72","73","74","75","76","77","78","79","80","81","82"
"1",1,0.132835680184074,0.280659188536029,0.0767629686417722,0.102773260250254,0.0159643459301319,0.15504679750687,0.236465834093901,0.0217445160772186,0.23594374864139,0.278760417287341,0.129551918266362,0.120976994539016,0.0697591723711293,0.115685089620235,0.00435225138045594,0.283382536529643,0.172074493442922,0.124964659955372,0.248558137208744,0.13986043756787,0.287391704697638,0.284203960138762,0.102716797932819,0.093161821039395,0.0276729024808918,0.0501090668701584,0.0234390290054639,0.0120547871424074,0.0582833256559847,0.255040753884682,0.131410851488079,0.292906831471405,0.192259310486707,0.195989658974224,0.157211029770144,0.191207648923613,0.0728952311941897,0.0805243009377417,0.272914286877914,0.22790926887575,0.137280049020389,0.130232682581481,0.146280318034753,0.151642670792415,0.143093671239147,0.0718291823524631,0.214460633883261,0.256135455057441,0.188435453949646,0.0342597486670236,0.159731661144892,0.106872610604211,0.0378722766311315,0.265138767545596,0.189671919926419,0.0819101856215663,0.237994678340958,0.0682456853652479,0.0372309994396273,0.114317430430591,0.248014468848482,0.105281733888469,0.063701487209578,0.189365487449247,0.0731453133395344,0.0100246673312448,0.141711219975876,0.269773716868316,0.104490241850452,0.0490809973420627,0.0923983899654684,0.0531768242924517,0.111242120943451,0.154919445823054,0.0748991927597229,0.240840723156926,0.176321424487578,0.00482613011536397,0.249403334643573,0.0352605020488967,0.115420473719173
"2",0.132835680184074,1,0.571991064673313,0.47925007379601,0.0376095115348851,0.13966317929727,0.24417441649314,0.602303829358893,0.159472822357539,0.489217856178914,0.387288918023182,0.00122339918192934,0.141675431029657,0.355164948258541,0.0262133145894208,0.286277482967865,0.158497196084145,0.0798707105325097,0.0578328214168596,0.165970999403573,0.0604734973548327,0.566234691977889,0.475653656730227,0.129016658131967,0.52546595100104,0.160451739789246,0.0790767679267703,0.356357406177609,0.327646399920594,0.131122582368275,0.521806763834888,0.0706713408189007,0.510979729250948,0.0461840725840003,0.409163967457182,0.366095854955116,0.559420075514399,0.462166348495939,0.195376788565839,0.601258294751551,0.591914144676629,0.542547988541855,0.103231882332772,0.161575245856945,0.162026819731154,0.121615045644657,0.0492089859252712,0.444819949070281,0.5926115846828,0.164250204851678,0.441655324045007,0.53334142410376,0.417122540927303,0.11770058355811,0.640997255759928,0.197109671653046,0.0244736092053454,0.32310584642656,0.43573453420219,0.0062844713367682,0.0154840579617289,0.125574377602491,0.245177274036255,0.224059463194258,0.292621298778313,0.473077262366916,0.194682511678149,0.267695679599189,0.32771051813455,0.50548698812159,0.0663249869928007,0.162472843548487,0.485058336652907,0.206444706403102,0.39803591253348,0.281348293157291,0.491006975631511,0.386087983248723,0.259537262697661,0.615246976901409,0.0330072451025311,0.121188456625463
"3",0.280659188536029,0.571991064673313,1,0.553378537523897,0.104078679287285,0.325019449904986,0.219148427419367,0.738118612694733,0.260787289721726,0.479189296587324,0.383556097021263,0.0884634062201511,0.0307081672657847,0.537600616218259,0.00553993917081191,0.275485724892197,0.210115483812692,0.0624737007616697,0.0123211007510362,0.159136559254189,0.0403468749898159,0.538950587028393,0.529388197690896,0.0559556522286013,0.61496024156407,0.117563444739738,0.0525242365782488,0.423603779294802,0.411318298427369,0.300842325577844,0.669790308458759,0.0872034683365882,0.616704218789395,0.16277545896044,0.519073483102472,0.448879006163417,0.688963194836748,0.507023366332812,0.386428467532612,0.785734946816176,0.796062326919747,0.617183783690031,0.173837081832928,0.190592897490285,0.229478729050988,0.181583110751005,0.0773405085115358,0.562291019096418,0.782514683026486,0.2494632387719,0.504137020510766,0.647545732194979,0.563048988442723,0.0802590303927863,0.815430555971088,0.295774110505891,0.157870872172995,0.32011136608818,0.51069011772666,0.0961526678314844,0.00450127045715803,0.234110308764863,0.0896288581872267,0.0739880499112819,0.34941753246523,0.59884423084657,0.34803928185225,0.238589886743156,0.448714257261808,0.665087024181817,0.271122657706198,0.263823673235006,0.570834701395935,0.320957873263321,0.524501250218636,0.220381164462084,0.581984316211967,0.581525214525483,0.144743699124238,0.748184763564201,0.0980636911474811,0.114683457237867
"4",0.0767629686417722,0.47925007379601,0.553378537523897,1,0.314879880454145,0.484014944985877,0.140007237385203,0.617840447935636,0.324422089097514,0.371552085655388,0.0740617605670584,0.106363731191221,0.0174736799937533,0.523943260968229,0.0921625491070349,0.301143266322795,0.142202460534102,0.344340719816239,0.132249840862358,0.0851438107216752,0.165098249344033,0.336532593973503,0.312332091541258,0.214366028910749,0.712865352389299,0.0700629868496959,0.188967554775733,0.578441110212144,0.467569574702481,0.362582974874047,0.453573467170631,0.297469540961842,0.30441941234797,0.000711193907541349,0.467374983334118,0.478252988149696,0.672795959175758,0.571842704697159,0.383447053550706,0.596934159028453,0.678586231990496,0.600182883275747,0.0534327282539214,0.00613447762351814,0.0549243960494167,0.00294768577553039,0.0891311138176413,0.439355952627046,0.599695359535483,0.00698777915811452,0.589639506379512,0.61096262500354,0.517517052415896,0.089130046681789,0.602473979140624,0.0471759156374194,0.254223578579473,0.0212433451399383,0.543687324470259,0.0677472541175627,0.188087689883707,0.0706343295002862,0.135443332884048,0.0127673178022596,0.244606097843858,0.640630200975861,0.394915804621625,0.126519591253072,0.279263983950118,0.606593975092133,0.380378656315463,0.461883392749053,0.630526066068068,0.312489659127256,0.585207347892616,0.154492311037342,0.544207268538415,0.375532117250803,0.152136482504333,0.595116541154821,0.14504924508965,0.0555426216750892
"5",0.102773260250254,0.0376095115348851,0.104078679287285,0.314879880454145,1,0.434359546927822,0.0217477588463851,0.121215900285685,0.282156809222826,0.0296088117346286,0.228103144360594,0.0967249712262737,0.205494927188313,0.336358898177179,0.303688623781612,0.0969934084556955,0.521639245095113,0.510180919123667,0.220492401184021,0.209328792746712,0.327466401499638,0.207601546695021,0.0906004297743114,0.283076541044884,0.307674392543915,0.0769295222469829,0.335675542855144,0.380210429453775,0.401625752782165,0.385007013255831,0.0637352141670909,0.438403850356533,0.119535646655805,0.105988374515025,0.0700549350758722,0.0919177083013061,0.24136237107269,0.227398657341508,0.287743157424063,0.0731563287735692,0.208300054272034,0.291545831597436,0.0721014471639945,0.164419723333687,0.0758994771351269,0.252924659518989,0.20073584514385,0.100404992400655,0.138470071043464,0.309032259455866,0.423544834258059,0.297711983737927,0.2296151146792,0.09002990015573,0.18666631052443,0.204838213170329,0.432948280489563,0.444761496260094,0.339320235302813,0.200746936243272,0.374024701995585,0.426999526466127,0.135423620748002,0.246183627254195,0.0609579996212856,0.399215193822521,0.285433946132464,0.274667405127356,0.0894596411140866,0.337660381589678,0.253838357358844,0.351757542821897,0.299215205598259,0.00109817545068965,0.225134006221842,0.0689523025865093,0.0332983815443992,0.0388284774077723,0.0847632479436411,0.189893289424254,0.27951952865373,0.0814778666223541
"6",0.0159643459301319,0.13966317929727,0.325019449904986,0.484014944985877,0.434359546927822,1,0.200429708294485,0.339004287904553,0.355162253878746,0.0189834845060154,0.236838856214396,0.288997340108899,0.293249230841349,0.546261575797975,0.369354033476478,0.29621100442081,0.512848258991558,0.638646933703948,0.345085080153363,0.372693675589565,0.431285638011021,0.106425510616093,0.11484176707516,0.46088439746005,0.511129437904272,0.18990534139827,0.401154567619564,0.580429922793141,0.564975636480819,0.591328364005127,0.148013088978518,0.525630590193984,0.0530673759592225,0.0814199478810664,0.0914044081492188,0.257299977884612,0.433556369789496,0.444578037435357,0.389519291552992,0.354944546646623,0.422548904013108,0.408556505532684,0.0120896507931079,0.130223102998526,0.0844454502360197,0.162418907623384,0.182459017554487,0.302824657138301,0.305012079884992,0.313433500028596,0.610256644872123,0.520316468027865,0.406763359565821,0.207668069499608,0.366063567931071,0.211589937277476,0.496873110559325,0.374075693617717,0.566634351416759,0.352442676787969,0.47075792586839,0.482566450017118,0.29661612110674,0.32654776828139,0.0132886948655957,0.543267176896916,0.560024267064896,0.208259380177907,0.0729098736501936,0.589725163230222,0.418398384740436,0.445522942830852,0.527076502953286,0.162130605548465,0.347309237043214,0.0907460048675209,0.226907888418134,0.203531464416111,0.0337921747499065,0.380842183880762,0.377199349252255,0.268631365840935
"7",0.15504679750687,0.24417441649314,0.219148427419367,0.140007237385203,0.0217477588463851,0.200429708294485,1,0.205511366392083,0.0153729272444962,0.507451624670812,0.435862153769626,0.263319633342572,0.316493562675601,0.163368296773337,0.230455174897201,0.0631151631759003,0.316587340349676,0.319917832090635,0.255864164662377,0.406182808530638,0.280317508819748,0.35607332440698,0.515988768647503,0.333843064795767,0.0180541279409083,0.214695283435376,0.211097353615532,0.124830630709692,0.21628986403987,0.333323551732884,0.360979499086469,0.284152814964344,0.448926150536908,0.14213782793579,0.151681955787118,0.144650171527094,0.198327837550384,0.0108142591804161,0.020015609391495,0.179309983817282,0.216335271996943,0.154233834806384,0.0491366462775141,0.297633521071996,0.231407008372638,0.13215568819678,0.120767452753743,0.0853884997524271,0.246069502652608,0.370884743057494,0.0561439348294817,0.00944639150294055,0.04004440938958,0.179378487947537,0.217901816981889,0.368071536036046,0.228675326127655,0.370586960276369,0.0870219808418033,0.370699856803642,0.271092368197629,0.407608933041095,0.445449553205812,0.438951901612624,0.307769248560874,0.0416713300362951,0.239218022508343,0.247119689246576,0.310989427871218,0.00499373575082833,0.195466353132611,0.202821949271761,0.0186234212247549,0.0755743579308174,0.177549588978554,0.0934585455378032,0.158552278848775,0.185600835445951,0.228389312674408,0.181135167378492,0.175512080068008,0.441425992827786
"8",0.236465834093901,0.602303829358893,0.738118612694733,0.617840447935636,0.121215900285685,0.339004287904553,0.205511366392083,1,0.136059911785689,0.509895722468697,0.330378738808427,0.0659985752042585,0.0491562966284708,0.504956328628716,0.0392664149108093,0.325943279366762,0.141952744575801,0.137864729116211,0.122803349712929,0.0515825406374837,0.0557694302304929,0.545886232070869,0.475527714734831,0.0930323113266007,0.678890496972143,0.154292368463296,0.107943899354367,0.557351525195596,0.43966297723005,0.306402238483539,0.594642284706741,0.164547741718896,0.545669956859738,0.0421005517713726,0.528730344678968,0.569420635980963,0.74165436713357,0.619650874497455,0.363836697650985,0.757302571319346,0.765010193012438,0.632824853865729,0.0932582289895205,0.175260802282034,0.130882603467207,0.0876461209383207,0.0769253212969885,0.543051651805736,0.801290401304691,0.156924932634805,0.519616922214935,0.713396663037087,0.553110271186543,0.0639032781879947,0.791193013367455,0.161756420579702,0.178918838742099,0.312823381224103,0.559947465554966,0.126828652291056,0.0743497563905854,0.152671215273486,0.125079141935835,0.0739015566392637,0.299241415538914,0.599185555752712,0.321187720045936,0.217146459810362,0.3519903974981,0.639952542547524,0.321804775015217,0.296611125165846,0.624909401394092,0.376928019017009,0.609340057764481,0.257226807123973,0.605213678519023,0.436504569430267,0.129650397017933,0.736175492233447,0.111477493726746,0.0418284251793592
"9",0.0217445160772186,0.159472822357539,0.260787289721726,0.324422089097514,0.282156809222826,0.355162253878746,0.0153729272444962,0.136059911785689,1,0.0984179382138222,0.0154245473110904,0.127014100930666,0.101952516298165,0.380742438072333,0.148805936982578,0.143349344802536,0.207989561026801,0.333959522738237,0.0343396483267865,0.119400346753044,0.247107844946613,0.0158402585950216,0.0651337583649828,0.252426936918027,0.401924430505142,0.0920778602426245,0.126247821446183,0.35143573087362,0.378740958900533,0.347703421032789,0.189290566276284,0.20425680205321,0.118508742791134,0.0291714998316153,0.152820943328463,0.139542910240775,0.322850926611486,0.284469145689591,0.272428748425251,0.194908997216824,0.320257931303438,0.273118312208133,0.0762879384317058,0.110479970215049,0.0207246536872029,0.0731312071200846,0.137256085185946,0.230021688966147,0.277080254147189,0.145027715355258,0.38632174574148,0.357554588693381,0.337869130013178,0.157591825353751,0.306917959108541,0.0591061007743711,0.244480849466463,0.139068573913778,0.349713468784824,0.120542851409538,0.194402054504844,0.155948672162479,0.0804895635343563,0.0887803819028799,0.0480293754882129,0.365772052991563,0.364785648174067,0.138031600765552,0.133002091380962,0.409889867683267,0.183684124582785,0.261070150684126,0.357159749445561,0.0527620678342985,0.258457806051856,0.0304006743355188,0.158241892321645,0.340281396218701,0.0568343175119923,0.362660094057565,0.147949521397285,0.00531800329540943
"10",0.23594374864139,0.489217856178914,0.479189296587324,0.371552085655388,0.0296088117346286,0.0189834845060154,0.507451624670812,0.509895722468697,0.0984179382138222,1,0.59594611627986,0.217924037073895,0.354954585616753,0.117997883813822,0.18609694491064,0.136017403580987,0.296366707621177,0.20909996245598,0.197532824721104,0.391522288322472,0.220958414854429,0.548051672385492,0.606299948763787,0.217535166172696,0.291389184761876,0.0956535388592173,0.191952968569648,0.11026339170121,0.035762878241683,0.141425271714357,0.604903603718097,0.223884484191493,0.631783745921383,0.0980692024778693,0.314859966425652,0.268517485066913,0.488051386158293,0.216817883567049,0.17985434406294,0.46303518652224,0.467240289503182,0.394406159290698,0.0989137816037498,0.356917462079839,0.288482516539689,0.150997313120697,0.140122809948642,0.304136188350167,0.524176838223927,0.366816069786956,0.214545460187035,0.297397252681475,0.264639474793102,0.0721346787022317,0.51128305570688,0.387652048758869,0.193537476722224,0.416717814331632,0.125204768753694,0.300656701954833,0.133044126462889,0.399561757479165,0.46972250761092,0.409998862950305,0.436738605531536,0.289896598787944,0.0533224442455692,0.294932808574499,0.368057627006458,0.300038316180343,0.11864060636707,0.0485947486628879,0.223471251543689,0.126407169306191,0.34709020023875,0.298413928888108,0.336202387507806,0.446469906065256,0.341391394070752,0.449478733175099,0.112317590504759,0.392261720068211
"11",0.278760417287341,0.387288918023182,0.383556097021263,0.0740617605670584,0.228103144360594,0.236838856214396,0.435862153769626,0.330378738808427,0.0154245473110904,0.59594611627986,1,0.339591981518272,0.438752164888085,0.0830921505664246,0.28556107524498,0.0117021546632298,0.510653434956736,0.446501602647734,0.426239449812083,0.482638532653051,0.416737440333939,0.529495663275537,0.645946546274539,0.396936682550847,0.0123791567943345,0.01656966598412,0.386026232881984,0.190892739096076,0.182073593247681,0.35534299754383,0.548908505660186,0.458510496792264,0.650578823832288,0.224554900882189,0.313117088005358,0.128145100421424,0.277588408465504,0.0304405437438637,0.0433037218935727,0.353561941949649,0.301860286498829,0.170299107380967,0.14860387839751,0.395158598246112,0.341993450466123,0.301850294613672,0.170992372494413,0.2259434957184,0.343192306194015,0.479690232824041,0.0327216019299222,0.134140581120617,0.0807105619908247,0.238842974800913,0.37808797608958,0.497869846577294,0.400366752906978,0.573696731042518,0.10255005890837,0.409326394859849,0.385997193199282,0.596259877639587,0.494486619055376,0.469535388343205,0.418180307388761,0.040213474318032,0.147297358620143,0.40908490719876,0.405423248572593,0.0875940155551503,0.311673983737017,0.289838342793737,0.0204776129478229,0.0562732666340867,0.0838104851034096,0.167677423742137,0.188772571664516,0.409802617642523,0.262513060036191,0.306731440839573,0.272970651087721,0.432384376578308
"12",0.129551918266362,0.00122339918192934,0.0884634062201511,0.106363731191221,0.0967249712262737,0.288997340108899,0.263319633342572,0.0659985752042585,0.127014100930666,0.217924037073895,0.339591981518272,1,0.260806201711997,0.212420587624489,0.2215167193653,0.195921947308281,0.418337100904726,0.489564075034927,0.289849668617809,0.471761877272756,0.492269046637898,0.258518029888366,0.408432685722909,0.436613452711894,0.273007683484079,0.317785976997651,0.293724933461436,0.383621456753852,0.408611288131738,0.373657141055102,0.30615121565754,0.462139616792338,0.348455045207807,0.240764605876671,0.128864849693167,0.0728672840658326,0.126854551794706,0.21165631844469,0.0988818321717107,0.00642609301978701,0.0254542562467661,0.0913489050169176,0.0596693383547767,0.303273312589833,0.293261740047789,0.179355480402042,0.113193043978658,0.102648383160088,0.00031503751498105,0.434938284581935,0.314221518888108,0.199749858925148,0.164647697339324,0.320901400453524,0.0428090992679726,0.431615340914625,0.313584400211317,0.408835477690159,0.374067070633416,0.409992713706665,0.415006987807223,0.485092674180177,0.338656645126265,0.242154635565594,0.234469570962849,0.158380002225587,0.298216679797486,0.241070132405945,0.188096007302437,0.225399132624515,0.234045095237202,0.232385124140779,0.230255304015052,0.0179332717600671,0.12204150239355,0.0148798190081613,0.0335391964180189,0.0641385301254017,0.0788335280180666,0.0671116647760351,0.173192309549087,0.386592139764132
"13",0.120976994539016,0.141675431029657,0.0307081672657847,0.0174736799937533,0.205494927188313,0.293249230841349,0.316493562675601,0.0491562966284708,0.101952516298165,0.354954585616753,0.438752164888085,0.260806201711997,1,0.333887473485171,0.365831678246461,0.0392166893631742,0.390559500304323,0.453309506194579,0.450400570475798,0.425574789695158,0.382047853053075,0.355651490936845,0.476175776603019,0.383169070115951,0.120909809254235,0.256767338608405,0.43435287321079,0.33246478001143,0.403925538984013,0.538517493432147,0.266720611564045,0.50685045461701,0.416874731969105,0.228859383410632,0.124632568759498,0.0547682624206191,0.0865323352014788,0.196687603719373,0.160832640179416,0.0490493694834874,0.0146974985582751,0.0162427886819689,0.040204039122776,0.274327162769454,0.0416250871114446,0.239879689416917,0.091261676014496,0.0262510332205978,0.00403461018147566,0.429539524262894,0.233334276260087,0.137146240511712,0.18098649078794,0.0655496288434563,0.0284149446167506,0.355021677181828,0.572229998168494,0.339896328768319,0.367353218235469,0.563860347163373,0.407457188442684,0.452410834602612,0.647526312585191,0.522541858767367,0.363943533238512,0.213020508855094,0.298516275922338,0.354183744924864,0.265653815499286,0.190878867595924,0.413528498051162,0.299460236217054,0.204499554470458,0.0117636986191091,0.090190356904571,0.0333225330745088,0.0169535666580493,0.208642461529322,0.37979398294423,0.0182998262602172,0.424226694000526,0.486069029734503
"14",0.0697591723711293,0.355164948258541,0.537600616218259,0.523943260968229,0.336358898177179,0.546261575797975,0.163368296773337,0.504956328628716,0.380742438072333,0.117997883813822,0.0830921505664246,0.212420587624489,0.333887473485171,1,0.287340604947586,0.313017212219929,0.233101318912044,0.510189123999254,0.324321616205381,0.265281055353191,0.32042117340542,0.126607877080668,0.0604053827027582,0.382074064383016,0.704305184311987,0.286306221160237,0.327338406728665,0.664125918800144,0.664643412995114,0.693821841281526,0.309687578888549,0.510535205682374,0.16469208785925,0.0270909471294687,0.375609420219003,0.340380400348682,0.56414897659502,0.509569296102653,0.448326777132458,0.553581954525627,0.625561926359082,0.54918712015398,0.0538320178994425,0.108883292163731,0.000697871198070601,0.0849036827182132,0.113946816549327,0.466781629461746,0.567357757659961,0.178681381762439,0.675496885566353,0.652822666615228,0.597138088820097,0.0894435664207993,0.620867091262544,0.13389062742006,0.517867998741104,0.120683517020802,0.688920975767484,0.415197404482267,0.352297525260045,0.226014396488822,0.315642896591556,0.36515494604453,0.00229144429548072,0.695722946973581,0.632822278955766,0.102628291546329,0.129123649238828,0.722011364974381,0.473972023836433,0.506166101871393,0.669829687482236,0.166184334184803,0.502277191707261,0.104710943106325,0.406118108678938,0.39038182941413,0.071171306991131,0.615612188455119,0.322775352694401,0.234786504092481
"15",0.115685089620235,0.0262133145894208,0.00553993917081191,0.0921625491070349,0.303688623781612,0.369354033476478,0.230455174897201,0.0392664149108093,0.148805936982578,0.18609694491064,0.28556107524498,0.2215167193653,0.365831678246461,0.287340604947586,1,0.158805137332006,0.430678856803551,0.444456659324894,0.227224074935425,0.379745368033039,0.357362246296439,0.310225333448001,0.291853661589855,0.315143098508932,0.153152423977054,0.19283772626442,0.258971504060954,0.303539907873181,0.366894293747899,0.390289241969578,0.0887690410809442,0.385828054257163,0.28619382432397,0.190746702393309,0.149111554718795,0.0478405660277954,0.0972525323953009,0.207496917743724,0.22363916856549,0.04022572107106,0.0374919035935079,0.116595914589287,0.078838657178467,0.175026926864075,0.0683900044675138,0.288017484855292,0.13168064395792,0.0356339007046618,0.0121447274928174,0.326006543417814,0.309328532165058,0.196921178032651,0.128993344016686,0.10017184950474,0.0430841219501097,0.249224710382139,0.368537004733704,0.378478889270283,0.287672912693446,0.312538698441707,0.349364321192822,0.431591844776187,0.347769853322954,0.310015693209594,0.227533632850479,0.254418731311551,0.310342385435523,0.217607653921749,0.233373029510911,0.250364194589163,0.249632423415138,0.24371850288554,0.246131167897288,0.0572311537763171,0.15997079742565,0.162234445608556,0.0195172337362296,0.0167411753515671,0.0325795440911957,0.0370424984350698,0.263013231490099,0.313291101525509
"16",0.00435225138045594,0.286277482967865,0.275485724892197,0.301143266322795,0.0969934084556955,0.29621100442081,0.0631151631759003,0.325943279366762,0.143349344802536,0.136017403580987,0.0117021546632298,0.195921947308281,0.0392166893631742,0.313017212219929,0.158805137332006,1,0.133438707310551,0.218877763471784,0.0958666498841904,0.149768045681265,0.18321625054909,0.0729532604254275,0.0771824868354679,0.219932744577786,0.338775690826127,0.178943193100395,0.00133695495700261,0.374439290154681,0.330347726155743,0.233784213347095,0.143106846423001,0.171409025177363,0.086845922871691,0.133755140259764,0.0918282238192933,0.191091203583499,0.352632844716908,0.319746081430697,0.191925257810408,0.318022665164196,0.264436899159774,0.220825993588005,0.0200288728127056,0.0118907833213937,0.143470764475734,0.0336850769288289,0.0673859012657124,0.281062812321649,0.247492749583571,0.113007920146381,0.414313829950135,0.314279213425509,0.171186755381192,0.08289549700945,0.231267217338671,0.0536790102577322,0.0745025348895792,0.0487509796394694,0.304846948588732,0.0866332094346432,0.171957854335903,0.108899043129678,0.00656054304326327,0.0744219377946334,0.168911124656586,0.242903676957572,0.31910507644862,0.103807825985943,0.0887512182138867,0.360626946440145,0.277125724050712,0.213877313508121,0.303643405323655,0.130681227818227,0.265460331343167,0.177279886716654,0.255764343797868,0.252000818033974,0.19211804147812,0.220243262927444,0.0718332889160426,0.0757128889049544
"17",0.283382536529643,0.158497196084145,0.210115483812692,0.142202460534102,0.521639245095113,0.512848258991558,0.316587340349676,0.141952744575801,0.207989561026801,0.296366707621177,0.510653434956736,0.418337100904726,0.390559500304323,0.233101318912044,0.430678856803551,0.133438707310551,1,0.730818047026071,0.435691883781219,0.529319868896361,0.578208611089459,0.569305943853786,0.539079546661002,0.463510361754228,0.161055597854202,0.166097001085084,0.472744874496804,0.366523637206061,0.407728931041274,0.470410695691349,0.337001739696078,0.592589599484223,0.525145216249735,0.250916628473698,0.3468913092666,0.0504377978114056,0.065325020186623,0.13230987912618,0.16261585858306,0.175239055981029,0.0882700575064327,0.0981017933243042,0.0998112969206092,0.339268761238455,0.215379722945389,0.440469390389049,0.240161086455852,0.0735376924331416,0.178734527456592,0.589906941252908,0.396195933467406,0.107319518382474,0.0770927642751748,0.28138653471392,0.140773892042454,0.47295408595893,0.536645577621591,0.733600950030845,0.345933385033476,0.367367282794587,0.615284730912027,0.738068604120867,0.416545303168017,0.398994218790125,0.278906883599769,0.250374558907291,0.321060651458551,0.438807751352565,0.387982968793674,0.238382301200921,0.260608885232952,0.358523657224184,0.213713456760089,0.119364900615572,0.0734745789066049,0.0331384913985618,0.160061663908945,0.16670308629873,0.0291368590154214,0.0871419071727808,0.378713605198013,0.352301344173133
"18",0.172074493442922,0.0798707105325097,0.0624737007616697,0.344340719816239,0.510180919123667,0.638646933703948,0.319917832090635,0.137864729116211,0.333959522738237,0.20909996245598,0.446501602647734,0.489564075034927,0.453309506194579,0.510189123999254,0.444456659324894,0.218877763471784,0.730818047026071,1,0.483459822740371,0.573734423889493,0.674842672507309,0.33470950526052,0.43564871623188,0.659847742731961,0.460729413203089,0.282853837303996,0.526806451399833,0.620500388697576,0.64564459537386,0.694855397529812,0.128391272841256,0.691402546632208,0.348409792212245,0.340431430434868,0.0995638244587411,0.144259187850216,0.263517648700104,0.394875528914489,0.345997556384166,0.111944917207011,0.199060229947064,0.383408993385131,0.0737470918483871,0.334530103473965,0.23051689045008,0.347709326561863,0.235975352022775,0.177460143359341,0.128984106102393,0.615697136447731,0.594288307502752,0.472265759718022,0.372628188995932,0.242061577454841,0.176074231215138,0.463983653743682,0.660296062328936,0.603033832397269,0.605381031048523,0.562846884033069,0.68300009600221,0.750519226732906,0.502747815002445,0.50927600437863,0.262639951173216,0.505528013950199,0.558053402612767,0.347450376934432,0.241443154088829,0.512845918451302,0.442112077601471,0.489927392504264,0.503615593237914,0.0167709910422025,0.292097856917898,0.0702631743262149,0.0711102194235865,0.00446723467869378,0.0874353324799704,0.248506537266238,0.4924131239548,0.488323435956585
"19",0.124964659955372,0.0578328214168596,0.0123211007510362,0.132249840862358,0.220492401184021,0.345085080153363,0.255864164662377,0.122803349712929,0.0343396483267865,0.197532824721104,0.426239449812083,0.289849668617809,0.450400570475798,0.324321616205381,0.227224074935425,0.0958666498841904,0.435691883781219,0.483459822740371,1,0.387418248922399,0.33868646514755,0.209829418142751,0.384623897033028,0.364341371191389,0.232835742349577,0.0924992216457114,0.437375834862965,0.424750326771087,0.343717376441634,0.475889768201074,0.225997070541511,0.526106967118347,0.286862289260095,0.269501061904526,0.0186469104293986,0.157783216012634,0.0581827605096379,0.236027119510305,0.0498422768020915,0.00560033467918968,0.0691108645916071,0.152151182117816,0.0401230262738401,0.236482092593116,0.0959439526282367,0.260017327622156,0.0905413019330123,0.0601856818019824,0.0818911549670718,0.383825164215732,0.272798375790894,0.123454578995402,0.208453924687815,0.132190193865574,0.0922931659380236,0.345963459348304,0.495950423191811,0.305103952419339,0.426298132768295,0.499410616418775,0.426980703426905,0.418851740409587,0.474491225018883,0.409413556281155,0.28264420849817,0.300006790937455,0.226317868622209,0.343987509600234,0.227701090271694,0.214960127260335,0.462233343913624,0.418180199876919,0.236066654203122,0.0865735605298173,0.209321027656338,0.0786851529062811,0.0489142810918631,0.214667163644278,0.300140218588574,0.107792481330533,0.345467905721697,0.404904651372894
"20",0.248558137208744,0.165970999403573,0.159136559254189,0.0851438107216752,0.209328792746712,0.372693675589565,0.406182808530638,0.0515825406374837,0.119400346753044,0.391522288322472,0.482638532653051,0.471761877272756,0.425574789695158,0.265281055353191,0.379745368033039,0.149768045681265,0.529319868896361,0.573734423889493,0.387418248922399,1,0.525528029399494,0.416687898261855,0.503869565049153,0.467384004113647,0.195952434636041,0.243506677362592,0.421866188685991,0.387067844433546,0.410217185807992,0.491041898316353,0.367902332651273,0.538136298311641,0.478129216646263,0.305644923505412,0.120706854201655,0.00299506842845445,0.00834644203389774,0.207639204283427,0.0704579325168028,0.0757883133639538,0.0777102305304896,0.0334662108230551,0.145788964814135,0.330366694532135,0.28121558892008,0.219763914666974,0.192232514039699,0.00936132820538534,0.0791561811179246,0.466274164147754,0.284530456216777,0.127281843528456,0.127045356437524,0.221468274332113,0.10943864860619,0.426143735041909,0.453602530955685,0.504706416776948,0.342878059680479,0.493466403977008,0.436868082769557,0.579812788366985,0.489437775832892,0.423446462778461,0.364333035129398,0.167314809948736,0.335086939333943,0.310333713050163,0.325997884379163,0.202036280061727,0.388877286752152,0.353978206707513,0.240727546355127,0.0293919026320615,0.0660219178730665,0.0553573330289769,0.0465707787736259,0.161325261875956,0.162175975887505,0.0412101253581219,0.275641632328212,0.477276773926876
"21",0.13986043756787,0.0604734973548327,0.0403468749898159,0.165098249344033,0.327466401499638,0.431285638011021,0.280317508819748,0.0557694302304929,0.247107844946613,0.220958414854429,0.416737440333939,0.492269046637898,0.382047853053075,0.32042117340542,0.357362246296439,0.18321625054909,0.578208611089459,0.674842672507309,0.33868646514755,0.525528029399494,1,0.381724906721391,0.462547560351055,0.43616890461959,0.268006524166427,0.204503225710303,0.419314175599607,0.450645802556292,0.507878646775696,0.510498915570838,0.214457008479747,0.524646317440515,0.352407931670691,0.286433270302442,0.154773955252441,0.072765912934873,0.157808344103387,0.301332225918204,0.245592679317112,0.0275328500996862,0.0164962737455752,0.128274538753931,0.0209783990666017,0.291663625086589,0.264698694473943,0.28783057902955,0.114082931874676,0.121546882333651,0.00267628495198493,0.534035446826563,0.397985123282915,0.284881917578584,0.242649559916742,0.244501147050713,0.0135188919153405,0.462211704439675,0.507600400653101,0.510894021426874,0.404095601076716,0.469081918996414,0.545374657917686,0.566862862572206,0.489622352543547,0.389824166071838,0.333782951961418,0.291324046638126,0.387449314772666,0.339131631624896,0.245779065467336,0.339856560704858,0.319557463343719,0.298021373243025,0.330291920056321,0.0345138069218132,0.211953177890968,0.0683878046643028,0.00954318316820008,0.0615607765388822,0.170185684004728,0.0710796135876447,0.392456233256081,0.408649338142408
"22",0.287391704697638,0.566234691977889,0.538950587028393,0.336532593973503,0.207601546695021,0.106425510616093,0.35607332440698,0.545886232070869,0.0158402585950216,0.548051672385492,0.529495663275537,0.258518029888366,0.355651490936845,0.126607877080668,0.310225333448001,0.0729532604254275,0.569305943853786,0.33470950526052,0.209829418142751,0.416687898261855,0.381724906721391,1,0.657508891639199,0.187927853457806,0.326150595741523,0.0588906448772727,0.294293976495161,0.0501521377954242,0.0529203128992429,0.183447702461132,0.58622225206691,0.278064129625561,0.665873399147886,0.0893141428009266,0.529686576625702,0.313651773223201,0.389500272969125,0.208257048795783,0.0615909847304177,0.533271681192769,0.538163856026528,0.368587048013935,0.125258722630844,0.329003394682509,0.225846297377134,0.323839221457621,0.0977085634778196,0.336444712999562,0.544201817199066,0.454214224425822,0.127686132635955,0.346826433825173,0.258046148097453,0.149328096275059,0.547719036297751,0.415752989107007,0.279009293766998,0.627675700292277,0.131815684044017,0.245247970411159,0.323389267089363,0.49712653497289,0.491212894156887,0.379336133413802,0.451040828054127,0.217351222309517,0.0412501367500516,0.435017062373648,0.49496966227451,0.211836723565341,0.0596897499000036,0.0511115697666596,0.231712675441984,0.231765310251856,0.265924372057608,0.139682219451603,0.454228046599377,0.375343204092611,0.198706872036231,0.531883788224111,0.242069554267309,0.313943090397971
"23",0.284203960138762,0.475653656730227,0.529388197690896,0.312332091541258,0.0906004297743114,0.11484176707516,0.515988768647503,0.475527714734831,0.0651337583649828,0.606299948763787,0.645946546274539,0.408432685722909,0.476175776603019,0.0604053827027582,0.291853661589855,0.0771824868354679,0.539079546661002,0.43564871623188,0.384623897033028,0.503869565049153,0.462547560351055,0.657508891639199,1,0.355213794836729,0.24017747318206,0.134955988820642,0.283499512801761,0.0426318236976211,0.117797858467022,0.285427992261799,0.662938643510137,0.373809843663402,0.752727813791112,0.276991810986861,0.455935537135631,0.270677431197788,0.43041156543076,0.182187479393692,0.163906653630859,0.51564709563992,0.518164143967338,0.331180753218199,0.130478569298277,0.395173106897098,0.242345416247535,0.348231461405991,0.134150374704667,0.299922658841256,0.504783091439954,0.58873319402812,0.0717059551099028,0.287174157817109,0.19932688661416,0.210064085205124,0.50553907777622,0.568649433075944,0.35893788350944,0.577919677843291,0.00793796992648193,0.486485489089336,0.442381832085953,0.607502237632525,0.616402514678073,0.495535060007753,0.526908644601126,0.184633617673351,0.050664289032964,0.443518557340059,0.488718468331241,0.202352117499629,0.150443167658771,0.143738087256183,0.174643178289422,0.224133507239332,0.27559786486988,0.115204909085988,0.387070452529281,0.476154643738705,0.364863931885129,0.445445803480294,0.317956081006282,0.554520175839376
"24",0.102716797932819,0.129016658131967,0.0559556522286013,0.214366028910749,0.283076541044884,0.46088439746005,0.333843064795767,0.0930323113266007,0.252426936918027,0.217535166172696,0.396936682550847,0.436613452711894,0.383169070115951,0.382074064383016,0.315143098508932,0.219932744577786,0.463510361754228,0.659847742731961,0.364341371191389,0.467384004113647,0.43616890461959,0.187927853457806,0.355213794836729,1,0.345111381335692,0.223390247617827,0.331545041779275,0.478770494279738,0.489179710687671,0.529822560171293,0.13042747281581,0.494936061289081,0.309581969284388,0.239998319319294,0.0708004021830587,0.139011571223785,0.144795154584496,0.282914121580258,0.13714662941617,0.123098085741787,0.105464185019825,0.268907754439701,0.0817663547152434,0.32948731370248,0.1564461980888,0.206160505709758,0.229094627760906,0.154866912956534,0.0881909589354825,0.482009925943142,0.447805545381496,0.318586079906439,0.266002251937759,0.222021291594992,0.11398160959752,0.357553657292867,0.47880171312696,0.402580897415463,0.488223816333004,0.500814728068252,0.558307683167754,0.602006323500475,0.418209287926823,0.33733536671192,0.194020461280593,0.318378477445246,0.404137415100291,0.279627690394106,0.200384435617429,0.390720921267846,0.335266875094013,0.40564410970934,0.355156513034341,0.0691911489094536,0.149491197076556,0.0792892590708604,0.0954611042048268,0.00436985099152995,0.0629909083516369,0.175231834035687,0.369800832959869,0.448372507211298
"25",0.093161821039395,0.52546595100104,0.61496024156407,0.712865352389299,0.307674392543915,0.511129437904272,0.0180541279409083,0.678890496972143,0.401924430505142,0.291389184761876,0.0123791567943345,0.273007683484079,0.120909809254235,0.704305184311987,0.153152423977054,0.338775690826127,0.161055597854202,0.460729413203089,0.232835742349577,0.195952434636041,0.268006524166427,0.326150595741523,0.24017747318206,0.345111381335692,1,0.183276599805474,0.249070117902741,0.725812997110215,0.634241889425466,0.570219528290419,0.423392030541942,0.423716532783834,0.321407146972589,0.103227063877121,0.503657846799167,0.45338109435004,0.718631641781009,0.612708665515674,0.416576225189513,0.63718694147144,0.748734496881342,0.678067510054902,0.0802782474785746,0.0811539595642741,0.0715433417002438,0.0101454000085593,0.0993709179941105,0.566075066027691,0.701519865320215,0.0865843575484354,0.7045469798839,0.759687077883111,0.660531857010781,0.146674958252386,0.710784494541257,0.0575618020964239,0.372238976866935,0.0189790532496574,0.731065966457707,0.278704151322315,0.291914460661456,0.119329812069163,0.0533772515548095,0.163103459393099,0.135632066434124,0.694092575253221,0.561044558876022,0.0279074046564111,0.330485094942434,0.772012618004291,0.456758175560864,0.553018686854883,0.714106103922428,0.303824349763708,0.580776924717236,0.0833682142430649,0.566573504869256,0.469373631243955,0.053515434476922,0.74497552184623,0.204151867879285,0.0784002197760259
"26",0.0276729024808918,0.160451739789246,0.117563444739738,0.0700629868496959,0.0769295222469829,0.18990534139827,0.214695283435376,0.154292368463296,0.0920778602426245,0.0956535388592173,0.01656966598412,0.317785976997651,0.256767338608405,0.286306221160237,0.19283772626442,0.178943193100395,0.166097001085084,0.282853837303996,0.0924992216457114,0.243506677362592,0.204503225710303,0.0588906448772727,0.134955988820642,0.223390247617827,0.183276599805474,1,0.21899146475571,0.239122032961484,0.426447253742225,0.338536853953485,0.00613319624340295,0.350485479280754,0.005445479045096,0.113512365633635,0.00493082037572344,0.0121392252629144,0.11760152527731,0.162446893285072,0.18474802855225,0.173421345476449,0.154678637795601,0.140628300861957,0.0486467561908315,0.141115485332387,0.00962551435319542,0.0471961856562892,0.051821939077699,0.245582985923691,0.158546522208654,0.17304267294861,0.295247144022005,0.254784313933188,0.218585814224742,0.0530825476434951,0.199653383971138,0.166260542540348,0.217524524964741,0.188012037181152,0.403327603599802,0.316440836831759,0.102573383365991,0.21076529764193,0.244174590593243,0.173468581129777,0.157837870880835,0.254110200962029,0.280031806268835,0.0456559175797925,0.102559182166711,0.256530766283702,0.17682462310127,0.167055407687117,0.245656520958462,0.0173631248514223,0.090223438705355,0.0704689531298628,0.0619785568500467,0.0980819016019286,0.03959852793954,0.178859675473897,0.182651299115161,0.239572290919876
