"","1","2","3","4","5","6","7","8","9","10","11","12","13","14","15","16","17","18","19","20","21","22","23","24","25","26","27","28","29","30","31","32","33","34","35","36","37","38","39","40","41","42","43","44","45","46","47","48","49","50","51","52","53","54","55","56","57","58","59","60","61","62","63","64","65","66","67","68","69","70","71","72","73","74","75","76","77","78","79","80","81","82"
"1",1,0.282181227977825,0.112953047149989,0.259543815614436,0.454818124157111,0.393870646170008,0.269351626292112,0.210707089856869,0.468441789101619,0.296092483742546,0.429267552765409,0.386290362320937,0.391316269738758,0.460835526707371,0.421570295536752,0.120464950589991,0.465190026981641,0.461190655930417,0.199011162999345,0.493005475248485,0.307467138314462,0.514093685879415,0.486704012254889,0.441101545769495,0.39497687141842,0.424989164293042,0.221707574514364,0.466258487669906,0.298730060200233,0.462375177887201,0.525786606160666,0.451285051238151,0.307535242740921,0.199097015189667,0.192883359868224,0.204802156803676,0.398647823676666,0.401568351994265,0.207185567811385,0.145456172879871,0.0646290408181097,0.363032134123555,0.113044552344105,0.403130330768948,0.00632710085821897,0.334572808549537,0.247515485597671,0.221045350288064,0.254338815334892,0.442897061438895,0.452200268697174,0.29888404925164,0.324658744210486,0.375513129343115,0.144637600224753,0.317222068365878,0.368568131961279,0.433942390049665,0.461655665264609,0.501585846674773,0.431612442816567,0.508239408458371,0.385745460072826,0.00722970711839093,0.39349957054945,0.399013517527523,0.386460705009609,0.333184660137347,0.350104677299249,0.252028921980284,0.454070902962219,0.387720785005395,0.413535593339055,0.154112372081455,0.283662358304675,0.306592328987144,0.452026185324818,0.165762581235683,0.0638773147558669,0.142974871916936,0.337950770730964,0.470593044591719
"2",0.282181227977825,1,0.0687293745031069,0.718009875123058,0.625736349727926,0.591728105773208,0.573142238772721,0.077116050032651,0.612835559898569,0.650235179054559,0.565030961279872,0.120682809317751,0.0943594197667308,0.603528302924344,0.502422422078415,0.461303991481086,0.249964488302163,0.30888041432211,0.263295941575736,0.264279543789462,0.0595332380287187,0.335341770186488,0.335977548878313,0.355631257516662,0.484207800400673,0.587938887883305,0.088011084961469,0.253313062368457,0.143135715785966,0.424322853939087,0.42008670930999,0.550475764163215,0.0862733092346781,0.357238455040049,0.0327052336823697,0.0396346330746127,0.741219985745699,0.509699693850251,0.0981316492403439,0.393843314129117,0.429305276216886,0.642914448089468,0.00402051414167575,0.537993774710241,0.0660744435684528,0.170141413472519,0.309350915132411,0.452057168566388,0.0257087093483789,0.394448724960487,0.637831886933627,0.278400475920397,0.595023635512932,0.305993539053879,0.293014570854657,0.137302962781701,0.191703129290412,0.37921749062958,0.548532863824526,0.429939859436327,0.418288871697986,0.24849746334091,0.128243725538427,0.266302287152791,0.277125420805674,0.557334485032574,0.380518707923997,0.191743649461052,0.0431419636034622,0.0193795154670906,0.448900055035103,0.49109473411589,0.688467617433491,0.307001000794954,0.23155452743939,0.303347773944349,0.538162237382709,0.301345004111679,0.0157302839254737,0.0911302412709711,0.587052309829779,0.317081724039538
"3",0.112953047149989,0.0687293745031069,1,0.0966483125479697,0.120724788358207,0.0277570694354811,0.0140123138257934,0.0366116634380279,0.0132514614846614,0.0297763932283025,0.0583516094258777,0.115274807374398,0.0826645182521152,0.0266391823904514,0.0121616976531389,0.084845936990529,0.239141072966535,0.248147124059952,0.193990813558308,0.165104717830697,0.221568685825391,0.168621030875387,0.190723944328039,0.0989768203887792,0.0424344734560279,0.0150741739988926,0.100793120054784,0.103576962618454,0.244578232042603,0.131506686183953,0.143200832935441,0.0974602510044593,0.182763318178494,0.139052798627018,0.259069755595562,0.133753089134142,0.107208212139724,0.0911999118257172,0.139651483191653,0.0699671372330962,0.190589644939726,0.00856206956956505,0.0193861690777124,0.0463318178004395,0.0527682447642104,0.0615801069001372,0.0547329389022311,0.0577501872095666,0.175179443719355,0.142612719659332,0.0333100745003587,0.0403615708599641,0.00671557271429514,0.0866315434853108,0.0199221266552656,0.257595321829369,0.225741766436842,0.046081963780122,0.0894363080138656,0.147331948587975,0.146407620174908,0.197966616961814,0.188091491743366,0.277310972265356,0.185131989593174,0.0819545484063466,0.154606557894203,0.244759536534938,0.283154271513154,0.0767604656913248,0.0245126031160485,0.0334308647532306,0.0873249655183006,0.115085777017378,0.0834170204276567,0.0902246671248214,0.0539233208900243,0.165527027987252,0.112855814244684,0.030108945110465,0.0697698995677509,0.0947649585165003
"4",0.259543815614436,0.718009875123058,0.0966483125479697,1,0.70549310735409,0.699643518645011,0.668159753887631,0.215637266978132,0.715172230664724,0.762805550516906,0.651384228660252,0.134897491096562,0.0511657619087628,0.715329722214768,0.602723975549889,0.58230297785983,0.311311289035866,0.381873974264344,0.32513760963327,0.353270590652798,0.0946672757107212,0.344610229979478,0.399914108950203,0.421538867967749,0.617102157768596,0.611587287564853,0.0996411011655791,0.317376959103884,0.12932992593953,0.522837030257661,0.447423515385884,0.676765339052988,0.123418084934224,0.32483347417665,0.0594349149329422,0.15355249420163,0.850199696589532,0.589989447667502,0.0107229206499448,0.51384632632373,0.587240176596528,0.784489272108678,0.0139463453846734,0.650049599953607,0.157627165132524,0.202335320206965,0.292937844036896,0.596795079073727,0.184426211760434,0.541936220739731,0.72047855574864,0.381825587601263,0.719337888311575,0.3086344249557,0.425335008143298,0.18036989172968,0.250715551471598,0.498533227778946,0.647103292901413,0.515221919858386,0.513778085884972,0.320402058529582,0.125982285818671,0.380424869341556,0.29317893596483,0.690479959249662,0.453633485857117,0.21590784538112,0.186558160595737,0.0287902777579062,0.50993855176866,0.616745844420489,0.813452753573779,0.238843286464712,0.171150279682646,0.390566411979617,0.531362769446727,0.235261586264461,0.0543850913784555,0.196116667981752,0.742817953143851,0.34290051750681
"5",0.454818124157111,0.625736349727926,0.120724788358207,0.70549310735409,1,0.730239595699613,0.733230210112247,0.015726511579481,0.767507984257189,0.654641301263741,0.735884260530267,0.382586449375137,0.394388928727723,0.764853117654524,0.683992740107803,0.447133335845473,0.560754101178087,0.651603408657258,0.0761273097097711,0.583520911138034,0.35575673150835,0.629135917456813,0.631482509929827,0.529305721971258,0.696018772137196,0.668533696979534,0.10742046784641,0.556694994340167,0.238567161361451,0.748030063162991,0.65883096612567,0.793208001345691,0.196806432006717,0.305638199752019,0.243149274952793,0.0350440500474327,0.754780528115997,0.76393183165186,0.248386284659774,0.427093881065891,0.263347320237877,0.65448127380854,0.181566005995127,0.714340554950289,0.0499872563679781,0.459318342561973,0.369225366102908,0.519205568473635,0.0751645652062847,0.668224726975847,0.821003407163917,0.496700361960833,0.688476551351845,0.481281224545139,0.42380846943701,0.210394181580817,0.541354042685334,0.620870839544375,0.762118301039759,0.720551990033147,0.708570102045767,0.612365501033814,0.439948883935632,0.113622758710457,0.570264365119628,0.814135072406078,0.644578118306371,0.494353691495113,0.278407660052033,0.200775590553652,0.680009758336371,0.680827463105785,0.733393080359694,0.267696970968511,0.373341845781232,0.387193532060436,0.591994618671528,0.26161560383855,0.0634889977674609,0.247300633341672,0.744097834343134,0.542955905043671
"6",0.393870646170008,0.591728105773208,0.0277570694354811,0.699643518645011,0.730239595699613,1,0.657051990584958,0.00626804141407982,0.733706274022073,0.642606212057922,0.734947885928215,0.445807039850889,0.338168068249765,0.757687481467909,0.668756790350705,0.445333635979429,0.623602267632962,0.645964327992218,0.00736267155327534,0.616018672530509,0.389320313109025,0.574407051982635,0.625857220753239,0.595657368141596,0.700806965778695,0.608882593127904,0.135279291926797,0.595422874202475,0.25144705254682,0.709516177283779,0.635467227865015,0.749489932037625,0.22356032803968,0.324217202271512,0.164173869512761,0.017132928069553,0.727224616963189,0.639677536143017,0.220654327669508,0.449594340746741,0.301714780829149,0.624564095213534,0.189867979886648,0.724012464000295,0.17041531626749,0.434877325728156,0.407933700395913,0.457298875755075,0.0621177414623664,0.703778313833963,0.792919552930565,0.52308556829659,0.67430906189857,0.474057932680393,0.41549453257542,0.200835835744724,0.465338931130412,0.720465819048367,0.762488748649179,0.708923140673289,0.6863562485098,0.60521248681326,0.440952414528476,0.1580411950652,0.504553630661161,0.745898526011568,0.620928873770007,0.442609217423755,0.122943720897467,0.214916793253301,0.697965387538605,0.692401959192029,0.741070312242607,0.173170688595193,0.297148530160732,0.425931960733095,0.510743866052829,0.159874428388071,0.00842029546662898,0.24283011471971,0.728079418210784,0.597302475738355
"7",0.269351626292112,0.573142238772721,0.0140123138257934,0.668159753887631,0.733230210112247,0.657051990584958,1,0.0634378356705798,0.697271173875637,0.579868748082744,0.675344195685927,0.368364398248331,0.389201669550477,0.68103032314128,0.62152488102451,0.37544983977262,0.461085566668322,0.595985883111373,0.0560769139168163,0.453673543105621,0.303864081055971,0.574415214191105,0.560811170369266,0.54163930532143,0.67263184006328,0.668923732804961,0.072773475552363,0.504651348264516,0.203561529928177,0.65262259775714,0.623107361624151,0.747563085717788,0.246283768837055,0.278386871596856,0.143817974622051,0.0113129362605007,0.705125896424174,0.720311191379038,0.136589019032144,0.425208267466188,0.285219847845044,0.519979122739787,0.0506131644323998,0.623491174403548,0.0440501285676257,0.411753247949184,0.338438284190922,0.488521360827563,0.00491938501113056,0.622606002186501,0.752962240071896,0.528559568161368,0.709476809712669,0.342113633631904,0.279398466455308,0.12258724963672,0.312645466080747,0.582289663979491,0.664480789706688,0.661334438912195,0.598800969777729,0.517899516606513,0.434133672757264,0.0591588909138341,0.505562559689016,0.668120212122569,0.593833030510465,0.41337885995842,0.132447047740368,0.205610751322912,0.63440174304637,0.621534327562363,0.670524575274666,0.29469119918288,0.402176040138226,0.372018507949784,0.493575226016882,0.350582557015848,0.199624672031845,0.223180770692205,0.688527596043879,0.497287815956655
"8",0.210707089856869,0.077116050032651,0.0366116634380279,0.215637266978132,0.015726511579481,0.00626804141407982,0.0634378356705798,1,0.0837122330146352,0.138397227970408,0.158160971424057,0.443095832215695,0.493765548607138,0.0782128516463803,0.0724649206005424,0.282614129379824,0.275022995096316,0.346090963538396,0.381908937105603,0.261653494573561,0.294871914741768,0.380035030040856,0.340968691183103,0.240296753793611,0.20275367798724,0.210072916604505,0.27344741023974,0.340962600203382,0.450263298219709,0.210429060738867,0.369749315847205,0.147767745939533,0.52590652468831,0.00239252810492556,0.172217612205305,0.318314338456361,0.0760772882598248,0.126250164228857,0.355400025924892,0.0552980400119818,0.38608188926004,0.185053081834126,0.116690150721572,0.0102538132979678,0.0684871573237407,0.25714705485194,0.0148232560197615,0.0456067848564842,0.385573508595508,0.234368400693191,0.0902674877896056,0.252590494360308,0.0344585534538667,0.0436080781397579,0.208487971016556,0.475570796385538,0.0791835341379399,0.238957672165682,0.100341900027773,0.254791006479755,0.140216432894361,0.340694809696979,0.448506055515027,0.368609578109457,0.33668358340976,0.00972512756948757,0.279452062704836,0.194193841820971,0.483457954552546,0.360502869800412,0.146222148160896,0.0374853154888426,0.0143718223734061,0.0560558529032954,0.41711884660668,0.13769391273874,0.181621627665883,0.235296579419478,0.308075707253818,0.17667370109668,0.074547293924215,0.360314797171152
"9",0.468441789101619,0.612835559898569,0.0132514614846614,0.715172230664724,0.767507984257189,0.733706274022073,0.697271173875637,0.0837122330146352,1,0.640880523306031,0.736896280026764,0.439764994574707,0.425346061786938,0.788464339128465,0.728427294578622,0.427904969321477,0.564073479680193,0.65359392975105,0.0135173117220467,0.594482064507289,0.327343454142824,0.635745217321138,0.670449634116339,0.60357147184208,0.73417917857667,0.700150672723923,0.125004196373718,0.632346370552081,0.263553984722251,0.723433884375667,0.686279512688358,0.782838499249907,0.252810237567571,0.286789796933854,0.0965323510959645,0.0791119703713418,0.781572734733461,0.730115955034374,0.199188744452324,0.414157874574264,0.271371527394918,0.656981846733372,0.104752193881383,0.718329021832687,0.110336673504463,0.444608652688694,0.335328478852955,0.542242639521304,0.0370733786379098,0.732211030589466,0.793244433512132,0.546891942411958,0.71409347154431,0.429230778755047,0.386096629352914,0.210297562485595,0.401884364402371,0.656194639627647,0.744130764163916,0.749184578204749,0.666223035060635,0.601730573244173,0.452627702451164,0.196010216871375,0.540668086355438,0.750362885272573,0.648640565276261,0.438411013583816,0.168172818985948,0.255451946243263,0.700492243574526,0.682566221521931,0.77055622312035,0.224582407762962,0.393373934348851,0.495791366263195,0.598813569033193,0.334252461270048,0.0927025454214771,0.34074946169705,0.683528547341396,0.586181578528582
"10",0.296092483742546,0.650235179054559,0.0297763932283025,0.762805550516906,0.654641301263741,0.642606212057922,0.579868748082744,0.138397227970408,0.640880523306031,1,0.61488327709683,0.125108541430172,0.000755982090371927,0.656802837910216,0.529844479957945,0.428024743672456,0.355736929025649,0.394535885371758,0.273191813677374,0.373399184045085,0.166660718790256,0.340365594593643,0.39221098540812,0.426298069210801,0.516515272801552,0.524481572326975,0.0309436244254311,0.295513536420338,0.0648198492118473,0.463171662178207,0.438753421235628,0.631910559214951,0.0429432163684055,0.484886553722687,0.00941291220157747,0.0569584265820387,0.713479237808801,0.491735764648483,0.0315181814818944,0.533902619581349,0.488396793345589,0.765407283875728,0.0217469058979425,0.618949562874081,0.196572809825806,0.134605370515301,0.275812528663791,0.472456759620745,0.0440586671061866,0.520972214975707,0.660009042916204,0.300069144964858,0.642903287349357,0.317299638059314,0.34346988104975,0.0619855567920125,0.293132837200618,0.496201829483498,0.656538947407655,0.465015927468552,0.506016266260418,0.372939996021741,0.13060243412135,0.248293596308653,0.277576332094567,0.557339505235898,0.43606806804406,0.272223751954431,0.122567457734568,0.0627098621148641,0.427877008846104,0.576751124408606,0.743265871065247,0.289932320150289,0.100409080033643,0.312837341655129,0.525084698863765,0.0527889476884271,0.210436216006866,0.135076650227249,0.618721494124902,0.319479405683844
"11",0.429267552765409,0.565030961279872,0.0583516094258777,0.651384228660252,0.735884260530267,0.734947885928215,0.675344195685927,0.158160971424057,0.736896280026764,0.61488327709683,1,0.551614355821862,0.455205687791686,0.801063317670797,0.715219861389608,0.298337818642652,0.665381150278742,0.715210115428322,0.0968547887688736,0.624166326480023,0.436999005609468,0.662484151580452,0.701179817112231,0.627288854853151,0.708474021683739,0.640171103500417,0.247179355168339,0.690543516725865,0.363334014902781,0.747119795110557,0.734442109603291,0.785969178173848,0.351404365616879,0.315175096227311,0.221446102309547,0.0457793434137332,0.702546937464827,0.680777941338121,0.216607509870318,0.451512342733258,0.170708364064721,0.598008979146067,0.230142976439104,0.721862163609091,0.131959310681417,0.478989088581196,0.296668443012672,0.48170877066062,0.0442259714152426,0.760973855741136,0.805378590329596,0.510246091603043,0.636643745007984,0.429844115698434,0.342324805827087,0.31851221825716,0.488477473640282,0.752214921853188,0.782908351973607,0.743517659726185,0.750854926167145,0.686298816353084,0.560378188210663,0.0805030231477786,0.59328851225776,0.754337592182906,0.669948530309134,0.517737182400341,0.249649957990342,0.34879948552367,0.69103399471845,0.678342211786771,0.723501325534512,0.18607049564053,0.369899162134457,0.422670264476219,0.543319222034038,0.267497425666487,0.0538887933768546,0.286565015070653,0.696541204691608,0.655714851328727
"12",0.386290362320937,0.120682809317751,0.115274807374398,0.134897491096562,0.382586449375137,0.445807039850889,0.368364398248331,0.443095832215695,0.439764994574707,0.125108541430172,0.551614355821862,1,0.665089791417663,0.478712419666613,0.462959850602548,0.0550498592079589,0.703756241733791,0.73177503780903,0.47050443790029,0.655041842102947,0.57160454230014,0.667461453822101,0.720095476933938,0.550106261737933,0.544407791052463,0.399471343725943,0.381634859163579,0.732685462903351,0.690677895038953,0.626140545909828,0.690535191596644,0.524078525166046,0.666085073506555,0.111386060005072,0.322503244818056,0.214980419278912,0.23648548254884,0.476600781099199,0.375300080343932,0.150706295832929,0.290575524174524,0.0840055465126796,0.314209201843452,0.434248134186548,0.0686907588274442,0.574891634687895,0.199443139841597,0.167544000754745,0.275373490005035,0.638870525834161,0.494683877120572,0.513836024694519,0.313697744136305,0.364895047019996,0.0939620868213993,0.648669910336472,0.449117128988638,0.662949567042091,0.481423826227258,0.666917645146264,0.547889189848935,0.698147952752358,0.686123845206146,0.201575020985383,0.658297014559004,0.481136051200894,0.595603245534752,0.47450131453228,0.536483134978189,0.58674497632346,0.549077368236517,0.383268228602754,0.297929678601109,0.0404408900606623,0.44571292250305,0.362248569309452,0.252664217758567,0.188356697088429,0.209496153253018,0.319894655699345,0.362819807840763,0.690773883427356
"13",0.391316269738758,0.0943594197667308,0.0826645182521152,0.0511657619087628,0.394388928727723,0.338168068249765,0.389201669550477,0.493765548607138,0.425346061786938,0.000755982090371927,0.455205687791686,0.665089791417663,1,0.368239078836974,0.457492307815645,0.00391033079679271,0.581441518802897,0.658336670930274,0.426490296361578,0.561824932157815,0.451694721659509,0.698462841270336,0.645490111874856,0.483937348916028,0.528622014128203,0.480176507317966,0.361905688338913,0.672220363959395,0.648765578179552,0.60206329077674,0.681167215924464,0.506765671131817,0.684232522431956,0.0188511322273518,0.319004589721483,0.298012204432879,0.245895122757657,0.549710480416794,0.443408767577616,0.0259817330125148,0.361874656765874,0.0242960033514423,0.231712348068897,0.355068860573456,0.172236360416344,0.593866324182163,0.236007479101594,0.139437657424061,0.376918253530697,0.521590791899421,0.456309686590633,0.522243589375667,0.307232226897075,0.307987691215948,0.000719790341378584,0.598694625185464,0.368265926400865,0.496644454300504,0.408463072098591,0.651852048828603,0.450667861624395,0.650811538631993,0.746014881705997,0.305177677825084,0.655101774011767,0.414396671295163,0.5553302104979,0.488592403577597,0.698531406762782,0.578474595308465,0.567191179334487,0.356956477072181,0.225401294481311,0.117289581071403,0.629597782474284,0.328774221044138,0.343903716038341,0.363953370479666,0.448397618292876,0.266626186116864,0.262189621330031,0.635974755868993
"14",0.460835526707371,0.603528302924344,0.0266391823904514,0.715329722214768,0.764853117654524,0.757687481467909,0.68103032314128,0.0782128516463803,0.788464339128465,0.656802837910216,0.801063317670797,0.478712419666613,0.368239078836974,1,0.732117548430087,0.338582354208105,0.624029047508541,0.677048111924331,0.0938190656065528,0.6307522311324,0.407156037254184,0.635456271147957,0.667361810456204,0.644296515664341,0.664373036288342,0.669106379827184,0.190057890889853,0.669905508931278,0.305399602124175,0.743234402783917,0.70203452240444,0.791903723391363,0.23330618323099,0.318922497895364,0.234789794334795,0.0578621235891698,0.744183440209992,0.658951487485262,0.208752701846769,0.392705318005313,0.243749098690086,0.663013682798917,0.183909332671211,0.733171558180579,0.148458676510783,0.423476065920865,0.369851876853883,0.528161418248802,0.0304493397455066,0.789208981909558,0.838981494509239,0.456109399807975,0.689919215894808,0.478631442630186,0.387779477837958,0.261514359170579,0.482076610054789,0.755014252463023,0.823518373993116,0.760621639055596,0.732344733900089,0.651408250196796,0.499425048446364,0.234205115313576,0.539826418984254,0.785404208067771,0.644462435586155,0.454251906303897,0.172697325981961,0.325480764825767,0.672401174700472,0.69550818939377,0.818260341600094,0.196735729383757,0.315841282852139,0.430653464753352,0.5524242311313,0.184674496269906,0.0111644374083356,0.313687513533704,0.770710350512452,0.634071316091903
"15",0.421570295536752,0.502422422078415,0.0121616976531389,0.602723975549889,0.683992740107803,0.668756790350705,0.62152488102451,0.0724649206005424,0.728427294578622,0.529844479957945,0.715219861389608,0.462959850602548,0.457492307815645,0.732117548430087,1,0.316326605151064,0.559125182707666,0.629073376595593,0.0866114834803752,0.592519951866323,0.366804177099519,0.600883670414724,0.637378139967901,0.639182228178834,0.646369750049534,0.612586699286888,0.196836150510795,0.617505829450045,0.296067265441748,0.684137499984946,0.677261809613904,0.727795532725655,0.2730897321806,0.283096590125218,0.113107243483963,0.0667265697828485,0.679562199429853,0.684088732824054,0.223779827058992,0.333877529973317,0.17100034035702,0.522045938595062,0.129719542284322,0.667200550620378,0.127897736220017,0.433619248130302,0.417576155467001,0.421349468264198,0.0313488505996187,0.689951640169039,0.755193523296474,0.50054322052599,0.587790506811852,0.390979859208023,0.2920162315678,0.218265772824377,0.4139876833458,0.663324696454009,0.707142676973519,0.698763525141671,0.650584289517394,0.611325866296939,0.485953789143802,0.153120895397939,0.532554551759096,0.702519302133097,0.572855476275303,0.448940633442491,0.198795025340253,0.318884854578802,0.658343613266179,0.593150283773017,0.692127990221423,0.198203770175065,0.332620862636942,0.439185066014429,0.467148474510193,0.230967426208682,0.0685969055908248,0.286516107556794,0.650685552154085,0.625375997615178
"16",0.120464950589991,0.461303991481086,0.084845936990529,0.58230297785983,0.447133335845473,0.445333635979429,0.37544983977262,0.282614129379824,0.427904969321477,0.428024743672456,0.298337818642652,0.0550498592079589,0.00391033079679271,0.338582354208105,0.316326605151064,1,0.0905293524878054,0.0925829026131036,0.41390641454653,0.104182183687406,0.0929539299699021,0.0841272116063758,0.139419032014081,0.103144140440449,0.416485055999006,0.376945615810313,0.122349112134251,0.0629208671016855,0.205910935395441,0.292972752185933,0.141185498576436,0.329795003198508,0.225935447559352,0.0720009585385008,0.204123140371928,0.134857576250935,0.569903748131781,0.417785918775921,0.0381972102604992,0.24947496734445,0.539467609875252,0.476170282176921,0.00713632982090229,0.349831628954795,0.0204921852639735,0.14000012263461,0.228767586718376,0.314594187539913,0.132229054330523,0.169825823263256,0.391210739016127,0.295713120598845,0.439533631065006,0.204605909939596,0.331895595833089,0.297147931184541,0.0711673042399796,0.17700074099139,0.280513209449958,0.24095765385372,0.191597353833897,0.0561525014549127,0.0727723005239178,0.310430510107084,0.100578709253658,0.422557906689997,0.215428488891109,0.064525227325387,0.173336276552475,0.12775790630246,0.303414995660691,0.354235578009879,0.463550682406306,0.130926570749306,0.106838073115003,0.228850255248133,0.332227840381881,0.190985998763719,0.0198871331592781,0.0843050950482911,0.423472463439227,0.135871424423332
"17",0.465190026981641,0.249964488302163,0.239141072966535,0.311311289035866,0.560754101178087,0.623602267632962,0.461085566668322,0.275022995096316,0.564073479680193,0.355736929025649,0.665381150278742,0.703756241733791,0.581441518802897,0.624029047508541,0.559125182707666,0.0905293524878054,1,0.84363574417034,0.399828997835567,0.739287658030749,0.652618680029002,0.738159156855247,0.783028230481048,0.602273936253169,0.616015886360405,0.458030340907133,0.4460832435478,0.799465243015606,0.678623064402392,0.783000466289958,0.75579242978908,0.692156224538558,0.61468266411877,0.208225286977663,0.409500487623505,0.161189017553672,0.355717207525738,0.538614353059906,0.354132858571478,0.276430017583784,0.188596126258525,0.335792369088518,0.27907108105243,0.602741003099646,0.219483123424015,0.607488674505841,0.260454776630301,0.2438440725567,0.273554833830586,0.735244320222888,0.632544458731261,0.554187699708112,0.43320854931449,0.524501206668906,0.306536544856468,0.62135142254979,0.622953289059645,0.769424251856454,0.685093654422932,0.769115948243922,0.727386372735774,0.805618348082453,0.724540413507561,0.161891374261014,0.657042409045014,0.62569940110445,0.653551191791727,0.600047088990514,0.492194293063663,0.530300303356621,0.614700401861542,0.602596159154288,0.443252378340599,0.095468874846937,0.327057237275519,0.412104195535616,0.381765681473406,0.0339842150597897,0.0385662390254297,0.255826136733395,0.531081808766191,0.735743078541826
"18",0.461190655930417,0.30888041432211,0.248147124059952,0.381873974264344,0.651603408657258,0.645964327992218,0.595985883111373,0.346090963538396,0.65359392975105,0.394535885371758,0.715210115428322,0.73177503780903,0.658336670930274,0.677048111924331,0.629073376595593,0.0925829026131036,0.84363574417034,1,0.36049718254223,0.770677063533746,0.661120384479599,0.812778804266039,0.841939001889438,0.663583210354284,0.736748819693444,0.566298200414796,0.398701386792041,0.811451183475267,0.692804594785714,0.812369970491717,0.817572867796317,0.767240242202527,0.686990377064464,0.23825568192552,0.379064339805683,0.195745093588295,0.422173603247384,0.684432166813724,0.390969737210699,0.338780549293611,0.179346963135203,0.333376699634665,0.246867272409633,0.638865561730866,0.17468875982049,0.638682434198347,0.267674250369161,0.336731937224368,0.245280883576975,0.824369753889975,0.727174914291967,0.672597591386851,0.539738888693416,0.494035246060744,0.30358779960239,0.627534193369883,0.602460361073309,0.788971779009244,0.719761151498697,0.843497366075432,0.781540722478631,0.879790192959501,0.791154279605439,0.237924234361569,0.752282455804514,0.685120935890417,0.757280907475801,0.626552136176012,0.541003607623077,0.538239268532603,0.67056208304339,0.626527449022587,0.493303956602065,0.194837910819589,0.458885973858788,0.431930151150754,0.437964027416077,0.1538452814835,0.0846877269302057,0.298551268257734,0.602494958897224,0.77924714100951
"19",0.199011162999345,0.263295941575736,0.193990813558308,0.32513760963327,0.0761273097097711,0.00736267155327534,0.0560769139168163,0.381908937105603,0.0135173117220467,0.273191813677374,0.0968547887688736,0.47050443790029,0.426490296361578,0.0938190656065528,0.0866114834803752,0.41390641454653,0.399828997835567,0.36049718254223,1,0.309580378241795,0.427082535850364,0.36070340640537,0.294784387825062,0.383285636533297,0.0125555394313058,0.0345467594626069,0.293217723109297,0.436723331885606,0.512919465804,0.19209277413687,0.329279750620809,0.0665684580653932,0.532954160873971,0.0583408217151525,0.331992889661142,0.280673847312565,0.225255872174254,0.0143314003620842,0.11332680025272,0.142447049319388,0.493819972778855,0.307807987737652,0.163273874366381,0.0869884320327455,0.0322312555378735,0.20757505689787,0.0255198210207607,0.120902844506362,0.27966315106673,0.293135464823044,0.0764191608028474,0.0305936562344501,0.0712324955449387,0.111302531946206,0.227610088386882,0.547609492196427,0.218166426049493,0.236956234350756,0.105987623341175,0.254187906308178,0.229410592917131,0.373734245174389,0.495855196422909,0.303809814967948,0.309020940629247,0.00288183266494869,0.161445808841736,0.334211651216636,0.383984296724834,0.427229743864362,0.165304489821077,0.0199584359946551,0.133154791109815,0.0340578173557203,0.219983855526385,0.0256902913749498,0.0361801118954882,0.0665419281942028,0.126924581593426,0.0396433175394762,0.0255950496418059,0.314168098155802
"20",0.493005475248485,0.264279543789462,0.165104717830697,0.353270590652798,0.583520911138034,0.616018672530509,0.453673543105621,0.261653494573561,0.594482064507289,0.373399184045085,0.624166326480023,0.655041842102947,0.561824932157815,0.6307522311324,0.592519951866323,0.104182183687406,0.739287658030749,0.770677063533746,0.309580378241795,1,0.584036489649517,0.701743737203605,0.733095321767839,0.621912689753915,0.630185135500687,0.457962797746066,0.382564966098663,0.712009077967673,0.564732411916587,0.733450867265986,0.712448853982561,0.649899471654586,0.513133070213744,0.228894716458525,0.351079408673151,0.160304214826379,0.403249049590461,0.589581128434383,0.335596308295895,0.26870605138156,0.122437691539495,0.356288829853445,0.280762217881233,0.590740739708365,0.150905143148012,0.536599980639797,0.263818645824711,0.319233932442203,0.259511644264431,0.727272301945925,0.642723145746264,0.518451237024941,0.463586113887785,0.481373594422465,0.30161255967125,0.538901694947645,0.580291798287557,0.708566532117201,0.634513279679572,0.75415102564532,0.669064838887306,0.763650596918582,0.640158926547789,0.111238211628724,0.610852911894395,0.63886261397181,0.643397744251165,0.532855980212482,0.442089639017586,0.460347164817334,0.605592860250657,0.549674617895569,0.479521677947583,0.0433484242312549,0.362849509471634,0.436347505372575,0.400926855820323,0.0642484256689685,0.0113829015239462,0.317034223026036,0.527559294909016,0.70504901307734
"21",0.307467138314462,0.0595332380287187,0.221568685825391,0.0946672757107212,0.35575673150835,0.389320313109025,0.303864081055971,0.294871914741768,0.327343454142824,0.166660718790256,0.436999005609468,0.57160454230014,0.451694721659509,0.407156037254184,0.366804177099519,0.0929539299699021,0.652618680029002,0.661120384479599,0.427082535850364,0.584036489649517,1,0.53792808548452,0.580261677106832,0.448092725141469,0.396967395675304,0.238507745378516,0.442483595072907,0.621248339199588,0.636818019893901,0.563207045999136,0.549761637359949,0.453765498527846,0.555909984753298,0.151757894510892,0.383325203395771,0.116068110425602,0.0954493450993201,0.35443872158989,0.287480699526441,0.181327292087421,0.253682881456844,0.0754880987011308,0.194939438630204,0.379299576396479,0.245568582574888,0.445026083306294,0.220948202998192,0.141456795206602,0.237024952311509,0.556906143940435,0.43506691184359,0.421870325446147,0.264520609819707,0.377095694244784,0.189011104304477,0.541492929823605,0.487670350315502,0.586273320672433,0.480462448226502,0.558884790701143,0.562084457263686,0.635503498036106,0.630777540003107,0.297602798911135,0.540478288966692,0.414304310782546,0.495610552542619,0.499277506141676,0.407374069019185,0.446293050789958,0.39295219481601,0.33595799713621,0.209636807226446,0.0598418545661661,0.230897301612163,0.250866803607688,0.141119780192444,0.0514145058085085,0.0355324707827965,0.148044238073602,0.385819383696485,0.530406222263057
"22",0.514093685879415,0.335341770186488,0.168621030875387,0.344610229979478,0.629135917456813,0.574407051982635,0.574415214191105,0.380035030040856,0.635745217321138,0.340365594593643,0.662484151580452,0.667461453822101,0.698462841270336,0.635456271147957,0.600883670414724,0.0841272116063758,0.738159156855247,0.812778804266039,0.36070340640537,0.701743737203605,0.53792808548452,1,0.789544744282835,0.63439401204746,0.662162373023172,0.601509697151465,0.295817312724778,0.755003434324377,0.59847515227077,0.761739765519531,0.787960296928857,0.712592622032735,0.655238375275438,0.158973676535901,0.375092802495627,0.28729380539162,0.471734083387125,0.67351065739565,0.355836590240465,0.293570574671004,0.184786914343824,0.319836826045827,0.203055318688203,0.587633865773747,0.0474133565571009,0.626763651989631,0.256559766173764,0.296371964020023,0.282250610217529,0.733664696749226,0.691499092331455,0.586981119191623,0.546261248185896,0.438598390945447,0.249314561309793,0.564125708447338,0.488696106485779,0.670806624293155,0.633053719025728,0.793521848283186,0.705954456420679,0.784625535369958,0.739493922390408,0.208685332623685,0.692040180524936,0.617994325953318,0.703266375015759,0.593149235572609,0.541315325058945,0.498542549058267,0.679159425980993,0.591310091399596,0.493953925771219,0.250265797972886,0.506051483685266,0.425906364419189,0.510062190025563,0.321758066765311,0.217051219847339,0.291007467854448,0.556568589427988,0.71163093838129
"23",0.486704012254889,0.335977548878313,0.190723944328039,0.399914108950203,0.631482509929827,0.625857220753239,0.560811170369266,0.340968691183103,0.670449634116339,0.39221098540812,0.701179817112231,0.720095476933938,0.645490111874856,0.667361810456204,0.637378139967901,0.139419032014081,0.783028230481048,0.841939001889438,0.294784387825062,0.733095321767839,0.580261677106832,0.789544744282835,1,0.614723492361774,0.732133572963066,0.559102895138618,0.349902582270724,0.78938166018818,0.611518813530173,0.772411116287614,0.780180482165097,0.740394090878809,0.635611148214986,0.193348862992009,0.291207339141029,0.190746158261702,0.466264891123311,0.6559971873844,0.38603590967624,0.280182130677918,0.110726574637457,0.371620522567814,0.265281085216627,0.615339097751473,0.147851131697243,0.612866848967533,0.287260509341596,0.357146899820099,0.246781287007998,0.778527876612279,0.689297652114061,0.634465478363096,0.524711543093931,0.500968872225873,0.297739221918416,0.557617990110411,0.538347447998581,0.731079259201323,0.655526214038176,0.815539260004943,0.707295746932895,0.799352821000157,0.717396867129738,0.153743641243696,0.726587944063781,0.668174864079114,0.732522461201314,0.54433263902433,0.501508046815122,0.524232925371696,0.687278389486492,0.574684905869636,0.522121695313968,0.150211900068381,0.45051920068618,0.484497923821515,0.437333287518858,0.224939014480445,0.120394183337586,0.36453140216009,0.570631982353572,0.781430179064198
"24",0.441101545769495,0.355631257516662,0.0989768203887792,0.421538867967749,0.529305721971258,0.595657368141596,0.54163930532143,0.240296753793611,0.60357147184208,0.426298069210801,0.627288854853151,0.550106261737933,0.483937348916028,0.644296515664341,0.639182228178834,0.103144140440449,0.602273936253169,0.663583210354284,0.383285636533297,0.621912689753915,0.448092725141469,0.63439401204746,0.614723492361774,1,0.550511095713617,0.50544355898077,0.226933954264614,0.651416350336712,0.369436326687254,0.610041438043046,0.687920672678492,0.629818211097887,0.426572069751543,0.3564862479811,0.188332653479419,0.194177640199671,0.50895361622215,0.534694702762677,0.146720313186145,0.314449182570542,0.0200884271364584,0.348604734533393,0.145265246001569,0.595914631713019,0.0865182874103849,0.34231381294359,0.348887351582245,0.340470784436114,0.213003571175788,0.717362061527992,0.680142347207254,0.386995865820958,0.558404539165799,0.371334269335846,0.115111495446551,0.380439017360619,0.377789558168805,0.676472360788706,0.648949615860721,0.673092394981323,0.663789280861386,0.667475074246961,0.568402813504901,0.0040821480592387,0.527060764162706,0.561951244551934,0.583322717357418,0.501503965930867,0.250483819681919,0.389221674375149,0.599055153310673,0.51139094737033,0.561678734578113,0.175131839591978,0.383698385091553,0.371801230506075,0.454471473291734,0.158141769850379,0.0879916301312514,0.210824708941784,0.575732469818374,0.6490501255401
"25",0.39497687141842,0.484207800400673,0.0424344734560279,0.617102157768596,0.696018772137196,0.700806965778695,0.67263184006328,0.20275367798724,0.73417917857667,0.516515272801552,0.708474021683739,0.544407791052463,0.528622014128203,0.664373036288342,0.646369750049534,0.416485055999006,0.616015886360405,0.736748819693444,0.0125555394313058,0.630185135500687,0.396967395675304,0.662162373023172,0.732133572963066,0.550511095713617,1,0.66956527724384,0.188299502702984,0.642386056963054,0.415040089814674,0.726245799397976,0.699460889520236,0.759044821027138,0.40156652252551,0.200437682636156,0.0770062043287754,0.0487677376107139,0.65489047170259,0.750502642809827,0.345210169178009,0.404075652881745,0.177435461931092,0.508237016636478,0.196425305240707,0.643226280194265,0.109847695195655,0.574885675366004,0.332644534766363,0.428736693506986,0.132347997570074,0.714593695941473,0.708439900665086,0.741826998034467,0.652289387677617,0.413337369695319,0.371148499269457,0.297408206503375,0.438660468665335,0.720921715520906,0.643162697867845,0.755148963275225,0.63363621759938,0.683749520938327,0.525211754730632,0.0131193896961659,0.596832591467408,0.723823880841742,0.713670841115882,0.405107863992027,0.32759994469912,0.328766278593707,0.675104065851753,0.641366499705249,0.637486309545553,0.181186940091084,0.451598296922299,0.547019713034232,0.503721351839369,0.314646147412031,0.159733388015247,0.370738527965426,0.65253850779631,0.700073070353792
"26",0.424989164293042,0.587938887883305,0.0150741739988926,0.611587287564853,0.668533696979534,0.608882593127904,0.668923732804961,0.210072916604505,0.700150672723923,0.524481572326975,0.640171103500417,0.399471343725943,0.480176507317966,0.669106379827184,0.612586699286888,0.376945615810313,0.458030340907133,0.566298200414796,0.0345467594626069,0.457962797746066,0.238507745378516,0.601509697151465,0.559102895138618,0.50544355898077,0.66956527724384,1,0.100905833824071,0.501885375860854,0.252383773392138,0.619948660223028,0.676491898942892,0.769594125035826,0.264315608495107,0.331072601549619,0.149829627947153,0.184036509890523,0.747810908946592,0.682612376900709,0.27746457116435,0.378079150629554,0.205661799283743,0.514804272287383,0.0221873273422189,0.54863709514732,0.130170128384186,0.462846838737251,0.331152369548254,0.447413050657567,0.219425072211367,0.574346620162905,0.693554136890416,0.588044813930524,0.674819503664718,0.323203493104344,0.0886457944424128,0.214506406753365,0.200773761276894,0.558863452763506,0.676258351995394,0.678532871082383,0.501107999146233,0.484998291575697,0.473653166345515,0.113789271714132,0.537736855600398,0.59575386906794,0.547382105039573,0.361228307100823,0.305776578270387,0.269503548570986,0.59747622127818,0.58160079347634,0.64727464155482,0.353030578866437,0.602864537676144,0.38672736391912,0.653277882702017,0.460063765928854,0.387529583979883,0.226238527736633,0.526702850112555,0.538786828697873
