"","1","2","3","4","5","6","7","8","9","10","11","12","13","14","15","16","17","18","19","20","21","22","23","24","25","26","27","28","29","30","31","32","33","34","35","36","37","38","39","40","41","42","43","44","45","46","47","48","49","50","51","52","53","54","55","56","57","58","59","60","61","62","63","64","65","66","67","68","69","70","71","72","73","74","75","76","77","78","79","80","81","82"
"1",1,0.00861876078657866,0.190784611395391,0.0907588018494846,0.215537434728254,0.201935205674417,0.136411301472026,0.0850256902263493,0.0723643102084787,0.00723209687491366,0.236294773011583,0.265909793810058,0.133670171412848,0.0847059387200307,0.0185281492143199,0.00848981265470461,0.283423504991363,0.320021752423286,0.163992651794332,0.277746939533773,0.241339664642476,0.261224178952183,0.259213416961823,0.00214914905681536,0.204768528706193,0.139464642736323,0.140536359628493,0.243171876873206,0.244248740918831,0.225346886039274,0.239329370158829,0.235247795757673,0.224265790285709,0.053551666410149,0.303859241516359,0.0233250482157788,0.195880520472161,0.0114527759252306,0.0762276738015947,0.154272421440833,0.215484974355066,0.18334452104295,0.142214267086443,0.243835618851317,0.23061474473063,0.185021897095321,0.115800056383762,0.119634973825258,0.120228417588658,0.274285672454259,0.315394494447194,0.00947677695742188,0.126890949611417,0.172460479615628,0.12277448520103,0.09318571776382,0.151443161191952,0.23631042173061,0.152125599336635,0.181466965684817,0.288517872207175,0.270992497631337,0.220369978559612,0.162903490548452,0.188716877224617,0.248434167461572,0.222911191081797,0.236652244499056,0.181395306146273,0.165429012397673,0.00343635941879372,0.131898381400667,0.0862774817822535,0.0699441017693306,0.096134346337586,0.0169430113317395,0.035892408617245,0.306654793900242,0.0579224359701802,0.0126615979104568,0.334125771406324,0.314232231110994
"2",0.00861876078657866,1,0.0526875177077359,0.0217648410659588,0.00180027538506705,0.132251425482756,0.0824682456311507,0.0272815974446462,0.17530354665993,0.00422858905027252,0.0339675214180093,0.0606223954730766,0.164906692026829,0.125408321935777,0.0271483576141516,0.0416434325376022,0.00694810996382966,0.0321621387582714,0.164035368658756,0.0346275093416867,0.16116698487285,0.111580526087219,0.138376088677836,0.0211596927854449,0.0578738299782471,0.0463430409239125,0.104194885556831,0.0859155429748089,0.14094261808673,0.0547175336474817,0.128702836455616,0.142525668511189,0.0865475667152701,0.0068456390896906,0.054525701580212,0.184873278379748,0.0855111828091846,0.0523620315146895,0.0166855390617649,0.172660457074227,0.11431840854635,0.0556222132822182,0.0385435875618862,0.0939940119165996,0.07634469371147,0.093405131289154,0.15269143804699,0.101631377329315,0.277192252385892,0.0698635642060113,0.0020551426036337,0.174647534081819,0.194895746287108,0.0175333049188926,0.105684536196237,0.152112796774235,0.0541092061285772,0.00486285554819406,0.0744214428629398,0.00178802819483263,0.0356574018176469,0.0197695099505259,0.00733772057994294,0.06734827081056,0.00838980930836244,0.0333394976887667,0.0921691802884866,0.037330450842008,0.000471154641026117,0.0509489471958347,0.0918980425095931,0.00788714239227961,0.0523429702486121,0.0848069136867456,0.0276747566055681,0.0861921225424581,0.167360842328255,0.0934787870312747,0.0286517754775106,0.107269311847132,0.0826660287892888,0.0318287346591619
"3",0.190784611395391,0.0526875177077359,1,0.444335167000095,0.715580093300696,0.365828797589379,0.275732307252393,0.0866524978464242,0.324140804237959,0.329772040804731,0.688542699171771,0.512157944252555,0.673904274306673,0.0983747409779656,0.147065413786577,0.0682113371447636,0.553290739401033,0.536949633169869,0.512120911031944,0.516023313875571,0.57088798987038,0.660061314631544,0.550579034430084,0.0736528424009817,0.374512806185924,0.498875336462108,0.637575252359553,0.700497247730653,0.609018046650381,0.606163367884051,0.693902068991452,0.617892502176962,0.527990455275205,0.270511132123641,0.563675131299695,0.451921332620979,0.629659775566435,0.178907507301681,0.255225556367979,0.503770037544003,0.57407439515928,0.641756509722984,0.626863421438655,0.623350681100677,0.244753684927938,0.694969926653454,0.363258030838116,0.360536588296267,0.0218258047411981,0.709217734586125,0.476202178267939,0.283585246082089,0.167835140654932,0.672970868059728,0.558345792039609,0.0821321714952709,0.594784758927272,0.503434333544773,0.26307489060131,0.225478652112362,0.694641761907895,0.578702195839433,0.493659623274247,0.383177677772501,0.141865221272297,0.55142485854442,0.334238644713304,0.565622098725412,0.356062427490635,0.472942961449637,0.369262659981727,0.491917926554121,0.377039355571177,0.255868701297647,0.485738904129398,0.397198403504353,0.379214981262821,0.602006533722721,0.0315413407509626,0.323795170449299,0.555798817014371,0.533912210661471
"4",0.0907588018494846,0.0217648410659588,0.444335167000095,1,0.355286108587998,0.27877230965667,0.177493523088652,0.0473244146081699,0.205025233691172,0.218333031651523,0.394733629065393,0.265063440634224,0.373774504952574,0.11703382916326,0.100458858844632,0.0393269110932186,0.285667850390311,0.317656015987314,0.272016875829067,0.272001505846869,0.338003698931948,0.338056401992581,0.327314908506742,0.0646772820268809,0.107385267434517,0.262921755673002,0.325157722297013,0.364241271069711,0.295633902067871,0.381244227897276,0.458190051744254,0.30714299150708,0.270097014509769,0.273642285994695,0.333490420339805,0.309295151387866,0.384751928716886,0.0707591942545472,0.00937671074662486,0.258746103426035,0.337649049529361,0.47490720142846,0.491077751539449,0.295321705567233,0.102219038586949,0.366989801563306,0.27054408891069,0.199638557450958,0.106089833721215,0.388491790274882,0.261055610463758,0.194701815341561,0.188009183377956,0.4540764962541,0.298260291652353,0.00847289590503419,0.239710773909424,0.274646177223882,0.0982473354371294,0.105457681687162,0.365980270590411,0.273976058777836,0.183738123979432,0.204842181453287,0.113995429924481,0.254258974249333,0.0980158890346091,0.26655389433348,0.317232989388912,0.239900896562374,0.0976561000025066,0.25689894729726,0.179841460234537,0.288228256735149,0.222456653944108,0.241212261159118,0.167588176105729,0.404275618188666,0.131820145507255,0.215730572365459,0.268484356679167,0.239114196521019
"5",0.215537434728254,0.00180027538506705,0.715580093300696,0.355286108587998,1,0.41627175353072,0.326390510093344,0.109590418945097,0.206481183903789,0.374140191027114,0.685912627216674,0.562590866296356,0.599025747199119,0.170562433025341,0.0658566051679169,0.107621726066152,0.637594128493335,0.645766389855256,0.495131639834611,0.586324164365958,0.593359140033411,0.682699570883149,0.612385005595815,0.211196113898329,0.486654372104525,0.445122611049493,0.586813038639284,0.731279189102618,0.644337213972623,0.643107640656411,0.664208036661354,0.663376494439337,0.603184802762586,0.0399618538896307,0.5911780199531,0.304156195024994,0.537760265338319,0.0265122700331747,0.287431361826621,0.509271270321424,0.496488329674646,0.596149043194671,0.45309398379326,0.65148539891619,0.279310947155794,0.598592914345882,0.203520028919462,0.374625041211635,0.069497399338412,0.712159206868307,0.566427463471064,0.238114066585886,0.0215181702310119,0.61669179203686,0.507688631033771,0.0236279131225254,0.636314429394427,0.568224761773394,0.407193362539372,0.387232996065414,0.739614869779436,0.691984121307274,0.599627348971244,0.421413517748865,0.27547309095751,0.583836021679699,0.43046806409071,0.610992067372142,0.314258874196837,0.559248230565831,0.369263260361242,0.542891125706566,0.432508781777008,0.165986192997495,0.397402248543901,0.305472429624988,0.300012822434126,0.548474219052442,0.166326514480825,0.19751711046364,0.547468286539829,0.615865734502537
"6",0.201935205674417,0.132251425482756,0.365828797589379,0.27877230965667,0.41627175353072,1,0.292002428403933,0.124495038576942,0.381856854219941,0.323918102726086,0.564727818540385,0.488518784894622,0.503131753882702,0.389628455543456,0.191248056340644,0.00635583291139827,0.590737289537079,0.632091032628943,0.474871780087903,0.503441270064492,0.507759392040916,0.521499453479837,0.616840637738931,0.284734166049553,0.214438077311947,0.436272337523609,0.380580730459443,0.600841368696117,0.595103122594873,0.606946198679439,0.562461178901423,0.560026038677815,0.488197194808862,0.0563046577782848,0.311299033262447,0.114579037380461,0.238502785937811,0.134732871566904,0.121966181253763,0.504225432357528,0.422558905616301,0.313446038847501,0.211499114845248,0.531995557671638,0.356135339247886,0.378705583571626,0.0212073158424588,0.138544257987442,0.0100511707082549,0.573920065710442,0.586922265279921,0.188288820574609,0.0748030216103153,0.389083794112485,0.382828779916476,0.461787114294466,0.388334451989143,0.550373037909462,0.595065892502674,0.486848745707934,0.516197790746008,0.608299386893144,0.444178944932094,0.365531465865266,0.464354630334024,0.259385421067068,0.366227174119275,0.371944449665534,0.362460600869741,0.286864189379789,0.218172441475525,0.394759868299868,0.282096039128823,0.0444651071774942,0.283443816159077,0.284405295499368,0.0746860490325405,0.467175444858924,0.122289420340368,0.08325823998644,0.239434709968331,0.461228858657518
"7",0.136411301472026,0.0824682456311507,0.275732307252393,0.177493523088652,0.326390510093344,0.292002428403933,1,0.129679309605986,0.229150354641128,0.159296780947144,0.335485316800522,0.451793261263807,0.282325781250022,0.20531089725478,0.189791801875376,0.0914136741846087,0.4729463260544,0.444505919423608,0.324490122050338,0.39239710548058,0.394768736591727,0.351137601271399,0.430444237483579,0.248650761061405,0.191978170507656,0.286965976908084,0.317286301013585,0.418687088275627,0.442331185915462,0.388389157841871,0.350591642848994,0.410822087825867,0.378457310707323,0.158115598382497,0.211418585102724,0.0469734396872603,0.166904139790017,0.0980141870408777,0.245420662492473,0.292716037202701,0.243865008608464,0.252809122184753,0.0607366606505823,0.366315562336815,0.256083559505863,0.297797304725396,0.0165765581853558,0.101397215479893,0.0741578930487647,0.397266494208703,0.406112569725297,0.107054949987236,0.1480314377005,0.233676191176958,0.193046398785087,0.24712863330506,0.355919317729224,0.376513935788828,0.406558626585162,0.406456053823915,0.366140663350709,0.451998276654776,0.392584406071121,0.267150235664167,0.279394882523924,0.298290983226682,0.33447011751698,0.362070909622085,0.172556946055276,0.247246056844014,0.221690424318475,0.304595876366483,0.168078322602473,0.003011610070897,0.214051361110953,0.180310617365256,0.0185091785128467,0.28180538276857,0.0833050511418152,0.0282599538109878,0.196804753876112,0.396753770335147
"8",0.0850256902263493,0.0272815974446462,0.0866524978464242,0.0473244146081699,0.109590418945097,0.124495038576942,0.129679309605986,1,0.0178840737050219,0.0561255662034474,0.1323212068114,0.194240702975804,0.0284647714889811,0.054449868219318,0.0688782806546684,0.204481568973146,0.187754850558069,0.155151917743674,0.127393894514024,0.177213192711313,0.110490615361817,0.132507487506317,0.120977004248459,0.116635611202188,0.0518017358147279,0.0967505619112981,0.0601981719401465,0.197273982445482,0.107108886020605,0.100947913723792,0.0223860235749809,0.114256658061416,0.174427879075151,0.0119563656327185,0.199050458079126,0.0476720588026944,0.0550383931045271,0.0290058085484528,0.111910985196942,0.049152671254793,0.104309441630964,0.127170980320983,0.137742986173537,0.0787522221447971,0.0114520404414711,0.176294707511575,0.0430604784663131,0.0871376502096184,0.026500883478816,0.162426496943953,0.169862875234054,0.0557616921804972,0.0322011530471914,0.12850816805278,0.0275780063639967,0.122671728793193,0.124898373806941,0.0719812994968585,0.0536055328299928,0.148697290816974,0.103052073041759,0.151073182873387,0.22026980770539,0.121590621486618,0.161136701308258,0.220728523614632,0.0790373128995264,0.154765679300673,0.247719259083376,0.132586455147416,0.0995368895608542,0.0689534522505767,0.111887423372983,0.158761587765431,0.0275920535069294,0.143325437728791,0.124753245676104,0.0494477240051506,0.0768613200047463,0.0560187884424632,0.227327927272005,0.109324158186934
"9",0.0723643102084787,0.17530354665993,0.324140804237959,0.205025233691172,0.206481183903789,0.381856854219941,0.229150354641128,0.0178840737050219,1,0.192167727980678,0.267065100962557,0.266859400605146,0.457441533504693,0.328248703725446,0.0517063814266893,0.000983400931876017,0.265145793975622,0.208686125826735,0.512154806206682,0.139484669421672,0.206739413077083,0.354569005210617,0.34369794395032,0.219058040586829,0.113484082653003,0.526725156218126,0.354245313759346,0.356942275250836,0.452572947871083,0.29784492943789,0.372467944538195,0.264745520557599,0.18523262225868,0.20438007123072,0.0920035972531473,0.0606051297429467,0.152595035850263,0.126302685942085,0.215297294372981,0.418780233862829,0.238272787392945,0.251315257269688,0.117664327054262,0.263407420946446,0.0483701736113197,0.284923981667665,0.185256886470918,0.120052993175547,0.0348052463122416,0.311683108654731,0.347973191994678,0.373510329685398,0.0237572795320423,0.209523153069489,0.188140804578357,0.301577322869104,0.31254918010908,0.251352723630306,0.465149594092655,0.261488165229388,0.187072360124753,0.222592561139233,0.171775326552069,0.137034141191783,0.00221832165531882,0.102003991811504,0.0343475869195712,0.0690314964532627,0.134204727183444,0.058202014658379,0.176689225529645,0.233718468698678,0.250364498823402,0.172693342363122,0.213564696335919,0.241737644389719,0.0132343596274492,0.207215024145013,0.0872873516715211,0.201072087719848,0.145296972757947,0.221444443004967
"10",0.00723209687491366,0.00422858905027252,0.329772040804731,0.218333031651523,0.374140191027114,0.323918102726086,0.159296780947144,0.0561255662034474,0.192167727980678,1,0.475974125927816,0.295653543359471,0.430812476890948,0.217551918618229,0.0802333076956308,0.0691259145098575,0.408681553759716,0.394406320556511,0.325947875783704,0.340846988916482,0.385620131784766,0.376238620928382,0.457021231246649,0.0850373070388058,0.112175295628182,0.293188261179147,0.29910794010873,0.477086763116579,0.386166703266718,0.545541890824056,0.45819579590489,0.411300526427778,0.305763452910829,0.0248913794030206,0.285428077696001,0.262930590432088,0.220978546433088,0.00960971461891213,0.00285977789787158,0.334468068294525,0.319416860461526,0.198076432810047,0.197203211298481,0.356025487737827,0.256562338606513,0.301101977178858,0.14026795170547,0.124029302376094,0.136280070058044,0.404781854653483,0.300535740179666,0.143410918261789,0.104220624095982,0.426894808358567,0.367318448387615,0.178268140385416,0.36448709734276,0.411734357499256,0.332286476519619,0.277717204192102,0.409479356065414,0.404974201781459,0.276008296133848,0.235581542320258,0.309710521561003,0.170981396333763,0.195547266613373,0.276071164391913,0.388855908161413,0.265452604586055,0.196937073625124,0.388220530633945,0.177807299386419,0.0845492914461396,0.270970977299869,0.219725012456479,0.241527791187469,0.262056893098755,0.119281490301931,0.127080096957878,0.211449581570375,0.298514427599945
"11",0.236294773011583,0.0339675214180093,0.688542699171771,0.394733629065393,0.685912627216674,0.564727818540385,0.335485316800522,0.1323212068114,0.267065100962557,0.475974125927816,1,0.640050049144589,0.682237029591815,0.276317839056241,0.0716444587131209,0.0784837252431008,0.733743416338004,0.742469603365164,0.544585235964563,0.684263279838633,0.713308227187035,0.73093835313879,0.728312175734936,0.185116808819161,0.357195876076529,0.464197970679406,0.584964955760442,0.812064277383932,0.693797328397084,0.777715687781301,0.769490953454748,0.750929613721944,0.641619815720415,0.0432378605234349,0.639512094612997,0.336098942919053,0.496382058603771,0.0260945827898683,0.166635657952627,0.528034250709332,0.595851109348604,0.572416126359745,0.4705446148304,0.723921867226371,0.37057913169014,0.611469166660192,0.180068432500235,0.315936406528178,0.00333209421208182,0.805596875245079,0.639181009675328,0.243492428862811,0.0557172046524032,0.695512225457933,0.589431206604983,0.264911954698848,0.660766756817783,0.673153644349109,0.508407113192251,0.44748049965268,0.792695698972396,0.769262120364354,0.556966816269085,0.466050181500496,0.434863530040554,0.558126800839062,0.489328307441845,0.620496312191287,0.489349314147503,0.519118674361284,0.364609374782497,0.581612401486684,0.374491040554179,0.205311001811648,0.484556234166591,0.346192329148583,0.292095089880842,0.593330577757436,0.123010359572313,0.212264358355445,0.552106784921471,0.626184481721903
"12",0.265909793810058,0.0606223954730766,0.512157944252555,0.265063440634224,0.562590866296356,0.488518784894622,0.451793261263807,0.194240702975804,0.266859400605146,0.295653543359471,0.640050049144589,1,0.559431713077287,0.304646161121556,0.183501169149783,0.162770525550225,0.685627254915459,0.65696369955028,0.546169349783275,0.615457066397229,0.58896043602505,0.680172568963526,0.665938606331807,0.337855362836548,0.49917106879909,0.490096789371623,0.56678055027588,0.6647811620803,0.694435385612266,0.629877099912181,0.610563268364663,0.691724328888997,0.645105455860284,0.0894879577266606,0.512937796727027,0.120886049231754,0.394265031370441,0.142172713632121,0.340399738121376,0.48505699994278,0.482313304568436,0.410284634381857,0.273268401351125,0.633087699418325,0.350443402120576,0.537684944033341,0.0301989710105269,0.293225396182427,0.115561757602943,0.652249315427905,0.665030510142803,0.260929455649808,0.130931485877556,0.470832093266975,0.448516499665791,0.34456677451064,0.619315946222763,0.607451541471165,0.560897562114957,0.533718967268745,0.689516272010711,0.730110534251265,0.571878779844066,0.403883613687101,0.432484932894789,0.476131341277562,0.551901788645314,0.557847505059157,0.280569177663274,0.47128329144963,0.362653066466352,0.497253637292396,0.38211644528865,0.0358169340716066,0.34906113892101,0.325301674705122,0.0954624735074808,0.522037861595548,0.0989025639904811,0.0819009800711971,0.486304183877023,0.61927398607446
"13",0.133670171412848,0.164906692026829,0.673904274306673,0.373774504952574,0.599025747199119,0.503131753882702,0.282325781250022,0.0284647714889811,0.457441533504693,0.430812476890948,0.682237029591815,0.559431713077287,1,0.297952381603878,0.0419171456668578,0.0735891306481445,0.58502522831435,0.56383668926599,0.585939730730449,0.5297961994442,0.59711966473025,0.629264321048603,0.611264089578658,0.149989405414302,0.287397354998351,0.514764172624281,0.572272872415122,0.695685789237531,0.675949333780145,0.671933974096019,0.755236983222434,0.643971756852829,0.547351045525117,0.179353091260131,0.421745212278108,0.366369708619799,0.447545400925293,0.0725442330998729,0.194306959709609,0.553300598965534,0.555715732340458,0.463806308043366,0.438991089991266,0.610122476044358,0.323700950632876,0.586687656268447,0.261841444427052,0.278501286529876,0.0303893598927948,0.707664470965009,0.528464059143341,0.221536264036895,0.152994009612936,0.615970701565741,0.586275136321098,0.190193468934817,0.56302376588708,0.577272156071358,0.438472373394665,0.369851667870447,0.632354635319722,0.606307168419828,0.430119644834964,0.413936398322868,0.266894316981539,0.434056079289017,0.349621060828042,0.486836889956126,0.368967377518302,0.414931349395903,0.37171399130415,0.485296588562279,0.329482218279857,0.250405635373673,0.446872031504772,0.387312357923365,0.324834453439337,0.529620103321968,0.0420360538496609,0.304732265444468,0.398008639427274,0.517612241670456
"14",0.0847059387200307,0.125408321935777,0.0983747409779656,0.11703382916326,0.170562433025341,0.389628455543456,0.20531089725478,0.054449868219318,0.328248703725446,0.217551918618229,0.276317839056241,0.304646161121556,0.297952381603878,1,0.252807528143324,0.0222622365019052,0.352064329455143,0.402099979794984,0.286069766466434,0.269973126818037,0.23963784312299,0.355390213077028,0.431855766205381,0.23424587088609,0.119478333340665,0.331357291202738,0.262783415798082,0.368761881994266,0.374522611956603,0.399458590557808,0.356972977565114,0.300352357307798,0.2593816628717,0.0454236223473286,0.0671436420860665,0.0529308151427609,0.0589156583928517,0.0514485227019549,0.0658140611178916,0.310527124176335,0.221605263307315,0.118942390051454,0.0105706913815597,0.290897490579577,0.27642932328872,0.176630915928494,0.0800933087765827,0.0301448792049063,0.00761378378994073,0.285103271514445,0.37361666712532,0.187775197915598,0.14813397883621,0.218262161310948,0.198133342971463,0.397996591454326,0.274823976528494,0.267288899678313,0.523086568256436,0.373832837286945,0.243141979842996,0.333447846667574,0.249427964976801,0.230904251403218,0.353381508726009,0.118596557698608,0.203840884594838,0.188832476986366,0.220761074797799,0.158965807736601,0.116356250112078,0.257000406992021,0.233169352088116,0.00925394736988694,0.118964403920941,0.0209645196210874,0.130945874606821,0.248012155480659,0.0805162878631815,0.0192193420748224,0.0476900952002611,0.272869039333228
"15",0.0185281492143199,0.0271483576141516,0.147065413786577,0.100458858844632,0.0658566051679169,0.191248056340644,0.189791801875376,0.0688782806546684,0.0517063814266893,0.0802333076956308,0.0716444587131209,0.183501169149783,0.0419171456668578,0.252807528143324,1,0.0672051140237506,0.208675280365275,0.217471493085198,0.0647121763098796,0.212576728133153,0.0724828252927665,0.0724154475186206,0.207119564240779,0.377827292577628,0.147665065959335,0.0519185439714875,0.0314810039423551,0.109231467824567,0.161493643199367,0.117757279754372,0.021546022341173,0.164059765032404,0.162229350118119,0.355013950243961,0.0628827202531202,0.199191248610996,0.191129816200928,0.174774789362891,0.126824851368947,0.0909441602004052,0.0453856997524751,0.0475581671988715,0.317601421253872,0.101704176488039,0.0902047375394619,0.0786436506400828,0.197410592032886,0.0872321109677276,0.00119417930491731,0.0913622007285279,0.236363715247399,0.0888934268296125,0.255024907027202,0.0552527352830149,0.0513050523877931,0.312223873293862,0.127071367999021,0.200143922081937,0.37812910754107,0.390112355271534,0.0895656262835709,0.238448584900029,0.226493384131468,0.108137861384095,0.250125550717569,0.00614198277266854,0.169819803567985,0.0629697252272902,0.0535506175414789,0.135986400777966,0.0986512760616624,0.0702143655956338,0.148011849536649,0.174204407519286,0.00838839936164402,0.111706390045747,0.135287213704343,0.0441502178380507,0.14171352415618,0.140783121243464,0.0234888461813541,0.171090758134475
"16",0.00848981265470461,0.0416434325376022,0.0682113371447636,0.0393269110932186,0.107621726066152,0.00635583291139827,0.0914136741846087,0.204481568973146,0.000983400931876017,0.0691259145098575,0.0784837252431008,0.162770525550225,0.0735891306481445,0.0222622365019052,0.0672051140237506,1,0.148027502921798,0.0739544054477764,0.0824403068621735,0.119678927208785,0.0550280216676454,0.127356037182325,0.0870166237843743,0.183670355729904,0.146791800141643,0.0371326659049657,0.115708891745078,0.114286772707724,0.11177495838851,0.041430962401409,0.0679139334554649,0.0908185840591426,0.17357585922925,0.127258669807814,0.110742419290666,0.00388572948550882,0.0285761199967761,0.0870446172026625,0.231449676576325,0.0287554513343226,0.0339340838863056,0.0317548432925259,0.0703033494981012,0.0544338564680469,0.0561250476343515,0.137962317119251,0.0256915210016275,0.004709406179857,0.0267837484163366,0.0643895828322191,0.103022994276604,0.0583010448645647,0.034497035104635,0.0384350668656021,0.0623946080459059,0.0596797872129441,0.173237785594592,0.0420030781261139,0.0735811164374601,0.167663612377034,0.135077462907957,0.125878675310637,0.228767117299157,0.0290979275501093,0.0969624040233934,0.121638275298585,0.165636144340012,0.164062731845492,0.0329281586947096,0.157795986371045,0.199866973129814,0.0756607591645163,0.142693819173138,0.0371790910328646,0.000946570574709145,0.154659354941421,0.00804714545496631,0.0300174616452003,0.106185487481554,0.00733665721861098,0.156971695238095,0.113779626931038
"17",0.283423504991363,0.00694810996382966,0.553290739401033,0.285667850390311,0.637594128493335,0.590737289537079,0.4729463260544,0.187754850558069,0.265145793975622,0.408681553759716,0.733743416338004,0.685627254915459,0.58502522831435,0.352064329455143,0.208675280365275,0.148027502921798,1,0.843205535958543,0.543152564198786,0.743540125518589,0.624253816833356,0.712708375974188,0.783456714304899,0.456156326316296,0.473487117423348,0.491694268240011,0.552557261697026,0.763806066612555,0.739763003348048,0.741196352905693,0.683570226745827,0.770564709997965,0.670318223428874,0.239447939997815,0.516960336431638,0.130249297710592,0.33607672169892,0.158328281206666,0.282003833343186,0.537144966832574,0.513942456822795,0.462173693225286,0.231355158848509,0.688710405833269,0.455434694229363,0.566287962442505,0.00662574107640212,0.305518535035847,0.0972763836974126,0.72237650178021,0.74892243667047,0.265964092499435,0.204534244346338,0.551051583226986,0.498644689512326,0.395272294873165,0.635202866643237,0.725820830967221,0.721908505479336,0.663557387137098,0.751164870914424,0.835672604340112,0.711690089236163,0.46246052140831,0.51494054060609,0.509831398661346,0.60009037196522,0.667221570037131,0.366238896744291,0.552354752831947,0.350879255944903,0.612427031896949,0.391237376835351,0.0574937147795436,0.413867155941512,0.327558080621451,0.119804153963283,0.503891568577672,0.12086590926206,0.0740617089199677,0.503723491629828,0.687919251748297
"18",0.320021752423286,0.0321621387582714,0.536949633169869,0.317656015987314,0.645766389855256,0.632091032628943,0.444505919423608,0.155151917743674,0.208686125826735,0.394406320556511,0.742469603365164,0.65696369955028,0.56383668926599,0.402099979794984,0.217471493085198,0.0739544054477764,0.843205535958543,1,0.52868430011436,0.722315092237677,0.660758667047468,0.694873826445764,0.800913401302049,0.397099471189078,0.458527694788442,0.435801056770655,0.513547342585762,0.785595424838765,0.711732885219242,0.772375934383598,0.694555751748111,0.76550920608335,0.689996388506881,0.227179725770994,0.560788120101247,0.124703124830744,0.358343200742379,0.137653825844544,0.209925166687443,0.532304301052399,0.514953689703267,0.475314488098836,0.257813203767953,0.713737138805851,0.48130666260688,0.514088232251004,0.0213147841728015,0.267493984272008,0.0640398020982146,0.750456666051311,0.730569092486493,0.224522792428997,0.184867915337803,0.563604592002045,0.46796531544952,0.405704396535503,0.620646402266578,0.738776120035076,0.699033073567282,0.652086628263672,0.766777339315933,0.8412571457463,0.692672114196403,0.507862549297993,0.583417127217936,0.529928373843094,0.581587264889762,0.664769678850361,0.40024106631668,0.521278625972661,0.313961097008271,0.589003982782254,0.404345265878823,0.0240062866681684,0.413160639687005,0.221573966545782,0.0752356287859668,0.562151913064321,0.198631570693406,0.0473290155869435,0.524508520728628,0.692681047274656
"19",0.163992651794332,0.164035368658756,0.512120911031944,0.272016875829067,0.495131639834611,0.474871780087903,0.324490122050338,0.127393894514024,0.512154806206682,0.325947875783704,0.544585235964563,0.546169349783275,0.585939730730449,0.286069766466434,0.0647121763098796,0.0824403068621735,0.543152564198786,0.52868430011436,1,0.442046863446626,0.526113947680764,0.587463779646547,0.605153172344654,0.238561988295652,0.354148203855559,0.500401057857988,0.53043651872633,0.622457330045752,0.662022032982257,0.548735718384272,0.606597154215846,0.560455300998181,0.517860523180095,0.0673575713033509,0.280115126500113,0.252875901051885,0.331816785732885,0.0519047666814932,0.303737427679692,0.496597929204306,0.486891140925864,0.400233607140151,0.330230487871957,0.50955467749634,0.304181701112141,0.547504042592869,0.145331900723818,0.245223496379072,0.0489688933498133,0.574192320725006,0.560746177678414,0.275239442586145,0.0364047007222284,0.41143523346118,0.41511647522735,0.283429338996226,0.556647844903086,0.561839343537939,0.494349078654681,0.437505174528582,0.517986881903661,0.537984921258076,0.47055475634888,0.369928803384538,0.244160569133745,0.418394831927501,0.32990784499026,0.380623196518363,0.319856068362013,0.34440469306052,0.313605379487123,0.39352606890186,0.308269082373433,0.130664864057265,0.354071997485291,0.376471331678072,0.197144398809763,0.451697668392105,0.0908352832232584,0.164690499251602,0.295852762567026,0.441472254722007
"20",0.277746939533773,0.0346275093416867,0.516023313875571,0.272001505846869,0.586324164365958,0.503441270064492,0.39239710548058,0.177213192711313,0.139484669421672,0.340846988916482,0.684263279838633,0.615457066397229,0.5297961994442,0.269973126818037,0.212576728133153,0.119678927208785,0.743540125518589,0.722315092237677,0.442046863446626,1,0.601864996541952,0.607490530448723,0.662583055376686,0.361094886971041,0.413191509734392,0.412070423770446,0.480051797628133,0.705594284517362,0.622041913464651,0.646727864266033,0.607876831137906,0.67916903948647,0.636153983583986,0.170440767690565,0.554138876664265,0.14534903865082,0.341193986357053,0.173309513257152,0.21010704284196,0.432599107061145,0.468052176481845,0.447223121967735,0.246379671212783,0.641176497352694,0.36788974912317,0.498748474722704,0.005127039170492,0.24743544439898,0.0842263838367011,0.68136628693958,0.668259941552967,0.249616199747502,0.116739891802108,0.524878981506711,0.443110850521973,0.291622947685984,0.553952006198272,0.662177201253655,0.567009418338533,0.564684182537268,0.714368476796243,0.750984088923974,0.619030809157093,0.43463650338272,0.50366361091642,0.487894738732054,0.555385227720092,0.616726215693532,0.330454123806608,0.522872190243058,0.331039225213797,0.534990248291244,0.403310620830345,0.0390311974763865,0.379328601702054,0.298880536290238,0.140679960815806,0.500655818140918,0.126252014899964,0.0379795795299768,0.541816391072609,0.613520825069213
"21",0.241339664642476,0.16116698487285,0.57088798987038,0.338003698931948,0.593359140033411,0.507759392040916,0.394768736591727,0.110490615361817,0.206739413077083,0.385620131784766,0.713308227187035,0.58896043602505,0.59711966473025,0.23963784312299,0.0724828252927665,0.0550280216676454,0.624253816833356,0.660758667047468,0.526113947680764,0.601864996541952,1,0.653694870773001,0.6851294453826,0.202744713344097,0.331681781706793,0.402873266100388,0.530824134604994,0.723647395105036,0.65141171935868,0.675403185045884,0.666022731888786,0.712333087278722,0.637695718350764,0.0246987313636949,0.538863876701587,0.34815977868492,0.424813527634022,0.0909151628983938,0.210710509403848,0.503287820040381,0.520658651868334,0.433623886533801,0.374083908988606,0.645382951224231,0.365830571810881,0.575329050187704,0.112915247058163,0.246212779174914,0.107231424055705,0.699977404931677,0.517566197653066,0.121796082023374,0.0818671510698769,0.533788119135789,0.556011691762996,0.278655903710535,0.589368426009416,0.579944914776442,0.444544291176663,0.445532197210023,0.696062986839051,0.69231238095939,0.530845956082607,0.45643741516191,0.399863102769458,0.491056320628424,0.520743072798158,0.526751136582274,0.339742547159736,0.438700381171551,0.393016778907378,0.487918476210082,0.364336390453087,0.17562788419159,0.406358159367842,0.294163703761446,0.300048381771699,0.57443287892199,0.193813800451208,0.214720818680401,0.470799976005679,0.546521641946974
"22",0.261224178952183,0.111580526087219,0.660061314631544,0.338056401992581,0.682699570883149,0.521499453479837,0.351137601271399,0.132507487506317,0.354569005210617,0.376238620928382,0.73093835313879,0.680172568963526,0.629264321048603,0.355390213077028,0.0724154475186206,0.127356037182325,0.712708375974188,0.694873826445764,0.587463779646547,0.607490530448723,0.653694870773001,1,0.727819492551482,0.332348132256737,0.482851175156097,0.600183170297848,0.63611573677155,0.754488441058527,0.757426703481489,0.701346548647379,0.701002511474276,0.765277701479985,0.676927688031041,0.0160791943639312,0.528121308840438,0.265284450183941,0.48291720620821,0.0479937391032914,0.300401444746847,0.560874402061508,0.549725015766152,0.492093687599627,0.387571119879627,0.714348609052996,0.367393227035912,0.64264963950079,0.115970756322698,0.329253095083904,0.062647464496083,0.728890594062482,0.648128779328079,0.29303940914168,0.0745690039621292,0.555151855116083,0.528132060963847,0.287309880486998,0.712312636849146,0.629252236344437,0.587449603277134,0.506003879601025,0.752730941248186,0.744968188293069,0.624209794523025,0.431515902620778,0.378477267644405,0.506842183356021,0.553593868263463,0.625774697292809,0.327848098367736,0.510788815280263,0.399969316842725,0.569231958626454,0.505012708562237,0.0642221268113696,0.466192038722241,0.291902854610966,0.194721451467054,0.578809734746892,0.104431338271493,0.172813651491893,0.487858019525665,0.683972894859526
"23",0.259213416961823,0.138376088677836,0.550579034430084,0.327314908506742,0.612385005595815,0.616840637738931,0.430444237483579,0.120977004248459,0.34369794395032,0.457021231246649,0.728312175734936,0.665938606331807,0.611264089578658,0.431855766205381,0.207119564240779,0.0870166237843743,0.783456714304899,0.800913401302049,0.605153172344654,0.662583055376686,0.6851294453826,0.727819492551482,1,0.387421804907024,0.446200095233033,0.486612778489168,0.565989064799367,0.812564820777509,0.736026913064446,0.736075535342808,0.699330984589451,0.778838503389423,0.668275862621118,0.167730866814027,0.495891141441319,0.183053973827837,0.322162667646359,0.16799893060866,0.255689121195751,0.585658821296591,0.502145582339137,0.425664224891011,0.238828727578402,0.714874076091904,0.457376237969717,0.556931055617051,0.0248462629937041,0.250133714959803,0.0621349902180949,0.754269852104369,0.715145410987895,0.22541490073121,0.0784911205928086,0.548338033937102,0.491500974938146,0.477373509229216,0.681384197481195,0.727259334975231,0.684976645677801,0.681023782606022,0.737205347878691,0.809530262833101,0.668237197747182,0.49544571353768,0.528955157996969,0.489070629870533,0.573454163875503,0.593438450318833,0.422903203313559,0.491876188808614,0.382831342912615,0.569340019714445,0.434064061014854,0.01778215378146,0.429764846537977,0.258382835170973,0.163426127835999,0.551358672527468,0.159444693235462,0.129496078149689,0.438717100795724,0.64653159854265
"24",0.00214914905681536,0.0211596927854449,0.0736528424009817,0.0646772820268809,0.211196113898329,0.284734166049553,0.248650761061405,0.116635611202188,0.219058040586829,0.0850373070388058,0.185116808819161,0.337855362836548,0.149989405414302,0.23424587088609,0.377827292577628,0.183670355729904,0.456156326316296,0.397099471189078,0.238561988295652,0.361094886971041,0.202744713344097,0.332348132256737,0.387421804907024,1,0.355860561181434,0.250493795078006,0.221160037126915,0.297391364174607,0.353241058932659,0.183402861164589,0.114789628693541,0.391738136382931,0.391467108023023,0.427854006613357,0.0114762290527171,0.213463415840997,0.0913660257272614,0.262260770411025,0.335647321354329,0.284832875712771,0.0848231379269006,0.058597494445196,0.300693065308641,0.254105269842317,0.1217095604222,0.126622064815034,0.195545175635476,0.0786895786627822,0.130518969551091,0.234880430271519,0.435870027654712,0.213053436468364,0.359235495494534,0.0109681797266051,0.0335925356082555,0.403576750460978,0.348636612806495,0.376295964770214,0.571262484760533,0.59075630721693,0.265746912259878,0.467004337453021,0.525299586965113,0.23362229776235,0.320599575673461,0.172997111488704,0.434633052674963,0.308744507953954,0.0497212177699491,0.295592123751005,0.278154594765197,0.289489630557788,0.346813467198278,0.277079584775518,0.0845076464258865,0.0535450008705571,0.230078318767367,0.0373729858701281,0.0965959433243109,0.178169368551655,0.0978359546457786,0.384292609945637
"25",0.204768528706193,0.0578738299782471,0.374512806185924,0.107385267434517,0.486654372104525,0.214438077311947,0.191978170507656,0.0518017358147279,0.113484082653003,0.112175295628182,0.357195876076529,0.49917106879909,0.287397354998351,0.119478333340665,0.147665065959335,0.146791800141643,0.473487117423348,0.458527694788442,0.354148203855559,0.413191509734392,0.331681781706793,0.482851175156097,0.446200095233033,0.355860561181434,1,0.316837252049892,0.450377201192711,0.417662729625867,0.488244210896983,0.304380772430694,0.34169806949426,0.468937006860125,0.454366557731779,0.217355112800204,0.304351965563621,0.0808127753668544,0.269478316999449,0.115206195240016,0.371074276054541,0.28303929748842,0.245395672413582,0.300924524909546,0.118066539445782,0.452039212478698,0.204908555490712,0.356950239857298,0.0383402226981307,0.273963466126889,0.0965970253873973,0.406517638010077,0.44936766718756,0.235049641159962,0.238309624812241,0.199091857469874,0.211676897671805,0.11841901152786,0.505006102193991,0.45902362889759,0.429151660058486,0.394438054042801,0.483311681310114,0.515278739404265,0.535585460974096,0.269235259249599,0.212506024867265,0.358453213794287,0.419430069200028,0.479485036458255,0.0386387225720727,0.392809110560327,0.284817770148739,0.330087870271976,0.337650984452533,0.108873493148991,0.165911269478293,0.0989818103167343,0.0775608983471157,0.26857472076755,0.202663881287547,0.0026977438231666,0.369630564909429,0.45200318481028
"26",0.139464642736323,0.0463430409239125,0.498875336462108,0.262921755673002,0.445122611049493,0.436272337523609,0.286965976908084,0.0967505619112981,0.526725156218126,0.293188261179147,0.464197970679406,0.490096789371623,0.514764172624281,0.331357291202738,0.0519185439714875,0.0371326659049657,0.491694268240011,0.435801056770655,0.500401057857988,0.412070423770446,0.402873266100388,0.600183170297848,0.486612778489168,0.250493795078006,0.316837252049892,1,0.524853687003725,0.553907487458371,0.585240615500611,0.484570612298982,0.528174446776227,0.480421801379134,0.381259133538586,0.143610748664531,0.266911364576826,0.123932609055474,0.39115677797341,0.0818241884932578,0.26248546389692,0.479837806668824,0.396499830759026,0.419735184856878,0.32649354771207,0.486207308012911,0.228948711159756,0.475804979020737,0.118945910551845,0.280188800901618,0.17788567022592,0.478119660556494,0.497360278697612,0.429633415301625,0.0660173057422584,0.38659017420609,0.381902942099365,0.23819843986304,0.529312781967626,0.402539585228988,0.502763391211694,0.337110490751568,0.460451807010126,0.475033516681558,0.422362061979842,0.267226854856965,0.176376347088611,0.301684676064465,0.25913110866864,0.351816524958992,0.220407840045475,0.276159696552286,0.300759270423777,0.413795943855266,0.37418520334268,0.109759702630709,0.354845981978408,0.347261283611171,0.0136842007698529,0.40068795817269,0.0545565519394235,0.18160319500403,0.193032800907146,0.487917266913837
