"","1","2","3","4","5","6","7","8","9","10","11","12","13","14","15","16","17","18","19","20","21","22","23","24","25","26","27","28","29","30","31","32","33","34","35","36","37","38","39","40","41","42","43","44","45","46","47","48","49","50","51","52","53","54","55","56","57","58","59","60","61","62","63","64","65","66","67","68","69","70","71","72","73","74","75","76","77","78","79","80","81","82"
"1",1,0.110570559959242,0.132817369665797,0.0885948568378219,0.063026189085936,0.0554745820179348,0.0641367829404328,0.115758421063295,0.0505199020710068,0.211071961919758,0.0868956754149415,0.258121792206774,0.105394343667542,0.00750798600904002,0.0913866656988252,0.0475822953208141,0.304087555354682,0.290139899283342,0.017457364628039,0.0562219005859705,0.127851279855489,0.28798888406729,0.191629304130288,0.160279003314781,0.19810267617788,0.0857822600169894,0.00584025899533253,0.215342521178735,0.277232872710778,0.0554628650583243,0.0207711725812776,0.23144893159026,0.358067747183014,0.182576197656209,0.23515275744072,0.0215013024882015,0.288200801599866,0.135873571782648,0.179173688054936,0.273501056586084,0.215338580610819,0.180211568719643,0.203733121076374,0.0805631931732124,0.105956304969416,0.232815331968159,0.335986692034829,0.0463602164126896,0.405826531471611,0.289918218009235,0.03324086116146,0.176115049081827,0.167454686064167,0.270003549074043,0.237259537102672,0.0403778642002937,0.129458020811289,0.184640578008855,0.0339302205334506,0.11183894143365,0.137443310888822,0.00251905140607214,0.11764220171109,0.109982149681388,0.045764936310988,0.0739823581586298,0.255575345989333,0.152883927858512,0.159937509446319,0.0603951360885086,0.113392549018377,0.0809823029809043,0.0729207478688208,0.411229667911395,0.390513261763124,0.148218710118005,0.23109256989255,0.220557640624942,0.337641340165557,0.247902453832699,0.286778980374107,0.304311787941664
"2",0.110570559959242,1,0.0593855668326393,0.100762938802423,0.134151386096494,0.0956210585066216,0.200335292824059,0.0418389876919265,0.127727191913966,0.0556788299492117,0.175785261594694,0.228014767717212,0.1197718737616,0.200171418372722,0.182238250357266,0.0943379500271173,0.190953591654763,0.178967633412797,0.0152727627322706,0.201666437432181,0.191966118319345,0.258732058333517,0.230555064178259,0.1881160998743,0.0273716940671213,0.0917032208685918,0.10862472288019,0.245914937890379,0.203922294822305,0.213268618299331,0.151990355177021,0.177561598961672,0.177379391683061,0.0804543009241541,0.029254221236181,0.0514927764858901,0.0554516737192658,0.0113314823527916,0.0286362626855541,0.0548273424135461,0.103967449930089,0.0369848776856726,0.175063881118498,0.234721027328669,0.144466835690199,0.0774511610702818,0.0738645298200809,0.0848843455272498,0.224475720154149,0.166540302534931,0.222410687189702,0.0492531402389936,0.13297460508328,0.0126047351780147,0.169642401284243,0.152265451122945,0.138320891929837,0.252455396345945,0.144961164251714,0.23612611299833,0.180393586699886,0.167229866490298,0.203335549549886,0.167746814078359,0.16740091128734,0.13915515748694,0.232075028481183,0.123145618571818,0.179691983867389,0.0623483409101802,0.207722516119911,0.141089878812511,0.14377873319269,0.111917204322513,0.00563419804396324,0.063827387897612,0.141247195094693,0.0271115524928592,0.19531758183005,0.0491112065060363,0.0729959901448875,0.233292187557409
"3",0.132817369665797,0.0593855668326393,1,0.137432247072462,0.57431084460134,0.336832440318968,0.199977775216084,0.178907150139358,0.249167862582696,0.167618153095022,0.532931966159585,0.00688520872004632,0.455483424418327,0.43407532844742,0.270818287137369,0.048961065057883,0.179585994607501,0.163542402467777,0.505614758742438,0.425078290212583,0.347831960164098,0.180414925194623,0.298434768389488,0.181546970439014,0.34189658082792,0.152290833685698,0.349319297679611,0.306152242860464,0.209706730631786,0.476837111083608,0.499944115582412,0.357918798069689,0.14690633518454,0.0750901982813562,0.00437201454708761,0.110585904386728,0.405136637699769,0.447118683120094,0.48608600684778,0.346294764920536,0.115726783455105,0.326146722755552,0.200834427755314,0.451751879236958,0.214417315363259,0.192471126330726,0.397098322990649,0.118222944498791,0.0699230840203968,0.0365033471300352,0.413922249019959,0.142183267019416,0.527528769253408,0.559151625332858,0.0987882717636275,0.348745248040384,0.261057682094796,0.31463082419304,0.575998080454924,0.439787610778624,0.361362422045815,0.538318696529709,0.479871976279541,0.395237536813859,0.464997112086846,0.422681642603973,0.113589573261258,0.21152035580258,0.0949519942499373,0.475808674583196,0.403336176800031,0.457089027785613,0.442198444070974,0.32558432765839,0.398591543615685,0.249502785468447,0.121183164455768,0.254637780996001,0.185739002274071,0.49487039191928,0.0135979369820547,0.190883361395946
"4",0.0885948568378219,0.100762938802423,0.137432247072462,1,0.222693654411601,0.0832227367647069,0.0164863261084184,0.029237412097746,0.0669000967186454,0.208214622275448,0.14626662811432,0.0344838951464842,0.258427168414821,0.221441737754236,0.357313819682056,0.0764014606560156,0.0175798722776832,0.104527738643082,0.0878816190236151,0.124465199374371,0.186660411919139,0.0464939973149892,0.0629471828348235,0.0987713135633734,0.12800690689821,0.0220023705351806,0.0507946021716686,0.0651250100165356,0.103570115163071,0.236830181770311,0.164135308784574,0.169491817719462,0.05006330368374,0.0712141812866687,0.140401937829986,0.0384308060637683,0.0801380392989342,0.0223387404897144,0.219615009391442,0.137806166217543,0.0980026351787327,0.364804057777421,0.0778439822341756,0.304183891392604,0.0331082789854548,0.00249196240800151,0.010538267970952,0.0671799747579519,0.0798846586947408,0.044948030772261,0.249641509133483,0.302158088317752,0.211933663644721,0.030536851388503,0.0394682491142367,0.141210558138656,0.175869310238818,0.149650763487284,0.211092810775931,0.185134835951615,0.14760811838215,0.245261533481634,0.163353062428611,0.153511822526398,0.225356912092309,0.149850005615599,0.0589116099785524,0.00792428873107589,0.0420489555188133,0.128344369890168,0.140477819608209,0.150243369101698,0.214740141381402,0.227534980258351,0.0229576456396481,0.185844822535192,0.0278608274972214,0.23566352740136,0.219356317112662,0.269780539488055,0.0422653886188133,0.173110915038223
"5",0.063026189085936,0.134151386096494,0.57431084460134,0.222693654411601,1,0.511522933334986,0.306905858472556,0.308435347359275,0.488027586406741,0.361289989777043,0.70761762498335,0.144732643887221,0.750702372303158,0.756143917295707,0.490951150986649,0.130978319297437,0.216872994926599,0.209432562569541,0.538436607487019,0.688734901729707,0.473351368556442,0.408021579739242,0.451424325339327,0.287660099125829,0.50398063416577,0.190500055578395,0.349937144072989,0.501946179680763,0.357592470345702,0.82883367733666,0.675672152030291,0.607221086674815,0.126653861160817,0.0893212414700826,0.0806426700262074,0.206591985272221,0.425830207310839,0.614144879428993,0.634646735656204,0.487687954933391,0.072375250103755,0.477091956246121,0.197352717145506,0.696930402653397,0.313899043659564,0.118466034578499,0.521650372526087,0.289558688979738,0.102519233526902,0.209190922173252,0.659967957769836,0.257113062072209,0.812936439735873,0.683114955036568,0.0312165125701795,0.550884631259463,0.445853609245565,0.555905468980305,0.771927853964269,0.718207372305433,0.605223502473637,0.81124330237037,0.751028538677793,0.538571241115301,0.656340751333646,0.643197989044814,0.208766629225288,0.248718035632209,0.226326644221311,0.754805970306341,0.680826027160533,0.692508347697723,0.739180599356926,0.295153126144952,0.535697650807198,0.234512704865015,0.26568037394376,0.135962500640377,0.157026386255143,0.741801702936767,0.0824535995421491,0.479596392871963
"6",0.0554745820179348,0.0956210585066216,0.336832440318968,0.0832227367647069,0.511522933334986,1,0.501736811679567,0.486671771018979,0.577869878017682,0.153543784164042,0.672418040353997,0.472803993997924,0.550871151768113,0.569826906780567,0.311049648178111,0.414444326068934,0.554240106674919,0.527445172272451,0.572445952922915,0.688999314884755,0.471309576191127,0.603540920451838,0.654751770743767,0.365209160186581,0.45177257064493,0.346319841095544,0.350389630853653,0.682280148254962,0.541307202628376,0.587237084370228,0.682256470324022,0.636280085479729,0.326144752916852,0.319011665452494,0.208440101225352,0.0621037383070177,0.383709018511233,0.577639545257351,0.311369349196205,0.00820152342679745,0.39461080567113,0.062564686035873,0.247134680135855,0.599950890266523,0.488947685968199,0.366498194083783,0.0774324049516051,0.20621216617483,0.1102581294075,0.527043525219744,0.704810564718215,0.183795823565021,0.460013638565624,0.501089658073975,0.314347874694988,0.580055198145144,0.52604246108546,0.678463035511473,0.647097988914607,0.625460016422144,0.648775658061596,0.673037665131209,0.670601703580941,0.605388810048246,0.611430839116705,0.541552526450498,0.394394797677441,0.42173708395982,0.550044832985422,0.547586562736735,0.506454990871995,0.380374556259622,0.518194717617297,0.108342493697167,0.372961255063979,0.101693460988127,0.485400035950258,0.149418526997248,0.280030520862845,0.329995226756977,0.401336418890577,0.534205646383226
"7",0.0641367829404328,0.200335292824059,0.199977775216084,0.0164863261084184,0.306905858472556,0.501736811679567,1,0.314081251077468,0.450038752341213,0.182674434748256,0.551804363193221,0.472865171053644,0.223027612800729,0.350471947310942,0.154554001714519,0.457486016932279,0.600230350709367,0.61582922119663,0.458428378419428,0.471219352500814,0.496248419549956,0.636655728515985,0.714032430779596,0.321239360065957,0.306771192414577,0.42481223001997,0.450549664898823,0.571187375981299,0.643826380251266,0.395094244816137,0.633514622537155,0.458535363270646,0.471250586340284,0.369845353126131,0.0926210724657219,0.133668148007789,0.21963818744065,0.354992383362513,0.115762596664204,0.243605585983429,0.442158605737466,0.13937338070374,0.0401494722407676,0.466465867767618,0.611480834223642,0.400594411480911,0.0396681323547698,0.0884773592887697,0.14884429356295,0.478362900427886,0.539471856025975,0.0746765941919284,0.204977713389208,0.253746569691808,0.39117866291543,0.446645712109663,0.504033353361541,0.590018181355426,0.507088192593381,0.480431767051996,0.400008410179369,0.487824600585351,0.504188990648492,0.585206997876436,0.41287615362782,0.519271161874587,0.489674233317235,0.433819391013738,0.626367525865579,0.277818885011191,0.298814839951275,0.195068823850949,0.215926704699202,0.125001081307005,0.193652816609554,0.014659699536762,0.489881621428462,0.13330114933624,0.413880722489791,0.0512137527879174,0.240104183680274,0.422835659384099
"8",0.115758421063295,0.0418389876919265,0.178907150139358,0.029237412097746,0.308435347359275,0.486671771018979,0.314081251077468,1,0.331666048182583,0.257835128559577,0.386160940023279,0.332176631496789,0.389297226372365,0.348745777641421,0.17028977931064,0.30946120672712,0.392959266472454,0.357560629383183,0.386145426324884,0.47482120660751,0.306761139294892,0.487385987409114,0.486123924831348,0.250796271752207,0.349884312746228,0.25002293553689,0.132874472776599,0.46905449850305,0.39264932978345,0.337314618522138,0.43925762875754,0.474279217506357,0.266228503092685,0.280741077938249,0.0150475820367704,0.146928862113506,0.264926640150894,0.42737763565776,0.245700082043381,0.0927634569821316,0.340465853532838,0.0214676474425248,0.220112598642325,0.340417031413396,0.352970349333691,0.241381598835045,0.0363212957771695,0.216902152604772,0.141523975471864,0.421845710249059,0.45972380847467,0.245705670874009,0.277956500910805,0.347029428828538,0.20159181260001,0.376106181720365,0.387815664914416,0.447365590641008,0.368036113148529,0.416115049544886,0.440088684295692,0.377282393967355,0.455886069715669,0.36229183631771,0.416307271069305,0.328783077294836,0.285166027937006,0.201814338672463,0.369603193622613,0.338524506979267,0.395771360615945,0.14377564011348,0.336246490735137,0.0341573540148699,0.157670075117398,0.131541715473419,0.454411789000196,0.28992779408935,0.240597601897611,0.155409423366067,0.345228934248706,0.409121875302769
"9",0.0505199020710068,0.127727191913966,0.249167862582696,0.0669000967186454,0.488027586406741,0.577869878017682,0.450038752341213,0.331666048182583,1,0.112176131864685,0.629916484350654,0.386276377796052,0.463678248949384,0.635593783954325,0.291743786982636,0.333979746972175,0.41198956165312,0.4266282937723,0.509617500370943,0.616341736525449,0.363728792406711,0.513728558221592,0.549209839260677,0.284499334063237,0.274289339640017,0.336776271841665,0.275967430168598,0.550651677282286,0.481165126664285,0.539006967918233,0.595758241672322,0.497123315641359,0.163926810336096,0.268515565381261,0.00525939135838887,0.0496843979435647,0.457009849688607,0.495015778561493,0.291150279360781,0.129876539010106,0.223563446776406,0.00262502997148217,0.279792300848959,0.546771914945327,0.431540468342529,0.238877561059153,0.146610721316081,0.251617841804208,0.0581128045782722,0.394312294469068,0.602623437616152,0.184690003185511,0.485218954085071,0.476699238117546,0.172442178591305,0.570642072700216,0.46269719058793,0.583877010022406,0.627429744736055,0.544475525344941,0.542276884093519,0.637225380874735,0.609348997117999,0.481560479042567,0.545867383802901,0.527737313953795,0.376251872004895,0.315994390123663,0.497334076799301,0.515600166877997,0.395500815495486,0.282320870367245,0.541148529684888,0.214901560415266,0.418033642501222,0.0971069720022742,0.296039349494327,0.0223386363390715,0.242249209366802,0.36550239833185,0.216920318954416,0.401882554778702
"10",0.211071961919758,0.0556788299492117,0.167618153095022,0.208214622275448,0.361289989777043,0.153543784164042,0.182674434748256,0.257835128559577,0.112176131864685,1,0.0879269714356847,0.295321714600103,0.216908779225838,0.184443284403798,0.21349579186975,0.327092905937922,0.427489516215066,0.423666378365202,0.088616115422257,0.0126104366674534,0.0386586108218464,0.245136662470225,0.225969789466006,0.0871042012161436,0.0108087856244677,0.175004505677302,0.011162835474314,0.210141502330769,0.305205985245292,0.270026824266233,0.00800350308225576,0.0799599409843353,0.455704925364802,0.311815275459526,0.192757919779849,0.148773869774567,0.0624563910683884,0.0971261914382348,0.332715348982771,0.564919866238736,0.358077902691137,0.533917409423896,0.0338301409343976,0.0687524956597142,0.17260835561781,0.306783101809458,0.511547016860986,0.0950930251704084,0.0602710489111519,0.388917045977717,0.0152981455922383,0.0208131648886181,0.417257766037417,0.216264988548382,0.322549764072841,0.0186326885775873,0.0390736194384529,0.111316539316481,0.110565591622795,0.104297787700043,0.0437768438327175,0.163007236028141,0.0341127562627031,0.110124411898309,0.0486233085497136,0.0569510673628457,0.3324380753002,0.226657039637332,0.353621045155869,0.260408292699737,0.214647450712842,0.391760154756234,0.296916666043094,0.175645293459106,0.320819474012027,0.172044422289292,0.227671335375029,0.272581072142142,0.529288708065832,0.516942536937584,0.329567994269318,0.0984130973347062
"11",0.0868956754149415,0.175785261594694,0.532931966159585,0.14626662811432,0.70761762498335,0.672418040353997,0.551804363193221,0.386160940023279,0.629916484350654,0.0879269714356847,1,0.397348600651684,0.649081554196966,0.749519935791959,0.429357995073481,0.332292813374655,0.469118707545455,0.414845092477477,0.680571281788738,0.786768139145646,0.533758735642816,0.589443691164102,0.693217660524046,0.451489659108877,0.403469535976227,0.392345682766992,0.479459392195378,0.662693469787888,0.490750680094892,0.785020590723644,0.817009514720679,0.660108771205624,0.0976925016324533,0.273360931031513,0.0342972696951529,0.0780431182457049,0.562494174890428,0.694897071525983,0.472616754583396,0.290802559193507,0.289073268551088,0.197901204356799,0.20174674587602,0.712531212617978,0.541642808484296,0.331856904854535,0.330072578444804,0.249724780612806,0.115535959418858,0.33277751082692,0.782812110021261,0.234660017173816,0.694060487042042,0.711926634852144,0.0965066996946194,0.709183895537937,0.573753081989221,0.708390814988293,0.847810543436853,0.749333007077347,0.690253937616398,0.867672707339654,0.780174502488861,0.668707857257313,0.715290617671322,0.647792986409298,0.377895201751083,0.440246801747032,0.452913050958722,0.67346797760328,0.633835805604462,0.55737821732577,0.711744558647405,0.321610389135295,0.568694616587133,0.212385996989799,0.403674996111959,0.0428165295115218,0.132915135934557,0.598998520652405,0.257786340226445,0.514148946551498
"12",0.258121792206774,0.228014767717212,0.00688520872004632,0.0344838951464842,0.144732643887221,0.472803993997924,0.472865171053644,0.332176631496789,0.386276377796052,0.295321714600103,0.397348600651684,1,0.322937467406595,0.320837344873522,0.12248202589615,0.405649982919651,0.672133425046452,0.613661324157379,0.304359304089475,0.489668040933831,0.437355073107007,0.658736430784626,0.645109068438634,0.38037314548042,0.268716600643811,0.344830053806476,0.287943905401311,0.679388774086865,0.596548093727279,0.37701319753204,0.496453415748115,0.574874204113379,0.58595051482691,0.471244132396184,0.191784057146534,0.0152100870020495,0.0695446613582808,0.328252383483303,0.0783689957572013,0.3151440086984,0.423038837342405,0.241214409356701,0.052804323323613,0.379619336899956,0.486963041854724,0.413278119485312,0.160117499912368,0.159568239780847,0.336929714785468,0.654932461855523,0.508520928389745,0.1752990054092,0.0927609333349148,0.0972386486285135,0.425056625763056,0.475736135944244,0.43376242753818,0.649095133655539,0.406632326198431,0.524603658656299,0.515934268706522,0.390084287077228,0.504678420467771,0.505628839314542,0.371212525913929,0.381135601793482,0.52825160509527,0.450072553790407,0.549109859472136,0.288366509919807,0.327704848333509,0.145612905664204,0.241632114879395,0.148740087238396,0.0336759729075372,0.125903991210205,0.502695677726263,0.237724191881196,0.576490038333328,0.071161141203412,0.424931051964474,0.52904271512926
"13",0.105394343667542,0.1197718737616,0.455483424418327,0.258427168414821,0.750702372303158,0.550871151768113,0.223027612800729,0.389297226372365,0.463678248949384,0.216908779225838,0.649081554196966,0.322937467406595,1,0.754919221191371,0.55483161063088,0.156090331467189,0.30531766361938,0.263042830499302,0.49860922622995,0.754021648567459,0.422420386611663,0.474385346630286,0.474007365967917,0.390859085496011,0.507651661892998,0.208740984373394,0.230433954521251,0.619485838777139,0.382928029182979,0.809402295345973,0.613893927290357,0.714596049649805,0.000804355549998153,0.204306808762969,0.00566785133334169,0.268736234401785,0.337130724089549,0.622527741917435,0.497591086314982,0.428900183063352,0.103863719907137,0.384117462569096,0.180755058199156,0.636649456725399,0.278388639739418,0.199036022448587,0.357448394962679,0.336226740437338,0.273249550138738,0.35846185636376,0.676852934424025,0.392626183509127,0.723140802897367,0.600699670676039,0.0254708523138681,0.599592281190847,0.492912994515743,0.61650565436842,0.705558068562025,0.771454016452555,0.731723157217024,0.755214316907313,0.76479513301578,0.469492222808593,0.687239691994434,0.534146088855237,0.225963495341677,0.272431916179251,0.238747556278109,0.761506253686751,0.695640236056078,0.583671212457788,0.771442342594731,0.0291173558485135,0.380317174481312,0.225590451306863,0.302186306632161,0.0266762881833902,0.046145621402643,0.64369167499615,0.308089871713769,0.605640763040068
"14",0.00750798600904002,0.200171418372722,0.43407532844742,0.221441737754236,0.756143917295707,0.569826906780567,0.350471947310942,0.348745777641421,0.635593783954325,0.184443284403798,0.749519935791959,0.320837344873522,0.754919221191371,1,0.503864724318062,0.234970489159014,0.324518252078144,0.289283637165512,0.515029429618747,0.763892167092721,0.459564729055064,0.509410087926949,0.518870078130196,0.367118948689216,0.410497818505362,0.33063173760412,0.285711305323246,0.622923010884842,0.439508296709373,0.806732982141236,0.683705756953506,0.663631339516335,0.00810744863707734,0.126523727142482,0.0280016825982356,0.155566864238789,0.500470986957637,0.599826789652974,0.453467644113762,0.422333813092596,0.119282732451406,0.267064619113012,0.262782153924146,0.70785437059688,0.333458723153628,0.159607527107028,0.344963213475129,0.320939010134149,0.207592896887627,0.330434283983822,0.738107631322271,0.368755497101123,0.747047214333276,0.645686685712732,0.0123618597753797,0.674582403742259,0.552097720145282,0.658648436203628,0.785186989233891,0.748187173710262,0.699866738801695,0.815361688797195,0.779892128289025,0.534932642545859,0.721929052835045,0.566395877264995,0.29162809678531,0.34606487070683,0.343875483333184,0.755408186483982,0.614267114541299,0.549539091179984,0.795266112389118,0.187344523954932,0.509012707030776,0.207432326223215,0.263017406221567,0.0400730828040371,0.0388974808547515,0.666015696140587,0.188698613071102,0.524850774866068
"15",0.0913866656988252,0.182238250357266,0.270818287137369,0.357313819682056,0.490951150986649,0.311049648178111,0.154554001714519,0.17028977931064,0.291743786982636,0.21349579186975,0.429357995073481,0.12248202589615,0.55483161063088,0.503864724318062,1,0.0291986230980697,0.169460941800684,0.196737011679763,0.287253209354924,0.47213138694575,0.232694301263664,0.280447669381699,0.276501683884307,0.384203801162485,0.403116601432013,0.132741017512862,0.297162942415034,0.338934388562965,0.256868881800536,0.606194391301921,0.392253787263171,0.463150462190039,0.0231041011061395,0.0348799075926275,0.0630875432081793,0.169286982870441,0.263618970659559,0.369068999328769,0.41820994851631,0.335098396515165,0.0439468763963787,0.317069069134654,0.105029287741352,0.398402243789152,0.1538661780528,0.142299589883418,0.140919283669648,0.219735149614119,0.211991107598664,0.107386389355703,0.432376261558886,0.340081312412255,0.4835797027343,0.28964775981865,0.00167519984188204,0.301524594661079,0.371805700947736,0.386653289498139,0.437804385544593,0.451860717354567,0.46805779714678,0.535983455336721,0.495011641113159,0.292016343263747,0.54287975915888,0.406437653154276,0.129141126273207,0.208835539854768,0.139333569570733,0.456950400587452,0.509025036159784,0.497817833712862,0.481574194457085,0.138431936114921,0.230046253415012,0.157019718726389,0.160916027239953,0.030340827509565,0.103048731803562,0.471924068132638,0.30604029118524,0.51763959010303
"16",0.0475822953208141,0.0943379500271173,0.048961065057883,0.0764014606560156,0.130978319297437,0.414444326068934,0.457486016932279,0.30946120672712,0.333979746972175,0.327092905937922,0.332292813374655,0.405649982919651,0.156090331467189,0.234970489159014,0.0291986230980697,1,0.467788616451924,0.480582438031259,0.243894749851913,0.363546225111025,0.37713406638491,0.53851528494238,0.522518650523351,0.16970217691288,0.195308334136217,0.264785329622929,0.130959921126133,0.468236980203317,0.535665470392499,0.171496928745873,0.423848643380115,0.341780872186655,0.440449360835309,0.294183911243618,0.0622033981813096,0.0293392976991654,0.073840848648591,0.255209544299248,0.0241985509160436,0.325225232094272,0.485033881155148,0.122317192110916,0.11214633586196,0.361616976282736,0.412418522056539,0.281943110939004,0.117527095091723,0.0666643538664889,0.182992133922677,0.441032485238067,0.439647419611915,0.157747395786298,0.0482649054766171,0.112162912962491,0.42263121091178,0.311581951361603,0.309149031144514,0.494131780908829,0.314929511826154,0.337559801224158,0.290073213357801,0.243129544214164,0.360827341905529,0.397273640423118,0.245126251719697,0.279568787804777,0.326592051375519,0.329950321365682,0.540922191186459,0.140297666990019,0.203133717898587,0.0215744683783233,0.119930369347623,0.0522575895991112,0.0889111760778253,0.0362820725951736,0.522825057989321,0.252028098431057,0.429618632990867,0.0346153941740192,0.17598880022686,0.334392912943014
"17",0.304087555354682,0.190953591654763,0.179585994607501,0.0175798722776832,0.216872994926599,0.554240106674919,0.600230350709367,0.392959266472454,0.41198956165312,0.427489516215066,0.469118707545455,0.672133425046452,0.30531766361938,0.324518252078144,0.169460941800684,0.467788616451924,1,0.838445687630068,0.482989250641239,0.492672470500907,0.584208881164323,0.755414708225313,0.792259183561253,0.435222374882703,0.388805351025267,0.372633976016735,0.388218059641221,0.758810411611133,0.788788107679825,0.394654952777504,0.603142156448566,0.64694206221577,0.727044479359523,0.572824166178766,0.281484956988124,0.0806233734109964,0.0786422509166596,0.293204885779314,0.0964429496227309,0.451332805095251,0.534252164660213,0.344019562833938,0.0908236245188065,0.486724294631054,0.577359407691045,0.562486598678758,0.275462658542701,0.0293454360801907,0.366788407402996,0.78265278322445,0.546605760297597,0.148349113753804,0.0615689692095733,0.098620562268017,0.50941330207865,0.518304843329641,0.482432098287153,0.702068596463246,0.489858474300245,0.569089406165357,0.587771769629358,0.449494873621214,0.581104337287628,0.676748082581364,0.425893692592266,0.508945452082598,0.697765225589939,0.624199582060179,0.718421441172018,0.244807291646491,0.31954634350979,0.152386803745794,0.160497736572768,0.132376630265475,0.126062819168017,0.1451034888238,0.557044640418443,0.133441657390752,0.661323812781471,0.157263290675259,0.531879805778633,0.597759935353355
"18",0.290139899283342,0.178967633412797,0.163542402467777,0.104527738643082,0.209432562569541,0.527445172272451,0.61582922119663,0.357560629383183,0.4266282937723,0.423666378365202,0.414845092477477,0.613661324157379,0.263042830499302,0.289283637165512,0.196737011679763,0.480582438031259,0.838445687630068,1,0.505612709747595,0.461215415730962,0.626201462004669,0.738385566849354,0.77409233041733,0.437581187204597,0.439088577796275,0.420030563475944,0.385111310936425,0.690818495608462,0.82968486645269,0.343999958453788,0.598893217586454,0.595447222533802,0.760900530835362,0.544140993320015,0.273799157635351,0.111568547033183,0.0679447394965667,0.24025270535439,0.000974594398573803,0.504223395797237,0.579706875120656,0.269162536615148,0.0738415807869402,0.498883847627904,0.615886371292835,0.527688424731837,0.298591861568163,0.0351659157592385,0.320861862661407,0.763497909797558,0.562127209911357,0.186497953769889,0.0465701934545914,0.0767247307706185,0.572170724646945,0.466738819500172,0.527351318570401,0.67939019841217,0.493800676167613,0.531998477194157,0.49747725175375,0.436574016194086,0.568338361663795,0.657900557985747,0.428698898468143,0.543425995737571,0.663330775212851,0.499420316834412,0.746210082958942,0.193930478854861,0.273702009198351,0.0711872731107699,0.10762475499391,0.143086281434447,0.160042989129548,0.14370242096751,0.512289340871934,0.0530753169630034,0.599126392088854,0.193425239894496,0.451847836913244,0.589024248383214
"19",0.017457364628039,0.0152727627322706,0.505614758742438,0.0878816190236151,0.538436607487019,0.572445952922915,0.458428378419428,0.386145426324884,0.509617500370943,0.088616115422257,0.680571281788738,0.304359304089475,0.49860922622995,0.515029429618747,0.287253209354924,0.243894749851913,0.482989250641239,0.505612709747595,1,0.604949577426257,0.46241150685214,0.484048858499522,0.631554009132608,0.322208960363943,0.434946125982983,0.316383765805912,0.381336920641982,0.562008936260639,0.446436579393417,0.571645994701335,0.6706485220685,0.5481755307808,0.177837735986658,0.34267333267533,0.104820169176254,0.0713242257834712,0.416587846865516,0.554494944691353,0.444540775506065,0.11848890615754,0.309077057413261,0.107208776510975,0.0886968766581676,0.550899725279385,0.511191981889687,0.38189536318081,0.245803891063587,0.146518216328807,0.061183945597418,0.424930346076684,0.616589057531697,0.0866636117203615,0.497814261966281,0.605951700564405,0.0939486248203699,0.546795623703063,0.477782239858491,0.546672704901097,0.685433536505053,0.606127938205092,0.566289791255666,0.670283608075613,0.642475635358526,0.595970243906518,0.572946793624302,0.612766373235203,0.342823230533393,0.309776996924848,0.427674532498637,0.515334215053334,0.468264885657097,0.400487386064441,0.457656469216503,0.219918415390373,0.311198016888613,0.0954352549943192,0.290129996796678,0.102690894933093,0.118994071589367,0.345883783990929,0.307356244812435,0.406408862555087
"20",0.0562219005859705,0.201666437432181,0.425078290212583,0.124465199374371,0.688734901729707,0.688999314884755,0.471219352500814,0.47482120660751,0.616341736525449,0.0126104366674534,0.786768139145646,0.489668040933831,0.754021648567459,0.763892167092721,0.47213138694575,0.363546225111025,0.492672470500907,0.461215415730962,0.604949577426257,1,0.523413490297126,0.659401772972084,0.676098936544603,0.480378611243431,0.496697708121734,0.358383345591495,0.352950824273014,0.751129972235019,0.556049650313496,0.801383810894935,0.762300470824844,0.776341184175169,0.18374001168593,0.353827664682311,0.00792300822806371,0.184257694682484,0.428679365875917,0.702506674615029,0.441814609283844,0.239822125771556,0.270237628701613,0.149512523870149,0.226378002991167,0.673515585611285,0.475968427092025,0.292748586113892,0.240758507377998,0.366806250681559,0.264191241109213,0.482108356840991,0.779065846430806,0.344072970491115,0.65812753305649,0.605834704877899,0.142423056606027,0.69057085770967,0.603678091095012,0.772010562925432,0.785867675144603,0.808622528400879,0.760130975997447,0.8093304450369,0.834262134963147,0.601641161793903,0.753409164231589,0.56833040213208,0.407301882882273,0.408996369653444,0.454662537574789,0.72069150326631,0.658345980037815,0.517774500335438,0.717368143968294,0.137743731193049,0.434297266500396,0.181430621797426,0.47760230287246,0.109744234339626,0.202108190788459,0.532356189721732,0.363354676873724,0.642522976111056
"21",0.127851279855489,0.191966118319345,0.347831960164098,0.186660411919139,0.473351368556442,0.471309576191127,0.496248419549956,0.306761139294892,0.363728792406711,0.0386586108218464,0.533758735642816,0.437355073107007,0.422420386611663,0.459564729055064,0.232694301263664,0.37713406638491,0.584208881164323,0.626201462004669,0.46241150685214,0.523413490297126,1,0.62228218695625,0.663059073862038,0.342764575955742,0.402049772448038,0.296038324146773,0.298861425017179,0.626926289893879,0.648577359086864,0.516109892960946,0.645052211369859,0.584899363803464,0.436386373626892,0.338057367519158,0.200455355083245,0.0354760305926992,0.140634243258901,0.353441365302746,0.191039262130007,0.138728332716984,0.432295461391885,0.104143970078566,0.0664544407901014,0.628726720019414,0.491461613462157,0.320259964862767,0.0543201286608778,0.0798489204745308,0.231514834819191,0.527003544165028,0.64232113429148,0.287071908929332,0.367927368106319,0.317376688662218,0.381522392408939,0.538383704461517,0.4989540884307,0.667160812890764,0.61662600094228,0.652159610819107,0.500224899178366,0.555009349071095,0.643363668044353,0.596653356701764,0.481369580858709,0.561272883886693,0.43213490962459,0.377875300578593,0.575640342777091,0.389321636442334,0.461572255074585,0.287889319547177,0.346805451587992,0.0695711310996665,0.152463956246669,0.0429431012530774,0.453992699106336,0.0523998464640915,0.293207795406551,0.18044922071844,0.174535130107048,0.464204799499596
"22",0.28798888406729,0.258732058333517,0.180414925194623,0.0464939973149892,0.408021579739242,0.603540920451838,0.636655728515985,0.487385987409114,0.513728558221592,0.245136662470225,0.589443691164102,0.658736430784626,0.474385346630286,0.509410087926949,0.280447669381699,0.53851528494238,0.755414708225313,0.738385566849354,0.484048858499522,0.659401772972084,0.62228218695625,1,0.84373748745957,0.422508153954519,0.485713598266531,0.434633525881244,0.432871817908987,0.775487422523105,0.804466892649291,0.579376559840665,0.719178282977454,0.734983466264698,0.61081745991015,0.465756215615396,0.102315501157495,0.0242358406037904,0.132403941740935,0.429709521456053,0.122614942979551,0.275548691081269,0.536023742867197,0.124341178673218,0.0435684058361366,0.62206761273356,0.635055446227072,0.46880733898768,0.0880165541958209,0.188718640166003,0.442050231101453,0.692578519665112,0.689301371484086,0.285854681965744,0.288094524373659,0.260659832928831,0.489929839061806,0.562379166630719,0.579335133760852,0.806821038272182,0.603810934830591,0.68761683216221,0.634057121946774,0.59615076643781,0.716643117341919,0.687557447965946,0.588476242001396,0.588978869388395,0.624169339554464,0.507625812501693,0.690832888182008,0.39789320272872,0.516285160866012,0.267915131268632,0.34858786948928,0.100871530098287,0.0785803735790311,0.0277751961833884,0.699693355457721,0.257089591647175,0.555505217697079,0.0895357482507489,0.43010710928069,0.701830307388735
"23",0.191629304130288,0.230555064178259,0.298434768389488,0.0629471828348235,0.451424325339327,0.654751770743767,0.714032430779596,0.486123924831348,0.549209839260677,0.225969789466006,0.693217660524046,0.645109068438634,0.474007365967917,0.518870078130196,0.276501683884307,0.522518650523351,0.792259183561253,0.77409233041733,0.631554009132608,0.676098936544603,0.663059073862038,0.84373748745957,1,0.434175536482679,0.466218068838981,0.45581493626475,0.483916288826216,0.797466859472988,0.792265701050388,0.604477465270772,0.808200367729083,0.718678564947319,0.609964140095497,0.477236148121896,0.154144958049602,0.0355627629276246,0.187827790888933,0.524950526307196,0.195279664070719,0.240646949171127,0.539377717321925,0.0731566165115023,0.00658024617761553,0.64361963829338,0.710324338398548,0.516009013588338,0.0239088301893684,0.20074863409805,0.373856391336095,0.693462401167299,0.740690302990357,0.192307911855946,0.343510703043896,0.356609167424647,0.459029833087995,0.626532986439048,0.620360368861641,0.814060173029851,0.677772588445417,0.730323220067187,0.639495918594652,0.669245798797806,0.736365851686214,0.762152105190954,0.589911461753629,0.671694363124978,0.605185778358896,0.527309429229403,0.717029788527689,0.424112518200264,0.543081425986882,0.317496160195509,0.395894899068327,0.0249104734856137,0.137009219085605,0.0105401135269384,0.657545362515702,0.131477407901927,0.511274143527666,0.127200286439612,0.425194941160668,0.675825200894888
"24",0.160279003314781,0.1881160998743,0.181546970439014,0.0987713135633734,0.287660099125829,0.365209160186581,0.321239360065957,0.250796271752207,0.284499334063237,0.0871042012161436,0.451489659108877,0.38037314548042,0.390859085496011,0.367118948689216,0.384203801162485,0.16970217691288,0.435222374882703,0.437581187204597,0.322208960363943,0.480378611243431,0.342764575955742,0.422508153954519,0.434175536482679,1,0.23834164118839,0.170616073989162,0.231051406824606,0.491281553121023,0.351588746976253,0.488296898823277,0.37048942837425,0.424907614925317,0.264170994517965,0.359924704497858,0.000561373853252879,0.0139035464303932,0.219452389690568,0.333054044995193,0.163490318616545,0.10767056506476,0.12628038487993,0.149851002477139,0.00403714011195325,0.2968463699327,0.258531222631107,0.21849746005575,0.0725552454691159,0.0859421721397916,0.275648126452862,0.331285248080358,0.382258616019709,0.112070255024805,0.275715611931259,0.229804349210451,0.143061525629498,0.406168879924221,0.380377505012181,0.462379325288055,0.394264008206682,0.446028006219101,0.495460115102148,0.499863235749384,0.464583240183313,0.315131782659239,0.465632461887756,0.265462414770491,0.393157607370055,0.321076288004875,0.313702629043768,0.352467162533878,0.322021391322869,0.321369934997187,0.338646077922941,0.0123501655151483,0.107961471927351,0.0661017058602658,0.219326745623559,0.00390208214371037,0.249301822896426,0.162806135087481,0.410501402569783,0.425693724631792
"25",0.19810267617788,0.0273716940671213,0.34189658082792,0.12800690689821,0.50398063416577,0.45177257064493,0.306771192414577,0.349884312746228,0.274289339640017,0.0108087856244677,0.403469535976227,0.268716600643811,0.507651661892998,0.410497818505362,0.403116601432013,0.195308334136217,0.388805351025267,0.439088577796275,0.434946125982983,0.496697708121734,0.402049772448038,0.485713598266531,0.466218068838981,0.23834164118839,1,0.331982034200596,0.472284647993026,0.516687060836908,0.488779980955332,0.545758794265979,0.553139684609463,0.610473030898136,0.266551013535404,0.237523123977435,0.000785638788619948,0.132182635725603,0.0995961456339243,0.375771447944883,0.384383158559842,0.0213336413111993,0.247538167381164,0.18637096885495,0.0780039336510781,0.444402409816448,0.36254154247438,0.354868477849203,0.153362299985472,0.197625534734603,0.243189256863472,0.411696238403567,0.469458033907623,0.315008028667672,0.383693746402853,0.282082323085542,0.187202013136821,0.300682378423632,0.504041514843576,0.526507577927875,0.503079547549894,0.53365980391195,0.511637451081553,0.493985388787042,0.608551925294277,0.459927455482263,0.486355124090044,0.521687437991864,0.363753642359659,0.28264507023624,0.323288301102799,0.453016611802854,0.460132641832029,0.427155934685912,0.357107254209701,0.172225222526541,0.104675577976657,0.012465552644828,0.380025668980079,0.138830286529879,0.100415047234955,0.265934417368102,0.439283717095341,0.560003401281114
"26",0.0857822600169894,0.0917032208685918,0.152290833685698,0.0220023705351806,0.190500055578395,0.346319841095544,0.42481223001997,0.25002293553689,0.336776271841665,0.175004505677302,0.392345682766992,0.344830053806476,0.208740984373394,0.33063173760412,0.132741017512862,0.264785329622929,0.372633976016735,0.420030563475944,0.316383765805912,0.358383345591495,0.296038324146773,0.434633525881244,0.45581493626475,0.170616073989162,0.331982034200596,1,0.454977706413834,0.434209960118516,0.488053636666506,0.287192216907248,0.47644933388681,0.40258903970521,0.253061700204879,0.24364031679083,0.0120906070334553,0.0639252347006417,0.143334196411196,0.242747808845043,0.0854534878607402,0.14295823181788,0.315434324992443,0.115638107217968,0.0697696260629971,0.336367822009605,0.400170452096021,0.272662736957024,0.0687816982383285,0.176301847791101,0.122333292835058,0.323164004511671,0.421575351956501,0.334493286214884,0.164329691290391,0.236349672315532,0.155596772677064,0.406853237562123,0.425646217821077,0.451693157816465,0.417634640068176,0.344885215032464,0.269409659951876,0.352530713532292,0.401469140946284,0.367641051730991,0.344504788619755,0.368271906341724,0.342005537313386,0.303212438994415,0.353875198900227,0.211797731441371,0.16330301532415,0.0676550835212437,0.213460483434737,0.0104592657448979,0.104859258002505,0.0263346049985825,0.307699013203891,0.09542400343945,0.323453845550918,0.0679172574272508,0.207189535847175,0.353452140529794
