"","1","2","3","4","5","6","7","8","9","10","11","12","13","14","15","16","17","18","19","20","21","22","23","24","25","26","27","28","29","30","31","32","33","34","35","36","37","38","39","40","41","42","43","44","45","46","47","48","49","50","51","52","53","54","55","56","57","58","59","60","61","62","63","64","65","66","67","68","69","70","71","72","73","74","75","76","77","78","79","80","81","82"
"1",1,0.130428158358936,0.100242124630347,0.278395747263205,0.316562571274621,0.50546168969327,0.459638751238597,0.38995883823773,0.437695255871627,0.275407706000336,0.315908781690311,0.401899070311567,0.181513237205018,0.371692840751865,0.0765525555071311,0.344862357799343,0.203266031561648,0.453390119208514,0.25961163464283,0.483177490148162,0.0884869533149613,0.0901206429185936,0.218507178523347,0.239861354432937,0.398801987937119,0.341093000914288,0.0706020783605215,0.349249392518823,0.395989570729449,0.225002987486415,0.208409599125955,0.418938355579664,0.418662072931535,0.518524753471987,0.0209903494460436,0.190197072289215,0.448117131351074,0.460045953894283,0.343506272240835,0.14420080043173,0.282986246836866,0.0764622152004798,0.195027355308132,0.0667986186180623,0.234333286351364,0.107606803922965,0.0803376664330952,0.230221726509657,0.208649694098553,0.200615804092101,0.416293688452259,0.2196566823293,0.382144044717637,0.019488159853668,0.341020617755326,0.0339372952423652,0.429120908429301,0.503401708202973,0.555476525847447,0.394013327118947,0.0721710688849286,0.231737864105218,0.301110409713025,0.348867285998106,0.513137318071246,0.316758321619008,0.397019821719386,0.339551802724604,0.381003830964366,0.369666609383524,0.035790163162191,0.0481434527484082,0.138717225566,0.30090283810834,0.13691944459367,0.0158447687390518,0.227149834746556,0.00435624830710998,0.30079085063094,0.16076728783101,0.38149969771487,0.0146659139004714
"2",0.130428158358936,1,0.173651683919921,0.173468892300519,0.100598033676198,0.152071071829505,0.193129113550349,0.00406198727921028,0.203675454612143,0.0146169806818078,0.0639401372271684,0.132843240636084,0.184635060448416,0.14185588181287,0.0501796490128638,0.205713038125919,0.0270384000766437,0.134860031534609,0.220243651855584,0.203311649977528,0.110092035930037,0.0305427538195799,0.131687763232559,0.0744109097677,0.203706777918017,0.190085003325392,0.0471195386874956,0.110940666574322,0.160773015199085,0.0784490150989396,0.0833884737143483,0.212122041446794,0.00851260955998889,0.191552730396982,0.0267740816182404,0.130098725677594,0.152125223761514,0.154938443921336,0.0788098950443826,0.154914861279924,0.133238444954893,0.0483452082990786,0.168907154741858,0.0100709490984023,0.102683408364831,0.128636486164798,0.00251642518050414,0.165282893982862,0.013406697000277,0.151765070404239,0.165628465769058,0.0767900473430307,0.161276306406924,0.0927743698264486,0.123002456762166,0.11208692133664,0.159852907620423,0.151882518800673,0.18981702059671,0.128171776361937,0.00161411660366645,0.0470104501414864,0.106750412169643,0.0193868541820637,0.17476337654122,0.109024074301625,0.214611909683646,0.0974140768144845,0.243986909896642,0.0946130417928006,0.0489528377820424,0.0154331729482789,0.0183972332526095,0.147281655450888,0.0518797225724587,0.00212985098175202,0.144672903114781,0.0144130224964618,0.0141785777254575,0.0238215803304732,0.125215206630031,0.0642456561473648
"3",0.100242124630347,0.173651683919921,1,0.0848331780022308,0.0359710131869846,0.0590709417514783,0.0753008010558025,0.0164348974653566,0.0186365760132819,0.0345281820244136,0.141095039792619,0.200961915130503,0.321780296934144,0.163718214800937,0.121714148531696,0.12286425117637,0.373864349867092,0.256158025884363,0.00364343544313599,0.196440009918971,0.190304160530634,0.293972845821236,0.450872419663065,0.228702744350406,0.171689980968095,0.111116315093866,0.24079083414936,0.271356804410243,0.2621281670913,0.268026547169863,0.025154830590753,0.37804108355359,0.140464830968989,0.239807828182872,0.125871519272777,0.0799062963128272,0.0211315132917984,0.0415348639405095,0.0039560421939276,0.222633922664986,0.0880948109506609,0.187628640146441,0.280131883032576,0.2484386362692,0.0289630029487932,0.143347425469733,0.0452025754544013,0.0146347371547606,0.058270462820782,0.392371083169903,0.233703436827475,0.107282554176336,0.0794786995310981,0.201621535629106,0.0683269783382203,0.152035568258299,0.254517643198141,0.101399546782335,0.107802702355472,0.175902799972497,0.372324768266182,0.142729896361445,0.36791577818765,0.024746259335778,0.15497185248813,0.194133316230138,0.183732585086447,0.0110401579721955,0.187934734140887,0.182322805398013,0.177584297310201,0.30783876230943,0.0681488955899127,0.0225571488079112,0.0365605581410286,0.0048822770546271,0.0341802945711699,0.225145007549885,0.0580626109396986,0.0523230883131086,0.12578726014467,0.174430462636158
"4",0.278395747263205,0.173468892300519,0.0848331780022308,1,0.0934572434976035,0.294762457409768,0.338631769997062,0.264286722617107,0.22587617314529,0.00858732296333769,0.108225046743413,0.170693115902451,0.141779515717841,0.218005169452815,0.00927931644296278,0.251463997620364,0.0502326153316516,0.152400557300318,0.314582943640052,0.272899238948063,0.24642969494527,0.0765965278116154,0.0858820156448732,0.0651861630787037,0.339104608731038,0.274506676545308,0.161026145828815,0.229826332373362,0.177060048181452,0.0332899089495247,0.23136673596382,0.230432762340912,0.281498616546072,0.39435516795171,0.0381253672330172,0.240284262366149,0.322313074769656,0.189715742709507,0.167510811497876,0.0592959309407545,0.330924832753405,0.0854821640885412,0.156884886785464,0.15739721151205,0.226030261746169,0.0323950134067563,0.0319196825750751,0.219181745892459,0.00975508228214538,0.143700295813506,0.266739125560933,0.0487425243293608,0.18743551642518,0.0958081043878757,0.331187767803772,0.20313440383423,0.233335378666671,0.292104141790262,0.261128362876119,0.102641490133053,0.127840450590941,0.0268834642741397,0.0416307003283178,0.217569897024205,0.299948521144199,0.0976897413810788,0.197146320628005,0.242291504834169,0.282298829196259,0.198432732877322,0.0102228328124905,0.0241891768674648,0.0865606781800834,0.331330293587727,0.202793189489066,0.0576111031311751,0.277852614001546,0.112457696678606,0.15299558530189,0.158116166486347,0.2183723995156,0.066515331295057
"5",0.316562571274621,0.100598033676198,0.0359710131869846,0.0934572434976035,1,0.472117648376322,0.424039421558778,0.430851874800495,0.440215010578517,0.352674734036934,0.489634978413047,0.506921206522382,0.210005261850906,0.301826027782936,0.0342174645966977,0.275963661600159,0.238571543679088,0.535935853368555,0.197777254338116,0.45774846841228,0.0080141334294488,0.280310312494481,0.274066141304916,0.212913474155364,0.343859871978367,0.304140747595151,0.0157092420335911,0.355972344011921,0.475637101815959,0.379450782257561,0.369109621384991,0.430688858224268,0.415464076280172,0.402888520114916,0.0175253410168818,0.143925762896319,0.365332794639299,0.551063666027371,0.361508328717254,0.13167474813677,0.187879054983696,0.00139263474909678,0.160872991029999,0.138369655694083,0.125176099776993,0.129981961907181,0.0134060130429762,0.155731503704886,0.213245125052115,0.200265080102639,0.451681493323915,0.167192043333713,0.283685674461051,0.0753189275135734,0.287051393922895,0.137754595300619,0.311148534173374,0.532427425345529,0.543910554276504,0.43394004311079,0.0685332441848674,0.435357084775877,0.349762084179752,0.348407631920101,0.446484897519222,0.330359579149006,0.443769981329398,0.40774358045709,0.384451376844233,0.408446155824183,0.169976334300111,0.0369999158235521,0.304282204550653,0.30273387775314,0.173498646743065,0.0524145716948895,0.114924224800715,0.125664191008555,0.365505450431157,0.139707968227588,0.474599026000794,0.198950511534432
"6",0.50546168969327,0.152071071829505,0.0590709417514783,0.294762457409768,0.472117648376322,1,0.712383990588007,0.574880427557299,0.709383036173705,0.471662385173741,0.521084489029749,0.596879856197421,0.218887843115717,0.620586191199685,0.249008069171888,0.51360006501702,0.116620568140487,0.556889686900471,0.532715417615672,0.679360900870323,0.286411756640054,0.142108838767799,0.203141055888306,0.328856738788865,0.536473183333097,0.476601452255619,0.0622566877401599,0.530867568307857,0.564965031535093,0.312036761700686,0.302325390121342,0.561803694457047,0.570616742597807,0.700754825165954,0.0451217398526272,0.209849381770054,0.727380930453957,0.691472963492158,0.588564913395501,0.0956633905797077,0.523709001109847,0.194863684537823,0.351935816407386,0.0500271884421281,0.440224456514245,0.0494360117496233,0.129639537955989,0.383580029613605,0.423756641156184,0.14790381525582,0.591037555093214,0.259325986261699,0.477859286797396,0.0709508799613451,0.554007236487315,0.109570839740928,0.588794917912188,0.764113592809887,0.774181922286614,0.508785376024403,0.184734828737952,0.296832850732584,0.303031791191819,0.536019895957457,0.723711673614782,0.310272779570337,0.688840451614442,0.586384148421944,0.602071066622988,0.4131602222246,0.0891839860968248,0.0270426771498863,0.236211696062486,0.608785863839395,0.312129270413244,0.0699619588602093,0.252400191587278,0.0545301744295075,0.480542647943448,0.308026443919461,0.54494946759704,0.0346271138626817
"7",0.459638751238597,0.193129113550349,0.0753008010558025,0.338631769997062,0.424039421558778,0.712383990588007,1,0.517656519280276,0.756556056166507,0.366626078306454,0.449735125816565,0.511452453905679,0.199934833238947,0.703127348317331,0.291977737108199,0.635856245702016,0.0324340823808449,0.472928596800621,0.59888171164798,0.637131862226508,0.347818284329073,0.0866469552028464,0.189012929683351,0.313105368535796,0.562302277818426,0.550594248689162,0.00124639177554175,0.5060189082371,0.575546734686403,0.280375823560287,0.1908341233645,0.624512581621609,0.498551322744978,0.722220471835836,0.0383305588537562,0.281691067229444,0.775729838910517,0.718148114543777,0.56909413762597,0.158470913273479,0.582100129850793,0.286022628188753,0.344219450915407,0.036448223109727,0.467120386965142,0.0969197128475907,0.273710795548742,0.430294298345138,0.412370570556933,0.144918933886859,0.571182555014416,0.238896085163308,0.46750137252197,0.0908834815507771,0.557866417392548,0.231303203782764,0.672471681948763,0.770778306185983,0.721549656090782,0.39337237212058,0.20530299384506,0.136190668867759,0.300217333914573,0.478501651370359,0.729994198823882,0.287303981071059,0.754287370790053,0.493934848664253,0.66958494679449,0.407592579737991,0.028495952896028,0.054962634592353,0.127319746912797,0.637373636931551,0.334528195950916,0.111231990302635,0.226691783277827,0.125641639954814,0.455600612551964,0.354508063236748,0.523456922221342,0.0626811909345166
"8",0.38995883823773,0.00406198727921028,0.0164348974653566,0.264286722617107,0.430851874800495,0.574880427557299,0.517656519280276,1,0.457105929464405,0.370716331408336,0.46867279804862,0.474363627607927,0.151634322901462,0.4351943320558,0.0554935442534215,0.386418157963981,0.151565462668683,0.424084291599887,0.335834971664537,0.520231051568516,0.141108572235229,0.123703994128029,0.126717567119966,0.237400160865717,0.308770064223569,0.373512813887878,0.141378550881734,0.456608771390207,0.457443444450882,0.292646474419889,0.30708386626805,0.364990524613479,0.567617747961633,0.541831227138221,0.059832703910726,0.100365091209893,0.551444683478244,0.526533024470874,0.373281419572139,0.0329262115720823,0.353772411847398,0.143986262476294,0.192931894434802,0.000680016814623474,0.239844987882698,0.0229191337290276,0.119378881417651,0.186037858777212,0.388478205679145,0.115373542177623,0.442689945147953,0.265946613003508,0.325161015671655,0.0187363840824189,0.41890443727545,0.0204013042121716,0.322555844738156,0.590563350982467,0.575491253021844,0.390873290466377,0.11339487798815,0.28874683438754,0.265396495655039,0.585708177577863,0.54555671007435,0.245873326198065,0.452514792282612,0.487406936524182,0.406405318618729,0.343919526604248,0.0178155865957788,0.0191393131389754,0.248155828084493,0.420527658237606,0.229371574518608,0.0662254620437796,0.119266873996398,0.00497565645715784,0.433414060383392,0.278241862286782,0.434225802849483,0.0940750334922219
"9",0.437695255871627,0.203675454612143,0.0186365760132819,0.22587617314529,0.440215010578517,0.709383036173705,0.756556056166507,0.457105929464405,1,0.404786116635862,0.461522188147078,0.505599229739601,0.120086307718068,0.669008527735957,0.38176761744732,0.601096140879702,0.0208241727809249,0.475306494297962,0.610676025929329,0.553646134218764,0.349956208833269,0.0569407228374031,0.118593849796796,0.294511232946837,0.55115343421627,0.493343699519219,0.0131491851356717,0.400334531929312,0.581528368212502,0.278418568170041,0.230160424770217,0.569297389396645,0.424359104178441,0.627202034921498,0.120040851547617,0.212898147566201,0.752680677152095,0.692758532633542,0.592151418086974,0.134808344533277,0.565777109069841,0.344703199170111,0.245374754847296,0.0813423058353266,0.483479371759143,0.099227387002012,0.276778899368739,0.463199741970015,0.397786595471046,0.0383565843629471,0.511289354590026,0.176125541045798,0.535755027130539,0.151872153842708,0.531809241436597,0.279321863878697,0.680220726105089,0.746707709830624,0.727603219215662,0.384858279028706,0.228722173000636,0.0919495858400867,0.262932204327536,0.382523763597261,0.680553527524482,0.235295302310334,0.787201862726892,0.510058488495159,0.659107959702624,0.306535674147237,0.00548238550166589,0.0548780378096941,0.0667455749008925,0.614043106081459,0.31586555308563,0.0440154467177809,0.20264082749984,0.177024858752133,0.386244381187651,0.34307887460435,0.541988311471372,0.168594504763876
"10",0.275407706000336,0.0146169806818078,0.0345281820244136,0.00858732296333769,0.352674734036934,0.471662385173741,0.366626078306454,0.370716331408336,0.404786116635862,1,0.328465963172387,0.357956904692686,0.0316412289635241,0.370553142490859,0.193691645785672,0.327957945336671,0.159049949246053,0.333135566191608,0.289535597554138,0.348637440581539,0.117446726769408,0.114231256678938,0.0639765495349748,0.173192604311419,0.158485701743765,0.223016148337627,0.00289922249648042,0.33058880831504,0.321156144513974,0.255372558563639,0.35535140200744,0.274870726672498,0.329165144480123,0.371146129583075,0.0036734595600904,0.0578309067327704,0.443111677562271,0.453696526691983,0.378353275129558,0.0623033763039716,0.273602160463299,0.20513954435498,0.138868316011316,0.0374274977416921,0.155319917087211,0.0892195943053393,0.124375120697855,0.10919076874444,0.356068602499848,0.0280409595429268,0.331353783852957,0.116899655540344,0.251592409161806,0.0897423965295616,0.259729071454617,0.0726276275451826,0.317453204843094,0.498833961236416,0.425453532988697,0.285054828824313,0.107884753155379,0.175646336516726,0.185841275086522,0.364271461259267,0.417734115294275,0.159706298739455,0.409638366767896,0.391637945258066,0.359121695332434,0.176748539039836,0.016549910107647,0.0559011967428038,0.0908691747240509,0.295935132560055,0.13587420942317,0.117684633566824,0.0529739756946998,0.00826254032515044,0.269611292343729,0.213176736971531,0.300091461194379,0.0284951389161583
"11",0.315908781690311,0.0639401372271684,0.141095039792619,0.108225046743413,0.489634978413047,0.521084489029749,0.449735125816565,0.46867279804862,0.461522188147078,0.328465963172387,1,0.544730921582309,0.353044513067457,0.396276247590237,0.0270769385513268,0.322787656050003,0.378177298932072,0.615285353630336,0.147175506317272,0.569710250297314,0.110130731698393,0.435670168967868,0.437697000309186,0.273400178086447,0.373369914853598,0.289969664209891,0.144246633504412,0.510578091521637,0.608771569547584,0.501979167161221,0.409925158291352,0.564032351533849,0.537137845100346,0.442716991122113,0.0366745728384169,0.165723464332615,0.355876066286972,0.507487063988814,0.37802401581004,0.141354555344718,0.107689357108784,0.00357038964213265,0.258325151399429,0.253799655824439,0.00177721875664972,0.278671976667547,0.0221892090880191,0.242821750790549,0.313053173074206,0.395116472392309,0.537622750778201,0.103663833454677,0.251566789121638,0.0841929581627332,0.162314867663147,0.245443120863038,0.37409326270243,0.562010969158673,0.615533448504368,0.585292241234079,0.234866016539803,0.529662487008679,0.560981626668157,0.411978243879342,0.477497558307844,0.39106802342944,0.477354641528172,0.482038172014199,0.411626654195693,0.453874193824428,0.275980427362991,0.166745153162135,0.306939006560118,0.306737991890548,0.237332892007345,0.0212803543681393,0.114981130286168,0.10278814503213,0.366937836009125,0.108607263528158,0.486090989736711,0.359226384574272
"12",0.401899070311567,0.132843240636084,0.200961915130503,0.170693115902451,0.506921206522382,0.596879856197421,0.511452453905679,0.474363627607927,0.505599229739601,0.357956904692686,0.544730921582309,1,0.336284604582773,0.483281300588174,0.0541323206901346,0.385694986452424,0.298002410603875,0.608472782950771,0.308969877338316,0.59991872978613,0.0301947694700514,0.348299555775332,0.400458041469265,0.340028451893432,0.421635673384615,0.389434643602464,0.118267945766294,0.508602474353507,0.561445293098936,0.422553915776137,0.392897167114498,0.581682168094206,0.52660297763133,0.574648455810449,0.0269106977810019,0.128973831630014,0.487280645714378,0.566132046085829,0.388158956686147,0.154262064948883,0.210340055443047,0.0222582512937842,0.338501223264322,0.224473981037342,0.170081237281574,0.195114582268912,0.00912482466263939,0.251706898739658,0.315999264131229,0.349452891839558,0.565161779340164,0.150656220958986,0.279944297277286,0.0384622469561431,0.296723068424244,0.177565915703119,0.452134847138509,0.624006399886877,0.647015466762629,0.56981398102134,0.0632531092311075,0.444021556600307,0.463517830321748,0.465208929428752,0.601269788410296,0.370812752054247,0.56664911521264,0.499829598187241,0.511116034815093,0.489191157482282,0.178690109153294,0.221711921589692,0.278744870084743,0.399817619890022,0.246110058036427,0.0182472813829683,0.193965098141666,0.125927378929867,0.422420533459611,0.169389786266924,0.512335334924535,0.263946308067867
"13",0.181513237205018,0.184635060448416,0.321780296934144,0.141779515717841,0.210005261850906,0.218887843115717,0.199934833238947,0.151634322901462,0.120086307718068,0.0316412289635241,0.353044513067457,0.336284604582773,1,0.228887363826596,0.228430781378747,0.249604281585158,0.491144019096201,0.456935687323439,0.0377444888599432,0.409487704085426,0.219933108079161,0.433217351926243,0.587152905291842,0.284978273728212,0.346563888856578,0.071580087756285,0.302372563091985,0.482834560079486,0.407325555616338,0.384600518286798,0.103635824735159,0.542851263041241,0.338057437392166,0.291922802166859,0.207569104476122,0.153973756677849,0.0253136055095847,0.114399662720557,0.0486788330544517,0.261162015165089,0.114740150896979,0.24162297427108,0.360833777225766,0.282368117249927,0.139814272178232,0.322013454114437,0.228134465008119,0.155677717627428,0.0171621381277966,0.625776176250823,0.473585764910709,0.0685011785521056,0.051788130590132,0.272164976533739,0.0388838154833472,0.294513665585822,0.290240335443675,0.25472285345,0.299511938056106,0.367378160789671,0.436354341522156,0.453423881773545,0.556964180539972,0.131308125165229,0.225535988077358,0.41431666503663,0.20148597057051,0.247803175613868,0.311851086370929,0.353147330889687,0.257924331777632,0.354996917861084,0.292663601780731,0.0427468812190046,0.0667761198584611,0.06078899246231,0.196518131095245,0.128692408258461,0.106339385956553,0.0277481867460844,0.235964735295514,0.393892125441715
"14",0.371692840751865,0.14185588181287,0.163718214800937,0.218005169452815,0.301826027782936,0.620586191199685,0.703127348317331,0.4351943320558,0.669008527735957,0.370553142490859,0.396276247590237,0.483281300588174,0.228887363826596,1,0.274259037854877,0.648650223764315,0.144563582643577,0.359296975790208,0.585448299697691,0.535358712032936,0.32232743828923,0.133489802128154,0.207374242068278,0.34634035576512,0.437315534165398,0.467417014407096,0.146861234235478,0.531408375312692,0.544786665277004,0.361173735517926,0.225717109076351,0.616385247184537,0.439613058589299,0.66959164602082,0.0654436815806295,0.225197226708805,0.712452740205425,0.59702314044496,0.507915966921571,0.144117857952268,0.526137194410866,0.324799047543815,0.343321409649012,0.112795949946068,0.378056981089266,0.00339055059767921,0.284673212089406,0.330571698887711,0.474422213724546,0.149325146363631,0.56216614123406,0.147457413749207,0.368203436954531,0.0874860858891952,0.483601020220752,0.244931412685637,0.648632720275196,0.740169640842675,0.650244393347703,0.289030013807213,0.116178796656746,0.0305751667770334,0.307885906621235,0.417808415863797,0.665114341888497,0.213187846331902,0.705807444910317,0.464926081280413,0.70496469453522,0.235598856979573,0.135642548325463,0.0869374782241598,0.121422596595334,0.561143084474983,0.239864948505659,0.221185873004442,0.140387634340482,0.109197283396226,0.37166069596106,0.323327312466527,0.402008410185829,0.0380338212364112
"15",0.0765525555071311,0.0501796490128638,0.121714148531696,0.00927931644296278,0.0342174645966977,0.249008069171888,0.291977737108199,0.0554935442534215,0.38176761744732,0.193691645785672,0.0270769385513268,0.0541323206901346,0.228430781378747,0.274259037854877,1,0.227171195744517,0.351860306181187,0.113911575278017,0.439864818097965,0.01508118422359,0.418820746316251,0.269945148854853,0.284416905629443,0.0415234784198853,0.15820309351556,0.245663732909342,0.060629340947436,0.0950432191867873,0.0956141880016609,0.199786354702468,0.0726298998114006,0.0357213833976927,0.0667447133149627,0.236394118264081,0.200256665338227,0.0683915372405596,0.366783244137922,0.279123709376352,0.30995800756876,0.00216551278733188,0.406094946905105,0.30888300019959,0.0637305168759437,0.155246842775974,0.420088916989844,0.0959469461749525,0.215982398032841,0.188360216052201,0.256371267754743,0.318141027691129,0.00294495149595543,0.220896405606853,0.218433955351023,0.32463267172665,0.355002718404322,0.394755627293186,0.275358984717758,0.225040509185382,0.155589847719917,0.118862007806597,0.396911225086628,0.284160203454335,0.197395932205192,0.119387772047832,0.233797416307516,0.133403165917447,0.339223073818971,0.0787843307451841,0.177266284350682,0.0947965514458286,0.217144747013376,0.185682537829027,0.18866451565237,0.290604684636474,0.0702978469411469,0.0462163402185018,0.0117540050209503,0.235327730909661,0.046047657078174,0.244205765957039,0.0388304151663754,0.346557917530383
"16",0.344862357799343,0.205713038125919,0.12286425117637,0.251463997620364,0.275963661600159,0.51360006501702,0.635856245702016,0.386418157963981,0.601096140879702,0.327957945336671,0.322787656050003,0.385694986452424,0.249604281585158,0.648650223764315,0.227171195744517,1,0.102659808305598,0.328583141567127,0.579069887577219,0.467099874095111,0.294850837584205,0.0475903672651868,0.153722853162081,0.339578234671307,0.463478476126629,0.389482575990151,0.156535295924384,0.492429526981035,0.513952949279265,0.305314274935253,0.0510236407754554,0.572452326917181,0.392319045931626,0.582661044450941,0.115736966298425,0.217115540767033,0.610845413867064,0.470924422941342,0.444577097785497,0.127620270729831,0.511937509877694,0.312467127157905,0.204816477738079,0.00213558905129545,0.398301470060108,0.0920936107744787,0.250817886487929,0.366826709881523,0.306105157187953,0.19546492226819,0.474315271846036,0.165140811515672,0.403239730236986,0.0366577835602074,0.418005549313758,0.244975840073351,0.562279367125563,0.625408398446155,0.54278743681974,0.274705108068543,0.150847389253293,0.00247781998426055,0.285162809776785,0.330557888120536,0.582414621669652,0.184646785889112,0.615312548591181,0.462420801222147,0.606282413413867,0.297078996683424,0.096488763896314,0.0630476082427854,0.0263380503167731,0.465641920430584,0.229172780315673,0.121414094553474,0.189330729583212,0.209863683374187,0.316019237044999,0.360933012772357,0.333576870573759,0.0812040552983007
"17",0.203266031561648,0.0270384000766437,0.373864349867092,0.0502326153316516,0.238571543679088,0.116620568140487,0.0324340823808449,0.151565462668683,0.0208241727809249,0.159049949246053,0.378177298932072,0.298002410603875,0.491144019096201,0.144563582643577,0.351860306181187,0.102659808305598,1,0.567864028430381,0.288469191959644,0.323662173771821,0.501167416537386,0.594824986295163,0.626004718672422,0.357008830754325,0.109503664534676,0.0243654344149207,0.270145452845508,0.488609518081287,0.357801954949557,0.592984897666583,0.414315290626332,0.417139342465059,0.376584949443258,0.22271649748919,0.276615102908947,0.0265993489142499,0.0855755167993989,0.130884463678549,0.0174274245951056,0.184364090502005,0.307356045223788,0.280025011746272,0.192282460849164,0.399905935021178,0.368054665636549,0.185422572468811,0.141142047224177,0.108232282257411,0.125917954207422,0.611453215625293,0.382319250679507,0.0167020193685163,0.0752643164731143,0.304196388215936,0.233241817670909,0.502977358827429,0.146094809934372,0.226375396782886,0.262369092199331,0.421437160784127,0.567001046464207,0.562743497206955,0.613986430150026,0.155696517689173,0.11849518913003,0.4265149931679,0.0893400943820685,0.146170976182248,0.175474106749174,0.272774490892333,0.279548835801125,0.380454623101747,0.269968955348183,0.135613150911721,0.00214505301037507,0.0141150823476616,0.0397233763356648,0.353079884940207,0.189760789645866,0.123589764938829,0.171919975378572,0.549269317314982
"18",0.453390119208514,0.134860031534609,0.256158025884363,0.152400557300318,0.535935853368555,0.556889686900471,0.472928596800621,0.424084291599887,0.475306494297962,0.333135566191608,0.615285353630336,0.608472782950771,0.456935687323439,0.359296975790208,0.113911575278017,0.328583141567127,0.567864028430381,1,0.0111663862557871,0.638189017825539,0.257058352176944,0.54222325018983,0.594272345967396,0.50358459336071,0.559776895437151,0.285513307279307,0.083324462817661,0.582393872351722,0.657645418811551,0.619774664657323,0.486548162173067,0.663928287604184,0.637736613302134,0.534152829891359,0.0845019596509718,0.234214577183035,0.353832403601242,0.525003826689892,0.378338157417055,0.316474747091046,0.010623894453534,0.117463856102354,0.269798128943416,0.371625317007314,0.00289560294990226,0.352022136651329,0.0630379587622012,0.280467491040355,0.16911666997065,0.579325066434036,0.671484004785072,0.161500528045573,0.373241758331801,0.229777189961537,0.120102637372518,0.330073445614249,0.533904226261816,0.611004579943233,0.686069612832716,0.66171744477195,0.334754057343183,0.633824741382408,0.656118759737479,0.381106722404144,0.511042424297363,0.478317661347245,0.48858079127072,0.433430539578542,0.443371868207696,0.586289946595181,0.391547357912608,0.290405781598046,0.330604761269031,0.27417735499167,0.282441388728915,0.121022860910353,0.247980113474024,0.129467936497428,0.420570624443353,0.0638585814200495,0.625570595602211,0.359703712448924
"19",0.25961163464283,0.220243651855584,0.00364343544313599,0.314582943640052,0.197777254338116,0.532715417615672,0.59888171164798,0.335834971664537,0.610676025929329,0.289535597554138,0.147175506317272,0.308969877338316,0.0377444888599432,0.585448299697691,0.439864818097965,0.579069887577219,0.288469191959644,0.0111663862557871,1,0.346046883079151,0.632512030825149,0.266772902375877,0.216492904695831,0.126844149927237,0.276481744133942,0.522829600289908,0.059484678242164,0.211875892147432,0.282779635347072,0.0626690081290646,0.143413537541752,0.307028249708597,0.180144339399712,0.532236755148083,0.0539812713604969,0.164659905049726,0.720075340451943,0.457954213711941,0.451595380549162,0.0552926114159081,0.715479773484828,0.447866703220554,0.178597265766716,0.244575274372659,0.618576072118716,0.107961889998121,0.321762175041606,0.353875372822424,0.38004642220421,0.219555282580018,0.25543041736836,0.19382116203361,0.350235124674648,0.248260632450414,0.628776019137832,0.53304359263143,0.395618076360641,0.530898522104782,0.437781991431902,0.0538026259128671,0.509456398596147,0.261479983246066,0.125967544057874,0.340911468130913,0.576578750944873,0.0510168466453524,0.600665916273541,0.393461615024511,0.54219360339922,0.0707396160760657,0.330800995866392,0.179500335990448,0.0978762173005305,0.577424621980567,0.225254431377774,0.250068297341127,0.164394225610076,0.227011819704791,0.239514054886298,0.400139715603702,0.241853429055195,0.34939231897835
"20",0.483177490148162,0.203311649977528,0.196440009918971,0.272899238948063,0.45774846841228,0.679360900870323,0.637131862226508,0.520231051568516,0.553646134218764,0.348637440581539,0.569710250297314,0.59991872978613,0.409487704085426,0.535358712032936,0.01508118422359,0.467099874095111,0.323662173771821,0.638189017825539,0.346046883079151,1,0.0927588263556009,0.312861419521513,0.41042306528889,0.29867432472045,0.498303314073609,0.423845618379673,0.00593571282057959,0.624956346963552,0.580738515151187,0.414773319656285,0.295494982845561,0.618003067723221,0.661424839038711,0.715923218923656,0.0585085334852139,0.300890843464649,0.586758560096394,0.618716684968293,0.42507281735314,0.142553382114438,0.315040572546829,0.0155459361021468,0.401722501528044,0.16144280005449,0.210214680052471,0.186158326996396,0.035383342445282,0.309409881914857,0.326405598626448,0.410211909562772,0.614735471671256,0.191718489788339,0.326403725268888,0.0841300098398888,0.398882173726685,0.0883756168502935,0.517243802109908,0.681282195917099,0.738609772293927,0.586043329307778,0.0779119448064407,0.489066430728527,0.50658217068272,0.567734817174335,0.661342050586448,0.467153387039992,0.57092931882912,0.495333545301577,0.582266931909306,0.515987913501231,0.131791158985973,0.2193422630391,0.359401813332786,0.491940526330615,0.206156365416677,0.0473879138975656,0.231446677576943,0.156475840189908,0.455065243439403,0.24086238294092,0.526695209969361,0.208177891989998
"21",0.0884869533149613,0.110092035930037,0.190304160530634,0.24642969494527,0.0080141334294488,0.286411756640054,0.347818284329073,0.141108572235229,0.349956208833269,0.117446726769408,0.110130731698393,0.0301947694700514,0.219933108079161,0.32232743828923,0.418820746316251,0.294850837584205,0.501167416537386,0.257058352176944,0.632512030825149,0.0927588263556009,1,0.435645640002286,0.397789477019833,0.145882595206871,0.144334559694394,0.2154768716848,0.176435808368195,0.0657059799440933,0.07982998556805,0.324730647734517,0.247370540995695,0.0112845111312715,0.0744098584206817,0.264063965695755,0.0547935924522273,0.0427311467343797,0.483957073862295,0.210615763042742,0.246265419080887,0.201678496299833,0.577333708349201,0.367645355259549,0.153462646659958,0.314494241841203,0.481099912415255,0.253438550804573,0.188986334415581,0.250033527614906,0.19901945868619,0.401329436052434,0.0146889683894584,0.0902019715192869,0.198307292988802,0.317175099518211,0.501737273854898,0.603639688076001,0.195936179245947,0.23598821178773,0.13995855082932,0.178349419820925,0.579273993958326,0.368940599119547,0.310558386165995,0.133544092665624,0.303680496731413,0.132541517167234,0.33007580109494,0.215930288921972,0.279547641979062,0.095600590646918,0.353853511235116,0.239395003379673,0.0975227446972791,0.421591346463247,0.047130254284641,0.257609626369995,0.048501707843673,0.253626143157408,0.038632864384731,0.272072368267434,0.037316673063,0.441418829509435
"22",0.0901206429185936,0.0305427538195799,0.293972845821236,0.0765965278116154,0.280310312494481,0.142108838767799,0.0866469552028464,0.123703994128029,0.0569407228374031,0.114231256678938,0.435670168967868,0.348299555775332,0.433217351926243,0.133489802128154,0.269945148854853,0.0475903672651868,0.594824986295163,0.54222325018983,0.266772902375877,0.312861419521513,0.435645640002286,1,0.58506491343281,0.304283921946429,0.177078840395975,0.0678922623664904,0.287301669218161,0.405423906201411,0.403747089281792,0.542544550991232,0.395910127769004,0.408477164934566,0.352331221866767,0.136322557755608,0.120720277585782,0.0147829692422904,0.0839446564599321,0.182948323036571,0.066734939662324,0.178057273160362,0.327113441741942,0.315956572500733,0.219418040540378,0.399754695437488,0.26563795111322,0.256308232424562,0.182233389666472,0.0436408798460383,0.078102213671193,0.512212664119266,0.380190768078917,0.0507958549304224,0.0400396760087061,0.273294761399454,0.179049773830535,0.488078079559857,0.151617150772482,0.213932509545492,0.264979547857278,0.41620951187167,0.518819961437999,0.54247492499174,0.568903492861691,0.12920007027107,0.172480019193403,0.323015818784552,0.132161584301744,0.140004821271577,0.158899296955021,0.358253171897985,0.361559669861746,0.323760058462746,0.312596175672995,0.0450152273475323,0.0950365562316701,0.107919736208628,0.047145654032484,0.286679223957653,0.200226477112935,0.151349789125031,0.275951895056089,0.48908638690725
"23",0.218507178523347,0.131687763232559,0.450872419663065,0.0858820156448732,0.274066141304916,0.203141055888306,0.189012929683351,0.126717567119966,0.118593849796796,0.0639765495349748,0.437697000309186,0.400458041469265,0.587152905291842,0.207374242068278,0.284416905629443,0.153722853162081,0.626004718672422,0.594272345967396,0.216492904695831,0.41042306528889,0.397789477019833,0.58506491343281,1,0.311409738831673,0.320886781042775,0.0122907137938955,0.363443451590083,0.506073364651985,0.422729748801266,0.548127613661885,0.232146278333209,0.577574071419107,0.368469780463777,0.306296031863407,0.136627814773128,0.158570452890782,0.0394922604589428,0.20539983967166,0.0509054081070553,0.322577533682882,0.277308682961301,0.338452714552086,0.389295463331971,0.495802752251506,0.274498740278217,0.334382655216863,0.190621633574354,0.113092882960815,0.00920440245972755,0.707963238357788,0.503538847167788,0.185314195370071,0.0350503636261491,0.327329979913703,0.142731319907581,0.441903147140134,0.34281657990019,0.27430012290503,0.334393191879198,0.490033972760612,0.621237723642106,0.566694631050246,0.702423264208507,0.0306663939244616,0.207317913137656,0.50329048692308,0.205307611987687,0.204460523059861,0.312042621889206,0.447510128926863,0.369551680546326,0.426685692940384,0.317013285422804,0.0142689337265496,0.0458931846448874,0.15105734519235,0.128341228023595,0.267627586652398,0.169303379515473,0.0470816471135478,0.314019373309935,0.499638617110168
"24",0.239861354432937,0.0744109097677,0.228702744350406,0.0651861630787037,0.212913474155364,0.328856738788865,0.313105368535796,0.237400160865717,0.294511232946837,0.173192604311419,0.273400178086447,0.340028451893432,0.284978273728212,0.34634035576512,0.0415234784198853,0.339578234671307,0.357008830754325,0.50358459336071,0.126844149927237,0.29867432472045,0.145882595206871,0.304283921946429,0.311409738831673,1,0.279644729425807,0.266969206813714,0.319970476647255,0.403921730578267,0.404886837206724,0.444119222681489,0.237696775121037,0.456907424783974,0.265430320443921,0.316705910689182,0.216369243803936,0.127130017242409,0.251179410487198,0.308456237886421,0.299381110144036,0.240224564824842,0.0846771424476406,0.027628140896341,0.0591925058112577,0.239575489549137,0.132806201439655,0.070920664508957,0.0842358275972949,0.120712644510111,0.184556728827954,0.318159267418143,0.439233199359813,0.114531667952245,0.301485251344045,0.085650621525006,0.0805577259257552,0.0969580078008893,0.431030353734252,0.421451477226767,0.430524202337055,0.316273935922644,0.143448449218067,0.228156541107995,0.295087864398138,0.174175891724255,0.306329024002565,0.12944348136793,0.360790641280444,0.196691294653702,0.335722880747282,0.246023366973327,0.0784728182929848,0.216111883391653,0.0836489221434308,0.13010406141647,0.183877452039797,0.0352992726050603,0.134524891101816,0.0525985217662564,0.250278031221423,0.0932810063726277,0.306451226961451,0.105602462904096
"25",0.398801987937119,0.203706777918017,0.171689980968095,0.339104608731038,0.343859871978367,0.536473183333097,0.562302277818426,0.308770064223569,0.55115343421627,0.158485701743765,0.373369914853598,0.421635673384615,0.346563888856578,0.437315534165398,0.15820309351556,0.463478476126629,0.109503664534676,0.559776895437151,0.276481744133942,0.498303314073609,0.144334559694394,0.177078840395975,0.320886781042775,0.279644729425807,1,0.341358622734269,0.00218086734738792,0.421368172028944,0.523682584668461,0.282377773088526,0.0724392572336355,0.588662721656026,0.453165226895852,0.527224428715573,0.0234164480296649,0.266930993244505,0.445888114489343,0.447248888474071,0.377694928222271,0.275055432844066,0.316804597811046,0.0564526445292209,0.344528434800334,0.121118580929314,0.309169271376315,0.32960492429852,0.0503368449533627,0.458518474486115,0.0510585867240045,0.348256391127011,0.596300458520879,0.186107920782238,0.481050602347988,0.0544088083099056,0.348367346571114,0.0240853636153705,0.640114008525423,0.567732803702456,0.604347402060162,0.400352024177775,0.0132360258228059,0.272325722638801,0.415526809096733,0.313199612698777,0.537744334201246,0.344065433488206,0.527113465430739,0.416201703423081,0.464871452425732,0.430403153659063,0.247520130532961,0.128452638510102,0.151382301687803,0.44941964261909,0.278040179868924,0.0886872390380797,0.306506265062895,0.168609990283213,0.273956010703326,0.196200346950329,0.548038125232968,0.00548218226562562
"26",0.341093000914288,0.190085003325392,0.111116315093866,0.274506676545308,0.304140747595151,0.476601452255619,0.550594248689162,0.373512813887878,0.493343699519219,0.223016148337627,0.289969664209891,0.389434643602464,0.071580087756285,0.467417014407096,0.245663732909342,0.389482575990151,0.0243654344149207,0.285513307279307,0.522829600289908,0.423845618379673,0.2154768716848,0.0678922623664904,0.0122907137938955,0.266969206813714,0.341358622734269,1,0.0858978287780939,0.262567250223414,0.469024576990491,0.106437901225885,0.115195237544876,0.38146794030312,0.314501709127848,0.503674247246653,0.0917864274033196,0.166165740995335,0.53621411931074,0.481863454668934,0.409179455019723,0.0475255664006098,0.440039770705036,0.160615098294993,0.0892014537344338,0.155265902724066,0.430315149074469,0.158887003427085,0.220445317740309,0.284429090300133,0.345964408117073,0.0749015275556712,0.359218669250705,0.357801091493667,0.416828503028539,0.0765697783694451,0.456721320283284,0.13648746126733,0.352062076650856,0.530952720500582,0.557557947672787,0.24593598567484,0.335343252171545,0.0786727527615209,0.0990999864042638,0.404183743247447,0.543938963414861,0.140000245294759,0.487453209417769,0.249614268776497,0.433985017611732,0.211358807607301,0.0543789035503495,0.0028277388957458,0.0493224785237693,0.408717169801389,0.283493972881764,0.00755080084355671,0.17362380595176,0.016052544944712,0.345553509501817,0.257871831600343,0.340022607419267,0.111772963600106
