"","1","2","3","4","5","6","7","8","9","10","11","12","13","14","15","16","17","18","19","20","21","22","23","24","25","26","27","28","29","30","31","32","33","34","35","36","37","38","39","40","41","42","43","44","45","46","47","48","49","50","51","52","53","54","55","56","57","58","59","60","61","62","63","64","65","66","67","68","69","70","71","72","73","74","75","76","77","78","79","80","81","82"
"1",1,0.227069981406403,0.160167996395429,0.329443751339666,0.43706365947858,0.111202611586277,0.199157367006344,0.381953251488813,0.0127401804457348,0.386927018449366,0.224088426759574,0.25665628973647,0.167796033560715,0.0180064830303112,0.304402463855361,0.295406111463802,0.426637949211831,0.395189331515964,0.414715603721899,0.314840737429855,0.416408742074464,0.32489837662612,0.254830177092585,0.0640528322891788,0.314109733152897,0.0880149350999649,0.271566081724797,0.31181459522637,0.103885628036232,0.352033576055573,0.412403245895465,0.246819486308699,0.356067651808814,0.250521921234574,0.342034681707679,0.0277284241777503,0.109314627111226,0.146385966204965,0.270754421148742,0.27794487467905,0.500109113676324,0.112307460735865,0.120295352953643,0.381556940325577,0.437406117068238,0.461912057336569,0.349095458164016,0.0246401080003113,0.305986753931888,0.363616354275818,0.249734742365889,0.101100315854586,0.0100781452200917,0.184688084672454,0.309891947387885,0.227507355386904,0.258408161612978,0.347431293682715,0.23171356791964,0.270542569009064,0.414382775766865,0.210719892411179,0.294936894531424,0.369929923849174,0.427227567949298,0.0914801609163124,0.120618920518009,0.334733286313217,0.0654041933757919,0.267996636631889,0.260881183370614,0.37863176935014,0.229629285026957,0.301746918313736,0.408131792758439,0.00109765898711484,0.01111305666885,0.206051422165974,0.0372766296153066,0.255872057751147,0.285220545652681,0.336966149383195
"2",0.227069981406403,1,0.431811453545065,0.271368201299968,0.446238913772465,0.30834509815988,0.273238269499255,0.386440532352959,0.0809797266056044,0.348970081150986,0.357365116394348,0.340290530977734,0.4084431015979,0.159838972584538,0.39027231218087,0.229124443131686,0.485067152664158,0.432737870946367,0.436748683456806,0.461159662119941,0.493659130174725,0.417200918460142,0.432462474255075,0.265151601952556,0.16078361808039,0.0517877372446867,0.388183250721727,0.431978211749765,0.0571146821750216,0.374635140777436,0.475237879786297,0.390059585450787,0.398130290732172,0.384296538316433,0.330454343094403,0.0815016064058834,0.0754771820601039,0.373472634819261,0.436703288931164,0.147645366385439,0.441017763163232,0.28841585738024,0.209613663258961,0.484355027353375,0.238573430572546,0.444417289741594,0.171077543610192,0.111426847321747,0.43175614182311,0.445115954652379,0.337853386323098,0.106685847797491,0.12460399980557,0.358280517970189,0.257215700494537,0.229538508138188,0.464419793115874,0.414446734269021,0.29084208999735,0.356741792190863,0.469596298161574,0.316596493885876,0.397949066623229,0.429499592032771,0.426204157475051,0.213180593987861,0.19981213075886,0.400782756720941,0.228914933546061,0.393182471427527,0.343404169419085,0.38117831389717,0.234671435718511,0.122738006252476,0.44169848416694,0.211668859852086,0.120152290388657,0.156408824783421,0.074610818440286,0.428490282960962,0.434877746910894,0.326215769900488
"3",0.160167996395429,0.431811453545065,1,0.0786375677758956,0.563597129414142,0.434016857899496,0.532610465058379,0.282463969974878,0.0810069794339859,0.471295161358288,0.538076605169932,0.499181808507297,0.544744388587346,0.340344203532708,0.637453606005519,0.116447522743184,0.566279612320577,0.55875047743775,0.609518728021567,0.60613143919843,0.630490812165044,0.597193391417472,0.572540392456623,0.387641689410003,0.334625413630574,0.0223084294911258,0.471551057462347,0.619021528268462,0.279914905349573,0.480421936386781,0.581777297062533,0.533038405418297,0.519141474679531,0.437642086522199,0.411207985580546,0.122151764232222,0.0754891091346679,0.376333575327721,0.382806612226556,0.1579720310349,0.566969956057557,0.25002424304041,0.315422588272436,0.497675145369216,0.276855881555397,0.4688368459218,0.332285437785179,0.135769615966689,0.40204276149554,0.518241234777239,0.48057921399034,0.0674036202548638,0.124418978401465,0.560609689465729,0.279118444839182,0.306805200321927,0.561550575802415,0.558753418695883,0.489764955808602,0.590559354677363,0.611520567671466,0.567710718454535,0.604188526343979,0.538145510898667,0.524236544145113,0.379697836360729,0.255833234025393,0.514770728448955,0.238616810183457,0.564820365878567,0.460526719074587,0.526782561291617,0.423527366457204,0.0202904963619692,0.483714544974416,0.216426456999062,0.0689445945350937,0.147835691368832,0.0653685098271112,0.448277616957565,0.556302427474456,0.432390299483778
"4",0.329443751339666,0.271368201299968,0.0786375677758956,1,0.403157167096928,0.246464953272287,0.222209130440518,0.399413289447566,0.128779591252984,0.247348306552068,0.146885723115623,0.342909828096893,0.2514124783601,0.0976138136159835,0.238913905881017,0.305801794167358,0.497700747591284,0.442399355514457,0.460051245755551,0.270987184211642,0.370607054778642,0.261359709376029,0.292778445628819,0.0207629383251747,0.29949882039158,0.301299072480065,0.345214415235393,0.345265158059373,0.0011976135546438,0.422528162935819,0.440804530697965,0.358386902269889,0.343862964903409,0.378833603326226,0.32503956981204,0.314521801623452,0.0564844485118141,0.0418985751779909,0.417303717768514,0.324174239330515,0.44484042802965,0.42117127919728,0.186274698320316,0.461047876269263,0.32228428986076,0.45170005141977,0.199429617032083,0.132977282467065,0.389676493958811,0.434417353112683,0.283356055235013,0.00796844347910907,0.128944447631252,0.0929235646089724,0.44267513342031,0.218034823721305,0.384401717055898,0.402917456691878,0.247563033163213,0.210188988198631,0.359166816529679,0.273531487657052,0.400172787002476,0.398453274708758,0.416897001690285,0.0743792443841314,0.218955555520533,0.42858762090836,0.0706588303031096,0.321084034512938,0.288894502117415,0.298887683235766,0.205696889579724,0.512061183216697,0.43307574082557,0.12667448167703,0.206085693323675,0.393998999977752,0.205517840954759,0.240102924627485,0.325102283565934,0.344970004589521
"5",0.43706365947858,0.446238913772465,0.563597129414142,0.403157167096928,1,0.555393312445477,0.557572150451027,0.479376588042745,0.154969784225521,0.632445058257399,0.643257569577806,0.693289580737736,0.55271802354524,0.371677165334805,0.673657891208851,0.291471772973846,0.82281525071366,0.826343349388725,0.75615354459046,0.727668020126239,0.793057901247917,0.761283387337802,0.737023079979562,0.398619049441184,0.587435627201536,0.227839374203787,0.588680124117029,0.758283226814575,0.332888505545928,0.724133527841359,0.806732388948033,0.756825874387122,0.750033800455956,0.687392570081507,0.678584605940399,0.109466951123756,0.110208425205669,0.305888269654872,0.471585175527592,0.506953382539758,0.742395657623153,0.417494746632329,0.170591981235354,0.752533233965703,0.631613972197765,0.729174536753303,0.529174230736584,0.124880630368648,0.486593127743554,0.773744712920643,0.679849325433175,0.194641360717407,0.13159536787012,0.481715166822404,0.587496630901938,0.502607175830821,0.707393816358048,0.773289864284653,0.745774345722092,0.727783141814734,0.803612579916159,0.740427254418472,0.760404504972322,0.701077486593889,0.76638614883987,0.443328678459199,0.472284009098202,0.754026171882024,0.318937438337939,0.669159484879698,0.567937318673176,0.730847849964538,0.545479802171475,0.430801252195727,0.614591700452075,0.119706581676084,0.134884748213918,0.488005949373607,0.167282471864144,0.457399150824401,0.673319344174916,0.748338854902151
"6",0.111202611586277,0.30834509815988,0.434016857899496,0.246464953272287,0.555393312445477,1,0.519983371669245,0.183209319860796,0.224950701010597,0.449289650793749,0.535692417623108,0.622067642169949,0.411658537613708,0.437708220482915,0.489808277404468,0.10238954832921,0.610130875086769,0.669761589776131,0.569130007651638,0.608328414034616,0.566221442538942,0.59597721362457,0.603628500118728,0.480713975115318,0.455133171762238,0.308913781949679,0.467009289579451,0.672289860771215,0.436796387647139,0.632141184326469,0.606428499051086,0.64560662361611,0.614383472851927,0.536902779286074,0.438115721590556,0.114440219437672,0.0418362671718166,0.199507081223512,0.303872139905837,0.377694555328731,0.51559572778573,0.381745032623048,0.203324424831579,0.589218132043357,0.451340333835968,0.482585614129882,0.306995944135777,0.232717849361219,0.41302084200104,0.58907333917509,0.566426238691806,0.260162684232854,0.170227048099948,0.428315650831139,0.491759173419771,0.415590409492089,0.565671020210607,0.609259981470053,0.652555340270257,0.616261908830472,0.627984244955622,0.669830498595368,0.637065074792694,0.466627178071174,0.624942651843833,0.401072659212412,0.464683493656863,0.56993810339997,0.348260981126279,0.475488413210234,0.451731363751442,0.535486291810559,0.434695330534849,0.245487403989622,0.36927924354396,0.0760911615224219,0.173797633990677,0.389999968203854,0.279173146627183,0.33300194579131,0.522241229870123,0.57337420872319
"7",0.199157367006344,0.273238269499255,0.532610465058379,0.222209130440518,0.557572150451027,0.519983371669245,1,0.300008543992154,0.362485177119234,0.478562668403571,0.462286158930219,0.590983237619624,0.46585516092899,0.444293672096857,0.559933900902378,0.223971164369294,0.627700091799369,0.642669151028824,0.661196747112073,0.603407211488735,0.624525623777748,0.620408037622093,0.580542380536788,0.350794506467732,0.483669270099987,0.280742288168155,0.556205464240565,0.65762583700406,0.343849527562827,0.604419517666156,0.626887198520019,0.573602391218192,0.52891587007105,0.466508031728216,0.501616331195442,0.0379042911576379,0.112924539728679,0.215152059119534,0.329052795580605,0.389439092002639,0.609787865617999,0.379158580958849,0.266741787862587,0.568042968521431,0.458887694908547,0.538027379689076,0.314192696532199,0.143287055885587,0.376082841614912,0.615506077300358,0.524616560843601,0.132820426784857,0.101325321357078,0.444878453371939,0.494214652515274,0.283003964560363,0.581527654281739,0.593275070432871,0.583662172971304,0.587089984527705,0.633071567791572,0.59507615359427,0.66545052261341,0.544451190786503,0.627247078270047,0.339258382751808,0.362496868776677,0.58088243440982,0.228080460879966,0.525087271762054,0.508935607865723,0.539238639018176,0.412711342328001,0.321913367993271,0.463304842112558,0.19654201884799,0.147991005858451,0.346420502319229,0.225820002613592,0.384061438379293,0.536794856749186,0.513289005854472
"8",0.381953251488813,0.386440532352959,0.282463969974878,0.399413289447566,0.479376588042745,0.183209319860796,0.300008543992154,1,0.01194026909117,0.433109045870946,0.275929114915599,0.274354260267785,0.272353156035126,0.0693489372319961,0.372681428551011,0.323686393430857,0.47784216219459,0.463714686015732,0.421806144922647,0.460776997522564,0.519802881515533,0.388368032007507,0.352965382751627,0.0893705233634809,0.24021984508559,0.00500703061051714,0.423606354259823,0.376978667709876,0.0683303947545408,0.406696144123547,0.44042344824906,0.348017049551291,0.350677915112518,0.299416582271629,0.402661297324251,0.115886364134145,0.0908834175337613,0.237684653511102,0.352510644152427,0.337421469074285,0.57928279236752,0.26384114577609,0.0878155279610302,0.455708485721,0.369817833906451,0.481034854250019,0.298566432926278,0.0413665570140707,0.364794558657114,0.47392144427359,0.194656469275648,0.0735362717136934,0.114640760050454,0.221504632578135,0.424935437390486,0.145972276222323,0.43537311652508,0.428056919884522,0.213598112741103,0.280773754781671,0.451701529735152,0.299761076766685,0.359598236832771,0.49297937737915,0.447687803406235,0.0824190210018093,0.139614545286718,0.458151206999217,0.0606019570944976,0.365050759206317,0.333103893167285,0.504932130345105,0.296742449195551,0.346897536366777,0.516766133819307,0.14012019829494,0.0902269948183944,0.30331589346031,0.0339349012496521,0.424980480228528,0.311851481240604,0.409882716275783
"9",0.0127401804457348,0.0809797266056044,0.0810069794339859,0.128779591252984,0.154969784225521,0.224950701010597,0.362485177119234,0.01194026909117,1,0.112169482059165,0.00948868326290549,0.275120939426898,0.265913673102734,0.396451016071859,0.287609638983724,0.122427790702775,0.216607035375389,0.297765891200551,0.402640039283,0.0923473009346506,0.200052534842274,0.143893803442603,0.193225646485204,0.0938172310690342,0.39432276457094,0.391000342898512,0.277723685561849,0.247394197152657,0.255140767034616,0.377018748810363,0.23279231735909,0.239194365894702,0.0745108700483709,0.148231092929817,0.0709429744046932,0.00349140066252586,0.0557836125879953,0.330097425832519,0.0129992460094534,0.164246861419609,0.245975091548262,0.24430312605259,0.301364486158101,0.0327992939851949,0.365980253086507,0.142355259874679,0.142664265055066,0.140819809910623,0.00385085779493583,0.215212487139961,0.269950633912843,0.331324860983093,0.182393089395602,0.0668365836462416,0.236233487490316,0.196729513769362,0.144587396188251,0.256609324842168,0.257556604638429,0.253137887754894,0.218539726472976,0.229513736446294,0.390607555333992,0.261831802655834,0.259223263956654,0.00988900705234788,0.168611585726113,0.260858706866789,0.228296641271422,0.204906492904756,0.16205923827139,0.105875290571812,0.374962801472727,0.353690991925526,0.125438906278844,0.232177900308187,0.0263690984872529,0.155891372253097,0.094210033941747,0.0087889985188485,0.187714543686388,0.0947873188859282
"10",0.386927018449366,0.348970081150986,0.471295161358288,0.247348306552068,0.632445058257399,0.449289650793749,0.478562668403571,0.433109045870946,0.112169482059165,1,0.515958096545636,0.558206097591236,0.452371539677122,0.335351671724462,0.525777726486959,0.25902977549742,0.674203876479046,0.684327884436387,0.627121308639822,0.618524985365039,0.681459780196648,0.622286997784636,0.585209062879557,0.310594728511527,0.46806061607298,0.216437012319216,0.481765878790602,0.659377807667525,0.245872760165691,0.629045675361552,0.665682469743726,0.614822552546118,0.625516854864777,0.520200331713453,0.543413236258989,0.0305675165284933,0.0664032785502572,0.281508663723767,0.358739663480257,0.492093312497367,0.647440073120434,0.282390490339085,0.0733595578020085,0.631641614743866,0.535672012676482,0.606775566987238,0.437381059550315,0.0643496695727546,0.414998225974592,0.6261088259191,0.522625114850493,0.146019838662986,0.0602922795005633,0.439502957234444,0.523278952723231,0.383106651630284,0.568088982956457,0.611437256901833,0.561749764662522,0.612684629706952,0.671493949886871,0.559982101692168,0.598606510519409,0.589703402750217,0.675896380665846,0.354268747654953,0.32276279718887,0.597113154374399,0.27504259291291,0.493165009829607,0.489708320481544,0.616989825694016,0.459330432621269,0.322037254386731,0.495578429896918,0.0715894816619222,0.172971605459698,0.403482657285765,0.140913783253656,0.405630581673014,0.539918140163139,0.581458315782872
"11",0.224088426759574,0.357365116394348,0.538076605169932,0.146885723115623,0.643257569577806,0.535692417623108,0.462286158930219,0.275929114915599,0.00948868326290549,0.515958096545636,1,0.647177194088248,0.512838680791523,0.380158898519518,0.617075559850456,0.161602363572224,0.716858133787957,0.715122416708449,0.600705876203578,0.716894243434208,0.711501750381989,0.737379860437969,0.731322517470362,0.553113550615216,0.485858126597012,0.196958855744017,0.487805112600446,0.716108499741169,0.506497555642438,0.60765684439869,0.696371686016032,0.724482886864148,0.753710561784924,0.597301996776229,0.653502283337,0.0646792902181226,0.0072446571965486,0.327051069915023,0.416307045918229,0.445802552324165,0.572283625356513,0.356864286204373,0.129221015270222,0.686108403157154,0.418480411293111,0.615892498275439,0.388850328208646,0.0897369836197,0.401256302301202,0.686690379680298,0.677306347641532,0.127228129071211,0.149049036358905,0.535766276247525,0.522192771149826,0.599062716487341,0.663038007181693,0.72025053039752,0.733006434464425,0.691798407848581,0.735239118044294,0.75705984426821,0.670244997378646,0.567519446722877,0.657645724821866,0.512858858567193,0.51651859270524,0.658916715264182,0.44345518509522,0.625699325618889,0.533082527201626,0.677881530016097,0.443537818086228,0.239907246294045,0.493414678959417,0.0752074392222701,0.147887664274051,0.419597898903315,0.255202050438123,0.401835769711764,0.58309569793223,0.703480459685183
"12",0.25665628973647,0.340290530977734,0.499181808507297,0.342909828096893,0.693289580737736,0.622067642169949,0.590983237619624,0.274354260267785,0.275120939426898,0.558206097591236,0.647177194088248,1,0.528345200817346,0.45792719868989,0.689083622394225,0.200374907059313,0.778071078487045,0.809435850053374,0.722993951157447,0.672639831743975,0.727034636057532,0.728960565413527,0.750979335011993,0.502350128388087,0.64737820458306,0.367768305476786,0.585824485535917,0.795233470479966,0.515308695254522,0.776837026569956,0.754986791561194,0.76280812665783,0.744367880697625,0.653196364692852,0.644853268301259,0.143998639368524,0.094770794817961,0.203224589503853,0.420266185713293,0.532234595510821,0.660927877086508,0.519894993704597,0.27346924623083,0.699999956145438,0.644172499677079,0.688509624834144,0.401952882011923,0.226939994692725,0.445101954044067,0.765307043072391,0.736981329946389,0.26288580019078,0.232777084947555,0.468491502494643,0.571469503267061,0.514821966405814,0.687159811840016,0.753656866611045,0.748553907585241,0.749428055531975,0.764719479677841,0.773348497375497,0.789414171080345,0.658062514749786,0.74990466886306,0.433754846274658,0.519663363488504,0.758191260230837,0.325775939060022,0.649776026269518,0.57759562413232,0.633791325001562,0.581089701523569,0.44444619703633,0.527660786761786,0.107805172925336,0.151580177584879,0.524534531126569,0.295075196049773,0.386798195486554,0.636915778625449,0.731049526720622
"13",0.167796033560715,0.4084431015979,0.544744388587346,0.2514124783601,0.55271802354524,0.411658537613708,0.46585516092899,0.272353156035126,0.265913673102734,0.452371539677122,0.512838680791523,0.528345200817346,1,0.472049127877772,0.621793319444331,0.203172278380962,0.679979575401646,0.629504801810815,0.66370777073547,0.624281210335638,0.658596246711208,0.594951811438445,0.666286354418422,0.349503918500154,0.406737657252294,0.0929276875191372,0.526172904010867,0.624303709472803,0.37974280478318,0.598577212066233,0.699502413105534,0.622860691653602,0.580180292581995,0.516606302778965,0.509815301083875,0.0457247007439312,0.0643178882933869,0.261111540542671,0.480655434288333,0.304019900430873,0.58587972468316,0.436278894765874,0.361226193781988,0.56140711559479,0.330349597679362,0.514405859078758,0.308985253834971,0.169351431063284,0.388628407076418,0.648659880537141,0.593021109493322,0.0517388814188522,0.0353125133550148,0.480173976713842,0.433529844287646,0.333903647401619,0.678260281697151,0.662626147861801,0.559881652524566,0.553977049941708,0.638344972390456,0.618703714954391,0.693049066228003,0.673497879939893,0.555302020016097,0.311741998139906,0.38182259469171,0.570052092859692,0.240117979278298,0.647071661217149,0.501393734444839,0.518706409509631,0.469268742717652,0.293577644499073,0.575347292223993,0.335238857192462,0.1654254422053,0.291132991721549,0.214582999659141,0.366324756299468,0.563703731035517,0.492596776106678
"14",0.0180064830303112,0.159838972584538,0.340344203532708,0.0976138136159835,0.371677165334805,0.437708220482915,0.444293672096857,0.0693489372319961,0.396451016071859,0.335351671724462,0.380158898519518,0.45792719868989,0.472049127877772,1,0.439152214265528,0.114202945801525,0.493753055892006,0.51537363424434,0.501412047026069,0.475835124164437,0.467316086379832,0.528624903035928,0.530948850235225,0.428707465123753,0.400976945104691,0.289963388340013,0.557975808164784,0.536195973149429,0.547268185545757,0.549736375229166,0.509238410753406,0.484777022275181,0.40121121555619,0.441135234600638,0.346579301586334,0.0656472703304409,0.0888212529222226,0.110223387603626,0.203096191332475,0.302802693420165,0.380877564808322,0.381956502700927,0.236506214226309,0.394742364960654,0.381256493502229,0.431349148645478,0.206483551162071,0.110657496664752,0.264710342006134,0.509138129361459,0.509238517931738,0.25165498825203,0.149169392798437,0.348551371431513,0.394074888371357,0.117385156218207,0.493911918411642,0.508689965728803,0.55459356834678,0.510862139996505,0.477924488331265,0.482653181746643,0.569624904877775,0.433970945664442,0.470437035589049,0.340508503936211,0.311223173175229,0.489003401089201,0.168864968050148,0.42854434363707,0.380652137402526,0.325113102072927,0.347002092030191,0.294870996672682,0.281703084558538,0.244298489862741,0.139652079098823,0.193268313063941,0.281336359670356,0.273384607254934,0.46419191746097,0.370415056250967
"15",0.304402463855361,0.39027231218087,0.637453606005519,0.238913905881017,0.673657891208851,0.489808277404468,0.559933900902378,0.372681428551011,0.287609638983724,0.525777726486959,0.617075559850456,0.689083622394225,0.621793319444331,0.439152214265528,1,0.249033090153252,0.739854187865157,0.72724244174759,0.703729741662272,0.694207498070027,0.74622087150622,0.694459537288658,0.710971481847608,0.452452689540875,0.55849442127687,0.171068560714806,0.603616645676005,0.702184748120622,0.420758043704178,0.664754241000662,0.719387113381951,0.697270768576433,0.659038251252067,0.621584223524651,0.606151613936827,0.0441006277290535,0.129436575574657,0.237015336378372,0.453305534782936,0.420951087388739,0.686935000394885,0.451873383753838,0.339265285181838,0.618090943242853,0.526330636713244,0.607477730819277,0.460127673967598,0.114265291857341,0.35999070884109,0.705668393936176,0.663507627227148,0.220232147293998,0.0933808260387566,0.501122962397729,0.461480423719042,0.40136699387721,0.66748938354816,0.74294226756779,0.665603708287472,0.682454802801808,0.747478463797242,0.718319057544699,0.760224311513843,0.707655212655579,0.675882472151982,0.407709078991242,0.458439297786839,0.712704678262649,0.26811198531342,0.695153571716472,0.534828151083116,0.615564860187239,0.578512287775127,0.346107903417882,0.590154642518442,0.251281302714885,0.0934081297665982,0.373555173377566,0.0979977945829885,0.423449905063571,0.624691887892323,0.670429526014923
"16",0.295406111463802,0.229124443131686,0.116447522743184,0.305801794167358,0.291471772973846,0.10238954832921,0.223971164369294,0.323686393430857,0.122427790702775,0.25902977549742,0.161602363572224,0.200374907059313,0.203172278380962,0.114202945801525,0.249033090153252,1,0.385500721197271,0.32306670555672,0.373488109930628,0.315289531480701,0.349500779404234,0.236528796050683,0.189743696102983,0.034898903677124,0.218396245011178,0.18835606373718,0.394262820025541,0.233095641596922,0.00143403106683371,0.314200555994212,0.36021885049461,0.205617826034954,0.250959260549046,0.214532079953732,0.273146171354876,0.0793055054848766,0.109092550696235,0.0885809981296262,0.288938899958085,0.271242187860174,0.389886927558658,0.242651854380377,0.0271487731950101,0.333687764108835,0.252825587391231,0.325969436557538,0.228646384792307,0.0194475393284637,0.267714585024997,0.344551871964747,0.241435834206375,0.00382239951951348,0.0137843531804444,0.204561508967546,0.351096948432735,0.0954579641455711,0.318605012326425,0.30194338284953,0.179312319929568,0.170055649679068,0.341688557060549,0.186642535805929,0.283812542295927,0.328413945426243,0.336503872732026,0.0491682990039147,0.0138541636758679,0.330956512596706,0.0613599097994886,0.257981809940153,0.284806088071687,0.283958110432056,0.19236550615632,0.342155592327564,0.38373759887942,0.04982334277301,0.125548894241083,0.149308439207267,0.0436798679354404,0.219686355982723,0.258211326598257,0.216586596004574
"17",0.426637949211831,0.485067152664158,0.566279612320577,0.497700747591284,0.82281525071366,0.610130875086769,0.627700091799369,0.47784216219459,0.216607035375389,0.674203876479046,0.716858133787957,0.778071078487045,0.679979575401646,0.493753055892006,0.739854187865157,0.385500721197271,1,0.930398748800965,0.870375161736047,0.828294720422692,0.896652057832647,0.817857841707164,0.861181359175424,0.482798135975198,0.664528527806834,0.341940531078781,0.701201769372965,0.868939462283646,0.472026863980758,0.864350991294876,0.935782256403245,0.862718592633471,0.865173180478987,0.75193363268971,0.775554097935717,0.219947655074235,0.107776424865487,0.26925509190609,0.624397919512467,0.62822982338264,0.833974157032079,0.564571965488009,0.262542683254586,0.864263232454532,0.663263726773211,0.826921608344955,0.494513417698999,0.164290051898062,0.559826159479332,0.90983519184332,0.791464726303005,0.172371192473544,0.175155826675785,0.567923171798212,0.737667410821235,0.588779678335849,0.849838953509772,0.907892039599662,0.819537099133849,0.764380878763595,0.895204205223294,0.828168262989285,0.8851297097406,0.823775392778159,0.875090271921459,0.464096076199945,0.56791797915172,0.857547948835903,0.368111691297149,0.763806899346791,0.680196164405258,0.773514752112338,0.566755372763457,0.584416889875396,0.716251040545694,0.187798994519929,0.243252348957563,0.597275555075611,0.320386261290027,0.500071504327747,0.748091234452231,0.807380072172487
"18",0.395189331515964,0.432737870946367,0.55875047743775,0.442399355514457,0.826343349388725,0.669761589776131,0.642669151028824,0.463714686015732,0.297765891200551,0.684327884436387,0.715122416708449,0.809435850053374,0.629504801810815,0.51537363424434,0.72724244174759,0.32306670555672,0.930398748800965,1,0.866344432402272,0.804233571471372,0.887319054260899,0.823333752807462,0.857595569657959,0.520664298620712,0.719573783721735,0.390452555312068,0.675118504007936,0.896989263870042,0.496251685087578,0.903994527029837,0.91711197132682,0.893043567174188,0.855200612427521,0.747199229678398,0.730986057107768,0.155049237206028,0.0476936272121401,0.225226190475526,0.492139170192136,0.633617188712111,0.822289526005096,0.495706728473935,0.228297661192662,0.833458662056708,0.740003139866658,0.811208902130951,0.51903186916619,0.191881778049379,0.538146819885193,0.878043951978723,0.771068296890379,0.309065614383833,0.232219190604343,0.545342669507404,0.750440390656399,0.538722185367396,0.805518061709568,0.903551234127484,0.867368926892457,0.834368985065479,0.900600754625868,0.854784528983496,0.892347912911662,0.780252283853215,0.885815362627378,0.505130555830092,0.575871974896159,0.853044593486018,0.336914799580539,0.720569247431219,0.670506050633341,0.806551009665725,0.612385951877803,0.552863702904703,0.651587157643196,0.104717662022597,0.218966761092571,0.608670635066363,0.352486230274951,0.452133992776189,0.755410621265189,0.827675608683943
"19",0.414715603721899,0.436748683456806,0.609518728021567,0.460051245755551,0.75615354459046,0.569130007651638,0.661196747112073,0.421806144922647,0.402640039283,0.627121308639822,0.600705876203578,0.722993951157447,0.66370777073547,0.501412047026069,0.703729741662272,0.373488109930628,0.870375161736047,0.866344432402272,1,0.726591764420027,0.829218137794754,0.727427391895742,0.746769171027399,0.34791167325328,0.659263379600832,0.348453735721507,0.674782823186587,0.809723774239387,0.345370000491435,0.811803217445055,0.873499270710112,0.745337087403402,0.721394432150191,0.614839865550635,0.622955219797133,0.115329583478302,0.113524997973547,0.211007502806418,0.516108873692068,0.504750664144161,0.815811353216331,0.463474471526783,0.283048678961815,0.747463013894345,0.629289205940857,0.758031139319316,0.498902979744179,0.203950803478567,0.545683352015825,0.779281336338984,0.677099724184498,0.163545198350255,0.072095202578402,0.540123648594614,0.676304116578321,0.414872303290821,0.748119935426023,0.808888145033757,0.721556144192208,0.73056612152509,0.836316022992098,0.727904802792866,0.862924472235462,0.755300310404954,0.827664894231887,0.395784554729111,0.405825059296322,0.765455246997679,0.230718978934059,0.684406566512393,0.627183356648612,0.696502235828121,0.564501712954556,0.483291063908624,0.677387916771337,0.246429516886905,0.159057239679513,0.473510683983823,0.259806166432777,0.496591392982696,0.711544883903655,0.667941547039695
"20",0.314840737429855,0.461159662119941,0.60613143919843,0.270987184211642,0.727668020126239,0.608328414034616,0.603407211488735,0.460776997522564,0.0923473009346506,0.618524985365039,0.716894243434208,0.672639831743975,0.624281210335638,0.475835124164437,0.694207498070027,0.315289531480701,0.828294720422692,0.804233571471372,0.726591764420027,1,0.83537699597425,0.821408773496079,0.776214048640095,0.528359855993665,0.531814421577373,0.203745110798404,0.668753486734735,0.809399989140358,0.464192412539466,0.726299993832065,0.823202203679919,0.74935237263116,0.774422768773826,0.639244848446173,0.710558435118346,0.0816461153740414,0.0679990705780891,0.415838929428392,0.577459115794829,0.527631289515605,0.733090353142308,0.519964435724452,0.218676228777591,0.800568845487827,0.528283474297873,0.720022027810118,0.404249990282088,0.056125805153398,0.469033953402481,0.834495955237607,0.71664632943192,0.104277891176327,0.101692188378659,0.597254590148425,0.644945341729578,0.568629935678434,0.814941724912009,0.832336499457241,0.724851887191819,0.707679744324777,0.84298397996323,0.777739451296218,0.766725414976758,0.721835532000629,0.778871333445166,0.436726548915831,0.49212593549145,0.767740246130271,0.381106750072819,0.724525426668373,0.648366859374827,0.747262705828122,0.512698693783712,0.366060109034975,0.641810217745026,0.167513820016141,0.21637170635508,0.450922990575623,0.250316084171999,0.51377292712047,0.689409576624495,0.749614094384443
"21",0.416408742074464,0.493659130174725,0.630490812165044,0.370607054778642,0.793057901247917,0.566221442538942,0.624525623777748,0.519802881515533,0.200052534842274,0.681459780196648,0.711501750381989,0.727034636057532,0.658596246711208,0.467316086379832,0.74622087150622,0.349500779404234,0.896652057832647,0.887319054260899,0.829218137794754,0.83537699597425,1,0.815591647151519,0.82401205978007,0.470039743242461,0.639570445708362,0.233770084597906,0.677275959684245,0.850862477363907,0.428628592719445,0.808755831012472,0.882926525310774,0.803059113071571,0.812300294303407,0.668505117484745,0.736283880597374,0.095457906369221,0.0959318390412155,0.346860866450383,0.600315628867098,0.578980645527996,0.817774851390866,0.498889846640653,0.231960707981663,0.814327561872746,0.637559030727696,0.799799986562954,0.490496776730289,0.111944141208057,0.507573063803505,0.861291144185806,0.742366041399644,0.163815850290359,0.121692233672854,0.582881504409668,0.677546166849924,0.555559054299179,0.816871454174989,0.865648518304661,0.766605562448998,0.767876295534464,0.886525485306377,0.795725590762162,0.843189063037951,0.805111919041819,0.839433981649007,0.46847196200023,0.506387849082046,0.820327893389485,0.334295000201972,0.748861141551282,0.685368652450563,0.791988975820329,0.578217590325198,0.462015892267188,0.712033463198839,0.164636662869571,0.177294575996146,0.515032485996088,0.282262281430094,0.522293513677005,0.709314238814862,0.776607823572202
"22",0.32489837662612,0.417200918460142,0.597193391417472,0.261359709376029,0.761283387337802,0.59597721362457,0.620408037622093,0.388368032007507,0.143893803442603,0.622286997784636,0.737379860437969,0.728960565413527,0.594951811438445,0.528624903035928,0.694459537288658,0.236528796050683,0.817857841707164,0.823333752807462,0.727427391895742,0.821408773496079,0.815591647151519,1,0.807765013431164,0.566270920520442,0.586997576309113,0.205649906940823,0.640668628200023,0.822186463887952,0.523309334020703,0.744320227250407,0.8105443129019,0.760941933956406,0.777756345868121,0.678939326936523,0.696681801437082,0.111077257934931,0.102790731305479,0.363523500821412,0.47096524418946,0.552736418556337,0.713943177582569,0.481211123168324,0.232173087426399,0.763273257275725,0.590760125786518,0.735563574538659,0.452199242558362,0.0775247185460953,0.476960031266095,0.808238837877846,0.748337805103193,0.179048470202598,0.171126158087291,0.566155722033912,0.596477686221362,0.543986679414349,0.765706001082523,0.808818291569563,0.796803363885769,0.766660445381645,0.829181916824037,0.796398511668582,0.787761696643497,0.695127316564957,0.779192275978204,0.494268047016413,0.521962908388536,0.773793734696236,0.367185047257973,0.709608830697468,0.636060900088525,0.716669563075039,0.560045893680886,0.369266354761512,0.610671470917003,0.128130690265745,0.176381782179094,0.461173803136369,0.231824179320076,0.444334088647562,0.673049515697963,0.74412681068649
"23",0.254830177092585,0.432462474255075,0.572540392456623,0.292778445628819,0.737023079979562,0.603628500118728,0.580542380536788,0.352965382751627,0.193225646485204,0.585209062879557,0.731322517470362,0.750979335011993,0.666286354418422,0.530948850235225,0.710971481847608,0.189743696102983,0.861181359175424,0.857595569657959,0.746769171027399,0.776214048640095,0.82401205978007,0.807765013431164,1,0.581288344981303,0.624230865630171,0.257460452751285,0.592879694085867,0.834690521908673,0.596980109948453,0.80491659545428,0.830076420990081,0.844676749656533,0.821824203674855,0.748019365857188,0.729013334395982,0.129913466505956,0.0816888118020971,0.296622705040047,0.51195542959059,0.568909361233363,0.712381632901193,0.506741763215004,0.280509658730278,0.76348100087967,0.604574365437633,0.742572549868482,0.402373158027201,0.156542245553925,0.468126960536382,0.838472204576615,0.78295589157089,0.264806524844818,0.207923622018561,0.526318197933142,0.623174108933199,0.582177895131431,0.789074276289856,0.853916248093145,0.842000580527638,0.795629397203739,0.819846201118028,0.859007810306894,0.833551983561058,0.723326881274817,0.766067563287389,0.509567532355713,0.613406325114539,0.780718709124481,0.40869978529485,0.737664585538171,0.622685226160086,0.734910772401097,0.558962757394741,0.44647436508134,0.589768583655607,0.199759601037352,0.205379449939406,0.549384996555239,0.338344507361903,0.418697069696291,0.699510949462933,0.784269870191722
"24",0.0640528322891788,0.265151601952556,0.387641689410003,0.0207629383251747,0.398619049441184,0.480713975115318,0.350794506467732,0.0893705233634809,0.0938172310690342,0.310594728511527,0.553113550615216,0.502350128388087,0.349503918500154,0.428707465123753,0.452452689540875,0.034898903677124,0.482798135975198,0.520664298620712,0.34791167325328,0.528359855993665,0.470039743242461,0.566270920520442,0.581288344981303,1,0.298432445529949,0.25532219947624,0.398989795104115,0.558127378527486,0.510254128076702,0.461397869985859,0.46832844555175,0.582831122150406,0.52712687964231,0.541633557660165,0.479451909521468,0.082217496439168,0.0473129374378332,0.175010639360917,0.236247864851259,0.338174792063483,0.347625845386639,0.35254953198424,0.210608876411396,0.482654794613411,0.330211672114616,0.367332174403925,0.172209336497722,0.133732189137834,0.268099079706784,0.518493041464899,0.545800581718124,0.349778917523405,0.20613217050324,0.351638805939254,0.37695745905723,0.37681511797261,0.519209585287161,0.548295248891059,0.599407388684251,0.558734366885611,0.473726923110301,0.602450632246163,0.486093919011229,0.393794226131404,0.471213071440224,0.402260933223057,0.461163979121412,0.462043876911329,0.337480786813622,0.437785137159213,0.392713992510224,0.43673274618306,0.318502458868756,0.205422338374889,0.262343518337813,0.0803810394076546,0.152073398930687,0.362879585475265,0.267264976328177,0.22351221554104,0.44954507488299,0.513220876215778
"25",0.314109733152897,0.16078361808039,0.334625413630574,0.29949882039158,0.587435627201536,0.455133171762238,0.483669270099987,0.24021984508559,0.39432276457094,0.46806061607298,0.485858126597012,0.64737820458306,0.406737657252294,0.400976945104691,0.55849442127687,0.218396245011178,0.664528527806834,0.719573783721735,0.659263379600832,0.531814421577373,0.639570445708362,0.586997576309113,0.624230865630171,0.298432445529949,1,0.35627620655382,0.488082992916297,0.67492806722091,0.454880543532947,0.699175513170597,0.6475685276082,0.629060947907931,0.58157539882509,0.542866009760286,0.510725988376328,0.0772011990799731,0.0659069191611333,0.0231264999262278,0.329814349056708,0.510989538777344,0.570895490481141,0.398949364262674,0.171067455083101,0.538242226325473,0.628173990848207,0.614322954019319,0.417371079318794,0.147057593653717,0.28632060026145,0.62936180687176,0.631981440053719,0.280486715777657,0.282274256141686,0.329882685521987,0.554152706358684,0.395364673123775,0.546872684052383,0.667133899230708,0.655114275883912,0.617718222433629,0.661728982194523,0.64021487207047,0.662290017260397,0.571832476075064,0.652703296298838,0.360858647144172,0.402283345890729,0.665234372666559,0.166430886251339,0.553479223559946,0.484074187993237,0.550897977360109,0.497574421297027,0.478637415627737,0.42633266493057,0.0349993313061933,0.122003188434171,0.462944407241748,0.258576576831319,0.202595608377962,0.5251350387613,0.609970417409597
"26",0.0880149350999649,0.0517877372446867,0.0223084294911258,0.301299072480065,0.227839374203787,0.308913781949679,0.280742288168155,0.00500703061051714,0.391000342898512,0.216437012319216,0.196958855744017,0.367768305476786,0.0929276875191372,0.289963388340013,0.171068560714806,0.18835606373718,0.341940531078781,0.390452555312068,0.348453735721507,0.203745110798404,0.233770084597906,0.205649906940823,0.257460452751285,0.25532219947624,0.35627620655382,1,0.269694632306913,0.325882785067059,0.226343962579741,0.396957575629992,0.319168470401181,0.354155945665127,0.326537452358528,0.282177083051984,0.272524862396847,0.161747370723071,0.0498555865185907,0.239300684373836,0.0720450760481087,0.387472009252509,0.261944950330709,0.273606493698724,0.0476289211642878,0.29703617274725,0.40446300714988,0.297111699888173,0.180030720287103,0.152006192263724,0.210163213939752,0.31363743313031,0.341284593246569,0.277350895300821,0.22996696340468,0.0243414169102135,0.44437305716318,0.165450927996758,0.255196323268291,0.31461700666266,0.353535464406218,0.307788113822194,0.286212567594534,0.297757379006926,0.351615459482425,0.218346713619432,0.37002261981435,0.0852222395921617,0.22414191705631,0.343890855655076,0.0625069330755996,0.142966793804353,0.252818188455339,0.234729450802465,0.168044072288697,0.382442630911438,0.134132190643809,0.11035122443805,0.144991144473722,0.409583194373306,0.239926619724325,0.0311972773377378,0.248366053278084,0.305407572877485
"27",0.271566081724797,0.388183250721727,0.471551057462347,0.345214415235393,0.588680124117029,0.467009289579451,0.556205464240565,0.423606354259823,0.277723685561849,0.481765878790602,0.487805112600446,0.585824485535917,0.526172904010867,0.557975808164784,0.603616645676005,0.394262820025541,0.701201769372965,0.675118504007936,0.674782823186587,0.668753486734735,0.677275959684245,0.640668628200023,0.592879694085867,0.398989795104115,0.488082992916297,0.269694632306913,1,0.64947120367174,0.371940214374119,0.633843086480399,0.677444513670635,0.623961631044697,0.538594344330704,0.562927726553681,0.510469222520888,0.17390860882968,0.108578119772737,0.166298352623015,0.443526949698769,0.41714071888299,0.658945763980538,0.539389325336524,0.277647662391885,0.650796929216802,0.485892502588731,0.58355410282629,0.353381633872052,0.112526195784167,0.444129675675618,0.686830147045803,0.602314080625116,0.111662469585958,0.0910926573130649,0.419708764399117,0.542243541055411,0.267892738304873,0.657239404045902,0.660994466293596,0.571309797088364,0.561948842783229,0.644823620344318,0.5561498844165,0.698096040956872,0.637919517299465,0.668776464998732,0.36708438430211,0.319718752481761,0.703900249785766,0.154535888762802,0.571167511463489,0.505436155097018,0.525822417233475,0.426001386854138,0.421111655943086,0.567261015580942,0.327718742486042,0.168177591265013,0.322305402664011,0.195300158218517,0.460314653827567,0.578403070030171,0.54517293801558
