"","1","2","3","4","5","6","7","8","9","10","11","12","13","14","15","16","17","18","19","20","21","22","23","24","25","26","27","28","29","30","31","32","33","34","35","36","37","38","39","40","41","42","43","44","45","46","47","48","49","50","51","52","53","54","55","56","57","58","59","60","61","62","63","64","65","66","67","68","69","70","71","72","73","74","75","76","77","78","79","80","81","82"
"1",1,0.161124576053805,0.147393132552271,0.077883354216106,0.347362585719551,0.307042306626675,0.244754609130354,0.243921127152902,0.191330396306098,0.330265806040675,0.245161044977772,0.294713680921411,0.252938312300275,0.385836717577237,0.14260550691953,0.139895017063147,0.343037787558704,0.385866680294987,0.279880275443236,0.192485724694081,0.259212888686285,0.366167849365339,0.360103069372411,0.240595935717985,0.261545246146321,0.146664581807541,0.365862238640052,0.349985940142592,0.434336855516196,0.364012414941048,0.295561413529069,0.404545652429571,0.349252379711668,0.304326228010797,0.21416167931172,0.0184747103248459,0.202436403625212,0.160872747422554,0.202063782684329,0.12594659701765,0.18904874762233,0.184868735133038,0.223952024873416,0.355943910001323,0.230310430279195,0.315410263864466,0.385042254954127,0.188576492168516,0.172352692504254,0.319520477097579,0.418260157330023,0.129782320271151,0.29574581728876,0.219233652028462,0.164446707574844,0.248905541987708,0.342326506046948,0.361024666886034,0.447536193712144,0.379092085929702,0.297962008327783,0.350554036617078,0.296165826751018,0.174672858689292,0.285440724411261,0.173331616212122,0.318151843447264,0.39420232801051,0.459332214430954,0.303398826105492,0.318544020495283,0.228906477560858,0.105244500371138,0.130570802262573,0.134508596223415,0.166264353942742,0.111269437278205,0.196918964076998,0.298100540253038,0.0682837548062051,0.265266348948255,0.274933553659922
"2",0.161124576053805,1,0.183485751651716,0.307959954115612,0.285612772669913,0.320323994821252,0.233511958683654,0.0251047214026837,0.180988285391865,0.253661135098744,0.38400126250838,0.498521213409546,0.183431240222514,0.244169200179701,0.0138582311434641,0.202244131310229,0.511033030022659,0.449000361297761,0.543616229735324,0.539569373543255,0.486134467167499,0.426600318849727,0.508752399155315,0.079147316133404,0.185915472203385,0.296629156311569,0.383915448615507,0.508543069696257,0.40561104400183,0.507035052995909,0.534559837469213,0.38551159924092,0.369606984729563,0.401923913474341,0.430996848321805,0.214355052682164,0.0519324760661657,0.475351165450762,0.116971233583215,0.286994730679087,0.476907874034692,0.0976759151624089,0.048837593846495,0.395058949905495,0.342006583189466,0.403080069630842,0.302657409442054,0.0270951208494498,0.170148042957352,0.520336858238646,0.380926088645386,0.0237158087114992,0.0769544285809409,0.450913419754312,0.435214513086179,0.451886831194657,0.338443876632947,0.439488969452517,0.362759730084373,0.460986157951531,0.494315216652507,0.369640690052761,0.503558803367749,0.466441895176571,0.476911989714333,0.430616076499358,0.384886699488698,0.316737419194082,0.142674265843507,0.476819281609102,0.37322806007149,0.339184580536104,0.371976026086645,0.166645886493512,0.188602207671588,0.367197577710328,0.505341123566273,0.465186586901541,0.297976314266268,0.0261893471878774,0.393980525267886,0.304029119111767
"3",0.147393132552271,0.183485751651716,1,0.315427728322576,0.0351599224527869,0.087271270845157,0.0579907706096431,0.0649419237464122,0.167973370506055,0.0899309433047126,0.151248062529962,0.169790965247547,0.178706479797675,0.0756263281398318,0.0071958185408622,0.106782041076627,0.224106475545666,0.264163090084966,0.253774973493647,0.195521822458035,0.175141914625119,0.0276435139554372,0.16166335583561,0.0685204581761675,0.193068416688885,0.0733893890532829,0.0204489897025764,0.153809184693173,0.152707407604349,0.130424355625697,0.183535388413799,0.235454473416936,0.00950251235550872,0.324599845964089,0.0155054822307006,0.0485304194014389,0.24914102568194,0.225802679441643,0.34051316190158,0.35463289094308,0.0689848040068517,0.352439105265235,0.0272422371913354,0.0239129221439785,0.115347988989101,0.164009864470698,0.0463556982758099,0.0775805942338242,0.0584959487583887,0.188166939807729,0.0263075103266151,0.0427946106934631,0.213065590618047,0.0732915368778604,0.0143711479080481,0.192366419464235,0.030597316106754,0.209447555251239,0.226421403370818,0.21534845890391,0.0319667358038867,0.110119491499821,0.178148271707849,0.0865073725533993,0.177979625904602,0.162622561313232,0.191058061038949,0.0782487985231725,0.0691055541706189,0.0897497065124684,0.226219677310115,0.176756938506551,0.111168707520487,0.198816311555122,0.147334149388161,0.0639080468684522,0.191342648468976,0.189937317405668,0.0235348990110523,0.0949934841152618,0.00608777848967277,0.0513992247586733
"4",0.077883354216106,0.307959954115612,0.315427728322576,1,0.0351721326175964,0.18517213428403,0.123080068999873,0.140162765666777,0.328076575955347,0.0118626905342157,0.341316972131322,0.480124921063967,0.140996095205661,0.0788067145305261,0.0705843501934183,0.0142265396541102,0.393975475771414,0.393486011592535,0.462482432709352,0.494913379050164,0.475073815720585,0.254097760710466,0.429702228895513,0.205537479169861,0.232914482685844,0.388783540323281,0.254407340712094,0.38216226261901,0.224414516701495,0.364605629454531,0.48541669528607,0.290619883596825,0.210314827252846,0.166878969743774,0.272578281421195,0.159705860969824,0.173334800393859,0.583519628019519,0.0513384380527799,0.177004561722936,0.344928748067564,0.0622772154030585,0.371427058365097,0.153319297147423,0.152224598948315,0.317593973282748,0.00681053839983206,0.140323024082032,0.0527345507770023,0.374218796016308,0.20034292228063,0.0362206806971178,0.431546005915971,0.31596111683303,0.342697849017383,0.510894759416893,0.181678236910827,0.261487461397458,0.256716499656654,0.273906429322056,0.316098025977219,0.250030396184136,0.430458673101821,0.360208456074792,0.502290876289062,0.344895851235471,0.238568382690482,0.0938906712812582,0.266068991705817,0.307485925996402,0.314671478815001,0.370448072073804,0.34603150126791,0.147218080619974,0.208838459709646,0.342566836642762,0.515863351665575,0.458926136531146,0.185019847697502,0.030587800317651,0.279707440637774,0.216061153470884
"5",0.347362585719551,0.285612772669913,0.0351599224527869,0.0351721326175964,1,0.50264907408431,0.420091819980541,0.240401485506068,0.282627632589915,0.537201190169431,0.415134389270013,0.475431535038195,0.467606501092057,0.502260640707615,0.222336511817791,0.404713636846283,0.552415734937302,0.539877420474895,0.442931084475381,0.476013365612696,0.485094721226169,0.583359502518422,0.559781844739584,0.277342397253831,0.317454601137348,0.200734577021193,0.535598330659484,0.571042893749353,0.548542057139878,0.587727025672133,0.543024883545878,0.540926634554119,0.567784353626541,0.33525728830183,0.521579111254928,0.00700093830842615,0.288481190764032,0.347787126785889,0.0126888540952045,0.294550673808354,0.490202002833517,0.214144839651402,0.184689380331213,0.575504051554838,0.512704573163055,0.426073213538572,0.466813501396427,0.134365784122923,0.299708132644709,0.616136267919606,0.567501939465228,0.298036407540897,0.325193942617082,0.40197145444758,0.470542817919691,0.466573718081508,0.491405019974753,0.553600770152523,0.545958276525642,0.556375754711676,0.574259200801389,0.599474679888336,0.503528957069874,0.490336484894091,0.464079208134402,0.47430334281881,0.459539097166908,0.485906221083056,0.514454911494385,0.484585424222404,0.321117957378626,0.446632935920061,0.319221252558991,0.113136697394712,0.241032261863444,0.268221173172159,0.30555850234721,0.356695219041404,0.45095332756362,0.0363875223833177,0.513435950944644,0.46530736881516
"6",0.307042306626675,0.320323994821252,0.087271270845157,0.18517213428403,0.50264907408431,1,0.456219266680907,0.21459127001882,0.381193663587337,0.595791415256745,0.452484139828675,0.584611718766555,0.533429802501433,0.618416640386566,0.363501738897257,0.416716778787855,0.614719679971682,0.635893962648466,0.495134090942539,0.52723511705507,0.587376671066804,0.684747366564335,0.693131122777723,0.34175938793869,0.430289913630654,0.347688917801419,0.650171329053119,0.659612816987769,0.675542113577808,0.644685580499603,0.582424173499338,0.644553048668717,0.703060624543939,0.308700500096215,0.519048718305794,0.030170384082838,0.401786900183326,0.49440988894858,0.0857671506823541,0.315680908732178,0.580370728149195,0.377973399647774,0.226851409911492,0.678711737603883,0.585374329074331,0.555408637950657,0.58672511296888,0.184901941470451,0.47807017521453,0.72282770887219,0.694441893411427,0.215791281027472,0.421808761308288,0.456958912199746,0.55415767264231,0.57641830329597,0.61717605413011,0.621441517200481,0.597725700427595,0.640153278091542,0.656833750883492,0.649724324835522,0.596755100455273,0.608665419718154,0.556043671606674,0.420447821172054,0.524500044273604,0.59442134946285,0.481690776723464,0.626760931039514,0.44513185310198,0.53405394549735,0.32945717896141,0.346608996198808,0.457249793023415,0.366373489246951,0.253257434819746,0.360180591698461,0.531956016629447,0.123644945472007,0.592061331267125,0.508756338740393
"7",0.244754609130354,0.233511958683654,0.0579907706096431,0.123080068999873,0.420091819980541,0.456219266680907,1,0.284029573370516,0.396896984848407,0.491835073844894,0.54595838614907,0.551246362188847,0.421084046380074,0.565000203809397,0.22766322632494,0.353402154350035,0.586661664599069,0.597672806551662,0.486277395751175,0.547711698690738,0.513352056076147,0.630365148362542,0.598387363387565,0.283409559320008,0.418736627939174,0.41767719067824,0.630036829873345,0.613508680807181,0.574504141316163,0.587204142520083,0.565124855346578,0.558765262150768,0.60091386689086,0.266573211929954,0.535313540036477,0.00192866636187607,0.333681944326525,0.449600732305517,0.0490373223614621,0.066552048275252,0.512859931548503,0.311517399582607,0.00816106276826955,0.576638859163422,0.590453149753271,0.486789141192959,0.456464393480504,0.176939444585963,0.215613202778214,0.566531061990994,0.621454571653334,0.228724952870827,0.236605414691199,0.433642435392234,0.530723895292552,0.535479927745746,0.588530921388134,0.530675598586841,0.555031309395425,0.558327636819329,0.611514784039073,0.624632688576263,0.579486583250046,0.50954444022311,0.528519315585566,0.465448960463382,0.514576139313735,0.504408131644425,0.406011624522022,0.543215889562335,0.369446446738482,0.476421760668656,0.347647550493781,0.205899829960506,0.118850637858222,0.409415981895617,0.292427789173019,0.447095020336253,0.544227823394512,0.0546228969969027,0.632045045933116,0.578594682500855
"8",0.243921127152902,0.0251047214026837,0.0649419237464122,0.140162765666777,0.240401485506068,0.21459127001882,0.284029573370516,1,0.190134751345833,0.257282592396009,0.230888729298944,0.220715733712922,0.352936501623709,0.413549693612529,0.286308534122684,0.0931650720717364,0.292317660466195,0.364033835787783,0.195758000930834,0.107802327803742,0.214224137397745,0.299917887908343,0.273020993233357,0.374886685535695,0.353696928168657,0.238218962846537,0.261235128410144,0.278870923953201,0.362199543865671,0.287079330737317,0.180032123809421,0.331780984588938,0.346516081785374,0.191909984806037,0.158531256765791,0.219987789611408,0.101853531973321,0.0563226064120973,0.0677757615009291,0.0640997031028715,0.0922928769068972,0.210285662158084,0.188491752846116,0.344320428498127,0.273088094424205,0.288638776227705,0.319897101472828,0.0937666204204683,0.00527609905327258,0.26072643245833,0.393424192406728,0.208774769370293,0.310685228743513,0.209091722417434,0.0452215951115968,0.18015740363381,0.376704192691324,0.348077391169562,0.409713766359979,0.242983528886749,0.201247724832928,0.381916170745014,0.284058743260413,0.11213717105306,0.183226939899993,0.19545084173442,0.331046307935445,0.340569493828501,0.363224101389406,0.205951460710427,0.225304096887698,0.200759332828447,0.0388061292699564,0.318856389867502,0.0332123453080729,0.124927889340545,0.0229984262994371,0.179436191118945,0.268148476932252,0.0641249001534321,0.315095734701305,0.347340306220555
"9",0.191330396306098,0.180988285391865,0.167973370506055,0.328076575955347,0.282627632589915,0.381193663587337,0.396896984848407,0.190134751345833,1,0.34919648167599,0.441059615706374,0.460086212023976,0.453514709024908,0.406197708549633,0.305967056629742,0.154875780287228,0.476108770768221,0.557555782029344,0.4065153396606,0.46478316274547,0.518713911814977,0.459949275754672,0.500647177833868,0.247066713857832,0.506832087946183,0.311404901522474,0.391509219203068,0.513057232062758,0.508710027430841,0.44161371846197,0.462914753401384,0.508708785584253,0.431003196887241,0.224781479087304,0.337918349900316,0.0132848907974986,0.0834666958709789,0.466586904393214,0.0518791717904905,0.173320368009582,0.403469966455883,0.0960235628571268,0.0519503656863849,0.41509617140409,0.381358511435615,0.407850487071349,0.232728531180406,0.198396752741612,0.112720554358339,0.434837620349829,0.455434459862864,0.180772542638646,0.0575690815067967,0.261781386554671,0.333652508758307,0.507641204537629,0.488499612305255,0.456662304919555,0.509635938463676,0.474471033451543,0.415580743435175,0.527383831373333,0.508272143699521,0.397555109613146,0.502927926711494,0.292473664181876,0.446948665254582,0.366103288547208,0.213481242717984,0.403399639790764,0.368247893513981,0.441100907223894,0.327068571694255,0.162921730075174,0.227774740845722,0.329168768447161,0.199084550809818,0.35585134991417,0.341804034971472,0.0741580388813921,0.47414209681143,0.513508828110937
"10",0.330265806040675,0.253661135098744,0.0899309433047126,0.0118626905342157,0.537201190169431,0.595791415256745,0.491835073844894,0.257282592396009,0.34919648167599,1,0.465745754282516,0.493511452353643,0.487541422738312,0.591096257845843,0.330049966137683,0.532480417975645,0.58763947485024,0.568814835605638,0.413246018614077,0.444617277816103,0.503371047930789,0.665605573427489,0.633724077713927,0.374586728816585,0.327192470695817,0.232453457145541,0.681459882173862,0.610778266762541,0.617145076669431,0.640432177090072,0.541379465910558,0.613158323022357,0.70721686072119,0.260537114719382,0.590734244197319,0.0972389077724835,0.445557275430487,0.320545048132131,0.044024664805514,0.225388096627277,0.546132890851291,0.392205479830295,0.319429933957015,0.649829945540886,0.620429434954582,0.476645368799605,0.562831482509053,0.14048454715707,0.316019555066051,0.639855694525548,0.630552734072903,0.257706307070403,0.425013153903825,0.445065808511513,0.540540599929077,0.50430597232778,0.579833357661258,0.616467714331157,0.542275882204515,0.635805937428067,0.656447918584803,0.664138210764022,0.516260187752223,0.559745403534079,0.463667776484581,0.464833906593176,0.447910706060941,0.580728428202015,0.639638814935518,0.486542155737733,0.33950486591363,0.441936369274072,0.303871074911396,0.197128240885178,0.346972536971246,0.282951718803787,0.16763726952092,0.342466601782998,0.56080499638576,0.049261136032287,0.55920118348395,0.459961063785655
"11",0.245161044977772,0.38400126250838,0.151248062529962,0.341316972131322,0.415134389270013,0.452484139828675,0.54595838614907,0.230888729298944,0.441059615706374,0.465745754282516,1,0.700113500137397,0.53867247790096,0.548395849616639,0.142365645009871,0.329609342511425,0.796952794426146,0.783251483601352,0.66528003737491,0.732947012703956,0.703117687573094,0.729420108729712,0.726753428659711,0.184905394284956,0.528127444504946,0.528214482154923,0.644149531847288,0.701847278820324,0.691374131768638,0.716649821015936,0.775359243515943,0.723045190740253,0.640732776793708,0.498286088322366,0.628734883629115,0.0898815997952923,0.0434987885639096,0.653454198917524,0.0236086452886647,0.213935686699995,0.593319213610482,0.0860703774281297,0.126708433962479,0.621893068270971,0.572169514264003,0.52310644996804,0.380591936405487,0.00287249228835501,0.102136013030842,0.674044467841808,0.617002445168846,0.340143713882825,0.0237430011858169,0.585156157805663,0.658172002396049,0.704271662954345,0.63559054494746,0.697155657217686,0.68999551573639,0.71746854444639,0.737681301605492,0.765329122574465,0.727123148536303,0.569090149823937,0.724857833550279,0.669265867099392,0.609961762755023,0.579569551558755,0.267269752469297,0.555093641662212,0.486843479772866,0.597269551879472,0.593631728931238,0.087939849896091,0.195742009328328,0.339207473188857,0.544923468396237,0.687006754433348,0.501949033173542,0.067513335243345,0.699441643357295,0.689033414776575
"12",0.294713680921411,0.498521213409546,0.169790965247547,0.480124921063967,0.475431535038195,0.584611718766555,0.551246362188847,0.220715733712922,0.460086212023976,0.493511452353643,0.700113500137397,1,0.465597302395941,0.597638922799719,0.233848719061596,0.354804322485311,0.804371187945443,0.781636527666887,0.788163057053529,0.820731981743411,0.750068523914597,0.784194507825466,0.852645489143459,0.102936444101704,0.510446205169701,0.576569358897049,0.716739793526088,0.848410811102066,0.748040557650123,0.80142761213834,0.843883570608893,0.730817334609154,0.727915529527211,0.417372376552208,0.646509530038195,0.065341752352107,0.24376662843843,0.735065716991627,0.115615181917118,0.28100327381659,0.770837115859383,0.268453137722917,0.0237753107298294,0.686409582293252,0.658927277557418,0.705576388347042,0.495175135345555,0.123469779782329,0.297791302184747,0.802768284837607,0.754635348778018,0.133248395516529,0.0747290127704867,0.70935095414209,0.709283343181903,0.775950381697374,0.695096727811661,0.687542778018138,0.717900193292539,0.750869087683696,0.801397545339233,0.751971725926413,0.829900225795428,0.738945212177025,0.817019246588916,0.648532778824907,0.660224622159909,0.606679705183022,0.30383715768558,0.754121446015635,0.626786057854795,0.593542231641365,0.545424818633263,0.0592580304260964,0.370637133043029,0.540676764535991,0.589512311826211,0.681770138297191,0.612758344494588,0.0247367241973032,0.733378552611279,0.646201550980308
"13",0.252938312300275,0.183431240222514,0.178706479797675,0.140996095205661,0.467606501092057,0.533429802501433,0.421084046380074,0.352936501623709,0.453514709024908,0.487541422738312,0.53867247790096,0.465597302395941,1,0.559917540569087,0.40013473640135,0.308164829566636,0.580031411273452,0.682664011454981,0.403887867340025,0.448815537073375,0.56825958491226,0.592332320274559,0.579501255176368,0.494915150827993,0.519687814850592,0.353745858660713,0.550895262340668,0.57714053597401,0.615731847736252,0.564046413134476,0.553416710516473,0.649204230660336,0.590086868617361,0.419429435563479,0.435402673543294,0.173860724395355,0.138635299029107,0.436121289610201,0.030796215060665,0.212082951962458,0.394205148979776,0.121863683133329,0.136464506483809,0.571819722547446,0.442871522888677,0.451013769479579,0.351274582625969,0.093004561254819,0.23136008252472,0.622873185894684,0.566401650418192,0.402789809843637,0.249335679553848,0.341027902511403,0.374816959962371,0.545610549995165,0.574965159224197,0.639511225805286,0.593184700261134,0.577295520255463,0.509872583075051,0.684539907895159,0.559758331822756,0.463521086206603,0.52107513193008,0.429340823641582,0.554688922111298,0.500290882157868,0.377155209934615,0.479528856763132,0.325231366810072,0.564379718448607,0.381038701337519,0.275813749391862,0.257282059401245,0.25450087656646,0.179739594482947,0.413178278459413,0.464669047727375,0.0649329399353922,0.595037279017354,0.622245341750759
"14",0.385836717577237,0.244169200179701,0.0756263281398318,0.0788067145305261,0.502260640707615,0.618416640386566,0.565000203809397,0.413549693612529,0.406197708549633,0.591096257845843,0.548395849616639,0.597638922799719,0.559917540569087,1,0.354615314604446,0.460992194134329,0.625449864266298,0.671161844187996,0.509007609983832,0.523949432352669,0.609595383966966,0.720911220352722,0.690412524580899,0.412442753322617,0.549366085918666,0.432310805390879,0.681436495521106,0.667115681945266,0.749668689043588,0.661316196952819,0.59588672870889,0.644707465148959,0.757760069046896,0.310287504468607,0.525218101145749,0.0607596728248362,0.379739294333126,0.460179599266985,0.0160239196703862,0.136649903920442,0.536869034523685,0.457753914812003,0.201392589026799,0.719804304965217,0.635605116821294,0.564091751419285,0.576320418656052,0.190756963818712,0.378567217433072,0.674423545114304,0.761705712632497,0.266272337965956,0.465054373552382,0.475036367318045,0.521702443104497,0.578922843952527,0.722516320328497,0.613369067430717,0.676896745645746,0.643882114754185,0.675226765799843,0.718076310855574,0.640852349883408,0.543839737298392,0.605073811487107,0.472442223509886,0.545490787048071,0.629266078833185,0.550727070399763,0.559870376483055,0.451344655114171,0.492702499608947,0.336716563687283,0.382111921903705,0.253911447147682,0.407833841411035,0.255352298395044,0.423524856817559,0.59670214647173,0.0604602735038409,0.670123801043224,0.624575002258857
"15",0.14260550691953,0.0138582311434641,0.0071958185408622,0.0705843501934183,0.222336511817791,0.363501738897257,0.22766322632494,0.286308534122684,0.305967056629742,0.330049966137683,0.142365645009871,0.233848719061596,0.40013473640135,0.354615314604446,1,0.194097844152774,0.226391253088273,0.325666097389926,0.137181900537444,0.176612406494828,0.2600884120687,0.313326142769926,0.279831947221411,0.380560751960079,0.324268685002435,0.0474366511672124,0.324683700392941,0.310170486785988,0.363481950424716,0.276022848573998,0.175311258254736,0.370721459322262,0.332084881608205,0.123303631013189,0.165929197622209,0.194415377301216,0.280221553052272,0.0701940935563845,0.0829167642586103,0.0925437141766986,0.186723612808672,0.173154928194781,0.2510770530409,0.316710097559008,0.26827728116461,0.252861986302205,0.237046111221411,0.19288001331314,0.173329503241643,0.289544571756426,0.341058367405046,0.105500828238174,0.370610576937891,0.140565920054025,0.121039455669605,0.212960256824501,0.367193646503429,0.309486521641939,0.328010320143229,0.327152311770037,0.218957298435865,0.366618227746588,0.233140020813907,0.245237061857274,0.191826169023761,0.107822855349636,0.252139588145936,0.279847719465869,0.382049969143007,0.248031678437845,0.199408714518714,0.242514118562576,0.0791013713290077,0.324151704099297,0.256509641337709,0.115142743305987,0.144749983262926,0.0511664135442241,0.305051769645773,0.0242107436284142,0.287060202847101,0.34893308667741
"16",0.139895017063147,0.202244131310229,0.106782041076627,0.0142265396541102,0.404713636846283,0.416716778787855,0.353402154350035,0.0931650720717364,0.154875780287228,0.532480417975645,0.329609342511425,0.354804322485311,0.308164829566636,0.460992194134329,0.194097844152774,1,0.413727858854527,0.377077643999659,0.288682046699761,0.368262407566949,0.33770559523473,0.489040154980227,0.450923271398618,0.312498251661031,0.151563190193777,0.205415206705482,0.500932647645506,0.425703448913131,0.439922550684863,0.423769184251578,0.419981729169928,0.350906019810041,0.544193901478442,0.121810995457514,0.51018238395076,0.0492374677079523,0.389205718916177,0.23085334037784,0.220230689275666,0.107383619901198,0.424176882569527,0.377127116086316,0.233244937123909,0.500340598925702,0.512369577102098,0.309581977710876,0.393660647416712,0.0681393500662774,0.342018981327469,0.483088469715049,0.466224413665402,0.272062387388853,0.346331550705651,0.35317687679381,0.500554506706911,0.341372078228431,0.444415787565209,0.386485858584163,0.311172142153292,0.427461663265918,0.553749651473918,0.478157095933406,0.372414833390808,0.466769479197659,0.349124549230663,0.380802709799285,0.295835355916428,0.436984435839884,0.440446010624647,0.354703630693355,0.128922682644571,0.297093036770717,0.265969400128161,0.231545716223498,0.199141883986723,0.155596624221304,0.145150800357907,0.202810440930118,0.370793930786768,0.139426486764627,0.44767107817557,0.294242504784125
"17",0.343037787558704,0.511033030022659,0.224106475545666,0.393975475771414,0.552415734937302,0.614719679971682,0.586661664599069,0.292317660466195,0.476108770768221,0.58763947485024,0.796952794426146,0.804371187945443,0.580031411273452,0.625449864266298,0.226391253088273,0.413727858854527,1,0.907940748029481,0.856834678604374,0.817626891393554,0.808778607586296,0.831663158162545,0.895592960293511,0.196304758796695,0.54898816036408,0.591116363670717,0.731041758008882,0.856228529449585,0.819560784636015,0.886509623248,0.889162863507548,0.832880861072896,0.806780082395599,0.571378835930606,0.7856869147961,0.0767932667962589,0.146617443065016,0.695328493465141,0.0466412643859613,0.443523725261823,0.7191521556385,0.21467453579194,0.0284445349525295,0.753938679837725,0.705145856572538,0.746696927687923,0.548026070645998,0.083644538620633,0.212752908785583,0.874552141834028,0.77932105649013,0.28514812815096,0.051715101950727,0.701240520869781,0.759091586460542,0.811812780845974,0.716547715364997,0.852087486662567,0.776198771025338,0.816484737531121,0.863274504048473,0.864740054956697,0.884428431723402,0.743318423038505,0.809220772992037,0.775748607995694,0.744670398859116,0.688564937733565,0.393353197375078,0.759243080476939,0.604290497932792,0.724077681384545,0.57119025842617,0.0310496134394796,0.28046220512347,0.520935888094387,0.606434387182793,0.7662339791415,0.614415441160641,0.0194322120402232,0.793981584183689,0.72692064269845
"18",0.385866680294987,0.449000361297761,0.264163090084966,0.393486011592535,0.539877420474895,0.635893962648466,0.597672806551662,0.364033835787783,0.557555782029344,0.568814835605638,0.783251483601352,0.781636527666887,0.682664011454981,0.671161844187996,0.325666097389926,0.377077643999659,0.907940748029481,1,0.799692765342851,0.784901826882206,0.831600661322974,0.826255224191173,0.876509398454193,0.330473542632491,0.652874652450615,0.611431937597371,0.724839626519976,0.852180824622991,0.844230653342394,0.854503747132983,0.854419445669659,0.860556698426971,0.787180918596297,0.583079937971442,0.708947938447181,0.00850073358821776,0.118625938166464,0.709384069826272,0.117895998341803,0.367281894372091,0.663207999576034,0.185542299224534,0.00756476529087679,0.75720499473009,0.65556813298575,0.713875706069831,0.535112809601311,0.115631632414455,0.204999822294564,0.846769061068905,0.794953679489458,0.36553672966848,0.0959218846263003,0.631643806767478,0.677173455635658,0.806094418261708,0.756022136602992,0.856233720152064,0.843782120961526,0.816662344265763,0.790412354181743,0.877737562182332,0.863832662944778,0.67869746180876,0.817555898451696,0.712115291280583,0.774598735306759,0.662441563917774,0.413250305209234,0.732560257976147,0.620072305952331,0.733794859006085,0.553777983037163,0.147028059845795,0.276356726557939,0.498489962012656,0.536101615235669,0.735680349798359,0.617915680434745,0.0557315470438868,0.806174839676308,0.773914905301277
"19",0.279880275443236,0.543616229735324,0.253774973493647,0.462482432709352,0.442931084475381,0.495134090942539,0.486277395751175,0.195758000930834,0.4065153396606,0.413246018614077,0.66528003737491,0.788163057053529,0.403887867340025,0.509007609983832,0.137181900537444,0.288682046699761,0.856834678604374,0.799692765342851,1,0.795791967258619,0.746737154611609,0.715906544320016,0.833416040400687,0.00423744802451285,0.469657842221847,0.588410900095091,0.607896335878692,0.817332398068036,0.710100377682162,0.806255253208519,0.835335534830852,0.716468548224343,0.678958435883965,0.494331571457272,0.705853259937646,0.130544589993292,0.071521147687544,0.706430777451335,0.125541536034326,0.434953810708915,0.717418933335974,0.204398645136421,0.0739337115842138,0.643241845146554,0.603381306979112,0.764294009977832,0.468854873310199,0.0868632812396529,0.176480636660531,0.795527035083135,0.696996375528695,0.107090369184774,0.0760314830199366,0.67165411943071,0.702175475550271,0.771925726152591,0.601918433815159,0.726504874402193,0.666159498010727,0.699038572905874,0.761265960522744,0.708802716193303,0.864111908745702,0.711643886649686,0.794858520781404,0.722644996262247,0.68682573841928,0.530645814516555,0.213793211838379,0.744047326428764,0.663238751150405,0.636314355281814,0.489012264102449,0.018598959738896,0.21157242864678,0.597887897972284,0.658626591174315,0.768171498257225,0.55362359928392,0.0710383613811529,0.697036873284399,0.602244479795934
"20",0.192485724694081,0.539569373543255,0.195521822458035,0.494913379050164,0.476013365612696,0.52723511705507,0.547711698690738,0.107802327803742,0.46478316274547,0.444617277816103,0.732947012703956,0.820731981743411,0.448815537073375,0.523949432352669,0.176612406494828,0.368262407566949,0.817626891393554,0.784901826882206,0.795791967258619,1,0.78713120173147,0.778047174325093,0.804185149204622,0.0535609196591229,0.497508028207632,0.586723076504972,0.685360515458503,0.828777828041241,0.732784752421672,0.778953410256072,0.86663200632873,0.685332820037934,0.67656631782585,0.472908673870899,0.687755798077295,0.204435204507923,0.156261189812631,0.768986829347798,0.0488114578589967,0.287502480281117,0.779218372816966,0.18387623036823,0.164929289100454,0.660607099833177,0.638885244384485,0.63001434412319,0.458868307585841,0.117893530983434,0.246068298742332,0.783558115773379,0.689675938214928,0.212319751951209,0.0434454954060821,0.685324276478854,0.78888524035893,0.791766221444127,0.677071266096244,0.675079907186916,0.666000365031732,0.774643453394697,0.8147358760176,0.733640448788851,0.821780862658817,0.734711959549286,0.828553903840924,0.687883910112707,0.672434906229418,0.58750053962218,0.22970443509178,0.743614826635323,0.569210263459691,0.622159562703622,0.64337407956226,0.0525414340944005,0.335327073196669,0.490839739607172,0.634212559040137,0.747528591614944,0.552943593485953,0.0221944063566027,0.750803035510688,0.669718533538767
"21",0.259212888686285,0.486134467167499,0.175141914625119,0.475073815720585,0.485094721226169,0.587376671066804,0.513352056076147,0.214224137397745,0.518713911814977,0.503371047930789,0.703117687573094,0.750068523914597,0.56825958491226,0.609595383966966,0.2600884120687,0.33770559523473,0.808778607586296,0.831600661322974,0.746737154611609,0.78713120173147,1,0.761821723311638,0.81933197469669,0.205749183962723,0.54847373895075,0.554670120017954,0.653840558462957,0.799439691914915,0.764031968501316,0.785460078603272,0.814608128670076,0.759459400786651,0.711264081156432,0.488114696897477,0.652990620547677,0.0978028051429294,0.15150426296294,0.714313980044158,0.0346781154943747,0.322556211369772,0.665498896105992,0.22307370010925,0.0601601805177729,0.684889500565493,0.623900459279292,0.666182174294928,0.457647666906822,0.121161558411999,0.27846740549219,0.789746454514864,0.727559702319258,0.255758743790224,0.0408558836701974,0.608370112628014,0.686490663963157,0.770364606679692,0.686907178122081,0.719197420744033,0.685801277289496,0.736773784059601,0.762728006746557,0.754067948196051,0.82974875385887,0.693073742133644,0.799578184574241,0.662064057906148,0.691287511747051,0.586641485113191,0.271766836275658,0.717001345682069,0.575432106155755,0.646097349070075,0.536595033728575,0.132012025163127,0.299425791681199,0.530128199445516,0.540609886709713,0.675335469156597,0.57981074252304,0.0307166088595495,0.744597601170598,0.692505595325367
"22",0.366167849365339,0.426600318849727,0.0276435139554372,0.254097760710466,0.583359502518422,0.684747366564335,0.630365148362542,0.299917887908343,0.459949275754672,0.665605573427489,0.729420108729712,0.784194507825466,0.592332320274559,0.720911220352722,0.313326142769926,0.489040154980227,0.831663158162545,0.826255224191173,0.715906544320016,0.778047174325093,0.761821723311638,1,0.857277857675314,0.318193664062097,0.544171213237633,0.558421015182577,0.813552543318609,0.849828682828356,0.844069687199427,0.831759613625468,0.839469101233523,0.793023771992888,0.849287950526193,0.406769308390983,0.754146123840815,0.0214776442000854,0.374900801578563,0.642154011886784,0.0145089307042736,0.249368682734887,0.768715519795233,0.417376820195065,0.0980415831166437,0.827382886007351,0.740887101179235,0.658812395212979,0.624568081495427,0.202259030101421,0.34486154154765,0.823480569348506,0.835765485088124,0.340932894239545,0.305847327744943,0.666963542775092,0.776459371173596,0.750026473321586,0.809637426053699,0.776282258600301,0.749533452372226,0.82669406665904,0.847488902059261,0.848537178378143,0.81743887046087,0.751938058416019,0.778127734192057,0.65410404972744,0.691145493064679,0.724068912815525,0.521325679831326,0.749548426029683,0.54414749401935,0.643936140142796,0.558942564505147,0.183703374818322,0.368903662650121,0.472747131502984,0.48401895930665,0.641029185549438,0.666340524929012,0.00116359358748066,0.820608005884358,0.726983134616291
"23",0.360103069372411,0.508752399155315,0.16166335583561,0.429702228895513,0.559781844739584,0.693131122777723,0.598387363387565,0.273020993233357,0.500647177833868,0.633724077713927,0.726753428659711,0.852645489143459,0.579501255176368,0.690412524580899,0.279831947221411,0.450923271398618,0.895592960293511,0.876509398454193,0.833416040400687,0.804185149204622,0.81933197469669,0.857277857675314,1,0.218754600368443,0.536084972054845,0.574690930895586,0.785194691482891,0.897198163036397,0.843324709524603,0.886212494936033,0.890646293033472,0.834736752482873,0.85189306359685,0.467450786351936,0.769769884278476,0.0440391545860752,0.293939833685601,0.716405327500586,0.0454440889977231,0.379429252106962,0.782014095065018,0.358724870006012,0.0642411603479447,0.791109305028534,0.73985952390791,0.786181879910686,0.584214683739458,0.13430273141371,0.309807595979084,0.901799177785855,0.843205499197977,0.217304959942666,0.1635678320253,0.693558312146138,0.754421760074801,0.820980804144336,0.751319919296744,0.81832910007423,0.757861345593818,0.808385466960108,0.862824886996618,0.8527026916705,0.894077412362848,0.798322488898448,0.836628147019571,0.731815444872327,0.710796597003397,0.676516862647258,0.432916646801214,0.795258789734362,0.613465771580071,0.697463114661499,0.525464097250404,0.15487311469478,0.356780845958131,0.599322739548841,0.570895963276238,0.703390419208271,0.688789572578058,0.0296349731966156,0.789089148622897,0.702190085945879
"24",0.240595935717985,0.079147316133404,0.0685204581761675,0.205537479169861,0.277342397253831,0.34175938793869,0.283409559320008,0.374886685535695,0.247066713857832,0.374586728816585,0.184905394284956,0.102936444101704,0.494915150827993,0.412442753322617,0.380560751960079,0.312498251661031,0.196304758796695,0.330473542632491,0.00423744802451285,0.0535609196591229,0.205749183962723,0.318193664062097,0.218754600368443,1,0.264415235647461,0.0537389763241777,0.360903447588871,0.200330306020679,0.349496538968355,0.2391039446012,0.153027737064412,0.331709529345049,0.396898719948477,0.175754631578033,0.185935404225967,0.2290843228487,0.229721550071061,0.0175777380882087,0.100423305923437,0.00263030178992959,0.0293796611019124,0.200296364387866,0.233177461389236,0.337546712080928,0.242677799478586,0.112859827412828,0.229882648765331,0.122014791202884,0.162561508533276,0.281203230910176,0.338830154061672,0.43860092655863,0.438310379211968,0.020437064173262,0.0153592133689203,0.191247996636089,0.382032428019727,0.378561283485121,0.336181281041478,0.301814012206964,0.176663688404345,0.432171652331567,0.165350619551187,0.125414525089781,0.105977075844706,0.0677702238265785,0.267589257853621,0.346838261552838,0.493420660599897,0.15974392287246,0.0360144822851638,0.261710495587609,0.109423439099247,0.434525366993151,0.117307415219193,0.0432451000288936,0.244651560937756,0.0096244020264558,0.317719959620162,0.0191734485560027,0.346833554107698,0.35721881341675
"25",0.261545246146321,0.185915472203385,0.193068416688885,0.232914482685844,0.317454601137348,0.430289913630654,0.418736627939174,0.353696928168657,0.506832087946183,0.327192470695817,0.528127444504946,0.510446205169701,0.519687814850592,0.549366085918666,0.324268685002435,0.151563190193777,0.54898816036408,0.652874652450615,0.469657842221847,0.497508028207632,0.54847373895075,0.544171213237633,0.536084972054845,0.264415235647461,1,0.401059214421617,0.433739487954698,0.601060237218267,0.628161123686765,0.517158843035632,0.491398696469815,0.613067660212087,0.490687212444675,0.378630401656325,0.345171346136921,0.0595559565680956,0.13470150187553,0.498782913394667,0.210849227078194,0.124729945771139,0.428720545417565,0.11363778490779,0.0588971711405156,0.518858405416722,0.39716189952715,0.438532258173493,0.392833793177085,0.158637734994486,0.170098545983791,0.499433816300575,0.557159576838242,0.166035363706415,0.173805406027373,0.435666434384572,0.398146427677563,0.518157753870419,0.56432989718296,0.525528080367805,0.684325566700491,0.57907958805899,0.462094044906251,0.598570280981959,0.546560094743037,0.408875112773163,0.536441562129445,0.366786509311795,0.524175387800629,0.491000770820175,0.241061681799606,0.469543947042744,0.488301107799466,0.445746703396038,0.252230327775249,0.176163217560477,0.25780790043085,0.36721623202392,0.250282871297356,0.412127762910356,0.401729813853916,0.136606499706199,0.53199290762124,0.542980433405267
"26",0.146664581807541,0.296629156311569,0.0733893890532829,0.388783540323281,0.200734577021193,0.347688917801419,0.41767719067824,0.238218962846537,0.311404901522474,0.232453457145541,0.528214482154923,0.576569358897049,0.353745858660713,0.432310805390879,0.0474366511672124,0.205415206705482,0.591116363670717,0.611431937597371,0.588410900095091,0.586723076504972,0.554670120017954,0.558421015182577,0.574690930895586,0.0537389763241777,0.401059214421617,1,0.451877576349596,0.55331102996155,0.521492512069054,0.519471100570485,0.598210285760242,0.460499975886912,0.534274951883311,0.323681139546519,0.455206730382091,0.0923227642341933,0.0456421310309938,0.58665770925766,0.00790969203192384,0.0859149032771875,0.451541283899978,0.21716378316536,0.23393854281163,0.44493397717542,0.410580839542198,0.444030914832452,0.297889486224917,0.000118626181785741,0.0919038237469048,0.525170278067872,0.530425684153545,0.298213449580704,0.10886015717055,0.481218322706713,0.513389303501682,0.551298087810339,0.550020179163353,0.457885898334162,0.51122928748563,0.439742565902783,0.539224564559821,0.491499786159824,0.609246634002324,0.360903767300954,0.600269976723217,0.473012968486665,0.477106165774472,0.392037856237241,0.0472391527912413,0.478943277575579,0.423908264069749,0.456944775497246,0.466376427103251,0.142732496010232,0.0415176047909258,0.337162216423052,0.51043992139337,0.590694253576557,0.323750647326145,0.14147959964085,0.563359211084685,0.530740840663997
"27",0.365862238640052,0.383915448615507,0.0204489897025764,0.254407340712094,0.535598330659484,0.650171329053119,0.630036829873345,0.261235128410144,0.391509219203068,0.681459882173862,0.644149531847288,0.716739793526088,0.550895262340668,0.681436495521106,0.324683700392941,0.500932647645506,0.731041758008882,0.724839626519976,0.607896335878692,0.685360515458503,0.653840558462957,0.813552543318609,0.785194691482891,0.360903447588871,0.433739487954698,0.451877576349596,1,0.770373870679207,0.748476788291758,0.762992651017849,0.743488791398877,0.723240541645151,0.78275171231507,0.319957672730261,0.657912254571943,0.0150638023676349,0.423897037430981,0.562195167787174,0.03655137157479,0.172791946777438,0.688488204425093,0.374052292786549,0.108835455227795,0.752480309870764,0.680531097854619,0.60225700269899,0.567935353365573,0.164034214647072,0.327953036835422,0.765662699670914,0.766364952258257,0.303364801469702,0.323740906497558,0.574768082722191,0.68320540561554,0.685968847934871,0.742260557733304,0.725736273190031,0.660407949066817,0.755787073330184,0.777437168145683,0.767173724293075,0.696481099742476,0.67799928614516,0.675253849454124,0.584429711530278,0.590632050218429,0.650500769655037,0.566509055104297,0.676920925586921,0.450856953769866,0.60293725623126,0.498425983668594,0.16166779481392,0.348847787217445,0.396388726416369,0.371281015865963,0.550195914356292,0.675526985023469,0.0167829665682653,0.726244651197843,0.650843061287987
