"","1","2","3","4","5","6","7","8","9","10","11","12","13","14","15","16","17","18","19","20","21","22","23","24","25","26","27","28","29","30","31","32","33","34","35","36","37","38","39","40","41","42","43","44","45","46","47","48","49","50","51","52","53","54","55","56","57","58","59","60","61","62","63","64","65","66","67","68","69","70","71","72","73","74","75","76","77","78","79","80","81","82"
"1",1,0.168200271779789,0.165047890617634,0.04429122059503,0.25131432811749,0.0725714266561476,0.118530292462161,0.108242035493928,0.289932613153494,0.156395490509763,0.0396154493105008,0.124551322241713,0.0472830688744706,0.12434820908017,0.198264709671649,0.0887909853602618,0.0348891967400359,0.169055877109037,0.115706208817855,0.0158896150998823,0.126076953570792,0.176214953394909,0.0492850970482461,0.0871498997013805,0.0194849489255277,0.0296532596424991,0.148783114348533,0.00850087956896219,0.0258751087181592,0.031176972230146,0.113820196670423,0.123084257506187,0.0715041793165408,0.19929913785804,0.0225883611501331,0.0163367524308913,0.243469221887481,0.0565220588169152,0.171073306874962,0.0361023531355703,0.0989451160419176,0.283220990088659,0.021544602129505,0.169992259304459,0.0830780505321008,0.0333007592264101,0.0367494844667451,0.161899993235127,0.0574497371170691,0.0770682504801798,0.106664163420619,0.0269613587204298,0.191329521798956,0.126688578848439,0.0389770658791276,0.0773350550908583,0.20497831717258,0.142103727873928,0.0321890545625406,0.0517054552044638,0.107605816732604,0.0560987855642064,0.0741525002913353,0.0258723952620145,0.13890220051863,0.0528403145663445,0.0444985837512054,0.1382744601433,0.0683539716184567,0.0853902937027692,0.13855865307038,0.0940334953998519,0.216187045008156,0.159341390342565,0.136435947630925,0.00825942199686255,0.126072102607593,0.0162611545627652,0.0321026711256277,0.0474812219843135,0.22624638013427,0.0245823221500625
"2",0.168200271779789,1,0.699580738174015,0.218545862276422,0.434871265433087,0.260882990703253,0.676438027632429,0.275018173857335,0.661299726153846,0.512997506948082,0.462471061178441,0.688034675026832,0.502880648134056,0.588714244078167,0.724355678564483,0.0626693861557098,0.601528016989419,0.0781725723374075,0.642577151144563,0.561316547272289,0.619995533684751,0.679921940718715,0.552299504378256,0.424777523776392,0.387116591603209,0.155221267184429,0.677566966440713,0.458624065551451,0.65893118505669,0.557520842423745,0.271347923352962,0.362434187662909,0.622546333632858,0.034665229950872,0.17664981827637,0.0782710892216733,0.57093201970454,0.576490103725571,0.46696172409353,0.51940934582497,0.541597837690399,0.594128728076302,0.414701555873936,0.625052025893558,0.55647978988653,0.531575320563444,0.127889942245512,0.450341340901089,0.272887460768371,0.664894855937886,0.62949439826804,0.271281183510409,0.674293119681069,0.547779542719871,0.234608058649505,0.44160889747683,0.249520805062724,0.0167061608581316,0.334060074918436,0.624522165999264,0.408346282993268,0.608765686003223,0.641971366399296,0.525908093305395,0.0493085019943404,0.33323566463215,0.44082555175926,0.122543851948779,0.510633740737055,0.15130253639734,0.322070422542655,0.535459859257411,0.385063180387611,0.425683409396205,0.203535322831812,0.123705993868425,0.37238562228664,0.469282376496257,0.526011798415144,0.144469606163674,0.672597492004704,0.268960084438034
"3",0.165047890617634,0.699580738174015,1,0.201514659699724,0.408720151231034,0.388134102073844,0.746272622298012,0.36770390204382,0.740902336620621,0.620668436223174,0.567328044896602,0.790042818108118,0.658472593778377,0.688803067008558,0.774648732117264,0.111686520808848,0.718683305897829,0.215287631895921,0.755972858126173,0.572795230562442,0.793484277879589,0.823020869772123,0.646331186816296,0.493607247720592,0.51315061978534,0.206274811399877,0.749973224055385,0.66892784641466,0.79675118802066,0.698736225075855,0.305813003881804,0.506542879083504,0.786938863245521,0.172339670895459,0.280359103156474,0.0163942721620209,0.67206928939577,0.690048350338553,0.524213255812671,0.622483746334069,0.61512001398659,0.724886214581328,0.584065393623174,0.824550908568418,0.666407115397047,0.685562921410998,0.0397898054223937,0.411759716361183,0.181224505132067,0.770985435382833,0.729570944889441,0.476751032704159,0.792405791990603,0.632792801282426,0.467845738801542,0.578846881877444,0.256032631823091,0.156942479250578,0.4890831203877,0.756969407306605,0.622718841545439,0.76038157774349,0.755091128769958,0.593988871610595,0.184157413617851,0.44236550321571,0.578288580859088,0.177797042049584,0.477861671101169,0.294917520793176,0.371466943844537,0.621334785903711,0.391642134601591,0.579933523561858,0.264123069273375,0.107869658925845,0.448883549513022,0.541452746535599,0.517830059454809,0.233440122753517,0.762975343043443,0.355488499536791
"4",0.04429122059503,0.218545862276422,0.201514659699724,1,0.192543037976523,0.072489145186647,0.190946462688243,0.0458512207163531,0.144020034714774,0.100871692098503,0.133097714856456,0.166293567196799,0.102133012102826,0.0593346533932111,0.2051867504658,0.00229234394189204,0.106917213317951,0.133520443388715,0.202479270109442,0.135823759647831,0.164777390187824,0.157492833228111,0.070162463725622,0.0212861857636572,0.0333993082716103,0.0471029035477934,0.190408033059475,0.0655317205574777,0.16431359305389,0.09833235550056,0.0730692613089481,0.0477720626119937,0.105496539009746,0.0515044522465422,0.0523995496675127,0.0306099653914963,0.167241098799331,0.201212559595413,0.118044464602504,0.119501695215818,0.110785913870954,0.216101906240182,0.131639523410983,0.189920151429598,0.0343164115806886,0.0888261133967591,0.0113850870347299,0.0771318285175451,0.100983063075524,0.129835391361491,0.146431106945128,0.0775995736902174,0.217838356165026,0.0945215334975025,0.0130813428211649,0.0412521636348866,0.145890986049053,0.144099319898168,0.0307774044994096,0.109872645837794,0.0451869073830789,0.085965294753017,0.0951285597818494,0.126958535608223,0.0582037212612302,0.120229810332394,0.0943186474571883,0.0764228099228952,0.199286139549608,0.0158945718122535,0.0737952908733145,0.0987560848478434,0.200545856385843,0.131557942831369,0.0937062844961936,0.0991573205186168,0.0810457036758673,0.157340414454321,0.11279417960999,0.0572454077699976,0.184889786281354,0.0372384997111764
"5",0.25131432811749,0.434871265433087,0.408720151231034,0.192543037976523,1,0.134792786720037,0.340637517519607,0.347172834644547,0.474355222889147,0.191562108911774,0.0137561899259432,0.373263907762745,0.23041887885309,0.352393011741607,0.389819061903038,0.0821442673240391,0.17858489383773,0.183890321288634,0.333503106584845,0.147600365495073,0.380774259396778,0.43016250644613,0.0824067469822181,0.0549878358011621,0.0959033900738008,0.0471432256456715,0.385959135597915,0.0711353600397577,0.228526258796657,0.149386515007959,0.160327742079638,0.123060272653667,0.274844308115186,0.196641705197307,0.0688429992842382,0.0253000436254718,0.389544394399747,0.309232784459154,0.26318450425603,0.239084023771616,0.296389637004893,0.53527112210886,0.254201454687476,0.36692064750419,0.296973196292362,0.176550467747334,0.0942690540091907,0.180593711281382,0.212988849127771,0.264026012803654,0.276193986317817,0.0417778930100364,0.394774547206006,0.359283241418351,0.140844476504913,0.174017174176232,0.524128234854277,0.34850297983224,0.00149159567336296,0.252716708233183,0.146209987612601,0.230269198343452,0.218183240462494,0.241798765041635,0.132228031346308,0.192814670683433,0.109348714010485,0.203608623124643,0.24873167015475,0.205915464184225,0.153746809778279,0.290869357519421,0.509595232003929,0.378019942886729,0.218458817825982,0.199026900080054,0.168000624169599,0.182142663527407,0.271402236174623,0.014378701755963,0.439910973233216,0.0394030327334281
"6",0.0725714266561476,0.260882990703253,0.388134102073844,0.072489145186647,0.134792786720037,1,0.338531278681973,0.0273069366360869,0.272740373836701,0.361469106723455,0.582686557069383,0.40135443039099,0.438877435454673,0.404393907946628,0.319816407725512,0.14940825653536,0.538926532984079,0.581272126704594,0.386230499075606,0.454899655339,0.45678595475172,0.461516971384413,0.564932599212357,0.445764758031671,0.310269025688562,0.257197870616956,0.400777250399673,0.613537223999797,0.526956873669666,0.56075958598177,0.585460421875553,0.56743371374249,0.526859520343267,0.390070602263656,0.389654814800897,0.0180379842383768,0.275286135624238,0.339618242971259,0.26955369895894,0.373175227011294,0.365780402139615,0.163983205286409,0.227141990879142,0.47030525401147,0.33723171899259,0.420758891674128,0.0378691536916116,0.149393264549928,0.0848821718556691,0.511409545125759,0.481749432108187,0.429803367433437,0.371117671372697,0.231563949161601,0.480926945736193,0.506459068234251,0.227007667176716,0.516208372217949,0.550144566825946,0.490701811480206,0.589690535408343,0.581074142338381,0.5661099504234,0.228539524252504,0.321667785012067,0.362241545980663,0.440391505072453,0.422830530269308,0.271644795639116,0.439873860864244,0.238009060055239,0.312366198102216,0.0145501724257752,0.239287014829656,0.0800728399733024,0.111910447077723,0.255048139729848,0.420671686187943,0.266184102979215,0.179863565278727,0.344735718477458,0.506161668233439
"7",0.118530292462161,0.676438027632429,0.746272622298012,0.190946462688243,0.340637517519607,0.338531278681973,1,0.324444295277352,0.658334435937589,0.601291766353828,0.472978911783544,0.746900150142348,0.633489095185415,0.66261962108103,0.770390400610533,0.107584062565994,0.721721322402185,0.179001868636455,0.741435652814732,0.635667287405962,0.666989704411411,0.716560706217927,0.655916269362751,0.535288274459789,0.526819976959333,0.223622037954042,0.70116914296653,0.642531617719771,0.71679022901695,0.665391993531849,0.305986945683443,0.532715166262992,0.738579890312284,0.202038599411384,0.158695418841872,0.00494581288826707,0.596045927358021,0.699080599825889,0.550556037338549,0.652247952033442,0.590321310811128,0.607384772399244,0.553335278560024,0.709453406656582,0.627160704363025,0.730469464845995,0.0134198428981249,0.379587365157531,0.231150330731516,0.769045529636365,0.710052013745332,0.417494636730216,0.774200674424641,0.536863392786991,0.333702156538296,0.485432505285351,0.199140923381183,0.14802401276345,0.455788164085202,0.761405024442578,0.511478535809843,0.725251114001598,0.717932551705074,0.669564039668787,0.217276017542606,0.396917299923715,0.595882639565726,0.192839893660633,0.479508169403438,0.256008992993548,0.36545086105737,0.695915570795446,0.257866244492312,0.445417161799598,0.235912054317688,0.099903830180757,0.340800718384136,0.532395192744654,0.530001013280296,0.233819026257939,0.721517505848569,0.383482307759025
"8",0.108242035493928,0.275018173857335,0.36770390204382,0.0458512207163531,0.347172834644547,0.0273069366360869,0.324444295277352,1,0.366841821521373,0.210895984936252,0.073800534327525,0.327409706695195,0.28498634487643,0.313440151275738,0.286668979531011,0.00512082890988216,0.20851360531609,0.103007722260369,0.323449650446254,0.112174423612871,0.335211453317413,0.358233467469724,0.115072040862613,0.0703277392410569,0.280487365444883,0.0166609456169264,0.293403155338102,0.171410624464313,0.239051785630406,0.206152823168612,0.147424525172901,0.00916749993609925,0.318339529928536,0.0478143422635617,0.0410885037354482,0.00130980553069521,0.289807700943409,0.302032483219215,0.215346417773696,0.293178670724972,0.265343814925726,0.397875905819406,0.272430833249368,0.34470336286205,0.261792057432873,0.301920104130732,0.0758393010650318,0.12123566906122,0.135530752213156,0.265509143243214,0.227304098771849,0.173455333366955,0.330424082455302,0.30105507928389,0.207120592351576,0.260107207511054,0.304001262961585,0.195178205162006,0.091473224947987,0.226419514336264,0.228217200623456,0.250287861658584,0.243287219759211,0.294750237292918,0.0708759256936356,0.0778187954103851,0.172109390875269,0.153420432679166,0.0572007020714866,0.00291351146128591,0.136822277455113,0.307365250741439,0.336846444105644,0.327056764188384,0.28793535479087,0.114408728834299,0.20116498702829,0.143632848506799,0.179763249684868,0.0799965136368759,0.315332632503081,0.0111709370346553
"9",0.289932613153494,0.661299726153846,0.740902336620621,0.144020034714774,0.474355222889147,0.272740373836701,0.658334435937589,0.366841821521373,1,0.55442342011567,0.414865237550061,0.776086387104123,0.64893091972642,0.710103535573008,0.737768200837826,0.123822945120364,0.668935475211959,0.250220757304782,0.709515079772747,0.541524009034007,0.745728357362503,0.810732676097304,0.589075465453752,0.513130781761978,0.502327545428456,0.172724318357374,0.668148863505675,0.549432799680472,0.677924892945858,0.636252326035481,0.271830143804458,0.373197594621978,0.723994141022601,0.131476898444746,0.221658919947314,0.000758990256460695,0.631863271122344,0.640617150793332,0.531614431006476,0.555878143255499,0.651099469578232,0.723269245768434,0.506936906066084,0.751851395508295,0.644642408587843,0.57179286237782,0.083550592890676,0.339254276150015,0.222921913344043,0.730370607757074,0.703961547155691,0.296182973778572,0.759917756695955,0.625963104697904,0.437234041831805,0.5612600501334,0.232957226189136,0.0906217007686264,0.500858935304821,0.673239274766686,0.554541992236836,0.713283683676067,0.699448062822912,0.604143579444361,0.192467101858713,0.361294392973915,0.512946404771029,0.118172881975815,0.443997910505732,0.164021703323668,0.401090075399228,0.647412720338501,0.397709012327822,0.563941113100224,0.249334992758784,0.0904325057250005,0.373511694764828,0.46950922794545,0.527975198953881,0.141279782569216,0.768316718496953,0.346565008179014
"10",0.156395490509763,0.512997506948082,0.620668436223174,0.100871692098503,0.191562108911774,0.361469106723455,0.601291766353828,0.210895984936252,0.55442342011567,1,0.402043376759695,0.630264661567795,0.538138392337866,0.543820721861283,0.688832734408746,0.0584011269580802,0.638814722174434,0.257523557707916,0.610192769654298,0.466582182077798,0.587393158498749,0.630255101050641,0.658776463906829,0.539120372626198,0.367783174056315,0.161414241273569,0.521116295735806,0.627811064670139,0.622288341516914,0.58967465857147,0.272429967016626,0.506507883200965,0.641236818061329,0.216096314605872,0.273392805248902,0.0550131433132719,0.532992481572508,0.485470643666346,0.469592800093439,0.480292400511182,0.533576899742435,0.605248286730855,0.449626128810633,0.636937786845252,0.543849696897914,0.604613736989715,0.00611069207949691,0.301143802847541,0.19634989199729,0.692334664266572,0.612008733441888,0.397347642009462,0.690385238406805,0.420131342594853,0.339876869118599,0.412406772350138,0.135229020211869,0.196305001562328,0.474418856688568,0.65110440111513,0.502190465100606,0.658918977738798,0.597663903282615,0.570784010901469,0.292660937108286,0.317860790257344,0.579417541070219,0.175185049002245,0.320000869879634,0.219569658843556,0.339780191067702,0.585243165776077,0.204908314722396,0.439193580846261,0.169367667470462,0.0561114784045892,0.259027778988938,0.497263403802675,0.472974862611369,0.253193834910412,0.666517635399405,0.353233446280457
"11",0.0396154493105008,0.462471061178441,0.567328044896602,0.133097714856456,0.0137561899259432,0.582686557069383,0.472978911783544,0.073800534327525,0.414865237550061,0.402043376759695,1,0.593452535514179,0.523832716085514,0.51696232581871,0.453990653781133,0.211835970253765,0.636524923391781,0.502890115429785,0.508722145342786,0.585531094507608,0.605961097097941,0.550505960824914,0.645963589997652,0.498899761801983,0.403992049883874,0.230187006643014,0.586406562701815,0.659577538077698,0.66142908057304,0.657540524181685,0.601398591910183,0.625583385970754,0.631951576152753,0.380543544887711,0.414394108068775,0.0386613482609072,0.392003505960217,0.501222036895234,0.295217761316206,0.455168013988294,0.477847116342404,0.25355619917271,0.308920861298963,0.57362527095896,0.490332743531354,0.49960930058699,0.0788536624842546,0.235723859122836,0.0476155428953263,0.593282323124174,0.569184542742428,0.427849081636521,0.496860366835417,0.413614121595269,0.454181737445152,0.526296988593887,0.204157202385854,0.48190635335374,0.531650871082611,0.600432693497534,0.627151871481203,0.653035157169036,0.660874756863278,0.414417991781599,0.269974419795287,0.420646244674178,0.505802009822523,0.410710562108191,0.422993455131879,0.476545049218502,0.231339170864471,0.391246570821038,0.0423397570446581,0.270894050370178,0.00446153727685192,0.0337347106641707,0.382757803613051,0.447669462733698,0.410845516571219,0.2148887632605,0.472007478577936,0.500691128723019
"12",0.124551322241713,0.688034675026832,0.790042818108118,0.166293567196799,0.373263907762745,0.40135443039099,0.746900150142348,0.327409706695195,0.776086387104123,0.630264661567795,0.593452535514179,1,0.698196006973342,0.770657792159684,0.800987347208879,0.227061795219159,0.80452496705846,0.385213667142839,0.779882027105896,0.712552635739914,0.823238073858812,0.83862635586142,0.726351772606653,0.583222657812945,0.57476063171233,0.189186349453726,0.787781449038314,0.700197048154671,0.792374310713951,0.750018687326488,0.43892569270804,0.549374001932574,0.820938012411768,0.30720651210207,0.30322982485284,0.0607974017779036,0.614962689852794,0.70336371559216,0.548467632098199,0.639545011472042,0.721407843967674,0.653829010380987,0.59076399034128,0.789710086253828,0.756361949882296,0.679243786434111,0.0883564763641632,0.383538730116132,0.154665212901,0.824899868581417,0.766470585753854,0.410325950742686,0.778625778165957,0.67085079136008,0.478683448830924,0.629490927535043,0.140277918298661,0.237018548525541,0.551082480042774,0.812113021359711,0.648446425825954,0.844054250078123,0.798554347953802,0.721572046110743,0.263447083058262,0.394257739981452,0.625352259662189,0.294974823992628,0.499074123408854,0.320182120121579,0.378788088425325,0.668313105478903,0.294715772483745,0.550573105094377,0.220648814014708,0.130781420151267,0.402734750714342,0.571760797849218,0.643486514133343,0.230842558958922,0.780696933134741,0.480209778719194
"13",0.0472830688744706,0.502880648134056,0.658472593778377,0.102133012102826,0.23041887885309,0.438877435454673,0.633489095185415,0.28498634487643,0.64893091972642,0.538138392337866,0.523832716085514,0.698196006973342,1,0.680700925169367,0.63713459551995,0.227703915236046,0.748251867312402,0.423855538920925,0.701210261245202,0.573380960272355,0.737030699065727,0.73102688222898,0.662299176424836,0.465798945853253,0.540967680686737,0.190590414430307,0.611011313475733,0.637363566624704,0.707179586350971,0.729316760123297,0.464790188959476,0.525984957245008,0.7661142088541,0.342462301954195,0.308950104794073,0.0724718542744597,0.475841662498387,0.599898052794725,0.448267149069525,0.584534171915804,0.601535724847404,0.583509578086485,0.51716494413094,0.729533044784044,0.639228876006248,0.605685198179371,0.0400768631176593,0.216603973003261,0.117457414035611,0.744900994613961,0.679766392221931,0.407789448165153,0.674723086215751,0.576006774615269,0.514868474679639,0.595059871314335,0.04727621701369,0.324032178164536,0.591346370961984,0.722926394868431,0.667495463960684,0.770695181028246,0.733717093758703,0.630380980731948,0.336504952252929,0.410358986582201,0.563805909204286,0.32218937394564,0.38092356593097,0.351550679618607,0.378708910722227,0.593177146738255,0.226241420914577,0.527895840125819,0.138996419310411,0.0476498274087852,0.297332358353865,0.489132181117708,0.493074293840894,0.239592406925998,0.675249040731361,0.490791559240935
"14",0.12434820908017,0.588714244078167,0.688803067008558,0.0593346533932111,0.352393011741607,0.404393907946628,0.66261962108103,0.313440151275738,0.710103535573008,0.543820721861283,0.51696232581871,0.770657792159684,0.680700925169367,1,0.681870300291984,0.233465981753534,0.733655537095469,0.407448452837838,0.647221227901162,0.621653264584694,0.766378501772755,0.794537030511733,0.645986240582768,0.50909349070897,0.546942613489728,0.241962899104512,0.736545791894137,0.641839955674299,0.686020165021287,0.716993432995042,0.466153805765726,0.50198036931971,0.766195479951786,0.291113866956733,0.243206913368067,0.00538393025023188,0.560059811145302,0.650230216695335,0.503765682680608,0.616568141016166,0.617330707048995,0.606711034083613,0.514173942376529,0.756305143846742,0.67120742187229,0.621340002072065,0.0225017925149458,0.325291566034871,0.136880849329753,0.746294087979936,0.735765857095831,0.322953544633389,0.703988382600718,0.626149581498575,0.553003932028071,0.662418294942891,0.151125396144025,0.238666197920509,0.573437400583158,0.726241868472726,0.647372313486079,0.785049450951506,0.776332174476575,0.571884109543199,0.256993880054321,0.362310807188782,0.576028700628258,0.278110807724239,0.432160390852945,0.283137627895361,0.438903701281978,0.623225066132225,0.320208173470165,0.52625632314785,0.135404111080744,0.000763671201334196,0.334367805696017,0.536715096599635,0.534579737746064,0.247863429546492,0.714073491307294,0.472783060700148
"15",0.198264709671649,0.724355678564483,0.774648732117264,0.2051867504658,0.389819061903038,0.319816407725512,0.770390400610533,0.286668979531011,0.737768200837826,0.688832734408746,0.453990653781133,0.800987347208879,0.63713459551995,0.681870300291984,1,0.0967394487841398,0.712303235628015,0.198458956392544,0.747937282399263,0.613531046523169,0.720782189737731,0.782675610658523,0.675288557448835,0.587289111707783,0.446487630582012,0.174420645616139,0.718185295053056,0.658479166443378,0.73326785823071,0.669295439055453,0.304821653221838,0.525742497245136,0.738446645999472,0.150728206194841,0.231429781093242,0.00389044560179739,0.636323086344098,0.642959577364259,0.564848075762424,0.651692244012245,0.655498936470569,0.722549402234171,0.571929734833094,0.754041947160777,0.677488859294044,0.708950949136211,0.0592810702397095,0.412833728028098,0.283923383976945,0.793610020541532,0.727063901987897,0.413404805567112,0.81333339870566,0.565907625616651,0.341791559339912,0.483823518319829,0.278630417663587,0.115143839182999,0.455787610001749,0.769994544475496,0.51571048947798,0.742027609173706,0.724984975366054,0.674990000622561,0.248332835533725,0.358319934471464,0.592757331822385,0.161628460803416,0.445859278024102,0.19339626992845,0.380858582217722,0.670651252651705,0.336978906838848,0.492003730505876,0.259677078556488,0.126341485140092,0.354930670070671,0.54419399220484,0.580014911434401,0.238970931416527,0.811514869420683,0.370222672232549
"16",0.0887909853602618,0.0626693861557098,0.111686520808848,0.00229234394189204,0.0821442673240391,0.14940825653536,0.107584062565994,0.00512082890988216,0.123822945120364,0.0584011269580802,0.211835970253765,0.227061795219159,0.227703915236046,0.233465981753534,0.0967394487841398,1,0.235745988891751,0.308421644513668,0.0829063868051861,0.192228012061104,0.254240580832838,0.213313317423383,0.186281858149595,0.128145824895419,0.187312340312207,0.146432514961538,0.169676928306392,0.215165387467326,0.185901141848169,0.209107233365183,0.271076842334872,0.113973988117037,0.225098153321443,0.152182751069295,0.127951044433518,0.0132754491014168,0.0818460484408443,0.154790881660282,0.0178570635177245,0.161540151773784,0.203686161440148,0.0221895303159811,0.0653515190329156,0.159489685264832,0.162660250355783,0.128710059690421,0.0617751141540372,0.0423212738571189,0.132072050840981,0.187905073059161,0.195707971048588,0.0591057062661451,0.110097383100508,0.143445860076943,0.245192246717167,0.2524224946719,0.0804228558756939,0.14380375121747,0.210086257014992,0.157514204000385,0.240811304425169,0.234442852232135,0.244444484172722,0.131112140406159,0.12049095281818,0.110948665897899,0.145190852744124,0.215461606345126,0.152652974653316,0.122619319615302,0.105345430900773,0.047243006132967,0.0303068390791674,0.124123908526733,0.101423847598415,0.0641824599403112,0.0269227345503644,0.161708877048029,0.187730699043811,0.0121933965789626,0.134685320084881,0.232649663675442
"17",0.0348891967400359,0.601528016989419,0.718683305897829,0.106917213317951,0.17858489383773,0.538926532984079,0.721721322402185,0.20851360531609,0.668935475211959,0.638814722174434,0.636524923391781,0.80452496705846,0.748251867312402,0.733655537095469,0.712303235628015,0.235745988891751,1,0.546769770312364,0.786205517365995,0.720409032759177,0.752403625200419,0.798086087526364,0.793946177814641,0.620437545262041,0.653759900610975,0.304096931660153,0.697612179670997,0.745336259451285,0.777571647790828,0.825708207399634,0.634596357506441,0.661855355535284,0.833830543827576,0.460025762389864,0.307880490718033,0.0420960886897641,0.523322803126255,0.664387303144988,0.538296177865427,0.640421511854377,0.667997900908845,0.554001002040351,0.578977688201861,0.778294830960417,0.713261690129754,0.709192308933045,0.00243094325411739,0.327638783345471,0.0857976285815432,0.843419876500547,0.782124787539232,0.451693199103313,0.718313634939992,0.645195132654288,0.526642575401991,0.678974827830427,0.0457413447615797,0.44382268983955,0.728464976848916,0.850587430578109,0.72449858609667,0.867226801007074,0.854271776975373,0.69219155087332,0.380768240099531,0.447230151003329,0.675885331855744,0.429156602729976,0.50088064605295,0.424235639158439,0.47603242725568,0.698183455778712,0.142122283747619,0.478710536826326,0.112695005304839,0.00622591763194559,0.38251034107921,0.617436544782183,0.596102659960049,0.252254064920226,0.714030301608978,0.610524758953151
"18",0.169055877109037,0.0781725723374075,0.215287631895921,0.133520443388715,0.183890321288634,0.581272126704594,0.179001868636455,0.103007722260369,0.250220757304782,0.257523557707916,0.502890115429785,0.385213667142839,0.423855538920925,0.407448452837838,0.198458956392544,0.308421644513668,0.546769770312364,1,0.337565436522839,0.493707070617303,0.435360717265946,0.403481108279561,0.560039917364193,0.471170877119625,0.396237964491845,0.217705688457112,0.27060196616597,0.563708834018682,0.434626182582633,0.552192577930208,0.724258021273837,0.549909950995142,0.474678878054204,0.474936199546546,0.375334245464502,0.137431045200779,0.0988505302839971,0.253154271689276,0.22364801849145,0.297407456930614,0.395251707028969,0.0488178184621878,0.214589737507357,0.349655722717473,0.335205101425427,0.29635922859524,0.113622413124338,0.0330275180153387,0.138537150042015,0.481407751081098,0.459385098025338,0.242568222608688,0.223482614156764,0.251221416118789,0.465996469499805,0.507960593747422,0.456447703874598,0.632956441970507,0.691795926343006,0.454879488616319,0.538942385915436,0.561136468412198,0.48493836143904,0.293408489362929,0.577195804334684,0.339396917196506,0.494497834618793,0.451378654025174,0.303316367108086,0.374024478132369,0.329820056073628,0.249509938519951,0.197661432679198,0.201727196306881,0.176412058478412,0.119334384415903,0.110675962557539,0.414330183652402,0.378443847794767,0.131518575157667,0.27315821554409,0.606978542740264
"19",0.115706208817855,0.642577151144563,0.755972858126173,0.202479270109442,0.333503106584845,0.386230499075606,0.741435652814732,0.323449650446254,0.709515079772747,0.610192769654298,0.508722145342786,0.779882027105896,0.701210261245202,0.647221227901162,0.747937282399263,0.0829063868051861,0.786205517365995,0.337565436522839,1,0.64540089509667,0.74229826150799,0.798686258231804,0.680171489647853,0.517455940547183,0.60537516548956,0.189218524191642,0.687051918777946,0.646668299287404,0.765527980597778,0.733789131255531,0.381169281041337,0.528129415398912,0.783004956915078,0.262191324775709,0.245041878697242,0.0792259140420883,0.557017677098294,0.695430817205083,0.614642623274865,0.649712144332886,0.636121646374835,0.677648924740241,0.603806695005114,0.778214047348148,0.628654765938871,0.666443834013171,0.0409109406047444,0.352065369393963,0.146803796043521,0.80233592000328,0.745282519404082,0.448301456185406,0.797209820723026,0.612747050959997,0.405569173680972,0.603697097844141,0.147813947680731,0.248455665798515,0.573883390860491,0.779552697082104,0.633203765989182,0.787514675745638,0.752763275354968,0.720015537379291,0.313806511428404,0.447920461964892,0.630338321340882,0.184322083271756,0.461575094632616,0.305595713035167,0.495757207821638,0.688085159118959,0.277541470516772,0.573593858550227,0.26447864774253,0.108533896628622,0.391095216653374,0.57758615024654,0.580851538101992,0.233196524665464,0.751954019315337,0.462657931350516
"20",0.0158896150998823,0.561316547272289,0.572795230562442,0.135823759647831,0.147600365495073,0.454899655339,0.635667287405962,0.112174423612871,0.541524009034007,0.466582182077798,0.585531094507608,0.712552635739914,0.573380960272355,0.621653264584694,0.613531046523169,0.192228012061104,0.720409032759177,0.493707070617303,0.64540089509667,1,0.61149379965137,0.620090915928604,0.661103590290248,0.555294293014251,0.506368240813613,0.224813557930523,0.628974675332217,0.593390208778507,0.692316522691528,0.694188620592873,0.552375374269263,0.624290821219969,0.648424288990099,0.370336167089358,0.303411334381709,0.0155060951238403,0.420008910093129,0.630542966963802,0.410766002160633,0.518863428817167,0.556226468461071,0.328260130399457,0.471198530466547,0.575573468935306,0.579314091001916,0.562853123763016,0.0340828932130167,0.319663994407746,0.113988725558285,0.716436157724532,0.64172373656843,0.297870280187236,0.573780762029642,0.5037523647069,0.335692452272194,0.480652454110903,0.119049583939156,0.361832278285095,0.555280747891575,0.752810688204101,0.486506376719906,0.713840336667757,0.698168890396337,0.600695333519034,0.303928270190922,0.348644844960377,0.529363573476912,0.321351199293773,0.561548697502941,0.358952366047398,0.343069542297041,0.537962278598974,0.0513060261359038,0.329173047159295,0.0722216112916467,0.0136584072005785,0.260049161792573,0.522017735443303,0.591856230695261,0.22126445762258,0.580849813782644,0.54459140544965
"21",0.126076953570792,0.619995533684751,0.793484277879589,0.164777390187824,0.380774259396778,0.45678595475172,0.666989704411411,0.335211453317413,0.745728357362503,0.587393158498749,0.605961097097941,0.823238073858812,0.737030699065727,0.766378501772755,0.720782189737731,0.254240580832838,0.752403625200419,0.435360717265946,0.74229826150799,0.61149379965137,1,0.867278737101622,0.717513271579467,0.532089889379613,0.542645616350772,0.171950865140147,0.759428921273249,0.731445548936677,0.81160635246043,0.734899619486162,0.412479132740734,0.515944520043532,0.822946921897943,0.297177886766268,0.405067232650634,0.0593297629273885,0.626635289896926,0.674445572602042,0.520261429763254,0.599543083081342,0.685112233668488,0.691566164423527,0.529361833899591,0.829422492976771,0.681387293496225,0.625027726583865,0.0350765528387149,0.296961221719245,0.0631924537104209,0.789968836102613,0.754687067989772,0.446407485841764,0.773444087094523,0.611808919519977,0.587063488462484,0.677581636805743,0.162521471879853,0.268824471207003,0.59224404240423,0.73966049181206,0.757568664193577,0.829767681047109,0.800637325500755,0.609340535494994,0.316453935877451,0.518963694200177,0.614011610289922,0.252305065164245,0.468759733149054,0.342684867024145,0.471750569338261,0.59300673967753,0.399347964095261,0.623350358771862,0.207197148245458,0.13096234176695,0.421386882997132,0.582621497210032,0.556395590444759,0.215231717703029,0.78248248189386,0.510973266746581
"22",0.176214953394909,0.679921940718715,0.823020869772123,0.157492833228111,0.43016250644613,0.461516971384413,0.716560706217927,0.358233467469724,0.810732676097304,0.630255101050641,0.550505960824914,0.83862635586142,0.73102688222898,0.794537030511733,0.782675610658523,0.213313317423383,0.798086087526364,0.403481108279561,0.798686258231804,0.620090915928604,0.867278737101622,1,0.708617577287844,0.568259059351174,0.565235171577223,0.204899296642732,0.784815060509201,0.718834514855155,0.80444643561966,0.743813327127673,0.441412841302115,0.49435782860585,0.85116067682708,0.241334557904776,0.363794379192979,0.0432822821711587,0.666596100429223,0.665785203158051,0.596290464878863,0.655987474631942,0.722021981000303,0.764850401329741,0.554220258200201,0.866878123696502,0.71108049203738,0.653143812613125,0.0241169655065658,0.341595640527404,0.137899506327299,0.824031006920527,0.81701948681918,0.451613004785806,0.827753935820324,0.678316117640669,0.599505478715956,0.694195754087085,0.206420634895569,0.258362134867095,0.610021126634849,0.771879483739037,0.738698878811974,0.847658369542861,0.829210354378658,0.59805526281916,0.284520783067014,0.489584683585616,0.618803735575671,0.253893115405219,0.481980252003272,0.266195721723661,0.485779075393467,0.686613344457893,0.415442471797024,0.664771160577852,0.195523490171074,0.0782846345325918,0.421033500492635,0.602121542579154,0.566821495958508,0.219610568823101,0.835078261059843,0.488411970120258
"23",0.0492850970482461,0.552299504378256,0.646331186816296,0.070162463725622,0.0824067469822181,0.564932599212357,0.655916269362751,0.115072040862613,0.589075465453752,0.658776463906829,0.645963589997652,0.726351772606653,0.662299176424836,0.645986240582768,0.675288557448835,0.186281858149595,0.793946177814641,0.560039917364193,0.680171489647853,0.661103590290248,0.717513271579467,0.708617577287844,1,0.646744358830194,0.491877203582868,0.264325206881553,0.616597039809255,0.767340780414867,0.752941255774403,0.78036289291399,0.587073999834526,0.705821991102739,0.755599440722312,0.446872770669442,0.384421517582113,0.0717688744083323,0.471476069152024,0.57306540133753,0.494286143582948,0.577819436257113,0.626005097860688,0.489235745181903,0.468531109535521,0.675847540440631,0.596684602227486,0.661244816745926,0.00943861658042287,0.324003479821323,0.0921447608649603,0.778730894930918,0.731783199584632,0.432278685976205,0.685993814995462,0.48793044835342,0.498659852098483,0.582003977492282,0.0968819973948169,0.467668315122058,0.686366999357238,0.777191539407983,0.685416917538991,0.80476986421615,0.77377075914226,0.613028556926846,0.471283095653491,0.442955278806001,0.675169687808407,0.374927792311565,0.45716760459494,0.410205418467794,0.428010794041196,0.60091063238487,0.0921939820615517,0.42402943715208,0.0212879126248219,0.00517009052783693,0.356088027766751,0.605282639265163,0.556656369595317,0.255781722877241,0.659180383560374,0.607979881755451
"24",0.0871498997013805,0.424777523776392,0.493607247720592,0.0212861857636572,0.0549878358011621,0.445764758031671,0.535288274459789,0.0703277392410569,0.513130781761978,0.539120372626198,0.498899761801983,0.583222657812945,0.465798945853253,0.50909349070897,0.587289111707783,0.128145824895419,0.620437545262041,0.471170877119625,0.517455940547183,0.555294293014251,0.532089889379613,0.568259059351174,0.646744358830194,1,0.427219156478987,0.287740613897373,0.496529490873638,0.623180465453177,0.608818106471451,0.611971718189781,0.481523020992303,0.608584185270446,0.582721873129621,0.298005854273039,0.285418668249482,0.0509102156996105,0.389959933127772,0.444714061530304,0.439131124060256,0.422281278220367,0.508163773821203,0.381636522585836,0.333741352095774,0.511698556892575,0.460383414008597,0.549659786690216,0.0778442608920734,0.219805686949275,0.196241987220933,0.648858169774618,0.591926860020984,0.297625469241365,0.544857570618,0.355226781499787,0.290130944223727,0.47500805711355,0.155875390801954,0.335019911956833,0.575511666279772,0.624320480359582,0.488958855285572,0.632425948377808,0.592230178950007,0.528110777681885,0.389506574429321,0.363476239225778,0.530443882755549,0.287834421897343,0.332014698278055,0.296702016461259,0.333265749783546,0.51247221326052,0.0580605948637177,0.283569883128682,0.0271157183301751,0.00740739053460585,0.275845336300275,0.422592452916846,0.457928580290346,0.243444729288402,0.565968143760158,0.457063573598971
"25",0.0194849489255277,0.387116591603209,0.51315061978534,0.0333993082716103,0.0959033900738008,0.310269025688562,0.526819976959333,0.280487365444883,0.502327545428456,0.367783174056315,0.403992049883874,0.57476063171233,0.540967680686737,0.546942613489728,0.446487630582012,0.187312340312207,0.653759900610975,0.396237964491845,0.60537516548956,0.506368240813613,0.542645616350772,0.565235171577223,0.491877203582868,0.427219156478987,1,0.253261604536861,0.502585647235915,0.495263181775631,0.55725820094555,0.63635018699265,0.442351788672966,0.404770867509764,0.626788431339437,0.307379385905896,0.122177953989139,0.0363206985494789,0.375680780484525,0.564948252043408,0.425187878213379,0.556731592133696,0.447186142919789,0.36953714337524,0.453899791365212,0.558525889195992,0.451522361952775,0.549781983658635,0.0851922613037179,0.186489364883607,0.0380861757605745,0.611000205291935,0.594485426118022,0.298780924689311,0.514959967221958,0.486391013133352,0.418718442218645,0.618150194948251,0.00390599674639812,0.314803355839928,0.604043944088337,0.610018533608394,0.520895399259442,0.629251258456052,0.621116187792455,0.559335537967887,0.239212650950885,0.291786293297843,0.503661090441005,0.222116581241067,0.276418252528797,0.265374271253604,0.436531450079226,0.561732185519598,0.0530801621090404,0.423562628896965,0.122405023413962,0.0642188159807071,0.265414449702914,0.375912174801063,0.482762389878272,0.19207728064503,0.495255272909248,0.440884074000864
"26",0.0296532596424991,0.155221267184429,0.206274811399877,0.0471029035477934,0.0471432256456715,0.257197870616956,0.223622037954042,0.0166609456169264,0.172724318357374,0.161414241273569,0.230187006643014,0.189186349453726,0.190590414430307,0.241962899104512,0.174420645616139,0.146432514961538,0.304096931660153,0.217705688457112,0.189218524191642,0.224813557930523,0.171950865140147,0.204899296642732,0.264325206881553,0.287740613897373,0.253261604536861,1,0.258635037392354,0.246962636801036,0.22344648012127,0.311882581846237,0.295465991879224,0.251499816989487,0.238819967559357,0.117231200241189,0.0556937557896348,0.0293685813170858,0.16785997812908,0.251293945285879,0.109151575893714,0.242664215203154,0.0778464149978223,0.0258648537624305,0.105052682651384,0.227026961051667,0.141047799317477,0.252908710440922,0.0759113160893457,0.0780843333595882,0.0488037108021816,0.222885061350815,0.238788456781014,0.0925469958718715,0.165393878411398,0.167933763337457,0.16269259089045,0.281860551889424,0.098105826939136,0.128735565874391,0.368783150304699,0.262232773239468,0.212320134003057,0.237963245005696,0.326912773938463,0.16105092040495,0.121624960961637,0.196380943036077,0.231375139101373,0.121129265674768,0.161415147875252,0.186387408845972,0.173367851320706,0.194648035075005,0.068455584475358,0.0235494183420689,0.0836371093384565,0.0482152070908437,0.195612176835717,0.165657000029513,0.243171599106874,0.104819357612852,0.174949053021454,0.24031575866829
"27",0.148783114348533,0.677566966440713,0.749973224055385,0.190408033059475,0.385959135597915,0.400777250399673,0.70116914296653,0.293403155338102,0.668148863505675,0.521116295735806,0.586406562701815,0.787781449038314,0.611011313475733,0.736545791894137,0.718185295053056,0.169676928306392,0.697612179670997,0.27060196616597,0.687051918777946,0.628974675332217,0.759428921273249,0.784815060509201,0.616597039809255,0.496529490873638,0.502585647235915,0.258635037392354,1,0.654192409460523,0.745421274942145,0.651506498482027,0.398615263160417,0.462073223999537,0.753208539288379,0.194943295433044,0.254886644276452,0.0155308811900378,0.62704048263438,0.671411437806794,0.478125501257029,0.61689512059797,0.579188672337239,0.557159541603674,0.470666090145155,0.746442905553292,0.632583891259976,0.589164196251893,0.0971971652106344,0.381438570769789,0.100878171043706,0.717889632238567,0.717820742398697,0.358844888936001,0.715642121415936,0.623075086615426,0.490113006677543,0.602500672927102,0.193009479577148,0.188021409895374,0.444509834903863,0.694782908810083,0.619346468067291,0.737454467372767,0.772244786523221,0.538795950448622,0.101125063295036,0.44040087523677,0.50565585627153,0.275886547121009,0.51822712140243,0.304168956216152,0.332936354536665,0.572350391656535,0.34994878678348,0.482166108907085,0.166431035875923,0.122839688292503,0.421294657260379,0.548929622171519,0.532708951553939,0.230643021407381,0.714636826938538,0.406416133240358
