"","1","2","3","4","5","6","7","8","9","10","11","12","13","14","15","16","17","18","19","20","21","22","23","24","25","26","27","28","29","30","31","32","33","34","35","36","37","38","39","40","41","42","43","44","45","46","47","48","49","50","51","52","53","54","55","56","57","58","59","60","61","62","63","64","65","66","67","68","69","70","71","72","73","74","75","76","77","78","79","80","81","82"
"1",1,0.208698984116275,0.466940195363104,0.373734803170049,0.594288873798958,0.379587037983708,0.473793957675895,0.373123938221301,0.0798471119625303,0.331554608707613,0.591415006721707,0.582575293459737,0.462643256307312,0.364995448621487,0.31270043540821,0.0373021859559428,0.634731816287829,0.666720978739508,0.582490621812494,0.484753860427277,0.576191207637318,0.616661839472532,0.586115527411173,0.312423716704226,0.287704996575304,0.2700293178229,0.473503331359904,0.580567137029744,0.6029802810455,0.660225718570617,0.669057822095348,0.606879396115648,0.625646411387108,0.403483934849999,0.568700021374299,0.24856505468952,0.307061403844859,0.368627617440762,0.461386764774882,0.6117565904244,0.574167910152808,0.179049252017084,0.164630751927614,0.60602421407343,0.363917635415293,0.482817754621421,0.392061499214451,0.198180765241833,0.241623019945429,0.5963068976183,0.643715278368723,0.0269505306291927,0.0198732019653982,0.532795873838509,0.439545003695464,0.577133523470747,0.570951165061641,0.542315644824155,0.613262542802209,0.65402538539538,0.599234199049795,0.663872745364104,0.643613276502327,0.453750279915837,0.488458705913511,0.607556024202519,0.454675729319011,0.590862025350654,0.54642477861229,0.511292029200334,0.0940813135667949,0.437525725104491,0.484165631819807,0.28682164261865,0.526163177246422,0.0754277606140994,0.314449264284112,0.161124124691038,0.376937547023248,0.157243236937913,0.510577136301254,0.637780651659649
"2",0.208698984116275,1,0.178891006953029,0.0967380321912882,0.212712783504461,0.110392936119896,0.163073747070326,0.0486897026296176,0.00999755135074907,0.158390357224725,0.184398735103103,0.218995266648631,0.192825659742396,0.0841055645765342,0.109381034660175,0.13972038401877,0.222413674886852,0.225398933687893,0.167504736608867,0.227698606150976,0.212069185713389,0.252585948177921,0.228165270051745,0.214245880626861,0.0818013501118656,0.00198142594885811,0.114361940228569,0.193321466761912,0.241429812984793,0.25026019962966,0.21045627521742,0.244170695402123,0.210658537373952,0.184286603164244,0.215556734459255,0.0245668010565625,0.0370965819875255,0.040249037653041,0.207231416180875,0.173144121675912,0.194669473191191,0.0129903135706324,0.110355823773522,0.164887710219201,0.128970078297812,0.154762886861658,0.12877352183751,0.107907190590493,0.100904588797108,0.244932551966298,0.193516806756501,0.0132350727625103,0.112799145712199,0.124863165639947,0.132911197401854,0.195386483081964,0.17244217673075,0.230119048676704,0.195694091956252,0.241998006527544,0.223098780133458,0.211138790907724,0.206049951346911,0.178917309282912,0.187826682196022,0.203535215630086,0.225146777840758,0.187764865717575,0.170621105192012,0.225241799276174,0.0500089043221372,0.207897520657617,0.189538687614501,0.0634481673148993,0.192890323052117,0.0396095994410936,0.106081728855998,0.112737090916712,0.17864459423569,0.0608593757082108,0.226792525216301,0.215402369631422
"3",0.466940195363104,0.178891006953029,1,0.370960769870218,0.502362650194937,0.368651658334917,0.375472465205881,0.280990935253519,0.017827691071721,0.269362661705365,0.509262295155344,0.567486705362273,0.456946044926065,0.284884074905902,0.263246318472011,0.0492020477539929,0.517685093142834,0.56068622030763,0.537300992918825,0.426416779493661,0.543605664705346,0.534098037382563,0.499294707791986,0.255731914105569,0.242736435867513,0.258781033625551,0.345267138880532,0.464326880681807,0.542912661005826,0.538191030856121,0.580287226558661,0.463699498973866,0.547269204110389,0.331540556528098,0.50206470477621,0.204284729527165,0.309057508520065,0.332639342126805,0.556389377940842,0.504064348638041,0.482590362007084,0.150334253437813,0.222442892319523,0.554219721073417,0.24026674183592,0.435298838391323,0.313625940531857,0.147243054132318,0.187432074649295,0.585773606060403,0.597741640823101,0.0161264432240188,0.00973923171775771,0.481441921810701,0.340779263172414,0.473603458429534,0.439003186643495,0.556311238789391,0.531627939836624,0.551400672398892,0.538519797496719,0.55798065812285,0.590440953066839,0.333098403715792,0.293046362173598,0.576320628051758,0.456389292931853,0.563784253819406,0.46115660839364,0.462804525958589,0.106297028049447,0.491016788113966,0.388796378332169,0.163800927093591,0.455456250900944,0.0523463727692627,0.223873076062173,0.0928319600945628,0.330151873204642,0.134412557668272,0.503019791951102,0.595651345100307
"4",0.373734803170049,0.0967380321912882,0.370960769870218,1,0.422924804601346,0.265560804439967,0.321685264646889,0.218135090844178,0.00195613093601459,0.136840731893717,0.374062538825495,0.392157817076129,0.31717568367619,0.277963360660602,0.162352271590285,0.0151952015082219,0.339204907114596,0.369911372312833,0.436457623667814,0.201635666114384,0.387867189806709,0.363427225041143,0.300345274474386,0.181014979192552,0.125416401585879,0.0378277910314097,0.245867494405296,0.239245145541576,0.373064651344481,0.458337312342178,0.4633513308154,0.338131946749481,0.425654391261535,0.262159589355471,0.409547175031281,0.344082583396086,0.355694222272842,0.248963205772797,0.439713993473216,0.469484911253733,0.446260791115443,0.0247591876607817,0.189994094692445,0.426661352897146,0.0695667800997811,0.289358461703358,0.284404935222081,0.123551472191622,0.139455640612631,0.406764379949308,0.453215107501092,0.186629201767767,0.190259262815907,0.320127898185006,0.383102073649905,0.318168873371403,0.356043795406973,0.334559537026512,0.345358947332711,0.430110148530069,0.382695100582654,0.367990410082064,0.438766153874478,0.28280189597737,0.144286396474195,0.475835385110458,0.263126778902512,0.393502865194624,0.342791860920364,0.248323447431526,0.0455615221266015,0.267032181973095,0.275181178229017,0.139364489986823,0.41345102963104,0.12949080998408,0.249219420019383,0.132810712805781,0.128966116034022,0.106179406488522,0.36958408873901,0.398263971504921
"5",0.594288873798958,0.212712783504461,0.502362650194937,0.422924804601346,1,0.5682664594437,0.573355023649242,0.344398792841024,0.0346550028606138,0.384505656439423,0.667520719347405,0.703313528648263,0.544947261643203,0.484708261355569,0.349912298418522,0.0813275530548991,0.763804986744456,0.772468606244652,0.607667876022991,0.646275455327027,0.67973531492134,0.712403211449247,0.687604929909341,0.370747566579614,0.291392428496092,0.368291047188364,0.503463250929743,0.68728024626013,0.680417835093631,0.685076772796043,0.760227295998178,0.717860969279375,0.742852659598452,0.560277447673909,0.667306103489947,0.296733730259839,0.344617875358539,0.519081200964342,0.594268585431413,0.712138681897376,0.617538542485768,0.275666917412968,0.120165581752617,0.718110674144801,0.357345511802033,0.492110966735685,0.420127640334182,0.23211140626959,0.279440971301741,0.708069922814673,0.73449366912206,0.0772694317911594,0.00982254683895389,0.621007272279251,0.484961916559984,0.659549106509504,0.636912854361241,0.684740140325733,0.713947371261056,0.752232321246391,0.740167024134107,0.776752604514017,0.716649093599447,0.473791731443954,0.478057043878242,0.714985551736214,0.521148279182245,0.702303971447894,0.618109861042231,0.55400428964374,0.199324690305628,0.585988433906972,0.522432052359218,0.29786477989656,0.531389635664148,0.127254518512848,0.231017173120201,0.178188862804446,0.471328348057232,0.126506318831408,0.594785837651868,0.744117969289323
"6",0.379587037983708,0.110392936119896,0.368651658334917,0.265560804439967,0.5682664594437,1,0.34720158528485,0.108603259968576,0.174904917299178,0.289362799389576,0.504399537015808,0.477541919743572,0.332212624102771,0.415282154345123,0.218637098392924,0.101016717021762,0.601207331738296,0.613976834817163,0.416447028100372,0.61442562712048,0.580044191981801,0.525755367600806,0.53399426665963,0.272586672443153,0.0893191665684233,0.444662719069304,0.439652726226878,0.603072849374467,0.48046072329278,0.422654291241865,0.545925541405711,0.575912111411493,0.565316819272478,0.404467936635857,0.475214379288107,0.174925617667874,0.238821689209429,0.485819337273153,0.418690600822009,0.53705233616789,0.339227049620121,0.27882977550033,0.0849048541568315,0.584427819976954,0.170920701263604,0.283795706449189,0.32366144845723,0.0745602720341206,0.284848477881273,0.536569729195252,0.547638007156125,0.112279551599035,0.0255506568121069,0.49952791661459,0.336418644974927,0.487249322043526,0.385600476712099,0.581778183853296,0.526418898242907,0.565459029351279,0.570410201993203,0.643546776970847,0.509369518414635,0.365139589518415,0.345621731264209,0.540626631612623,0.415833988679651,0.624700782308227,0.44240522970185,0.360650583591324,0.20898238024434,0.414011145130095,0.381193891671715,0.175589096047344,0.359936944200056,0.0279999172175025,0.12004074476601,0.265533283072332,0.350585092146621,0.013494067006409,0.435209743634313,0.550188572191898
"7",0.473793957675895,0.163073747070326,0.375472465205881,0.321685264646889,0.573355023649242,0.34720158528485,1,0.450003167735775,0.263347757310513,0.321325271512389,0.647811881981059,0.659923418268277,0.515873233012554,0.469282155568452,0.347884191615934,0.0860577830254128,0.615019492857864,0.645873076857658,0.632971467356586,0.469269901631978,0.560977624403558,0.633167751642586,0.585195269946655,0.414337126483737,0.271986355680087,0.170132796886035,0.452837913224521,0.576177659327254,0.527257934797755,0.598352827839515,0.667806714792579,0.626543488679381,0.674584455579907,0.529490937352578,0.628787950277149,0.200290908950967,0.324160610762918,0.361538269852349,0.473389355540233,0.616690950140677,0.621161919566004,0.154583759691397,0.149604782739974,0.588786566559603,0.441170183093161,0.543063260777438,0.349897412254429,0.25718987374662,0.234073491095596,0.619537154951728,0.601923842205792,0.143567354884037,0.0394980076014335,0.470489282500769,0.455479587009164,0.62941277782485,0.629538590396082,0.474511864261882,0.577587342285006,0.653977505535806,0.683322928553981,0.636560261131116,0.633543190098388,0.426308873486619,0.514963667063696,0.549914131210457,0.387695522155378,0.465883249557493,0.43762726171887,0.447272546800501,0.192840949034495,0.525786681513785,0.50325320458916,0.375961320341621,0.49841523930985,0.200560726469634,0.226351505909934,0.199518397333432,0.351300753666349,0.182320921878231,0.469265262219491,0.664804134839778
"8",0.373123938221301,0.0486897026296176,0.280990935253519,0.218135090844178,0.344398792841024,0.108603259968576,0.450003167735775,1,0.530105163608006,0.178223593769447,0.541960131891167,0.462133587106053,0.438442278947238,0.341997717109358,0.266788186901324,0.01695642843718,0.493171967562884,0.483532611919266,0.578560631030336,0.173773729704131,0.392445281128448,0.481988851032941,0.417399406910733,0.265994754469242,0.417796919874589,0.191735012929133,0.486844392621043,0.424054100671703,0.447863795979365,0.504608218448178,0.504198892263043,0.366048545765089,0.506294447533562,0.271005828174658,0.42362938760789,0.286745165516101,0.296807886258717,0.179990824695125,0.253576780898354,0.460182463243718,0.519560706114651,0.150150288142221,0.107458805732202,0.353689152405138,0.529588019891236,0.449771750044103,0.296584382341139,0.289260882849004,0.116308509726837,0.359270704620077,0.44690806433702,0.00536499274250159,0.114188178379953,0.337507329585576,0.524587842342612,0.545455859827617,0.562063567273501,0.268674576554727,0.450168574562082,0.485313756782405,0.517584134071989,0.493959155150037,0.571722081070879,0.403428645272519,0.473450377703721,0.405705697439344,0.292656626954393,0.230583333548814,0.341353196762239,0.374638811164323,0.102365933461133,0.357181654534838,0.43041620827974,0.307395626884927,0.403194572398962,0.204137343188322,0.256993028738036,0.137222013544287,0.177823993281949,0.0746170731694552,0.189557950264243,0.452949989846019
"9",0.0798471119625303,0.00999755135074907,0.017827691071721,0.00195613093601459,0.0346550028606138,0.174904917299178,0.263347757310513,0.530105163608006,1,0.0607976311506591,0.259868913194712,0.18679821939522,0.230302983123769,0.221119212192279,0.152674507822398,0.0862281600368139,0.134634138889244,0.127201207227932,0.381077676584894,0.108919631176461,0.0544356578517867,0.146900834589362,0.101987095786105,0.186882278220493,0.324513208946958,0.0666597490356693,0.185799786519878,0.0955895200792953,0.151451519626491,0.178341423108725,0.139317447310327,0.0848897467249111,0.116729038934372,0.182704718425883,0.110951487233494,0.0225170310891876,0.0895212818450391,0.0815496116709176,0.0241154105774868,0.124909160518822,0.252915968648145,0.0120194880553258,0.160975436085247,0.0381578452080031,0.352039655661705,0.295993128210671,0.0595159589067478,0.204376578872081,0.0304850594547839,0.100427926786174,0.121836978062641,0.057459766858228,0.0521726387061999,0.0280060696689549,0.342012368656371,0.244021842784172,0.358913026671135,0.0662302618865524,0.169553636148564,0.140885772405409,0.217279342134372,0.120667731519911,0.246896125644118,0.190523548174552,0.252445117708981,0.00293366542859649,0.0527529015539402,0.194840435937922,0.0214772054143045,0.0819960909134727,0.0575345458993348,0.122948736594178,0.24898860583136,0.249031419979868,0.126130376817308,0.330886381712565,0.0930851053434793,0.0827797604240264,0.0817452783190488,0.109197306407873,0.106927802415151,0.0873888936978333
"10",0.331554608707613,0.158390357224725,0.269362661705365,0.136840731893717,0.384505656439423,0.289362799389576,0.321325271512389,0.178223593769447,0.0607976311506591,1,0.384279677383542,0.364915173262457,0.342219591861741,0.29533186117894,0.302956354755226,0.120572382993704,0.419855307421309,0.439397875371609,0.365954881647864,0.392870458046409,0.404086405631838,0.42468145845992,0.418450315000667,0.3066940802774,0.277932145250136,0.17344413084491,0.259294739020127,0.433808326942421,0.38733711895603,0.393224636156734,0.39315578550945,0.434504004058582,0.409350045003408,0.337423660650193,0.342627930555552,0.0424750692368568,0.0361422610891622,0.265841161396501,0.315205683181394,0.308420000284841,0.307655849051661,0.126389665215998,0.202606585598883,0.387544404226488,0.219464403793935,0.259188337224822,0.203976229403165,0.176108984028186,0.18474892237894,0.414870447607402,0.396611785857909,0.0673404242809777,0.134427125139744,0.353926083225471,0.273577161472001,0.381510115560711,0.337530060618831,0.459001819421866,0.462183107575838,0.447811571871231,0.412612266241654,0.441039327148115,0.407874784334395,0.29739681793856,0.323934651617093,0.346995230177706,0.299537858805801,0.354352292760237,0.363195018049446,0.341216537116949,0.10534529516184,0.349716923212871,0.344533410851973,0.140321299642241,0.254885892102671,0.0079479895435614,0.136505549237008,0.199305966936756,0.293912837315024,0.0459314935485539,0.366808354247851,0.406347379230985
"11",0.591415006721707,0.184398735103103,0.509262295155344,0.374062538825495,0.667520719347405,0.504399537015808,0.647811881981059,0.541960131891167,0.259868913194712,0.384279677383542,1,0.738392835196472,0.683550196367792,0.550303365959305,0.425990322010835,0.188818824684785,0.763584211085836,0.796801566072976,0.76695905641191,0.578681483736557,0.73188406537247,0.77875775391517,0.724276162127073,0.539626117476294,0.411529597873074,0.286302984800993,0.585284632380211,0.729785809613196,0.73619205505667,0.748583178480997,0.78940085268544,0.756329452813316,0.800081345648815,0.597674525570074,0.70700976992297,0.241515573111414,0.361675179002499,0.437211650455455,0.547346871266122,0.712140202360182,0.688011461861085,0.240846452763582,0.251555302023656,0.701924106396319,0.464603561680396,0.616871425309907,0.492343490578877,0.267998181580444,0.3004693424383,0.76128089202306,0.746975026924906,0.109558108371127,0.149748800328038,0.606133505005224,0.603951221744169,0.758427971081683,0.706103932774243,0.686829648362457,0.777223750385166,0.807538693565877,0.821139866430045,0.808097431981905,0.827865515415021,0.550469090170944,0.585475071226117,0.69991446039449,0.587945466742727,0.602453006508425,0.544804508984599,0.60126619246137,0.211944382782602,0.630089651595075,0.637008261040862,0.385808737110843,0.571146036642338,0.17092529123832,0.291828347546119,0.340510368898158,0.419458587149129,0.114935752469804,0.591899065356742,0.749412844513184
"12",0.582575293459737,0.218995266648631,0.567486705362273,0.392157817076129,0.703313528648263,0.477541919743572,0.659923418268277,0.462133587106053,0.18679821939522,0.364915173262457,0.738392835196472,1,0.675432387768859,0.558507226358733,0.387728609850626,0.111980469596646,0.786871807600159,0.80402889926418,0.739503902233925,0.617052328087813,0.724440784153637,0.791571781179074,0.741470082195219,0.517539402352743,0.380629135849446,0.298175623164015,0.539552317228049,0.704936860449914,0.739361600926691,0.751406094466919,0.816616624858228,0.749330457942799,0.786525074500886,0.604597444395942,0.72373246431114,0.222043903896804,0.412097289056161,0.477085753286739,0.644681521993349,0.72815185757227,0.706873238931598,0.233865163921823,0.239167355049631,0.751185253000441,0.470629054334275,0.682143386417115,0.459069544305909,0.25711617558142,0.299909415435069,0.795869909591637,0.778768808879216,0.165395730620697,0.0161109021254577,0.585794284344818,0.538448540603573,0.749606629991673,0.700749653374098,0.686587667516524,0.772530267828236,0.775279385646473,0.813662474942319,0.796918257944088,0.806261201820075,0.508414190709928,0.605177763254133,0.71124607917302,0.556934312783039,0.656997158201209,0.59884170717674,0.614155233716289,0.246029914848044,0.633087203213927,0.598980599927465,0.359995329757712,0.578972839347972,0.171050118413346,0.286705080723099,0.179672001739971,0.490001244377395,0.197386566170628,0.648600974202547,0.801530747477681
"13",0.462643256307312,0.192825659742396,0.456946044926065,0.31717568367619,0.544947261643203,0.332212624102771,0.515873233012554,0.438442278947238,0.230302983123769,0.342219591861741,0.683550196367792,0.675432387768859,1,0.452459768919507,0.361057311356907,0.200558699037926,0.625987705192479,0.663853329324388,0.655575278597018,0.452680916854077,0.602593825805551,0.65800039927237,0.605378354208728,0.54160314156081,0.452757097524136,0.179991880596456,0.44317037347337,0.588923832682257,0.709229667580096,0.669097458233556,0.66900132159526,0.608051942588567,0.673050339731406,0.530356470075703,0.583500766763626,0.172723881991716,0.276893108671192,0.343385130159072,0.535301272736019,0.564116447622042,0.677886518258439,0.225657351414741,0.3023416607098,0.614960564643929,0.440781595022159,0.595156203742524,0.410622994451394,0.252920700159543,0.255666008538757,0.705179917560871,0.674448248247911,0.139792796763279,0.0645946994344635,0.45441412386458,0.457627728149722,0.626192397706774,0.583841656591882,0.633670150548936,0.689460655221562,0.664642202088668,0.691707225260664,0.638235492713917,0.721228285073355,0.482837705924297,0.471600287685328,0.54303209514478,0.4836412301367,0.481484792803943,0.467077912526438,0.530806425119643,0.224001208786222,0.508542531577911,0.582119198512699,0.269650799749938,0.477163043493746,0.107268459828894,0.250064830466593,0.194811358500554,0.34831115971015,0.122657953132784,0.571835941884612,0.635144866741693
"14",0.364995448621487,0.0841055645765342,0.284884074905902,0.277963360660602,0.484708261355569,0.415282154345123,0.469282155568452,0.341997717109358,0.221119212192279,0.29533186117894,0.550303365959305,0.558507226358733,0.452459768919507,1,0.270020563340512,0.126072595873494,0.638501034229692,0.645937547049371,0.580057804326034,0.490915834696455,0.547136875550838,0.585536477167322,0.548251855593233,0.402680428282577,0.186029582584627,0.277728562040733,0.407763127624153,0.617214920810697,0.503262892112811,0.532847717697071,0.61133064182771,0.602261192610727,0.58598631819863,0.400300271292657,0.504869565704565,0.120648074971761,0.293156590978115,0.376597604290085,0.389876400421781,0.549827181421772,0.43244573082405,0.162784393658432,0.0648558821584356,0.499749768466765,0.423423109806193,0.488987565171225,0.374372229548174,0.180955256239951,0.217555909039333,0.55925420104762,0.54341616526096,0.183079517288658,0.0289962071433553,0.480426017164915,0.43516091636465,0.544666317660115,0.548815074207437,0.452775482327353,0.580711663478893,0.599102760890619,0.581635611191527,0.597907348523843,0.583691287042168,0.410215861499204,0.508506722801593,0.439442876893419,0.329369369154309,0.505645776378838,0.435415795711889,0.343542817473658,0.235185577469839,0.407977418063852,0.519170830546745,0.343491283981075,0.403020419567296,0.282278317223798,0.167223048846405,0.235155720966747,0.338998750646294,0.0950991578673246,0.450894217463239,0.57670233482182
"15",0.31270043540821,0.109381034660175,0.263246318472011,0.162352271590285,0.349912298418522,0.218637098392924,0.347884191615934,0.266788186901324,0.152674507822398,0.302956354755226,0.425990322010835,0.387728609850626,0.361057311356907,0.270020563340512,1,0.14377370439194,0.453929697546649,0.462034788319644,0.394681200129247,0.362785641342542,0.376352684665383,0.455095167647418,0.444289124584511,0.360524943685447,0.18936393970526,0.211001119410138,0.354350295513846,0.443303965190812,0.421776048684719,0.443102734532598,0.421759536038341,0.451092142742166,0.445345896162081,0.386334176902168,0.362796915934468,0.134106398903519,0.245166476889925,0.205497162801011,0.299580534955563,0.400898905891929,0.354322065788647,0.217495343172112,0.0431670354171075,0.343728642966331,0.303005351152843,0.335314357612237,0.21927090272838,0.22890396966224,0.192718871736628,0.395380680796261,0.355420758643024,0.0925777759305993,0.0821857617967563,0.259271165392263,0.310629029335654,0.418908847955257,0.392280570659788,0.346326374764459,0.424162399867926,0.462222105110606,0.470164102867497,0.45917176532722,0.419403630976684,0.347485234023139,0.356463961689452,0.323732692751981,0.284169750129829,0.301311674095483,0.305770971699131,0.268422402207842,0.131367259181865,0.32401659180138,0.389515904253179,0.221706848581861,0.294496494313492,0.0496672811458281,0.121016045185832,0.206382274846675,0.237498324029975,0.0831878911312114,0.239328669034294,0.448646089950525
"16",0.0373021859559428,0.13972038401877,0.0492020477539929,0.0151952015082219,0.0813275530548991,0.101016717021762,0.0860577830254128,0.01695642843718,0.0862281600368139,0.120572382993704,0.188818824684785,0.111980469596646,0.200558699037926,0.126072595873494,0.14377370439194,1,0.0845196753043276,0.109984548543985,0.121882286283204,0.128597421744305,0.0841054995725214,0.155461254181337,0.166050919544219,0.22827557706948,0.139138858692414,0.0252709175287683,0.0548902785775584,0.176624427940464,0.15224559507321,0.0741110595118023,0.0561716892007113,0.140759152695893,0.137064762357838,0.156632568035719,0.0608240737955178,0.109215038680472,0.00899040913620202,0.109075095429278,0.0774926446632914,0.061648582582909,0.0916437748434581,0.0542064487751348,0.143877864915881,0.0884660975694492,0.00890903227157918,0.171335923015839,0.0925035720907306,0.00667120139056334,0.0770687520335827,0.161469775733919,0.0952067753757104,0.133337140316054,0.148277426831101,0.0436320880146631,0.0619255787238838,0.101375394995543,0.0671514079044109,0.202745613064705,0.164990185694928,0.137975692379237,0.120261492483616,0.118378192986187,0.150250529047877,0.0672374638724055,0.0425439243232631,0.0675608022901565,0.192928389035941,0.0237766057970137,0.0147334460243667,0.126415815474799,0.0917872098237537,0.0599694960669313,0.146215456551807,0.0714581891024599,0.0447944538264818,0.0469196505971827,0.00382783807972225,0.235828460535662,0.13329604079338,0.0285617747143739,0.157608359562285,0.0960852903171854
"17",0.634731816287829,0.222413674886852,0.517685093142834,0.339204907114596,0.763804986744456,0.601207331738296,0.615019492857864,0.493171967562884,0.134634138889244,0.419855307421309,0.763584211085836,0.786871807600159,0.625987705192479,0.638501034229692,0.453929697546649,0.0845196753043276,1,0.923839422510069,0.72964181796642,0.70303991494459,0.798390008905482,0.859966733078989,0.828095307504873,0.487365775244446,0.359624534621558,0.470602162964583,0.689759069928407,0.829034163685311,0.793900936845159,0.840819006690221,0.890159234507694,0.842532160852562,0.869864408435605,0.637168906745156,0.744856125415604,0.274757890576284,0.430950587483163,0.515247315398005,0.602443474139101,0.803340502977409,0.699425813340788,0.277931518219952,0.0392085163144016,0.786440465725879,0.560123943228693,0.616869752609599,0.482753301903942,0.302410837437629,0.323649728517771,0.785141443738928,0.787082616282043,0.178528003786866,0.0766256176423541,0.702652998795928,0.598523429238497,0.811901606643629,0.774744674679066,0.691884536016121,0.843877634486664,0.857649624659393,0.873065676765349,0.895420747949866,0.821395179602606,0.645134070670419,0.679578909792581,0.751470806368376,0.545866543098729,0.742845363433287,0.691360268919417,0.614544487660462,0.280750659789264,0.635783021267384,0.678963501449873,0.420136376821257,0.605692737617449,0.102377682444606,0.303349821330734,0.257863390511696,0.504607824214007,0.106147509919786,0.612712909542279,0.844306860130859
"18",0.666720978739508,0.225398933687893,0.56068622030763,0.369911372312833,0.772468606244652,0.613976834817163,0.645873076857658,0.483532611919266,0.127201207227932,0.439397875371609,0.796801566072976,0.80402889926418,0.663853329324388,0.645937547049371,0.462034788319644,0.109984548543985,0.923839422510069,1,0.766852747149442,0.738596349136753,0.805221771717739,0.877227241806647,0.831705735271659,0.533243236557443,0.375038940856583,0.456637593848277,0.682788218742045,0.838210948756124,0.796268526143522,0.847499187779917,0.901737704674607,0.848882091056433,0.889796689772995,0.655890155322381,0.767177435896322,0.25948108852256,0.40654838661217,0.565612215364737,0.658563248906813,0.80696794696927,0.715887210678786,0.290415630280709,0.102429084228894,0.816426227928561,0.546578714815198,0.642356709139688,0.492780764136549,0.292247889047636,0.31928091831956,0.840032358958571,0.830920987589462,0.157999579386285,0.0742066095492671,0.715732303658803,0.587569597726292,0.815562835722203,0.788846805562006,0.770667684850158,0.869156530436066,0.878077267301836,0.887750496016832,0.922751571671836,0.844321598519233,0.659667524019604,0.674131508377523,0.792776294463969,0.591988127545216,0.762660056830275,0.685728709349942,0.644119972700008,0.294768979887869,0.686387977777244,0.673787691722604,0.417637268001187,0.639212504484475,0.112678765804961,0.282919175800227,0.270123656213592,0.535937579019591,0.13007329722057,0.676423633119322,0.870302021738628
"19",0.582490621812494,0.167504736608867,0.537300992918825,0.436457623667814,0.607667876022991,0.416447028100372,0.632971467356586,0.578560631030336,0.381077676584894,0.365954881647864,0.76695905641191,0.739503902233925,0.655575278597018,0.580057804326034,0.394681200129247,0.121882286283204,0.72964181796642,0.766852747149442,1,0.496068285654122,0.683203452234595,0.747714064696375,0.692366857092656,0.530895577069256,0.464676094630869,0.241736606801981,0.571857252177682,0.693678802494745,0.696034826022064,0.740699039283317,0.769744924184766,0.699926893127494,0.752056658221646,0.578228731549369,0.698243220598941,0.28857641802367,0.401194559314266,0.402170295040913,0.548616915294433,0.697157806867351,0.718702499597046,0.18856344643344,0.284741386611983,0.675054668415584,0.491212390047919,0.642714960226717,0.467330047470039,0.316872964300684,0.266975725090368,0.748343128480527,0.76166758631733,0.0965392622936644,0.0301275343512934,0.564445760689203,0.637221452314054,0.735152654607016,0.741089514991877,0.617562601956046,0.746568550627882,0.784166445999913,0.782134575309952,0.75855190408404,0.812213745830022,0.502434669850349,0.565796554968795,0.663460246113035,0.494444398870398,0.572159119572093,0.520847894920861,0.59798469421369,0.198161299567752,0.614319577206501,0.628017065004034,0.392376306312262,0.609885907030253,0.29295723101334,0.264470575748542,0.242998043582094,0.372012244291387,0.191680690393105,0.586763014028075,0.740528721158283
"20",0.484753860427277,0.227698606150976,0.426416779493661,0.201635666114384,0.646275455327027,0.61442562712048,0.469269901631978,0.173773729704131,0.108919631176461,0.392870458046409,0.578681483736557,0.617052328087813,0.452680916854077,0.490915834696455,0.362785641342542,0.128597421744305,0.70303991494459,0.738596349136753,0.496068285654122,1,0.635127508899736,0.666890010067818,0.644082065045018,0.398058960903251,0.172990656044612,0.441793167906065,0.458656540121259,0.69512447852609,0.580217616990849,0.585466703313481,0.662707278854821,0.699996394930094,0.64838724128196,0.510017659935475,0.520521103281429,0.139090519150759,0.21211238329485,0.531003909863758,0.514775218530101,0.5861115690619,0.460232635154121,0.278578248168561,0.00304767999564142,0.658717175437471,0.320118953438437,0.452071817231547,0.340049000763796,0.179795001368589,0.261418533998348,0.681404472224905,0.612573458662958,0.217367844753752,0.0249213385876752,0.589723091334109,0.337656704635856,0.586650123932787,0.513616719635134,0.668959391832408,0.646228794071349,0.676144982095833,0.672228410867967,0.726693507813463,0.610285189856899,0.381626891120581,0.50478210602371,0.587996552317292,0.535335785291606,0.697409249279012,0.556579085128167,0.498356926117497,0.323749274904023,0.542447951323954,0.490465543800957,0.26663726520184,0.431703958937657,0.0106501801918233,0.155116439287374,0.197250401544895,0.428868433602331,0.104972822744935,0.555549408554804,0.663401481306083
"21",0.576191207637318,0.212069185713389,0.543605664705346,0.387867189806709,0.67973531492134,0.580044191981801,0.560977624403558,0.392445281128448,0.0544356578517867,0.404086405631838,0.73188406537247,0.724440784153637,0.602593825805551,0.547136875550838,0.376352684665383,0.0841054995725214,0.798390008905482,0.805221771717739,0.683203452234595,0.635127508899736,1,0.78031953228064,0.760136185789697,0.475798384735853,0.310419011273432,0.383976930565833,0.589567175278327,0.751162018834785,0.746117132444174,0.753555667011068,0.792517086610077,0.77677440237759,0.81083631603286,0.566270142845594,0.703154513699084,0.285966749310454,0.332444910571425,0.445283927577856,0.604147920669221,0.735749124269624,0.649763149890229,0.246904010730405,0.128713233981988,0.726539112691822,0.421241750614417,0.538068064918722,0.442738554309286,0.206436755659469,0.36247947304343,0.756464703375846,0.75163637729439,0.103698232116264,0.0984778197545269,0.613110285024349,0.519944349720773,0.709986517426019,0.656417913958473,0.690601109081457,0.762609840474927,0.809300084284418,0.784239956580923,0.811149913042205,0.778578319382602,0.551802134453783,0.558233395030263,0.716354805649382,0.544955531584402,0.679746384613322,0.628877727067519,0.575400934899388,0.209056324538108,0.56051533945682,0.634054627157916,0.305510852378476,0.593627973709094,0.115584548759976,0.29796717089354,0.312034402596529,0.418297502318359,0.109701027113465,0.625110075284706,0.748658489227789
"22",0.616661839472532,0.252585948177921,0.534098037382563,0.363427225041143,0.712403211449247,0.525755367600806,0.633167751642586,0.481988851032941,0.146900834589362,0.42468145845992,0.77875775391517,0.791571781179074,0.65800039927237,0.585536477167322,0.455095167647418,0.155461254181337,0.859966733078989,0.877227241806647,0.747714064696375,0.666890010067818,0.78031953228064,1,0.835267269655708,0.566680804061648,0.379771225295632,0.358339800039137,0.631035573878469,0.806399324987427,0.801905704232582,0.81586605577587,0.856255426835982,0.831375817086804,0.850612343761771,0.640320022983925,0.767699685304442,0.216385912908684,0.395461472687508,0.469201182929634,0.620087212981496,0.76079715320865,0.710923819226192,0.256780002735939,0.167076623428743,0.769508985497849,0.544588397192936,0.63811676981488,0.47613525329496,0.281934054174755,0.317895286632926,0.804105326410776,0.781441480330394,0.183494278629922,0.11433078890985,0.629705003889183,0.554681512580869,0.809887299507376,0.727020364630314,0.723272553982536,0.815813034602646,0.850209572697305,0.853839294302153,0.868858565492375,0.822366033585531,0.614114736780634,0.668592291591864,0.727466368062016,0.550791079380098,0.680631966735973,0.633353608428869,0.642592198073082,0.261274734330538,0.644707828781274,0.66745817982678,0.400606005131768,0.618809370850501,0.0979069445032285,0.274008947067722,0.271884868779971,0.521815614072977,0.0945329611293452,0.646577472335297,0.816088963331353
"23",0.586115527411173,0.228165270051745,0.499294707791986,0.300345274474386,0.687604929909341,0.53399426665963,0.585195269946655,0.417399406910733,0.101987095786105,0.418450315000667,0.724276162127073,0.741470082195219,0.605378354208728,0.548251855593233,0.444289124584511,0.166050919544219,0.828095307504873,0.831705735271659,0.692366857092656,0.644082065045018,0.760136185789697,0.835267269655708,1,0.574145444067732,0.357648589003421,0.353218778482478,0.629616179553806,0.800242275546114,0.784154468434023,0.763538459816227,0.785717920222701,0.807451023100004,0.814667717872357,0.614091639628395,0.73359686772995,0.193097232856374,0.33801300711993,0.452244654984154,0.561437192064344,0.702732323940295,0.646447695979931,0.238140322346399,0.185749610762929,0.730442521374214,0.517876249864285,0.578617871676285,0.469474049681086,0.242334727230683,0.306873012760202,0.777370624608737,0.748869124602357,0.193053912997661,0.122651858654523,0.620572930893658,0.539944690337134,0.750108107352476,0.65657300712461,0.711626816226065,0.797785728591494,0.80998692593437,0.786808800908857,0.831801359466168,0.77946691102304,0.611207591461503,0.620504644458748,0.675337025490171,0.556992124986931,0.64872280418771,0.605495526342175,0.621590041988094,0.273405937845883,0.601508290488441,0.649017694504751,0.354544655179556,0.519536572363363,0.0948455535031185,0.265479086802617,0.366562769762285,0.524376773858136,0.0563381478221526,0.608862474773977,0.750685302503843
"24",0.312423716704226,0.214245880626861,0.255731914105569,0.181014979192552,0.370747566579614,0.272586672443153,0.414337126483737,0.265994754469242,0.186882278220493,0.3066940802774,0.539626117476294,0.517539402352743,0.54160314156081,0.402680428282577,0.360524943685447,0.22827557706948,0.487365775244446,0.533243236557443,0.530895577069256,0.398058960903251,0.475798384735853,0.566680804061648,0.574145444067732,1,0.368012747141364,0.0213461097060321,0.387360855952467,0.521190379665053,0.510787196912538,0.538115467195971,0.47559229649025,0.588199075357837,0.539216380090858,0.532206044417625,0.507631761627772,0.0538098731100662,0.10816702804595,0.239889906818016,0.295574408407093,0.419736935814274,0.540040383407991,0.133606161044895,0.308761246024775,0.441226011259313,0.348725308954607,0.454764206191384,0.342171890910705,0.174443072484535,0.242260308474763,0.598564279151977,0.509357865587112,0.25568621952955,0.13959590360457,0.286222431831632,0.373198227176347,0.526170685779041,0.442614029724838,0.523384559379022,0.610647151355714,0.531308562796564,0.559904802269477,0.517062114712052,0.530883643799257,0.408584774999198,0.43713661273667,0.334556823323667,0.393433686678011,0.265370690396451,0.240355243909102,0.377119032020539,0.229605948468421,0.467313842103004,0.562275565636053,0.256413353940163,0.380185625288259,0.12716868642139,0.104999586078678,0.374266481260115,0.32798066618573,0.0328862127761096,0.51746631217256,0.466855327687101
"25",0.287704996575304,0.0818013501118656,0.242736435867513,0.125416401585879,0.291392428496092,0.0893191665684233,0.271986355680087,0.417796919874589,0.324513208946958,0.277932145250136,0.411529597873074,0.380629135849446,0.452757097524136,0.186029582584627,0.18936393970526,0.139138858692414,0.359624534621558,0.375038940856583,0.464676094630869,0.172990656044612,0.310419011273432,0.379771225295632,0.357648589003421,0.368012747141364,1,0.0142721370131324,0.305984720055257,0.338394064045645,0.404914802786499,0.446308340490866,0.363856795190246,0.35116543705434,0.355619996885311,0.255627306804758,0.269424383697114,0.122246938507408,0.0882243340916617,0.181382651862989,0.163319334625741,0.221840935658098,0.390567389558847,0.130453446372125,0.366804567689852,0.276043461354006,0.235036870781688,0.330125716362083,0.256143657355107,0.142606577411019,0.153979218668659,0.402617281098593,0.37877055257624,0.0527757474331773,0.0770059638478513,0.256413115606933,0.33153520493851,0.389307286629849,0.354125259476403,0.373122350912863,0.503241660594714,0.355117360794292,0.393183607862829,0.385166780461963,0.46428475482931,0.310766532538201,0.245974570296127,0.282004364907971,0.315344651490507,0.163499882970947,0.290285361310966,0.376717004692139,0.0121514570887655,0.308533984834508,0.36767860495333,0.0567560489626674,0.286959140348315,0.0904659100414245,0.12838439916696,0.119027404798917,0.154055767947411,0.025462293866957,0.271857655930415,0.317620858066764
"26",0.2700293178229,0.00198142594885811,0.258781033625551,0.0378277910314097,0.368291047188364,0.444662719069304,0.170132796886035,0.191735012929133,0.0666597490356693,0.17344413084491,0.286302984800993,0.298175623164015,0.179991880596456,0.277728562040733,0.211001119410138,0.0252709175287683,0.470602162964583,0.456637593848277,0.241736606801981,0.441793167906065,0.383976930565833,0.358339800039137,0.353218778482478,0.0213461097060321,0.0142721370131324,1,0.402700475180044,0.431516241052929,0.395006424429376,0.240936961565783,0.37593062797497,0.340504026597419,0.369693963296417,0.141309733008146,0.237153049210443,0.150227687820343,0.203735025723512,0.343094741759281,0.277229939540426,0.34993496746182,0.166522645066317,0.222571704243186,0.20570585435491,0.352730281305408,0.211844458415483,0.159513394199487,0.147827000345202,0.0610896847397755,0.117414044736723,0.249874817534907,0.326194807293739,0.0195619063216481,0.0975538144418031,0.441701540005484,0.210620632200727,0.301993620984046,0.247788486579749,0.377188472088935,0.359557859309907,0.381760034437524,0.313257466808285,0.463325992205306,0.352698040837183,0.218402478023506,0.265569854530508,0.40766477726491,0.309138896854232,0.472157976540576,0.382238486900144,0.238253138710483,0.0752494866758751,0.170475742921501,0.238218135280109,0.169913039047325,0.214804427426861,0.00296361814910344,0.12368407681168,0.0358843928407478,0.24701227053782,0.0233079273900051,0.16196481388917,0.378366149740255
"27",0.473503331359904,0.114361940228569,0.345267138880532,0.245867494405296,0.503463250929743,0.439652726226878,0.452837913224521,0.486844392621043,0.185799786519878,0.259294739020127,0.585284632380211,0.539552317228049,0.44317037347337,0.407763127624153,0.354350295513846,0.0548902785775584,0.689759069928407,0.682788218742045,0.571857252177682,0.458656540121259,0.589567175278327,0.631035573878469,0.629616179553806,0.387360855952467,0.305984720055257,0.402700475180044,1,0.622202281577594,0.620712641674345,0.611486069769373,0.648136629484825,0.631010630204708,0.654874897119117,0.438921510247288,0.525617802686311,0.260170190682299,0.294798123554641,0.348105642845048,0.355952430872575,0.592013733772518,0.522313636905967,0.225928072436681,0.00774259379293174,0.562509617947569,0.481515363205532,0.421908603748932,0.346175492329134,0.267306508659854,0.273508045941519,0.525907449518497,0.579760615796292,0.109515283472044,0.128442565150282,0.500246115807623,0.531923068133692,0.600996683809025,0.610183971069479,0.48564285092663,0.643739117244746,0.633677705275234,0.639574265412741,0.69025894043181,0.599523433284752,0.497340008913785,0.504795199547643,0.582401462443352,0.396355903206099,0.495348340530812,0.469568189894717,0.419705299430743,0.144386678932282,0.407557419004008,0.544960007232798,0.314578031164127,0.476936450707065,0.0848017675558948,0.236865029044166,0.318616038923713,0.338668098064836,0.0242218781517113,0.332438953419642,0.555527879672341
