"","1","2","3","4","5","6","7","8","9","10","11","12","13","14","15","16","17","18","19","20","21","22","23","24","25","26","27","28","29","30","31","32","33","34","35","36","37","38","39","40","41","42","43","44","45","46","47","48","49","50","51","52","53","54","55","56","57","58","59","60","61","62","63","64","65","66","67","68","69","70","71","72","73","74","75","76","77","78","79","80","81","82"
"1",1,0.120329831878292,0.115416103097904,0.311849469914539,0.248249259006186,0.338203402541428,0.239791945368239,0.304329843326467,0.158188476815021,0.372407245433934,0.25624663344309,0.070499316764306,0.312960743987181,0.0883818373969208,0.186326182312627,0.0477334381154804,0.364534956720354,0.289522541829359,0.279923219039936,0.108029798494309,0.280497479420337,0.144641860384599,0.242326077312338,0.210989423851182,0.194973872488627,0.290770036159944,0.217312487385182,0.296152693714378,0.0336443059399803,0.220383771665268,0.212102190824451,0.308027520018802,0.305499640886097,0.362937735757512,0.31262391260823,0.222764917532736,0.117425278539919,0.13901964478579,0.147967618206035,0.369107600708499,0.189648610057729,0.0811961468687999,0.244786468370392,0.290659848890481,0.0633030957810052,0.0380892317979973,0.271906813669794,0.167165651425859,0.376747885084042,0.0287373952713707,0.103945485004381,0.0617136484500959,0.0421507745268734,0.240124909227256,0.158119837681488,0.161890444006712,0.334508800371822,0.293734411494936,0.239122606304534,0.176612002080953,0.28368305885944,0.340404306927419,0.181867534256792,0.209141102028277,0.282155852522129,0.348671736661876,0.191282937517817,0.236686549805022,0.234770621174144,0.17414026398342,0.269127795340131,0.277033872184841,0.0336973320048378,0.207441851936122,0.220900094599145,0.0332516128587473,0.363913162488718,0.368650410475987,0.348360298104307,0.242870603940972,0.19410277882673,0.261221629273127
"2",0.120329831878292,1,0.0411108362624561,0.181056474566805,0.190552850505772,0.128675848697421,0.150754882461583,0.158885598958489,0.0738610354852992,0.152401752579432,0.18984036826988,0.0265611013647649,0.166944016756593,0.0809947705628075,0.115280074989363,0.0175579846645932,0.236969826784116,0.20946964341009,0.183474762721851,0.107713295731035,0.181538941555496,0.0916030120067643,0.11729900571899,0.0949710710185845,0.144885120368645,0.164770509727528,0.115327158019632,0.212700520204755,0.0512976296026026,0.171465002064833,0.198558502570116,0.211397385282244,0.14912738053305,0.235210028213005,0.20576147021257,0.104958331085811,0.0644972728596711,0.147726930471374,0.118624452215475,0.233716914671011,0.0674534153449628,0.208060872637244,0.0498390724679131,0.197712048291163,0.048677212615101,0.00588483650276562,0.150159712491348,0.0276466078679024,0.258882081581785,0.0109039027808632,0.193770976116527,0.0873682277202661,0.0319043266613565,0.166741795850092,0.0561147683497409,0.0837857287868844,0.188483170745978,0.175220809352167,0.21459340510373,0.10309649147966,0.190537314090344,0.245379274212908,0.122400869219512,0.215369637950576,0.162367964246472,0.32978517842238,0.186870921143252,0.195283198723481,0.167376173423137,0.0877834328832484,0.1975844802303,0.176171647046435,0.118762488532699,0.154518186254712,0.0945057782298449,0.0407398483134898,0.300184653683007,0.301091241397469,0.273240789443293,0.18345118814743,0.09953106554403,0.0961115945764646
"3",0.115416103097904,0.0411108362624561,1,0.180758754325248,0.0684506902294967,0.000492493882884733,0.150169294928297,0.101441541090607,0.100158559637472,0.128396564189654,0.114771566722198,0.00630170869858721,0.0983843819860642,0.0172675950879642,0.0463933104771729,0.135150114071443,0.0734481502480257,0.114483201113821,0.0903883391633961,0.0271238190685806,0.0874755673799834,0.0327647241381946,0.0982612363933788,0.0840249316647886,0.108276212099965,0.065876852197704,0.0780670848851777,0.118918288700792,0.0711978677532772,0.123740195264037,0.0969100346747845,0.089330003370061,0.0997959858560131,0.100880471428147,0.1822998362568,0.065029781491425,0.0477600408973732,0.0335416920701182,0.0160519415098932,0.136082665000001,0.0678649789853468,0.044714146537152,0.115451506056368,0.11400598733146,0.0471700187574167,0.0580603191773453,0.097417221153875,0.0313742200336838,0.123905686054561,0.107391487191644,0.0351512280234303,0.0795081041973293,0.0319104631802222,0.0813802931441188,0.0151327666586649,0.0170350845456924,0.144940006261261,0.163115825847074,0.0747785284681757,0.0144817018235338,0.0847843907260828,0.0988426706628571,0.011433594988302,0.0368000852655039,0.10794914191842,0.139481729779227,0.0391174593413939,0.071000128246824,0.0885436204760752,0.0240443108593545,0.158494669052891,0.109786716056334,0.166507171124947,0.125702975953827,0.0732535124333247,0.018639568642588,0.108452863699768,0.138733093245688,0.117152884256744,0.111581479615447,0.0483536355664204,0.000550484471413364
"4",0.311849469914539,0.181056474566805,0.180758754325248,1,0.535590046878316,0.371706654971266,0.55490859745118,0.480738801196865,0.229161089586668,0.630165693052761,0.528639949331237,0.347377270826246,0.622324396852052,0.284643705015144,0.380069103280224,0.194857461526033,0.639637227317187,0.619310844651119,0.532498672099026,0.44469134696017,0.625679038331101,0.447332907660736,0.606742415867354,0.361656886106406,0.46999088188734,0.493333036239056,0.509623682103321,0.648278044396357,0.137338232016145,0.558053171800696,0.57426459043906,0.584013242293441,0.60335526881628,0.503316949274468,0.64742761028875,0.32533353785096,0.278016945921607,0.227384342650999,0.266679032162418,0.644131160508476,0.474998624160752,0.275617142578199,0.227756309870944,0.519898915847602,0.179118783835058,0.163317264444927,0.535853027323845,0.172014026241662,0.608480820526561,0.309283327292939,0.374331963348029,0.243094812676259,0.0353803035301276,0.550889653106001,0.399429002059711,0.413651404742828,0.67033325415858,0.623261670490564,0.56785430078241,0.473294484518901,0.613540490672104,0.642100725007731,0.400130027588527,0.28665996348235,0.613852400582856,0.585663655826012,0.520941066105645,0.518744336844673,0.486637893071247,0.45525071402337,0.287943756894503,0.544720232436096,0.0997754869821215,0.367463244710717,0.0927611853252062,0.15607133270218,0.560218093662499,0.618412857804596,0.590395561230212,0.377784277702382,0.143838042631448,0.483598346481189
"5",0.248249259006186,0.190552850505772,0.0684506902294967,0.535590046878316,1,0.553871085156628,0.597548702490901,0.616172282504187,0.391173093421368,0.757402489081892,0.64958414710045,0.450209088302194,0.759173921214335,0.26273423039915,0.497670266629262,0.136891162803121,0.818482536681865,0.750102377405384,0.701992940259666,0.657955709996039,0.796091415801061,0.663579537132065,0.747513696409288,0.403312995507091,0.591454402502888,0.614340185443324,0.571428565696649,0.795091490002595,0.233842130437559,0.705959846895232,0.728265251524332,0.763741929189297,0.757189938755623,0.705684978166402,0.711261880494859,0.327319017210894,0.437483378183893,0.38968460658596,0.364643642494706,0.772547209197328,0.638662649873739,0.418248212728417,0.300523036006153,0.695183184989509,0.198294062783063,0.177824816062021,0.648186483467415,0.202688160136965,0.688516265067549,0.545337304625119,0.613343202333679,0.136917272310034,0.137924336551342,0.636730663276039,0.494793893507581,0.600155376351601,0.789854532729355,0.712997350633546,0.719314846768659,0.730743745772969,0.786596628154381,0.82626893633144,0.683812186370963,0.476371525152102,0.768455150648466,0.735349156439442,0.593702635817372,0.648571347585931,0.583613959415112,0.60974032269114,0.190942942946416,0.622554429781015,0.0792190362200208,0.344527338014015,0.0549176979045734,0.13801300179989,0.657211110215432,0.743353312312376,0.759002692522343,0.42567883412363,0.131322040125388,0.688261575059443
"6",0.338203402541428,0.128675848697421,0.000492493882884733,0.371706654971266,0.553871085156628,1,0.393999011871955,0.502251893173526,0.34285915361946,0.557431820386977,0.565756839547364,0.361688674642534,0.558558137224814,0.182093321302239,0.34267045119113,0.034367515270264,0.624377296231037,0.55073416487917,0.514385245104454,0.509986073351848,0.543508168596193,0.473436600114221,0.528456754876698,0.312068559845218,0.391166429070015,0.482377934916047,0.43429959700099,0.575721244781912,0.115227993869215,0.440972211713062,0.489636787811822,0.589943675138684,0.535136520752618,0.572024250212863,0.450293596863382,0.281143942059397,0.250864772077615,0.344347335765338,0.373836448373937,0.553769659305137,0.469392589362635,0.142068254488207,0.38222949217493,0.57120753986172,0.0600552745361948,0.129574532291954,0.480218609871673,0.273453172002621,0.559294414559147,0.414720033337201,0.465154152189694,0.248212992911767,0.072045016480691,0.403781677827801,0.346876263241797,0.455383612660139,0.579285335037707,0.534346811397885,0.566286767148582,0.595718586885306,0.570236690642519,0.638472740678235,0.526013215401482,0.26197191497924,0.538053078115772,0.520024448077771,0.448900543308469,0.539795706529098,0.401236974403514,0.458293625847651,0.192793345454862,0.380627866348553,0.174055043818055,0.307482830086115,0.123984718259587,0.0902532148160022,0.492883907673588,0.527509549632732,0.532849921894182,0.30241229107684,0.0411033743429311,0.528886314270798
"7",0.239791945368239,0.150754882461583,0.150169294928297,0.55490859745118,0.597548702490901,0.393999011871955,1,0.512139944838098,0.323817732266599,0.65560134269832,0.594470223531539,0.402606495072492,0.661588241912113,0.372686562962747,0.481968768619822,0.191613493235781,0.686787770406028,0.662948307170218,0.615928115114205,0.573191188730603,0.66329616800645,0.545610446985307,0.64664651912004,0.338046376434783,0.511833673360775,0.53806141049433,0.562393219430417,0.710348454437585,0.197755698961958,0.614871453076489,0.633412194164257,0.645254956117306,0.668791126485502,0.515275251362901,0.652590464493561,0.314957395339166,0.291411272312024,0.260866139175684,0.334633859428093,0.661682383512828,0.539508936048503,0.333509538650291,0.208029999883487,0.602277064698053,0.205945810452345,0.170266196519718,0.592141098274737,0.110593936050678,0.61693803693566,0.447534365077636,0.497237163781808,0.250548090373149,0.0149273692655378,0.63258151759657,0.446083673321175,0.521213235136348,0.703414559620678,0.642063080447944,0.62316454735828,0.550619555548484,0.657537386657221,0.6811759946432,0.520902421873274,0.327776646509454,0.683805497402731,0.5801589551686,0.582292467503699,0.595841382176318,0.48737594342802,0.533496227056618,0.230269310446025,0.578224822982099,0.142131198087199,0.385041247462832,0.0325895661226329,0.133349525943677,0.4871840324279,0.646317952078966,0.640058568507013,0.359537357676928,0.0748882675325684,0.580842890890029
"8",0.304329843326467,0.158885598958489,0.101441541090607,0.480738801196865,0.616172282504187,0.502251893173526,0.512139944838098,1,0.366311702947511,0.686231657011641,0.614613432105665,0.453287005858634,0.666179679097893,0.254868937586158,0.440215473760874,0.0470093890885899,0.71453790937024,0.696070357008333,0.625145017992291,0.540237606820542,0.687969847810926,0.545423983291728,0.647430508175216,0.460866713175619,0.533654817162628,0.554215239826914,0.439683957238268,0.661937283833959,0.211943352849729,0.588312103247205,0.627663562603986,0.650308939736724,0.703969491359494,0.65528864309286,0.618349642896421,0.350909480428434,0.287347555811841,0.380232636679786,0.334933002546039,0.675705620214654,0.545685428087553,0.330269845611003,0.251835612259928,0.643797575529098,0.137109084524874,0.188320726294204,0.562978773806984,0.148867288682185,0.638767181851801,0.406567248920818,0.492757158113114,0.191697923994146,0.0591361647362155,0.599239035410101,0.411818076699018,0.558577087725507,0.697807947206888,0.619011175326223,0.643892206826457,0.597837142095287,0.696336168689182,0.745873286884632,0.57274188732549,0.344370811095112,0.666728765824353,0.672411366872726,0.52453775433624,0.55356682143662,0.56403643227894,0.518396537117835,0.182068132962337,0.558003113246146,0.0831266020829609,0.39215326643423,0.0413335364054048,0.0898564019585177,0.562568549715357,0.680697286536397,0.658341125936267,0.416707548350394,0.131444189821379,0.658830898249303
"9",0.158188476815021,0.0738610354852992,0.100158559637472,0.229161089586668,0.391173093421368,0.34285915361946,0.323817732266599,0.366311702947511,1,0.348503991270773,0.292783328258448,0.166874127248065,0.436905860394693,0.22084221761418,0.318417406037898,0.205387365160801,0.439450962232669,0.230511849032627,0.260653081207673,0.34030116847742,0.410767127993881,0.312163341079267,0.242320789782369,0.119239058210562,0.126576014839245,0.369687297444726,0.351749804692892,0.380464277255483,0.311357808484923,0.270744479913273,0.33825605948344,0.290995225822582,0.341589073279419,0.419445301845253,0.234501083744274,0.194984268130022,0.161764684964463,0.155260007980666,0.302887228899371,0.430968410615851,0.355311951707599,0.139540631520721,0.421254609771488,0.414249777284287,0.234874022850951,0.147992394878362,0.294808539774941,0.157906736570625,0.449234136326437,0.253155818916034,0.440665996447302,0.0827410042333565,0.162556420793077,0.333651773330223,0.0570071878516454,0.194511868294249,0.323044291108242,0.246167766810352,0.235998048626671,0.425416132829143,0.306869417126145,0.41177693108064,0.329657806045781,0.0967587016891784,0.33167699095854,0.332541285947568,0.301872453612539,0.501705653032673,0.213061087680544,0.391589595591747,0.124341468768464,0.257237817297398,0.14007021446006,0.251410602554234,0.0337793412627472,0.082934762510224,0.367090575210667,0.488044166028345,0.397644541145567,0.260009497172228,0.0624772478887557,0.338917220092546
"10",0.372407245433934,0.152401752579432,0.128396564189654,0.630165693052761,0.757402489081892,0.557431820386977,0.65560134269832,0.686231657011641,0.348503991270773,1,0.688308425218467,0.492616954958664,0.807314482106092,0.263643867089669,0.516442162964976,0.19170992387211,0.857211587515518,0.807966019335094,0.701051389631265,0.614437649123285,0.825258560009217,0.653740729312829,0.778806293581427,0.54675262570712,0.590499802813783,0.613195198451256,0.620048748464605,0.811333043137274,0.274573154597311,0.716213135537058,0.734774959655426,0.768259495842655,0.818661453977142,0.684866627335409,0.77295384363503,0.40788633896421,0.405521360127227,0.287394532177045,0.300087017458299,0.798731988532192,0.645556139772497,0.323512909221992,0.29923649975249,0.726787631421068,0.258143794059623,0.228790954755492,0.69779722678783,0.185916144332497,0.724677091897901,0.508216494700661,0.51778459382337,0.209912699397065,0.0463340756644181,0.672590188845938,0.547294502090328,0.637057354262361,0.853231342017481,0.803920890717837,0.727347713351922,0.6918211884616,0.815457730885998,0.84770544742977,0.668203249289758,0.438152437494534,0.80121763725089,0.735453641528557,0.617419404650993,0.658015166100488,0.599467617887083,0.614374278643478,0.260339328070857,0.629476656879634,0.132785738097779,0.471680322345185,0.0443681867268008,0.105717731209724,0.644791389285662,0.762486913591136,0.768888450202356,0.471854808714578,0.132777669575382,0.721968226064919
"11",0.25624663344309,0.18984036826988,0.114771566722198,0.528639949331237,0.64958414710045,0.565756839547364,0.594470223531539,0.614613432105665,0.292783328258448,0.688308425218467,1,0.493980462911561,0.711268039111532,0.317319430320319,0.475830300889302,0.139888882017585,0.733552960856879,0.722262175477364,0.661001049240718,0.647049976918011,0.700401105633445,0.586950724433301,0.704800660443195,0.456154907969561,0.594597325651707,0.516216871108966,0.465404757974609,0.740640180753193,0.294171752519275,0.640658709409852,0.689490632463322,0.737073319846829,0.699469751453929,0.602586015028704,0.615019067845502,0.35251636106083,0.354045257905849,0.451644308140888,0.371913742206198,0.689958346982307,0.547692005079733,0.384232486390921,0.211480687261254,0.676473736139536,0.294457859161275,0.315598187034731,0.524496159647481,0.110411064266353,0.667407724871114,0.50918383288614,0.606676102967248,0.210500450109015,0.00391935681557441,0.585623983681489,0.503652725941763,0.606935040205311,0.748135963156001,0.64349784060799,0.730000717224212,0.689054706277564,0.73317918240721,0.781903249684473,0.61476039086869,0.370857908354722,0.718291757599901,0.678429235703882,0.585093200328396,0.62672603853128,0.616174571298801,0.535302353731949,0.208013729597537,0.546830996275975,0.187845410614015,0.364951999302358,0.0594175539834003,0.0497957708736304,0.542864755573401,0.65341278410212,0.67261399714999,0.375579616072583,0.102837377981325,0.644609048504122
"12",0.070499316764306,0.0265611013647649,0.00630170869858721,0.347377270826246,0.450209088302194,0.361688674642534,0.402606495072492,0.453287005858634,0.166874127248065,0.492616954958664,0.493980462911561,1,0.486776994322186,0.260771020080074,0.40155403049768,0.0973528193072372,0.530925910306062,0.527372248303659,0.473375287508075,0.516906825298388,0.52244906182127,0.451084552470133,0.512321055067388,0.348273941725802,0.391670345949606,0.39313237930314,0.367269240525734,0.514292144194082,0.256097297150061,0.481450826566346,0.504987006729358,0.516539249260187,0.529886005600353,0.402925229634214,0.437032064298795,0.223117094829567,0.292775183716222,0.299161631742318,0.280421150033316,0.466174699089052,0.465396339443771,0.245367880497557,0.114905059921093,0.451113331280968,0.206776518588815,0.258774934175109,0.382407453842547,0.158542477522893,0.440410519252109,0.410319320738983,0.423193343142188,0.103763900948654,0.0178416242467811,0.441943775326985,0.349143106352363,0.436672031305893,0.525424419932709,0.467290771712727,0.521963163546717,0.505351020221729,0.551568238554722,0.53021285733359,0.507119249657409,0.314371029644448,0.515605004761936,0.441634369388003,0.452144935202852,0.429787662556318,0.42154826973409,0.466212489142333,0.0436355108186653,0.396857687337866,0.119679052986203,0.182836450883318,0.112732741474415,0.143175533984358,0.307784000690258,0.454230955816769,0.43102015186514,0.226604622656624,0.0247888287950804,0.449321932319909
"13",0.312960743987181,0.166944016756593,0.0983843819860642,0.622324396852052,0.759173921214335,0.558558137224814,0.661588241912113,0.666179679097893,0.436905860394693,0.807314482106092,0.711268039111532,0.486776994322186,1,0.369293363991417,0.53071196915629,0.155814585508305,0.864015359263996,0.805054328028523,0.715639717436848,0.649103998747604,0.827527009523765,0.680038120181273,0.78530067504149,0.455920283457573,0.600657725661964,0.622600946606418,0.607607871757052,0.822903997590013,0.24817453331464,0.760046128475002,0.786792390201354,0.794516238808632,0.81552635523313,0.693680444873057,0.746970739529036,0.416440302353161,0.455396206241547,0.341724224908716,0.352757950706074,0.800463841604465,0.677294075663775,0.398441336152586,0.293245910489379,0.740155350533209,0.17266950510665,0.215042713825638,0.692882423890287,0.18227330504276,0.724271572715188,0.543884164054838,0.598084520996782,0.152002054192852,0.0797253740063975,0.704630090865854,0.525652835827372,0.602292058523884,0.831566029956903,0.782481667940025,0.74334524328818,0.723456702439879,0.813343707463475,0.858323616104834,0.669042678309701,0.4425115190991,0.77948165399249,0.74076734565742,0.672668616269804,0.696969838480726,0.577699187988135,0.650103386922415,0.21433096271414,0.678228819919034,0.0824284222986439,0.47247593769421,0.0174989419716869,0.139921869628228,0.632657981339834,0.781198050464266,0.766452146544329,0.398297008887153,0.0773350176374085,0.708936942801918
"14",0.0883818373969208,0.0809947705628075,0.0172675950879642,0.284643705015144,0.26273423039915,0.182093321302239,0.372686562962747,0.254868937586158,0.22084221761418,0.263643867089669,0.317319430320319,0.260771020080074,0.369293363991417,1,0.336189684525365,0.170220292401976,0.342749183202313,0.357153636978952,0.345605818135806,0.314467370296149,0.340641611856968,0.321615993029479,0.298598494772118,0.074978312412635,0.256294884225779,0.324666222747662,0.351953305200851,0.4331682651817,0.053392667630923,0.343089039431424,0.40542162768443,0.348041640297406,0.325666410857188,0.243011308714079,0.360244934685777,0.174983309692743,0.188687635436745,0.114680920564132,0.164140578181873,0.378133105003434,0.355295743619382,0.288805691966295,0.00241723974290856,0.338526364706929,0.0260129247585612,0.103687611512584,0.276707360049641,0.0604315162396066,0.332342541936043,0.311082298230353,0.377886399092767,0.233724491235794,0.00449245693077903,0.332981918345717,0.230685280836543,0.222704269947528,0.328684538818838,0.349740315638422,0.362847851396772,0.288329583621544,0.345770755386675,0.345275846301309,0.287113638152142,0.103952104715019,0.373839368703168,0.309018624888198,0.386644517629831,0.349929090117822,0.239902259589871,0.317194697597295,0.0683959141447354,0.317579848681314,0.0994898212065081,0.22523554172029,0.0514555873894467,0.129125658154374,0.208709601084545,0.3342657453929,0.345624114592959,0.138905821907027,0.0836662488722283,0.275723425200317
"15",0.186326182312627,0.115280074989363,0.0463933104771729,0.380069103280224,0.497670266629262,0.34267045119113,0.481968768619822,0.440215473760874,0.318417406037898,0.516442162964976,0.475830300889302,0.40155403049768,0.53071196915629,0.336189684525365,1,0.0668887215343762,0.5577839331712,0.52327778737262,0.489592273110319,0.555970339645286,0.545351095799222,0.509791528249575,0.542291133174931,0.318063875197021,0.392277402350386,0.446557704451592,0.405024360071595,0.584518123756282,0.144420284146667,0.503436758953605,0.549626953633241,0.525597323071006,0.555209568904936,0.430687556022614,0.501822890243784,0.251211153739614,0.336976173417754,0.270035509182527,0.309024342288589,0.530429062126167,0.477165220151589,0.344237887190085,0.192009080971963,0.46433457047387,0.127126821284368,0.154096449165144,0.401009729012299,0.116634770495249,0.446839229830092,0.411755898520211,0.477087899408845,0.167593628304492,0.0815384224434474,0.508728496158507,0.356822110264162,0.473567492717527,0.557952891458405,0.519193415359789,0.51535353091208,0.509014522471922,0.565452218732945,0.566016150709695,0.496121824358644,0.224485414744541,0.561738047339464,0.495197222210082,0.484120481212852,0.478472584897232,0.432908007377428,0.450178110232635,0.0909790897697135,0.45818204971878,0.0717108496009952,0.250645134958935,0.067745356924646,0.109749490173356,0.376931511182831,0.496121858473927,0.509322897170415,0.210431407979793,0.0332972650476809,0.55031675183663
"16",0.0477334381154804,0.0175579846645932,0.135150114071443,0.194857461526033,0.136891162803121,0.034367515270264,0.191613493235781,0.0470093890885899,0.205387365160801,0.19170992387211,0.139888882017585,0.0973528193072372,0.155814585508305,0.170220292401976,0.0668887215343762,1,0.136822075074786,0.235396423460591,0.219039588577741,0.101722999869397,0.212086913397644,0.206268349042155,0.315623776342805,0.221195852163717,0.136912280221048,0.101693817560841,0.159674149172709,0.204958934223849,0.272869776953019,0.230105133860393,0.212483248128342,0.205884269507412,0.194559863700223,0.0464695755632575,0.293427922937604,0.00971771831939429,0.145850381320496,0.0696443093840617,0.0444228037088802,0.138570597815534,0.197329118693647,0.0335089940069083,0.0631035016338004,0.0903637793005179,0.0972492903185441,0.152837941961351,0.171287640176174,0.04171493192286,0.0053581352342212,0.221091672782981,0.0562844619843485,0.060356645824348,0.124819726742706,0.187831594078425,0.187322306335951,0.150367026521323,0.222536900165221,0.360105749551184,0.194780859512016,0.106458664794783,0.212406335262394,0.141866439786425,0.0904968703060039,0.115765688879154,0.184689789447047,0.121803192762086,0.202605190402073,0.105240943586608,0.115752271120036,0.0585590004231034,0.00265847657089064,0.255184754870976,0.13212204848869,0.077302457215587,0.0648787610893916,0.0711371601713998,0.0711934082983018,0.055096169701524,0.100312496520007,0.0322629282931106,0.161293224183085,0.0516587300780294
"17",0.364534956720354,0.236969826784116,0.0734481502480257,0.639637227317187,0.818482536681865,0.624377296231037,0.686787770406028,0.71453790937024,0.439450962232669,0.857211587515518,0.733552960856879,0.530925910306062,0.864015359263996,0.342749183202313,0.5577839331712,0.136822075074786,1,0.876575624847029,0.782670439080764,0.709230831284291,0.879952743139209,0.727069601921412,0.819939437043088,0.516349871482899,0.627119236503458,0.682761350144737,0.6766005374672,0.896566041120033,0.275456432415935,0.795640762792839,0.838781890048035,0.854962661256729,0.873482646041027,0.795136533094188,0.793997355786357,0.421768572619495,0.466134734618975,0.400700371945137,0.386656949388238,0.879684651116903,0.688838703611009,0.417167670842573,0.350501577318743,0.810835708025618,0.215824971984905,0.190353190604256,0.74231511619262,0.208097566427654,0.805735851116866,0.575262996977418,0.65405582211756,0.246930445102308,0.123145481041255,0.715812952749462,0.530542083059451,0.656478138564138,0.889791783640368,0.823650794164071,0.824978822755798,0.780738331342223,0.875249193067485,0.926041533568285,0.726549004556608,0.552816483716168,0.837631155550138,0.827973036179819,0.704472894142482,0.771027505655358,0.630560742062193,0.688504793356619,0.29229564248948,0.715086489546822,0.130849070943654,0.491086970583258,0.0358598917504383,0.104200111135413,0.759275247307402,0.853305837408278,0.844359838834848,0.455222191073788,0.081158532481015,0.753775801369035
"18",0.289522541829359,0.20946964341009,0.114483201113821,0.619310844651119,0.750102377405384,0.55073416487917,0.662948307170218,0.696070357008333,0.230511849032627,0.807966019335094,0.722262175477364,0.527372248303659,0.805054328028523,0.357153636978952,0.52327778737262,0.235396423460591,0.876575624847029,1,0.775844044076767,0.652725440503634,0.838415313142444,0.708428462192724,0.831459064752154,0.561227855364757,0.67578463237682,0.636136491299849,0.613673515716206,0.8602080444263,0.425901578657916,0.83999355185812,0.826359250145088,0.844618081500397,0.84532722407834,0.704084866311449,0.808085667381983,0.35848521089185,0.451113847412018,0.411135191565285,0.352848139389993,0.810747538649913,0.641637832113298,0.415667323699063,0.157291126575907,0.757103682120935,0.290687320110771,0.277984603362973,0.717185171394471,0.12089454834754,0.724088928481345,0.582338912177371,0.572336771811135,0.286471602964031,0.179303530922663,0.669417463495266,0.541954554607884,0.672530495268106,0.871107470494818,0.871308789874759,0.8522445356525,0.725579699694936,0.865792351243795,0.887006344179258,0.696989085256328,0.543440378094907,0.830920929077919,0.806734725064155,0.666972076343483,0.669674201038314,0.639182419020062,0.615431998160059,0.268413670564229,0.70759828280118,0.198241977792908,0.506044714319146,0.0332182388882489,0.114372889477019,0.679479864934782,0.781952533017772,0.797085161843309,0.41328829774222,0.0814632584252125,0.729878453759234
"19",0.279923219039936,0.183474762721851,0.0903883391633961,0.532498672099026,0.701992940259666,0.514385245104454,0.615928115114205,0.625145017992291,0.260653081207673,0.701051389631265,0.661001049240718,0.473375287508075,0.715639717436848,0.345605818135806,0.489592273110319,0.219039588577741,0.782670439080764,0.775844044076767,1,0.651239524114033,0.755410972474226,0.629260607730063,0.728848257367978,0.459617928097794,0.630025657866965,0.599452954712167,0.604287442150192,0.798300214396649,0.283789048724851,0.726136014612956,0.756991740711419,0.756742097883304,0.742502617458198,0.630649038898399,0.707597141787637,0.320071432646888,0.35956489152961,0.366124143831646,0.401699676271078,0.747722483710014,0.64155581484685,0.444280933850909,0.215504334842858,0.691312208360858,0.187288731790265,0.235373319799482,0.647959983752424,0.132844113446508,0.663764916870347,0.525410368694241,0.582669906289592,0.217490773187241,0.144826068977209,0.626063931956828,0.524273355399726,0.605151133377834,0.778283967161454,0.728952078864683,0.776428858160505,0.685885733338329,0.76802853196149,0.809846600241805,0.641055388587175,0.429649918660152,0.759843248711261,0.728835591782363,0.592559180704694,0.642913516146644,0.574830963196064,0.547771236850073,0.203145378023623,0.626083397656181,0.171126020771397,0.388616354920902,0.0500772718329536,0.162174876966657,0.64611209471998,0.699827330665935,0.733288152571885,0.382302614990035,0.0582800922761088,0.653007214424139
"20",0.108029798494309,0.107713295731035,0.0271238190685806,0.44469134696017,0.657955709996039,0.509986073351848,0.573191188730603,0.540237606820542,0.34030116847742,0.614437649123285,0.647049976918011,0.516906825298388,0.649103998747604,0.314467370296149,0.555970339645286,0.101722999869397,0.709230831284291,0.652725440503634,0.651239524114033,1,0.698885282306521,0.665271486551508,0.666648128008845,0.351011382492106,0.580831788391125,0.545819022347677,0.592448922802464,0.749015635563186,0.207700131648456,0.617901920652146,0.692402065869807,0.676676596940346,0.698068471043454,0.553414676673869,0.59407371594242,0.27495760617225,0.373138108825362,0.379253669233655,0.400288209862285,0.680689695448969,0.615039602289652,0.478751351919642,0.269588641607212,0.603300017037268,0.193951529002496,0.240172438012264,0.52757879500413,0.137531058687247,0.591869746493025,0.562007174823166,0.66391782087597,0.254955973414415,0.0966729099707297,0.586082283610043,0.478094213102478,0.581695820840644,0.708375474324441,0.599090967701729,0.668707822997952,0.706776874083634,0.727477119582005,0.719626357071114,0.613629096073237,0.364907907095387,0.686428009752894,0.603464495885474,0.621135243942275,0.692402849397154,0.539534526185812,0.58077388984052,0.104074556244236,0.591134043063991,0.143735387106823,0.305739287506338,0.111548989912292,0.152827739634479,0.490306079052907,0.608137681188044,0.630280975741569,0.27447721797791,0.0452722383615277,0.60124269364269
"21",0.280497479420337,0.181538941555496,0.0874755673799834,0.625679038331101,0.796091415801061,0.543508168596193,0.66329616800645,0.687969847810926,0.410767127993881,0.825258560009217,0.700401105633445,0.52244906182127,0.827527009523765,0.340641611856968,0.545351095799222,0.212086913397644,0.879952743139209,0.838415313142444,0.755410972474226,0.698885282306521,1,0.728817909027969,0.840509040946571,0.476142095355488,0.611403190922741,0.634176213975981,0.667533651608388,0.871371476471968,0.278696232714859,0.791079016152527,0.816927842693696,0.808399904062353,0.864741074004087,0.716735334489218,0.814542349105016,0.392297561795572,0.466423027706611,0.342262749517787,0.371942185350757,0.827040236147222,0.688285307430132,0.421487446357192,0.278701791856067,0.70657848931089,0.174960393263587,0.210338694893296,0.695928881506172,0.16696841290914,0.728632045945857,0.594090246145301,0.626773375434786,0.153756706393085,0.144052149923258,0.701205320293204,0.529754995782358,0.650736091995109,0.863657480195807,0.81784615529486,0.765941762720683,0.762971807030539,0.863045917588001,0.881338816234956,0.704279320875091,0.495508823989787,0.824119026308949,0.774559989049487,0.680609218056591,0.721332264265853,0.623891929523702,0.651559608940581,0.21620246219064,0.706003824870913,0.135978565487007,0.458583678591836,0.0526799433755274,0.151376404630967,0.700261485027456,0.814444803793384,0.799639823525444,0.430334195989335,0.0812087337521992,0.725669715664354
"22",0.144641860384599,0.0916030120067643,0.0327647241381946,0.447332907660736,0.663579537132065,0.473436600114221,0.545610446985307,0.545423983291728,0.312163341079267,0.653740729312829,0.586950724433301,0.451084552470133,0.680038120181273,0.321615993029479,0.509791528249575,0.206268349042155,0.727069601921412,0.708428462192724,0.629260607730063,0.665271486551508,0.728817909027969,1,0.734585425679285,0.41286312367838,0.5452918512629,0.555399316346113,0.556864315605393,0.709912403300109,0.307615311422978,0.650249476452181,0.726028345257208,0.672996299651763,0.720561403204128,0.582139398167397,0.621889955896846,0.297271947060455,0.405782924240663,0.345415679099017,0.341924456896157,0.669802113530052,0.646978398782732,0.408336230201688,0.148022804920639,0.604902743111089,0.145646873591667,0.225282822346134,0.590113418617542,0.127523829807071,0.579841993788128,0.60629078035989,0.570422056456408,0.109989536217452,0.103065900128587,0.573052037407203,0.478710303554317,0.585860476340381,0.70318311437944,0.676995342638435,0.692587754149419,0.68840759328519,0.742691101313476,0.741887685643106,0.637878060908086,0.422567337118522,0.685236322883063,0.623658281722587,0.617056438277142,0.593680966343452,0.537205070750368,0.552410652558466,0.0815278457975792,0.594485147468478,0.0982508267508045,0.354061656947945,0.107182565471374,0.109951953705443,0.497789953050905,0.641406175520494,0.643586271148368,0.297902754399052,0.0445603559614948,0.618336954060582
"23",0.242326077312338,0.11729900571899,0.0982612363933788,0.606742415867354,0.747513696409288,0.528456754876698,0.64664651912004,0.647430508175216,0.242320789782369,0.778806293581427,0.704800660443195,0.512321055067388,0.78530067504149,0.298598494772118,0.542291133174931,0.315623776342805,0.819939437043088,0.831459064752154,0.728848257367978,0.666648128008845,0.840509040946571,0.734585425679285,1,0.603541242048893,0.611563258587645,0.594972228885272,0.608747436470284,0.825303403742271,0.412575509961707,0.769978842507292,0.794755658441887,0.78589715720408,0.849406245479857,0.672922629974027,0.790207958235387,0.39404043748037,0.43519097824937,0.335197572051611,0.35873717141544,0.759183047811922,0.653298253340272,0.366131315645474,0.190249589508017,0.66938376779998,0.266553444778534,0.31452604472678,0.680017953395109,0.164968714731513,0.659591356727712,0.622668834465055,0.544752278898651,0.123260887500271,0.134879736884982,0.67764892203312,0.608191478349509,0.686263836865815,0.858317215166235,0.843814552080181,0.788842398364591,0.711043827930639,0.84179123124737,0.847729178147653,0.697969257950134,0.474288626575169,0.792530514461131,0.733290828417633,0.679025942140966,0.653150883708124,0.610673477084927,0.578739183712156,0.189775395542084,0.691689388355782,0.15147147393337,0.4153408855255,0.0630147734133952,0.163488769395091,0.605025046377682,0.710478232286301,0.745611962761496,0.322877774280133,0.0515846107297114,0.7158086391739
"24",0.210989423851182,0.0949710710185845,0.0840249316647886,0.361656886106406,0.403312995507091,0.312068559845218,0.338046376434783,0.460866713175619,0.119239058210562,0.54675262570712,0.456154907969561,0.348273941725802,0.455920283457573,0.074978312412635,0.318063875197021,0.221195852163717,0.516349871482899,0.561227855364757,0.459617928097794,0.351011382492106,0.476142095355488,0.41286312367838,0.603541242048893,1,0.381269202442076,0.311299316843736,0.300606225315673,0.44873433970008,0.479758590360218,0.422290294661986,0.470384942123019,0.503374259924963,0.561386630874765,0.401621963879902,0.472040749223243,0.225273166341937,0.272241351153353,0.218452559516751,0.0972601523219348,0.396235050380283,0.340171962641288,0.228532530599649,0.0125178226132031,0.370433348832954,0.35207316169297,0.28890320691687,0.429924173086076,0.0848402761267948,0.33817340380269,0.342302801818077,0.156677209031079,0.0989094228717866,0.132367140927395,0.429481806290201,0.488270718792553,0.501925782588539,0.542888260780698,0.566200447048789,0.525281826979991,0.352805375888566,0.561041758314128,0.525862429772433,0.402476833015623,0.372775851884708,0.445953538840728,0.45741019835711,0.391035451093893,0.279376514473422,0.416547129594265,0.305797230601702,0.0763825069639586,0.446282684748745,0.13169132263382,0.251757745955407,0.0170918502027839,0.00995355729102011,0.342496510921439,0.364225932453023,0.396971773004799,0.217374910577632,0.0614736504256566,0.526031565225158
"25",0.194973872488627,0.144885120368645,0.108276212099965,0.46999088188734,0.591454402502888,0.391166429070015,0.511833673360775,0.533654817162628,0.126576014839245,0.590499802813783,0.594597325651707,0.391670345949606,0.600657725661964,0.256294884225779,0.392277402350386,0.136912280221048,0.627119236503458,0.67578463237682,0.630025657866965,0.580831788391125,0.611403190922741,0.5452918512629,0.611563258587645,0.381269202442076,1,0.469688594655682,0.467736867474061,0.667001049059774,0.281351953324531,0.628230373244873,0.608993627788357,0.64110898722501,0.61512206353042,0.512752809395953,0.567559694298913,0.227382856276863,0.303449065774651,0.341489916963323,0.309887344710104,0.62508069110788,0.458307034941394,0.367829051199571,0.141910597433623,0.553909970467227,0.279633011097555,0.267579900501091,0.54624425881617,0.0717591335184106,0.568959060795289,0.400798516014931,0.525796169738747,0.274347535038767,0.128459421690524,0.486794934403391,0.433307369419849,0.503428524657156,0.660631858133626,0.584272587977435,0.652753486683881,0.607272917725569,0.659561345155413,0.662860997388593,0.52316575007646,0.378552464144582,0.654388397776165,0.6395378439095,0.497091080078351,0.521159127199982,0.560658075106014,0.500107866311827,0.130065847384227,0.506101982696931,0.225943531819729,0.32095038260214,0.0434816574797006,0.136827301714137,0.534319764285528,0.56903689618811,0.570092965591751,0.3106332817965,0.100459471787287,0.548827745611819
"26",0.290770036159944,0.164770509727528,0.065876852197704,0.493333036239056,0.614340185443324,0.482377934916047,0.53806141049433,0.554215239826914,0.369687297444726,0.613195198451256,0.516216871108966,0.39313237930314,0.622600946606418,0.324666222747662,0.446557704451592,0.101693817560841,0.682761350144737,0.636136491299849,0.599452954712167,0.545819022347677,0.634176213975981,0.555399316346113,0.594972228885272,0.311299316843736,0.469688594655682,1,0.572735236109559,0.681744226797552,0.102209841742218,0.564651354145754,0.581854194127815,0.61579683073728,0.63921569156952,0.576606577276421,0.613726884378133,0.325559832599362,0.383190930793554,0.321537448033928,0.385544207051061,0.667874577020165,0.563116423036236,0.361199599413169,0.252611487771153,0.577972929042856,0.0681075980622163,0.112219597657289,0.590428836505278,0.189654988740191,0.617284803173301,0.423291321860414,0.520494853742959,0.252941426337046,0.154245918201344,0.537395232504949,0.378025962617018,0.453456001570602,0.674359237942063,0.624813434322778,0.646315649689775,0.613012717392803,0.635528716905795,0.702656608534095,0.536432511413736,0.344155233732732,0.652622583092463,0.618161815369619,0.55027543290898,0.595689242387348,0.488283264738051,0.485151469541191,0.208489258908872,0.533334805884145,0.103898477651818,0.382960754637671,0.0153762790707485,0.157304585288206,0.604439497646301,0.685873930932952,0.647907286200188,0.385632439932926,0.0513311405947395,0.501930231398016
"27",0.217312487385182,0.115327158019632,0.0780670848851777,0.509623682103321,0.571428565696649,0.43429959700099,0.562393219430417,0.439683957238268,0.351749804692892,0.620048748464605,0.465404757974609,0.367269240525734,0.607607871757052,0.351953305200851,0.405024360071595,0.159674149172709,0.6766005374672,0.613673515716206,0.604287442150192,0.592448922802464,0.667533651608388,0.556864315605393,0.608747436470284,0.300606225315673,0.467736867474061,0.572735236109559,1,0.698596177955726,0.142221616586332,0.594555353507533,0.645711693370899,0.605587051876616,0.646774436405772,0.491139016416413,0.613413519794533,0.339357586205482,0.381022295624635,0.143088910763444,0.293673999854042,0.673138963005511,0.573853152170743,0.261984424315151,0.305871710951109,0.537815768192558,0.154874453125418,0.113828524415579,0.595137635713608,0.0987771099962239,0.558910196004048,0.468261669023475,0.495131759217553,0.248227144601104,0.0837170204423969,0.546724379573211,0.467837884719982,0.447024020096757,0.665230505808001,0.645295279352942,0.594826109706829,0.558267873864459,0.635867195019419,0.639382461977024,0.512897705230639,0.353858965323164,0.632716729682936,0.558881661461212,0.535810132071399,0.615447669815121,0.425945193346772,0.522500703333707,0.160279681002948,0.55090276275365,0.10014692166865,0.351948970594302,0.0888357244441878,0.2280698831573,0.51784178889144,0.597996604660723,0.578069936998978,0.29107960217235,0.0263717467015651,0.485267568111437
