"","1","2","3","4","5","6","7","8","9","10","11","12","13","14","15","16","17","18","19","20","21","22","23","24","25","26","27","28","29","30","31","32","33","34","35","36","37","38","39","40","41","42","43","44","45","46","47","48","49","50","51","52","53","54","55","56","57","58","59","60","61","62","63","64","65","66","67","68","69","70","71","72","73","74","75","76","77","78","79","80","81","82"
"1",1,0.0935034749786851,0.213164086360837,0.425117906265616,0.472588868487294,0.171845677491269,0.0628698260792812,0.146681258929967,0.336849318389595,0.462390946194002,0.180566609986157,0.424896323429546,0.511059377290741,0.364068698009276,0.277914706115174,0.272828799729648,0.566623012027204,0.527882242146594,0.14005568992798,0.310853736900135,0.393618435602212,0.500955430396447,0.382368795695007,0.0353831836267363,0.229770839350034,0.282815134615709,0.524407254261701,0.379251829671772,0.465052107147064,0.250567566636751,0.47404683737682,0.491900550598185,0.341845823550896,0.281952910257277,0.0304639097181643,0.135003539794654,0.0791832299983207,0.31958105398272,0.253103484725175,0.30492279509983,0.412667980830334,0.222560116625098,0.453399782784566,0.315398297579454,0.150867253948217,0.232141400757231,0.12727408138067,0.030070523525863,0.389398316696769,0.434419955698957,0.209575802737417,0.0374797940045753,0.198469447978413,0.358780997977459,0.0579436758437875,0.135806204364874,0.450180279424897,0.197947339334352,0.488559588830418,0.364830604657404,0.439282818166203,0.42382879342787,0.46103872446171,0.158515655437067,0.457200818182297,0.31482984600868,0.37853716217077,0.40134009285377,0.152872702163851,0.37859948008473,0.360728802753664,0.151583844972296,0.17431019944544,0.537724646413791,0.193992586441393,0.277430710234166,0.340221037458617,0.165022487067963,0.209592537067107,0.235218135858873,0.0308878764208936,0.502863582407155
"2",0.0935034749786851,1,0.0133110745305885,0.173318898516006,0.0622685908986736,0.0551864897844747,0.0357907257576535,0.0173277093658328,0.283459528554621,0.00787976860417674,0.0136065319539486,0.0908315655815476,0.0788276103768578,0.0843596902832308,0.0252517259874505,0.161212988826221,0.0309259163357311,0.0044444362285792,0.0767827477716862,0.199029787240236,0.146108106286135,0.131466662706353,0.0304199357989367,0.115276736974235,0.07319081455293,0.156163168108716,0.0137974410206631,0.0663360966332121,0.0282794510379559,0.0842559944789946,0.114011750071229,0.107459722741491,0.0446889523361731,0.159816461896095,0.183175915457749,0.159077156213618,0.0634756843254202,0.124668980376678,0.0115063108379817,0.0103622316301939,0.0561932370492523,0.0623083560156865,0.19785670209846,0.0513632670193503,0.170045102782557,0.0815480316339686,0.0454345428118355,0.214448771413115,0.0668994458627174,0.0771253420216405,0.0830937706859208,0.0904857329231701,0.0761014832193954,0.145828622947079,0.0827583654608474,0.0846018493034586,0.224268021995002,0.0362824544439321,0.0400882756441093,0.0284353994978907,0.136659703814848,0.0520806452745985,0.090431708359686,0.125340948636245,0.0725610132533537,0.0228756436887666,0.164025660297719,0.0218606936031903,0.0399141078250501,0.134967559897032,0.0400213253529147,0.0477895495441508,0.10612824295961,0.0474294205873789,0.0859551794830009,0.152690962677897,0.113741993601328,0.109595600349345,0.00996629596573054,0.00438680925389092,0.180209908647499,0.041562392422759
"3",0.213164086360837,0.0133110745305885,1,0.148323033625867,0.0448339787723889,0.545063704671464,0.10163942470912,0.102396242416663,0.27715929567841,0.0308139808883674,0.217835610305677,0.0839587539650016,0.0995246668374017,0.072225448407672,0.0873131670269865,0.199355029223279,0.00449802584862929,0.00241189180990428,0.261032988071234,0.11942628496025,0.116721724698406,0.0932522955173456,0.180901411315557,0.353641923261935,0.00809805884862012,0.319847016521879,0.113746809945722,0.080773466343177,0.103524419329364,0.187862970807859,0.00415227913545243,0.0414505307769248,0.177885523250316,0.0925369728457519,0.183811572506454,0.152683573141371,0.17134279045936,0.165336705751019,0.192819537923845,0.152626095349854,0.0373506110171437,0.0858728291346594,0.329994227123502,0.139984628966299,0.211490168253492,0.00296250682578642,0.00300913500884721,0.115205418222971,0.0258882204782159,0.0668434504374925,0.206106074731164,0.256133462832092,0.053430172148108,0.0338369461233839,0.192066777601027,0.459803163343863,0.069049739117187,0.220644563285387,0.001985593329076,0.175291226698384,0.0132049697231116,0.0314693057211601,0.0550834761343287,0.15521850438384,0.114989512461523,0.130083731110207,0.140009149041133,0.00186816314708139,0.013017024108553,0.0496777832825593,0.0192208563203692,0.143384451832461,0.173836489110256,0.276356899693846,0.246514512861277,0.194353900637871,0.0592680743806144,0.138681775127252,0.1998667549863,0.144537840015728,0.339259885191689,0.000358984099754327
"4",0.425117906265616,0.173318898516006,0.148323033625867,1,0.771125085385988,0.251744050533057,0.0116107245612001,0.0608994935380673,0.381879570492341,0.421805756714953,0.138585550855524,0.350583441467066,0.745604626481883,0.651684581589509,0.339836606422462,0.532012563934967,0.714397542485826,0.707395872874382,0.455895742163383,0.695429932800536,0.731759545236208,0.840626815877081,0.55515939113413,0.188258959043262,0.488634072349315,0.0258340607962843,0.652222163643963,0.718664756696376,0.746019602361554,0.170373353694264,0.545492209966914,0.74668309751142,0.721299150541145,0.432817349004834,0.389710217898941,0.358848051376277,0.186865598949406,0.830957143414625,0.405411075674109,0.516316573592855,0.434754806860749,0.426478602454467,0.751341445476164,0.605020936804961,0.468700895045597,0.461873494143957,0.193754362260101,0.187054858976452,0.725531227433795,0.645359204224649,0.329956710804295,0.0567357344367805,0.238833512516809,0.606556374271619,0.0772567236393109,0.0849343038372021,0.813020220566773,0.26342421164682,0.750749228462104,0.658200907852622,0.780419387104145,0.720894809312136,0.744594703543929,0.0963875441815626,0.651043206869899,0.494249932178872,0.81394047303692,0.723219231562152,0.137655255136823,0.735531368740586,0.607336205439657,0.316958037250053,0.23923902774973,0.755026564205052,0.386647857596239,0.164453702011706,0.574143285262405,0.192023620236829,0.332222336226548,0.313009796989337,0.146307556070449,0.740088727418203
"5",0.472588868487294,0.0622685908986736,0.0448339787723889,0.771125085385988,1,0.0569668548544361,0.0872355019742028,0.0288770152700586,0.333554650090529,0.526521646031833,0.279408076184258,0.451846441773349,0.734866765945096,0.616524728748049,0.407763426885629,0.397208509387703,0.783169920116639,0.788773725531997,0.451377659144944,0.678737538335292,0.742727905264653,0.803401193702197,0.654727423273484,0.232984988902134,0.469103867754381,0.0511641955681142,0.677064779607902,0.737701080781882,0.730217302139383,0.346482449120522,0.612406548287061,0.770237881109329,0.731674745223176,0.461312705374198,0.166666010731715,0.314971866084848,0.104213636539439,0.692500715228506,0.354553298319842,0.482568841835621,0.511180411588977,0.39717107171871,0.616601641931801,0.600922721969508,0.437702980156742,0.505399905365805,0.234682639448537,0.0909379786289958,0.685988061730508,0.675718897905319,0.392946958359392,0.169806571095476,0.308843157446153,0.603965575911357,0.144171147463895,0.0633906415523537,0.776226529992358,0.347841562870476,0.771456855562652,0.692529769963628,0.796548664663121,0.744573946443246,0.765397016476186,0.191607917365535,0.687261418643564,0.563729899723733,0.700631838944649,0.686264693218136,0.246083830383986,0.660304672068598,0.527286787049139,0.402702572405583,0.30438463136436,0.697023893763997,0.28015939928199,0.219112936253467,0.522551468912192,0.130500052795937,0.426541871553384,0.336468439982968,0.00319872490280277,0.789769671650346
"6",0.171845677491269,0.0551864897844747,0.545063704671464,0.251744050533057,0.0569668548544361,1,0.154907339824879,0.197674990295406,0.369607982272548,0.0974046329974127,0.39690667339864,0.0288649011562566,0.13678021561824,0.0235923683126156,0.14371747238041,0.285441867067812,0.0271988170464842,0.0958241824039722,0.20889517702801,0.119757539442835,0.062833049319261,0.109236094648623,0.201146944247635,0.369627323540968,0.0371895082821405,0.19289022751318,0.0946030836116841,0.0698958787967256,0.103185304821924,0.335782003721918,0.112402436899514,0.0269151713795389,0.158875412916859,0.15623533921466,0.396275080514617,0.0469942131564224,0.248606617812074,0.252145029281507,0.153780294966311,0.142656656407674,0.0539353842813647,0.0194818448436104,0.393774203217101,0.115349455091496,0.177449346050205,0.0585979684240768,0.0949255832959996,0.257608577382088,0.0865908424872864,0.124969197644518,0.325275369444898,0.329441127723155,0.112466331890467,0.0298240674636692,0.212518975008245,0.552035600314068,0.0794405452619059,0.376879961698241,0.0682682279131156,0.171121442132787,0.00119325111054839,0.0748218428135092,0.0536652061991076,0.256669550176003,0.0899459547289258,0.166496099234369,0.176620890854533,0.0482011150960304,0.103016833722044,0.0235095245680677,0.105515068546478,0.201904781318679,0.20972729494946,0.302757956571033,0.309072626453401,0.108615260906335,0.0828880451421404,0.23429550299494,0.210220903689448,0.107092351812732,0.369890419052054,0.00706369267596392
"7",0.0628698260792812,0.0357907257576535,0.10163942470912,0.0116107245612001,0.0872355019742028,0.154907339824879,1,0.0381895396400751,0.123271645590642,0.0990994287207616,0.16301948292119,0.11221200903426,0.047717038825118,0.00294249909111828,0.105370233689779,0.0555425410329743,0.0258748258493198,0.0662462599198152,0.0576354168765099,0.0937782132966491,0.0176243902052858,0.0463501876773721,0.198923205380566,0.239543886630489,0.00570677547046098,0.176685923979886,0.147314402178739,0.141437178149216,0.0912330237069243,0.0634597663226708,0.0168162721869485,0.1062451582073,0.11758818308792,0.169745969781356,0.186386631208462,0.0900101615329371,0.0316995548602008,0.0649217514478846,0.0686418717327809,0.0569552721689854,0.0428270748617496,0.0231670645943507,0.0356477328089702,0.0567008067047416,0.102082214602171,0.0331584513716258,0.161950958587408,0.027295321940938,0.0347647997524146,0.127667266470256,0.0700710016579873,0.0562445666100662,0.0340445446409779,0.152279847846915,0.114034627621366,0.0714362466585324,0.0888008921244132,0.195035803436914,0.0338905653753403,0.176087538322488,0.09819446363133,0.202917976831521,0.0893714435167131,0.139783018001509,0.0209700913051051,0.0933202060681728,0.062298252651926,0.0865894681033691,0.07753584628069,0.154100735347279,0.0498680111126868,0.110905510779584,0.241359129502525,0.0376566393616051,0.0190293728329138,0.0511387140041979,0.077747679873026,0.146499981557136,0.0320555476912718,0.0497525690346026,0.170215196978784,0.122177633256895
"8",0.146681258929967,0.0173277093658328,0.102396242416663,0.0608994935380673,0.0288770152700586,0.197674990295406,0.0381895396400751,1,0.0495677948635712,0.113835219335776,0.165826285576677,0.0953007485960024,0.0858963455967032,0.191605364063362,0.061831326957758,0.107043269923504,0.00205428162345053,0.0461391602783341,0.204580745762522,0.133189039776413,0.0394014787766169,0.0473412439682628,0.122510615075294,0.224272207788628,0.146374822870977,0.14919712072804,0.0250385166887896,0.10653000218742,0.0028576814079388,0.17664335329467,0.131378268653485,0.0471702921329813,0.104018941545235,0.0253182258049382,0.0602321976990747,0.0549588697496883,0.137472429344387,0.0191328120295348,0.0234513119312839,0.0355656004763198,0.00861269484849802,0.131611697323468,0.12692221305946,0.127840662932563,0.156879108609893,0.0126627827637889,0.00304476739277472,0.0110447755804406,0.0254711951261379,0.0585916226185869,0.238016716367409,0.119406042011706,0.10181678211383,0.077498189131792,0.0679428817475174,0.298922474140511,0.0165933401322409,0.178466777186507,0.108952336419741,0.101849491118556,0.00692984484692402,0.0645030758608269,0.0726746716640237,0.140140460184133,0.00432316927437952,0.0713737185565367,0.00666134218119894,0.0347881260169967,0.0734178716782564,0.00366624365190305,0.0558480752275577,0.0986807421481434,0.0141174226950822,0.147935348836112,0.0398950841684107,0.00641962266322764,0.0675946250134652,0.152835434965703,0.0369439161657645,0.076131148575958,0.116169509599893,0.0104834984491937
"9",0.336849318389595,0.283459528554621,0.27715929567841,0.381879570492341,0.333554650090529,0.369607982272548,0.123271645590642,0.0495677948635712,1,0.185455932843189,0.133471201727721,0.103796842454995,0.276894309603051,0.322052821737538,0.0782692909070361,0.285555385994145,0.330860261438938,0.280520633293999,0.198725919098867,0.0862097806676206,0.223857134059548,0.261901117024335,0.157723126091231,0.193749930222479,0.289144815220017,0.32369038920351,0.32621284018145,0.235817583372069,0.25742958700051,0.0253048358603751,0.257584403354971,0.236721971764749,0.208499116606944,0.0641325929264737,0.217579123255653,0.0906840194015836,0.180911988983113,0.411463961920982,0.128481094599458,0.258377456306991,0.255204321982455,0.133117990655536,0.294760531687381,0.278965982855324,0.0349438308756775,0.200136606900656,0.0212868063862359,0.0551035672921219,0.301998692600369,0.145752629943608,0.0330947061031644,0.104754627159025,0.166550785591114,0.113114564901673,0.0681420364714709,0.191101851793135,0.212892860978724,0.184689630993215,0.262843787996879,0.183098032180733,0.221311771592227,0.278993716966085,0.198868955550315,0.23281384132783,0.255716808797508,0.165802187566747,0.191532878119395,0.26589991697262,0.0664293983928757,0.125656253946194,0.381265907391127,0.00585772790734235,0.19785192878405,0.424604060660745,0.150058159814887,0.0450204485419045,0.306525717618018,0.179581877633693,0.0285897845524291,0.143284790355898,0.117331458100096,0.324511002820366
"10",0.462390946194002,0.00787976860417674,0.0308139808883674,0.421805756714953,0.526521646031833,0.0974046329974127,0.0990994287207616,0.113835219335776,0.185455932843189,1,0.338916887623965,0.335186677997925,0.571775923349835,0.291482556804051,0.382228462017627,0.232721708623664,0.629297473994966,0.576111385714076,0.242899123911294,0.441117981394261,0.552478877337807,0.525422507543903,0.411124120046472,0.118265430417454,0.163142973375653,0.174881711338901,0.506576098617521,0.388207326907038,0.430519398809705,0.407274374572133,0.506262213998124,0.560846341194594,0.473936515227895,0.385675114177949,0.100565307202389,0.217749885120735,0.0111408952382615,0.319991586708938,0.174987875848887,0.223128265537495,0.478721888434805,0.243316392898136,0.460979819878509,0.361708486434223,0.247336636616895,0.308748168163786,0.124009895605417,0.0173731199370882,0.421071116506374,0.511299361359491,0.313945382670967,0.188183049184128,0.247000085530388,0.404823899928286,0.267515726781089,0.0477671112538803,0.527308670874604,0.270813335958727,0.512392063886674,0.416622355707862,0.566997690059738,0.420522973040283,0.525018669894768,0.268206167947563,0.570041670132059,0.481341878833966,0.313100862453033,0.386246659821407,0.261072487091881,0.392367436770937,0.364942673536067,0.218775047630695,0.258850957728257,0.4614262051688,0.000346290838920541,0.289988494915025,0.427580504185011,0.210403811604626,0.323653050359669,0.235557604179356,0.00286237573410888,0.536780266308374
"11",0.180566609986157,0.0136065319539486,0.217835610305677,0.138585550855524,0.279408076184258,0.39690667339864,0.16301948292119,0.165826285576677,0.133471201727721,0.338916887623965,1,0.426186990431476,0.344435936933545,0.203275643656148,0.339764368147283,0.0824164372739076,0.446467777475665,0.482876971133458,0.246463349863479,0.40522421035357,0.410580289408096,0.360646419800067,0.515807184794614,0.230041583873469,0.129657598403123,0.0497887065886745,0.300047427657968,0.399848173054912,0.337446483397353,0.477223050339194,0.536130693709753,0.444748364002899,0.430219837214718,0.436261903803979,0.33640965481548,0.0460461110722213,0.128088879533369,0.0819415593706879,0.121749960497849,0.244237164306307,0.259408873632881,0.129140593481504,0.203830550395105,0.354935266770829,0.34909760244156,0.255569744196811,0.166447759571452,0.099903990408367,0.21033777145664,0.515818283525059,0.462871677643583,0.35954633758465,0.0340817353821992,0.302811408870304,0.20784180114632,0.414998967662709,0.341890399237123,0.586108139492876,0.437766006171596,0.455775634052928,0.409437311159777,0.412900906501936,0.460767501510515,0.41747048509987,0.39098067184926,0.386577924910918,0.240083545141671,0.346098100990978,0.204365655830541,0.340250852961317,0.186665570594344,0.441334121492269,0.373912392574647,0.146740921978465,0.084516056083913,0.202739966619844,0.103016167063965,0.170946450474045,0.272073387598118,0.134242482156889,0.290691654482589,0.387562056132111
"12",0.424896323429546,0.0908315655815476,0.0839587539650016,0.350583441467066,0.451846441773349,0.0288649011562566,0.11221200903426,0.0953007485960024,0.103796842454995,0.335186677997925,0.426186990431476,1,0.49483376157035,0.424416948956031,0.290243006487755,0.154308965761217,0.597698068624888,0.643569375229536,0.221798209721109,0.425601340429866,0.453248085884648,0.545480919172486,0.50099283186024,0.0668621856771461,0.28868590646011,0.104509330070784,0.481349276672697,0.501870706553425,0.555332551387256,0.373321075166605,0.647392682774358,0.58846044677274,0.434763395952639,0.398286072612492,0.138150233361561,0.00764496319096304,0.00927410167129744,0.33513621072107,0.322662308286668,0.448940323206552,0.35962360266938,0.304506977115699,0.425744260262548,0.445019723905528,0.240132439997541,0.282098613971994,0.198861137049442,0.0211114476473551,0.348969294168645,0.610968972886457,0.490359905511161,0.147588434803001,0.0264478114101924,0.392635172238683,0.0371699088872749,0.139460664677185,0.489144066470779,0.50572858628185,0.578838615092331,0.495620960281526,0.535934462930342,0.535736007946992,0.594377242932411,0.377946868887628,0.502919813969198,0.351180339836732,0.506841421655909,0.497332050705315,0.248523936956642,0.510984089804552,0.28969280548068,0.361370445346689,0.310045940273895,0.466663641855894,0.108869920897378,0.242450228276069,0.178224822282701,0.0871832986751427,0.224853324348765,0.242099673573871,0.122137276057497,0.544654814516901
"13",0.511059377290741,0.0788276103768578,0.0995246668374017,0.745604626481883,0.734866765945096,0.13678021561824,0.047717038825118,0.0858963455967032,0.276894309603051,0.571775923349835,0.344435936933545,0.49483376157035,1,0.510231548691099,0.423020501330981,0.416690933094829,0.801556957162072,0.760042750945284,0.438956070502869,0.656256692052359,0.749013197253169,0.7981716117083,0.619042593087706,0.19021371982719,0.400021698886109,0.0828420051187553,0.687426809498798,0.680619502141167,0.743909666106537,0.3336416206894,0.656677439761434,0.777827950412051,0.712768756709727,0.525708239645022,0.14208250449704,0.327993930026575,0.0952516979374992,0.613298935551986,0.361346114191403,0.435301560963328,0.550335215196555,0.403214618631152,0.710516907497556,0.57711708821731,0.473741484394507,0.454125667376208,0.203180628230783,0.111499068003767,0.659048529348078,0.703977090127012,0.439178788356896,0.148511247954277,0.211176277495828,0.597033160346784,0.137822289227491,0.0501263769717133,0.766558142043612,0.381906004458464,0.749592831132947,0.633259619094156,0.791285080164139,0.699806405926963,0.779909080426483,0.274801055327874,0.700509090623408,0.598219973591605,0.694872230397097,0.702128234934904,0.204830616615806,0.685333031750378,0.577964664837576,0.332175991887075,0.356912290390073,0.714490127784928,0.26620548299691,0.267693031811423,0.597643022323874,0.154358206374825,0.357714142124786,0.31952055233513,0.0153536809900677,0.760833907811841
"14",0.364068698009276,0.0843596902832308,0.072225448407672,0.651684581589509,0.616524728748049,0.0235923683126156,0.00294249909111828,0.191605364063362,0.322052821737538,0.291482556804051,0.203275643656148,0.424416948956031,0.510231548691099,1,0.293685635076154,0.28460661013009,0.608728556165507,0.675353623379388,0.516818406734081,0.555418316838724,0.570862576190628,0.67785326154614,0.57079333000858,0.237369801066053,0.539172486565172,0.0224607167480651,0.547744790044384,0.639322491049764,0.635590668195291,0.319665084034796,0.594952948891663,0.612290370237993,0.623843860487633,0.322230422920934,0.178929685943476,0.212926737785456,0.0759694164338102,0.619246004531805,0.375165085344225,0.452328544859558,0.384677561715799,0.344813940771037,0.433487441508576,0.619610273382091,0.398849302912645,0.401902921717677,0.207391597359051,0.0451693951248147,0.54158701963578,0.608328935664739,0.444390249274068,0.119845922877133,0.0965002965743856,0.459181735633094,0.0540070574140764,0.177934872840076,0.590911893923013,0.349530401641726,0.701689592164322,0.613004263992858,0.586179948906044,0.691340875288303,0.631093683921098,0.143781095019546,0.513346400207905,0.465698759890218,0.626384227448594,0.611481891567864,0.126103797139637,0.545091599063212,0.485188380383063,0.340138031106148,0.186182813955464,0.550033827590227,0.256768612488323,0.0911504320730848,0.344696928841409,0.026728092829904,0.319714492490389,0.213348458729779,0.115674111731675,0.608661306718884
"15",0.277914706115174,0.0252517259874505,0.0873131670269865,0.339836606422462,0.407763426885629,0.14371747238041,0.105370233689779,0.061831326957758,0.0782692909070361,0.382228462017627,0.339764368147283,0.290243006487755,0.423020501330981,0.293685635076154,1,0.159499657250702,0.497178506084772,0.466569094435656,0.251627367871976,0.428379474032647,0.430060330704493,0.419106122479747,0.396108313758194,0.201584123550077,0.178956461282741,0.00496452800219835,0.355233097539245,0.349479581427194,0.369174980026341,0.432868447991039,0.415623482369242,0.42804936264277,0.442908537327692,0.348761056083939,0.0576296738892533,0.173133260297979,0.0290951725154673,0.267000954840551,0.122740720846985,0.190442054645734,0.344289288113434,0.244133100048587,0.276794673572583,0.306020667472565,0.211450572073146,0.346989435460149,0.204849503348594,0.0165721675116216,0.28038030237716,0.413194255041187,0.321168609560189,0.138401173840938,0.149690902975636,0.373351411226035,0.298068624528651,0.199910290111263,0.395780527303098,0.278480587072062,0.452669491952613,0.395569696599153,0.458824755199491,0.397962742341137,0.457274364875578,0.185121942584072,0.438383814358885,0.378196529567566,0.26883250817163,0.326092095043629,0.352628670164953,0.309426001625348,0.275634226709378,0.263561063227142,0.222065243809488,0.29122037746697,0.051203895432269,0.27394826458109,0.275847639944012,0.101874215834842,0.274942106002335,0.12570428547473,0.0675953388098727,0.449398640659231
"16",0.272828799729648,0.161212988826221,0.199355029223279,0.532012563934967,0.397208509387703,0.285441867067812,0.0555425410329743,0.107043269923504,0.285555385994145,0.232721708623664,0.0824164372739076,0.154308965761217,0.416690933094829,0.28460661013009,0.159499657250702,1,0.346677412264376,0.31135494289158,0.172769106157892,0.317834402138787,0.353040299136295,0.417997282627495,0.132720081388872,0.016784602095081,0.221849483032886,0.0374592466424696,0.397520753449398,0.279951505160886,0.320826851161782,0.0349235379192739,0.213230698689615,0.363063560428603,0.275043749451365,0.160158597026397,0.332659218441754,0.242373272731524,0.170921466118555,0.471612339347868,0.283928019408222,0.169892502349798,0.237979835383428,0.211214852089041,0.468820381717545,0.265025581219618,0.18901601820974,0.203971883116501,0.0745394942076007,0.188213607159529,0.398504122962618,0.216101598442351,0.0153600617821187,0.0320866848229039,0.18753954019218,0.314927936191879,0.0271394731263514,0.255257497717167,0.443390378936437,0.0347565443364697,0.322080501878693,0.20905954003909,0.358920047095488,0.308301251331569,0.322051952567972,0.00149347420858808,0.363115629156311,0.237705262531896,0.410463588663149,0.342510744108306,0.0242049369027698,0.335403253827619,0.275512180830585,0.0174012198765616,0.0978470073792138,0.512781317229027,0.287930796144806,0.218234390248276,0.398180776206123,0.335697554223054,0.118368894003487,0.175335105395916,0.283266298716758,0.337411544340065
"17",0.566623012027204,0.0309259163357311,0.00449802584862929,0.714397542485826,0.783169920116639,0.0271988170464842,0.0258748258493198,0.00205428162345053,0.330860261438938,0.629297473994966,0.446467777475665,0.597698068624888,0.801556957162072,0.608728556165507,0.497178506084772,0.346677412264376,1,0.892365434900659,0.534105872041961,0.679725135413772,0.801669705007752,0.835651656429183,0.74820355338613,0.200180212965178,0.462103248458082,0.157186574609553,0.709920717199398,0.756137605475422,0.765379013744652,0.553304026016212,0.793967425034278,0.828245607962677,0.768648878661153,0.565877103887648,0.0166094520363146,0.304778614019503,0.0374798808874418,0.628225806704242,0.325600300926665,0.529843976719096,0.634630627676753,0.40859677834772,0.611522393157942,0.717069243635714,0.441246719177712,0.550722743290942,0.222106328059704,0.0174680943116527,0.685167319971004,0.792393415523439,0.535033979963369,0.247834743825292,0.212743639593141,0.618368973987338,0.184529839026829,0.156703441762343,0.757649557726536,0.489019223521701,0.856798872303639,0.747861466471832,0.833094520142148,0.77736076189104,0.842188510806249,0.317933238856557,0.738388220836711,0.637114918875017,0.660705166957094,0.744475328005515,0.294232718200013,0.690282241749571,0.564885399237137,0.48999587395414,0.328355722167118,0.70715604083805,0.154681478687935,0.315878570764915,0.55062347130715,0.078127017787291,0.461142868793209,0.33612813409321,0.0558923106583869,0.838441101341142
"18",0.527882242146594,0.0044444362285792,0.00241189180990428,0.707395872874382,0.788773725531997,0.0958241824039722,0.0662462599198152,0.0461391602783341,0.280520633293999,0.576111385714076,0.482876971133458,0.643569375229536,0.760042750945284,0.675353623379388,0.466569094435656,0.31135494289158,0.892365434900659,1,0.518927421250238,0.738265289027534,0.821285945454796,0.850853725856613,0.786730781359836,0.291366697545912,0.499728195943367,0.0733101774194636,0.70420427397144,0.813602443780983,0.796171658086351,0.548153330243587,0.816789526104833,0.873309578858377,0.78780809058882,0.591891384738513,0.00373690527720513,0.269084063640001,0.0147184612461817,0.635115594967667,0.374992837596808,0.559093752228856,0.600372719378751,0.402743668325685,0.591690317506508,0.741224722094267,0.501637343154044,0.520449078070563,0.263557267956874,0.00588653548022854,0.69853122112548,0.859973422111813,0.601572758081759,0.315840266338884,0.141533848173927,0.635752256095203,0.197372105843101,0.231211869904571,0.789838743885723,0.571510451873305,0.908762203390596,0.806298449359447,0.855305525068626,0.81923938496418,0.863182012486621,0.365875196048331,0.746262918744748,0.654285022035426,0.731539954921298,0.762776340291658,0.252532377191333,0.713808445703422,0.556294578973776,0.532400790645819,0.389755739503877,0.697594605818884,0.172785498511959,0.250855975908826,0.523428607746788,0.017400555871539,0.487296716679624,0.317733282169718,0.0994380121771548,0.863921823805085
"19",0.14005568992798,0.0767827477716862,0.261032988071234,0.455895742163383,0.451377659144944,0.20889517702801,0.0576354168765099,0.204580745762522,0.198725919098867,0.242899123911294,0.246463349863479,0.221798209721109,0.438956070502869,0.516818406734081,0.251627367871976,0.172769106157892,0.534105872041961,0.518927421250238,1,0.475182789766266,0.570061428366174,0.478476035440996,0.562121474344786,0.305764603068592,0.449294181525927,0.0420429281523792,0.338664445481036,0.538799971160465,0.510814215011418,0.396254273803439,0.51043377836104,0.440839245981039,0.600687661728598,0.291921665546415,0.0890678019767994,0.336898632940943,0.0420937579149635,0.429997497445749,0.13849634074049,0.28096834495947,0.413789791015078,0.250632630713016,0.155036604425018,0.595916169762563,0.414858859722291,0.415092309694628,0.157451439681753,0.000313106097539231,0.464089623798306,0.466840747166631,0.474763953395654,0.202856530857857,0.00230651649847322,0.339077032549248,0.122278819909131,0.337756364791954,0.408991325649643,0.312373543579111,0.563540268314549,0.554180422165679,0.477684222562917,0.538155305436714,0.570455597587185,0.0913172264035346,0.378115922401771,0.461014245140404,0.389899614446953,0.500868529933713,0.0973104078375173,0.450946692751635,0.408788714705553,0.344424184058984,0.154196178343437,0.285792740478146,0.0248138937422825,0.0351689096110037,0.403924353913687,0.101636854744091,0.419367639673105,0.102659232969573,0.185094331865602,0.48071280963566
"20",0.310853736900135,0.199029787240236,0.11942628496025,0.695429932800536,0.678737538335292,0.119757539442835,0.0937782132966491,0.133189039776413,0.0862097806676206,0.441117981394261,0.40522421035357,0.425601340429866,0.656256692052359,0.555418316838724,0.428379474032647,0.317834402138787,0.679725135413772,0.738265289027534,0.475182789766266,1,0.737324929240528,0.768841581442434,0.690787186175917,0.435530886981808,0.43649228976267,0.116234696214663,0.575764833299781,0.740791716853738,0.693717830374238,0.307607152773909,0.560024949121828,0.752541261685067,0.758111507119628,0.497191557092812,0.120268381032079,0.365364059745525,0.00925686145655764,0.629663400772062,0.273385278072701,0.402396474196286,0.443464976551844,0.393283147808723,0.524032778729836,0.598307019268411,0.579362940918444,0.476902876822665,0.25649078826875,0.0808292384200877,0.617399592616172,0.715980278227362,0.502257874430042,0.248401225259591,0.159488265532357,0.606825239801105,0.19556523635762,0.19927223944192,0.764386710442287,0.500537773033506,0.744153560802646,0.746974227103584,0.789208859867651,0.72044094649334,0.782933628648472,0.316879905487469,0.615670004968772,0.601235899783081,0.706450788609102,0.725623861969832,0.245224437647861,0.716768833790344,0.484814303341408,0.42784228791548,0.459143522457589,0.535691223729257,0.23974296413828,0.112221010557653,0.487179684897425,0.0108426921376697,0.444617786731139,0.300294032524423,0.101105460617238,0.71263011554376
"21",0.393618435602212,0.146108106286135,0.116721724698406,0.731759545236208,0.742727905264653,0.062833049319261,0.0176243902052858,0.0394014787766169,0.223857134059548,0.552478877337807,0.410580289408096,0.453248085884648,0.749013197253169,0.570862576190628,0.430060330704493,0.353040299136295,0.801669705007752,0.821285945454796,0.570061428366174,0.737324929240528,1,0.802223562037094,0.705292206692468,0.326791994101357,0.425087376196085,0.0142075235136816,0.618302516348882,0.740548228623679,0.683898521900559,0.438025861340987,0.659786179920463,0.810519947728417,0.78998144970081,0.521931118003458,0.0959624305603952,0.389798841155094,0.00154400025604358,0.664977768395545,0.308697108937791,0.439422931719277,0.542024702697824,0.387926059163607,0.568248895444226,0.695525637335797,0.526981305567678,0.541514555602883,0.169819710266175,0.0664110219049279,0.692081338050037,0.79278331036744,0.547001259517846,0.310133041546517,0.176457414482842,0.59230591019696,0.219806348448425,0.199059637517455,0.778588886806281,0.464940541435547,0.807698259785389,0.731806924807141,0.820394805997507,0.699650824321288,0.802913589965153,0.330968598478835,0.675844659683317,0.646694731362217,0.678311041815087,0.711492777064321,0.222203106691513,0.66170615309731,0.55115604511693,0.469614004201346,0.337352428502133,0.616477775431595,0.135449045540585,0.25145415012998,0.617735691114901,0.0874195117925735,0.461349439101303,0.310974877784973,0.0633197088049166,0.797173073039917
"22",0.500955430396447,0.131466662706353,0.0932522955173456,0.840626815877081,0.803401193702197,0.109236094648623,0.0463501876773721,0.0473412439682628,0.261901117024335,0.525422507543903,0.360646419800067,0.545480919172486,0.7981716117083,0.67785326154614,0.419106122479747,0.417997282627495,0.835651656429183,0.850853725856613,0.478476035440996,0.768841581442434,0.802223562037094,1,0.705472418660842,0.242535137156772,0.499068900465404,0.023049789770637,0.71094001892826,0.795497664516143,0.809256229580733,0.37472713657432,0.715397026131389,0.845253108191534,0.775499905438875,0.536827405722133,0.1848874492453,0.340134719318983,0.100163403167199,0.745147255182246,0.403764122564524,0.554090360854674,0.543338192008494,0.441047488036705,0.733442912302904,0.662669211807495,0.531707550111736,0.510323218672147,0.25076483007171,0.130498392544053,0.72990229252593,0.793934022546953,0.471642070808634,0.228191596679308,0.212699985971659,0.653119127068065,0.138115104323538,0.0384449445886603,0.855315154110374,0.457164031802209,0.841758879023148,0.765713790209833,0.860617453713737,0.778544720745734,0.849399117450669,0.261337732400927,0.74281961567858,0.599853169753577,0.81611953365665,0.78396913110209,0.210447781709804,0.779310551955356,0.580619356587415,0.462261213514947,0.389858040218582,0.764567491731696,0.335636940305766,0.276132218926666,0.549759384438083,0.0813894007014306,0.416750461576867,0.365624090976894,0.0274518303830108,0.820071636072914
"23",0.382368795695007,0.0304199357989367,0.180901411315557,0.55515939113413,0.654727423273484,0.201146944247635,0.198923205380566,0.122510615075294,0.157723126091231,0.411124120046472,0.515807184794614,0.50099283186024,0.619042593087706,0.57079333000858,0.396108313758194,0.132720081388872,0.74820355338613,0.786730781359836,0.562121474344786,0.690787186175917,0.705292206692468,0.705472418660842,1,0.400901235419276,0.469930886041282,0.0459480370422604,0.568165471366324,0.804705683146111,0.730918907415204,0.451545954276821,0.677251786591929,0.757044218386444,0.762572081564043,0.561534887189624,0.106150016730235,0.225321967865374,0.123890290242056,0.500287999255472,0.220156534321567,0.524061925820729,0.501249255382971,0.317627059315914,0.390366835762812,0.680662056718853,0.518221040983496,0.475634560696786,0.265272793224566,0.0639398825470115,0.543579726381826,0.766788938778405,0.595401434543154,0.317973841053285,0.109715052661343,0.539610213999547,0.156261708208265,0.372609811239687,0.627786890546742,0.590660249803538,0.756592362239814,0.82793524156036,0.739107912596682,0.803833755014769,0.790076861805079,0.297239028837943,0.572935430753717,0.585658920174466,0.590047827073686,0.714074133494974,0.22728406166618,0.644268639426565,0.51525382503671,0.59297679728143,0.40436222436974,0.465494311109964,0.10452794559758,0.0547167528321337,0.367276298176338,0.231479876434478,0.468241776077257,0.251970108662565,0.268070964682142,0.755476953221061
"24",0.0353831836267363,0.115276736974235,0.353641923261935,0.188258959043262,0.232984988902134,0.369627323540968,0.239543886630489,0.224272207788628,0.193749930222479,0.118265430417454,0.230041583873469,0.0668621856771461,0.19021371982719,0.237369801066053,0.201584123550077,0.016784602095081,0.200180212965178,0.291366697545912,0.305764603068592,0.435530886981808,0.326791994101357,0.242535137156772,0.400901235419276,1,0.268535257743744,0.266205489777419,0.170883178110252,0.410170034145156,0.253129304440123,0.221908886856327,0.127860798592611,0.299385973230614,0.448954031313021,0.234873226137261,0.108385323098293,0.275065605798139,0.148568064324788,0.116638645355243,0.0148824674851647,0.00563009029388368,0.228199091189405,0.14992052218738,0.0471119841984587,0.228509343698679,0.468329165914435,0.185322669497514,0.193901468122921,0.0512230798605901,0.165925118976049,0.317690824800591,0.337996461003813,0.205997548141991,0.00279877709249791,0.268754172580634,0.210359510793588,0.393215100200775,0.29729763789268,0.361856351353277,0.322289371738164,0.423188717353958,0.336710539060182,0.384080764134452,0.327692275217393,0.254244002100243,0.157644575862955,0.303599997739801,0.211218958870021,0.226585119059939,0.153465409545368,0.273699985860426,0.210466598235349,0.271725975608262,0.229273061476277,0.0153597266975189,0.171136293824142,0.139480528751522,0.198106642514698,0.161286654996664,0.232539964644257,0.0800157802000594,0.290823809710258,0.296891491412654
"25",0.229770839350034,0.07319081455293,0.00809805884862012,0.488634072349315,0.469103867754381,0.0371895082821405,0.00570677547046098,0.146374822870977,0.289144815220017,0.163142973375653,0.129657598403123,0.28868590646011,0.400021698886109,0.539172486565172,0.178956461282741,0.221849483032886,0.462103248458082,0.499728195943367,0.449294181525927,0.43649228976267,0.425087376196085,0.499068900465404,0.469930886041282,0.268535257743744,1,0.0177277052426994,0.403485724419634,0.5585963562975,0.572567475623427,0.210052486283447,0.400864014819665,0.435403386155247,0.491166920366682,0.2066550773134,0.187222208689896,0.151344113965224,0.113713871152026,0.508172820477473,0.197102827824395,0.337232317003708,0.313433292034162,0.275599260277476,0.281619027423866,0.452758806142619,0.271927690032546,0.360419572782115,0.187796545408363,0.0623530752249802,0.398591135144752,0.412797362571936,0.313410200873385,0.0734240980525774,0.0355857557922573,0.309050565823988,0.0583337643609874,0.130619989855561,0.405173474114316,0.22983342157503,0.530757267248283,0.472359180464536,0.45993923051829,0.554681802925025,0.469108633349167,0.0157504137839,0.38703719832291,0.355243246448127,0.479685561475746,0.487032286482175,0.0438960268223954,0.42749476117553,0.462643535256948,0.271733120226058,0.0940037994095406,0.417543324823325,0.166303954498564,0.0590840685344897,0.30024995228687,0.067022003140267,0.263022255650691,0.128544850119198,0.103088247360157,0.46618520717144
"26",0.282815134615709,0.156163168108716,0.319847016521879,0.0258340607962843,0.0511641955681142,0.19289022751318,0.176685923979886,0.14919712072804,0.32369038920351,0.174881711338901,0.0497887065886745,0.104509330070784,0.0828420051187553,0.0224607167480651,0.00496452800219835,0.0374592466424696,0.157186574609553,0.0733101774194636,0.0420429281523792,0.116234696214663,0.0142075235136816,0.023049789770637,0.0459480370422604,0.266205489777419,0.0177277052426994,1,0.0965339187045968,0.0459500852314392,0.0130806452698031,0.0458246110528989,0.0949811898884153,0.0256989217052053,0.0701985485931065,0.0888427501026814,0.0751740711722721,0.00948807937368614,0.011750962732538,0.0393012976795809,0.0237274453115489,0.0820918752285129,0.164645199950005,0.0252732226158888,0.140852949971668,0.00240040331825786,0.201530139285257,0.00230474219506407,0.00379294165547247,0.0811699433064331,0.00490428616324646,0.0176504458315842,0.0751831051740882,0.13841709217699,0.0853000923659986,0.0812653009705172,0.141124116260822,0.163139654712384,0.025898978862703,0.137422011744642,0.0150789886779037,0.0707315399596824,0.00774957201575076,0.019153994171409,0.00733664176587237,0.0673477161511083,0.123338385218971,0.0627884180603302,0.0861890958442352,9.02163713813712e-06,0.114416027347137,0.0624003746874795,0.0099878839039696,0.0937980235709669,0.126359863828774,0.22491232856415,0.0144340533361279,0.171262938777346,0.068545511990182,0.0697257125728613,0.0626280437978801,0.0421140991414086,0.0370586587368419,0.106442090483086
