"","1","2","3","4","5","6","7","8","9","10","11","12","13","14","15","16","17","18","19","20","21","22","23","24","25","26","27","28","29","30","31","32","33","34","35","36","37","38","39","40","41","42","43","44","45","46","47","48","49","50","51","52","53","54","55","56","57","58","59","60","61","62","63","64","65","66","67","68","69","70","71","72","73","74","75","76","77","78","79","80","81","82"
"1",1,0.0143322355610898,0.138922216143194,0.461084418070176,0.539266331607353,0.36905315630736,0.458548586259862,0.468220796721744,0.403851090051723,0.665570801825533,0.561395429270634,0.468434048403953,0.657543863398885,0.462987897259035,0.237655145426737,0.265785301979133,0.720095935888988,0.651300685299369,0.582218833638664,0.606242735075435,0.657714677308026,0.562065199138918,0.679119756739217,0.563780890768863,0.148799466553038,0.352740412100509,0.597416546246166,0.56102538443302,0.529448192093961,0.489947792817534,0.682445229396862,0.595235320991648,0.662247881806322,0.220947165385288,0.557019079146655,0.11440378350724,0.0671238469261078,0.483701697410744,0.436577844999937,0.639622898220042,0.624670636624579,0.53650519484809,0.0471329499419424,0.630708986587028,0.583622976661008,0.495309301535125,0.369496315284191,0.303520065594918,0.525023548891917,0.582321206601481,0.525043249260372,0.587428817523032,0.182848290603662,0.619931836682475,0.539129299234103,0.57659513355693,0.674330145617664,0.624469675831986,0.587711722490214,0.553904490196525,0.692087874227157,0.684822553009703,0.670695461223225,0.600898810156034,0.665851677748864,0.687640810000495,0.454191607946324,0.550987374804187,0.502061410611076,0.519824616794318,0.1957956237202,0.624061674262291,0.574458472440587,0.527485998434609,0.0856637523576026,0.0432773362694251,0.446764229993494,0.545085714923696,0.3167889983828,0.400269088984589,0.579611265724603,0.539960105275849
"2",0.0143322355610898,1,0.0441737237251691,0.00743814992124589,0.039816125928985,0.0173444603722726,0.103904286355285,0.0299000255865986,0.0500007337239715,0.00103576227460204,0.0629687901723321,0.0219066642649149,0.0256038227462935,0.0734045699900908,0.0249219505665543,0.0528667990163027,0.0320892334530079,0.0121709671288171,0.0948198383504052,0.00676064679807503,0.0623156785739396,0.0403939507888814,0.0458361323649088,0.111948353078978,0.00151413709117135,0.0939389701302498,0.07901238227392,0.00745851399569531,0.115811496470308,0.00925019083693833,0.0932923566403357,0.0626301922343052,0.0480007187944721,0.0803648020103702,0.00254443876575043,0.100751168376082,0.142901912442993,0.160101120204875,0.0311159686661522,0.0943986125375018,0.0160360510331809,0.129279137854051,0.311969408469033,0.108545407282328,0.0941992042852252,0.0625298620606189,0.0485788481533057,0.0353660601615885,0.139639342412751,0.0322105567186469,0.0836892863456536,0.0169479899449672,0.0314892487595671,0.0414131133625823,0.0960131938140357,0.00673796582875914,0.0753310702056181,0.0757565118414957,0.0386025064830031,0.0549328780332205,0.0912514736346677,0.0854572738351551,0.0731176957261884,0.078220993478572,0.0279146668831589,0.0715382520179593,0.0123782869122341,0.0478332561589893,0.122093339339325,0.0731347346931464,0.0211779543524273,0.0279212053213097,0.0866439591547564,0.172720616043882,0.0660411426291526,0.00163501804159843,0.076092448503244,0.0143168153366544,0.00291415542280706,0.0194905815668244,0.186403709495412,0.0565834100058381
"3",0.138922216143194,0.0441737237251691,1,0.0647446050777759,0.0497225498771245,0.088334835603962,0.0783891823438352,0.186982318008529,0.107480641289627,0.193620467228314,0.0824819469861807,0.0826026931762101,0.264616495502243,0.115416743700781,0.0713248997525732,0.0303964870738051,0.156587914755125,0.0177329841184829,0.0483776916656974,0.0335640845104144,0.124055009687766,0.018876284115125,0.0779540049441642,0.019917643855384,0.121618263182962,0.093981428959614,0.100157436994815,0.0496879631865155,0.00542473050915177,0.00115224593393028,0.130281039794307,0.023409915515203,0.0721156001529601,0.287717721949642,0.0673432158551664,0.0147089853324234,0.151437059653209,0.121775211062831,0.0476709326301131,0.177969710734347,0.182389670161348,0.115944333023721,0.0902579211595213,0.106279253697531,0.147349424114187,0.200140335776153,0.107933175283035,0.141447387221402,0.17427338832995,0.0466016676019262,0.0219410791487854,0.139667452183566,0.130798326331581,0.158781756331336,0.0950379329356911,0.0785240696873112,0.169356290988284,0.0295523372075148,0.0700155817043188,0.00114262700108281,0.095599894407177,0.0408752359161494,0.0473652640893541,0.11644867043302,0.189132974313426,0.123768328143339,0.0903389497394731,0.043843342143824,0.111641884309668,0.085998966170546,0.0647827349222022,0.103417621661425,0.0744558557881025,0.260018401393214,0.0756167093750485,0.150012826250903,0.226857830604954,0.0129255845799252,0.032525436626392,0.198658971025128,0.0253182396133335,0.000196977321087974
"4",0.461084418070176,0.00743814992124589,0.0647446050777759,1,0.415278436593747,0.283356967957674,0.35365353221755,0.343294279982118,0.209369064607901,0.555178596430795,0.503783288592429,0.272475674254197,0.463823116916062,0.33731360614653,0.181777704464065,0.0994580145101971,0.551150765815075,0.494889064517419,0.443199507297853,0.553160255329387,0.536750050493795,0.481860626917423,0.539057863389765,0.379694035153014,0.0648851333407528,0.374162616368907,0.464098128617227,0.480598028922796,0.400363908264236,0.352547217747309,0.508968423159461,0.451008188360526,0.521457304944041,0.262883088416604,0.478009969422706,0.204219083665747,0.0352154444570843,0.352157192768187,0.276485085848553,0.502966754726862,0.521911185189873,0.402926549997617,0.187244926592817,0.480598566561618,0.40082773701433,0.398365168426837,0.292457547456801,0.270218639342371,0.290091835758223,0.481791721200246,0.391268014017927,0.416767420289799,0.130655154989407,0.459363899013901,0.484360981620647,0.49093006120306,0.502323972359461,0.440264242484608,0.521095353841774,0.439722768078963,0.508164927808399,0.499896893462226,0.5358478986955,0.410088579215386,0.502671744082088,0.428834380203513,0.321112059094632,0.492384833295064,0.337010064029623,0.362080310653544,0.243671284290205,0.469229389003918,0.315295652091935,0.473018467336167,0.0870057844269247,0.146370479945032,0.447845667551972,0.493895255316946,0.276678588892163,0.274979693857843,0.447373858817887,0.435748703026766
"5",0.539266331607353,0.039816125928985,0.0497225498771245,0.415278436593747,1,0.433733654487898,0.48153310432525,0.422256623604443,0.335404184979924,0.584803916369813,0.582134611097701,0.445507979847888,0.565809131300603,0.470913372243529,0.306088682704819,0.24445882887535,0.63478328251219,0.666282468727018,0.496680459281234,0.615480732542491,0.626986454360322,0.569294772061474,0.619878839695473,0.576649700595643,0.249882372806294,0.361186850779091,0.526811956606847,0.628833467771757,0.536342403716203,0.517097534650169,0.621601185968925,0.649082596484748,0.616014333394471,0.296959824024458,0.541788983833856,0.134807610529228,0.0401726709431464,0.421718249024591,0.348545248634124,0.552598290331734,0.552579847822784,0.519610808111046,0.0533322111659257,0.600947881561298,0.480626080511026,0.448629624870162,0.318178185467219,0.220009128782963,0.466415605088385,0.637536449955503,0.594966090161636,0.487073467988659,0.00941256395890762,0.522269233726939,0.472460287976391,0.571588628954565,0.604731750098195,0.601406501856921,0.634057129501515,0.581296131199292,0.658234215934903,0.66876716238691,0.651881939463099,0.579008998004063,0.600195412853274,0.612281896253422,0.509019441923099,0.544446830255837,0.492118094203408,0.50982894395359,0.292179034227093,0.562736593444904,0.515645627114561,0.379988281292018,0.100585850424088,0.00182280836470592,0.413721403201753,0.470580815926317,0.385442655086643,0.276115915282936,0.591279121197136,0.538010536532582
"6",0.36905315630736,0.0173444603722726,0.088334835603962,0.283356967957674,0.433733654487898,1,0.423058784116282,0.256229358256991,0.040495750805263,0.410142128569194,0.570463419243218,0.41940789190299,0.33785326980499,0.449876932885549,0.372545330864388,0.200335559977738,0.489327966613123,0.641825621166474,0.231775268423445,0.569054200167266,0.468248556199183,0.553476735910115,0.506330095736538,0.497483074970836,0.325735939080612,0.18444523590513,0.413935436968327,0.547430198645661,0.441943812840135,0.405414189933401,0.439855857964519,0.586075941450511,0.500920877816319,0.350517135018696,0.50091150320867,0.0275151058485104,0.0859608688053611,0.343830280127892,0.290753875203829,0.387446357177997,0.414120986279892,0.325622395434015,0.168799432072106,0.560494050001248,0.302494391780013,0.372968418023653,0.344282337114649,0.180858667698584,0.29220494163896,0.585711959341964,0.533924337217059,0.397116312442302,0.0566335834268839,0.409543068942618,0.410759061137483,0.525214315736246,0.377764497094766,0.482763848147893,0.624172842831127,0.612058347818687,0.531832072174013,0.56934552735898,0.493498120791168,0.427038672755275,0.437657560807362,0.485964975428411,0.467673448687865,0.52593220474652,0.465403832482954,0.493927462570618,0.137587228478709,0.459669163878879,0.465958960530057,0.20662498395924,0.0908382521765174,0.0214998528842144,0.253533008668979,0.385411929843852,0.323184289592542,0.201647859284255,0.434399183513142,0.535270586180731
"7",0.458548586259862,0.103904286355285,0.0783891823438352,0.35365353221755,0.48153310432525,0.423058784116282,1,0.371714739648326,0.342883862604981,0.552299057830343,0.522926758007588,0.435817706610664,0.527363152444455,0.414278273842332,0.242656567212234,0.108072215568441,0.599762462329997,0.621568634336013,0.542946381703553,0.583362813918634,0.602268030861385,0.539656252759857,0.625251541748964,0.591761406785455,0.14435808611526,0.327824458370986,0.592468090178482,0.554706429732207,0.372135799152456,0.424957947830693,0.619797690007628,0.576803626847057,0.614165999144352,0.339606093777901,0.540054426723905,0.107222264354832,0.0626501301716448,0.414083439082272,0.337526644456222,0.572063132112221,0.522406541710847,0.325742493353616,0.00394892983454573,0.552371193395271,0.499185116342992,0.373765369845201,0.286653546851802,0.276813093114091,0.4464757588741,0.594400939687626,0.518386649563898,0.441979284436748,0.181936805189625,0.563046985560184,0.519959516840735,0.525137931759007,0.624120751954128,0.55511118450983,0.569417986673963,0.493345396716535,0.626485239493882,0.621695080276954,0.589551669571745,0.519084392564323,0.562754126786114,0.533274792767046,0.470552126962045,0.550478497471679,0.502826317981482,0.456146613299589,0.262956013854254,0.559941657827257,0.531215393595032,0.474690150139835,0.121793781812587,0.0314091805066566,0.288009709731405,0.536352889475954,0.188459544911827,0.362231236828977,0.572127130290907,0.589927039820294
"8",0.468220796721744,0.0299000255865986,0.186982318008529,0.343294279982118,0.422256623604443,0.256229358256991,0.371714739648326,1,0.344226437250193,0.535657596516294,0.477150392747108,0.425433336951391,0.590441465035638,0.384217596649345,0.213913986257042,0.13788218863237,0.618265661688807,0.513742278609315,0.472549237495285,0.500038092217848,0.541020181005096,0.468638759113305,0.547879239170121,0.433392999633383,0.235376443699766,0.24618670531572,0.540177908472733,0.461581092104316,0.425112892089837,0.339937689563849,0.603954870314998,0.477577577924072,0.55622043801596,0.149509197499025,0.503111748083239,0.0736353402290478,0.209868128535203,0.447324912022126,0.369281089740067,0.536170367679086,0.562366803545328,0.464557873364087,0.088578246446579,0.58447403044543,0.506687320860148,0.404219862300268,0.283358550237714,0.238568619798718,0.50524277060136,0.453927134568716,0.580251897019533,0.434642217425119,0.160176188150154,0.518671669101373,0.482402733079694,0.548621551595388,0.531153684387354,0.521203642630155,0.491179438615931,0.444114642465169,0.589013861994234,0.580007330416892,0.607387282951471,0.52276107374552,0.578694121792488,0.563836930007821,0.321300418651863,0.50233292325299,0.553024421947015,0.441186149164548,0.147778642745122,0.481630814269788,0.443801231168234,0.373641756960025,0.0490426617885384,0.115239923304782,0.363168177041517,0.310807627833205,0.193182788010681,0.237040753206212,0.52045214030655,0.402322845363718
"9",0.403851090051723,0.0500007337239715,0.107480641289627,0.209369064607901,0.335404184979924,0.040495750805263,0.342883862604981,0.344226437250193,1,0.401318400863539,0.266889664679389,0.323571429368236,0.512839943630528,0.352234789494857,0.164303674720189,0.283083964436154,0.500018259562096,0.410141096587547,0.70271398858945,0.247295653523034,0.430210368618558,0.260462282642219,0.487885818371972,0.426336920748105,0.068533571521703,0.421373183863877,0.308185159385547,0.404985786868574,0.430659007799238,0.489208508999334,0.540282878404306,0.366036818695799,0.514857706561426,0.0888098312408412,0.167694821056692,0.0478253867344058,0.0970314872902124,0.114342960882745,0.174474668629906,0.409307772855268,0.424485332824391,0.397266143846601,0.0829343406112375,0.32410103750989,0.541983043423161,0.231419844911508,0.243430201729446,0.225670933678727,0.49366993408607,0.395093487656179,0.339067010101105,0.340918634759651,0.270203718612081,0.362668064134588,0.254929993973151,0.252978458997875,0.633104693161267,0.576252644233411,0.358415996004873,0.331716401762059,0.43755571095439,0.468970910070633,0.490939295851667,0.381592609851857,0.470902351985892,0.45275375071717,0.314079201259756,0.230671413678659,0.274346200441778,0.28658290381225,0.272659887371773,0.31135823770411,0.435571531010152,0.355845350223145,0.249720274989701,0.143521733395483,0.258802148500309,0.36236807505239,0.170767438392023,0.225279953902061,0.392965071760782,0.339668899021117
"10",0.665570801825533,0.00103576227460204,0.193620467228314,0.555178596430795,0.584803916369813,0.410142128569194,0.552299057830343,0.535657596516294,0.401318400863539,1,0.645836244121917,0.566229684198859,0.822534525328925,0.486147438635927,0.318873896568571,0.226906852085324,0.862928600759748,0.76371592142036,0.664191998075137,0.771739527952649,0.847370575629709,0.65846585906392,0.829772562316783,0.603891242887205,0.117321917860175,0.39918133137206,0.716754166327947,0.662000013788685,0.563848701981966,0.532016559829549,0.823683191007335,0.689109433022568,0.818985214761444,0.230385524083328,0.733197639006031,0.178857962254425,0.117137524860163,0.633262632973557,0.524212248542615,0.822908944939483,0.783033970404346,0.587212793493898,0.0705980103523603,0.765182125438947,0.710378051562144,0.70312704724106,0.444089935693935,0.383122770262387,0.629188748103846,0.689836110722437,0.599294461597081,0.701827738208967,0.267871907209844,0.783302897236986,0.681868409770567,0.776810482196183,0.798673325876496,0.707087217448878,0.698792266186809,0.649333584229589,0.82185090406664,0.804151523811837,0.784579680561353,0.758048934021142,0.802127340683807,0.769008919026081,0.519425323044772,0.698343099430793,0.615529919530664,0.593925977754754,0.211687202569862,0.789963553423997,0.60904418548192,0.668801960174812,0.125507125015201,0.159468074658953,0.497758039670467,0.597218751637397,0.317621876400279,0.526524058114324,0.64767687390719,0.687994293272431
"11",0.561395429270634,0.0629687901723321,0.0824819469861807,0.503783288592429,0.582134611097701,0.570463419243218,0.522926758007588,0.477150392747108,0.266889664679389,0.645836244121917,1,0.52503683964147,0.607932498473277,0.479635636543307,0.407002258970608,0.190934530748437,0.721345506260336,0.780129820593354,0.54601959715024,0.760965663634279,0.710192389424205,0.698415054154963,0.737869037718926,0.650894009812591,0.249576134975722,0.352322774762038,0.63479583262692,0.712872956001511,0.5647386300442,0.526650660600967,0.712742013357486,0.723146853359407,0.731493797871481,0.408674574658421,0.693856612957925,0.144432073391489,0.0566805911784754,0.52594536281117,0.451224108266757,0.657162022189531,0.638571403953058,0.491013237495599,0.102646356862975,0.708727230513554,0.558532002047957,0.523146365740764,0.371718207497489,0.307094878505366,0.446151239112855,0.744965388618595,0.693846240324151,0.513318028020802,0.0471494910823688,0.623490749073288,0.670031997909422,0.717069817840727,0.633429071094691,0.672196670562001,0.753271755534691,0.659433840306793,0.767249449740746,0.78384418763019,0.756992038263378,0.65072395633142,0.65871040436313,0.648110055255321,0.577910122666609,0.673434994649527,0.592934257613353,0.639779993606895,0.294509309881107,0.648337839065066,0.535529610457031,0.442353388865048,0.0964498538070619,0.016000298152821,0.398731358773071,0.635047768780223,0.333321126855795,0.361450579604387,0.66757882168912,0.691691123590319
"12",0.468434048403953,0.0219066642649149,0.0826026931762101,0.272475674254197,0.445507979847888,0.41940789190299,0.435817706610664,0.425433336951391,0.323571429368236,0.566229684198859,0.52503683964147,1,0.612589731415774,0.433408427223277,0.34026086356238,0.314763035775995,0.661059006620969,0.685274464581066,0.453875204287642,0.581523123922841,0.603637248367422,0.570305379002756,0.653674183931384,0.506603864918322,0.234839949998043,0.26672604632577,0.452312739120012,0.598271588257703,0.591873544839598,0.592780983164889,0.602424043438011,0.657025563417416,0.642043495896095,0.193293745926014,0.530548330340153,0.0325415166594703,0.120028259712348,0.38555371425393,0.390691521716728,0.549027521914932,0.543072150982853,0.340418099109324,0.0607025281674838,0.601062407974062,0.545867810997006,0.566628129934496,0.41025782281095,0.346795963375569,0.481109323540798,0.598916389189227,0.590791828105783,0.566205086308264,0.0243586400052609,0.545369036915819,0.459156043703007,0.629812630870863,0.595883046303215,0.662511204585085,0.618544633396774,0.67090048863019,0.640418176792155,0.672724337137817,0.621767698311013,0.620736019611524,0.636664666781595,0.589414245440731,0.524006174393493,0.548444685491962,0.491076269245747,0.541089572343238,0.13538712275739,0.591727680327764,0.493566313289787,0.401935641349537,0.230576647740321,0.0445399511857071,0.291197735412188,0.454297079192888,0.311729948567198,0.313351611480849,0.436157897486107,0.62131715470359
"13",0.657543863398885,0.0256038227462935,0.264616495502243,0.463823116916062,0.565809131300603,0.33785326980499,0.527363152444455,0.590441465035638,0.512839943630528,0.822534525328925,0.607932498473277,0.612589731415774,1,0.511446847665757,0.336064892967172,0.308684331956585,0.879278181554837,0.758787701008415,0.71350563768929,0.713545771159459,0.836710725265696,0.620650302839415,0.828891851122348,0.628127151855225,0.0959758429577038,0.397162456806128,0.670293094435475,0.646963117873582,0.601125297840639,0.634029966156052,0.835313620659201,0.686457395803091,0.820290816008467,0.163934882792418,0.681116137833472,0.108710954561805,0.182507401856595,0.575446016539898,0.494106193304956,0.813277294156823,0.793895956811638,0.602620255914066,0.00782467911083217,0.749595956233561,0.770924561321469,0.706118556024138,0.471884950713274,0.430839655777992,0.655101697604787,0.685395030556431,0.606334858836324,0.691937418744853,0.291630883274527,0.786070355689717,0.621463823653552,0.73119661215503,0.834733988236547,0.781268203530307,0.693693029240736,0.654788280186222,0.834544344207616,0.817395281126541,0.791271251738228,0.803294510926151,0.837775849413837,0.777591119175042,0.53921237025246,0.665082665269549,0.610914136579083,0.612820992826639,0.215318686629402,0.755925789485196,0.608472518640811,0.650386428845333,0.153120983101317,0.116558384492576,0.485855004891476,0.588765932004413,0.319570994549738,0.51636665933181,0.648694289988645,0.669792435886746
"14",0.462987897259035,0.0734045699900908,0.115416743700781,0.33731360614653,0.470913372243529,0.449876932885549,0.414278273842332,0.384217596649345,0.352234789494857,0.486147438635927,0.479635636543307,0.433408427223277,0.511446847665757,1,0.263721760220118,0.259887830296596,0.582924199173308,0.593413203169377,0.47562795187353,0.477716605765641,0.531652082725172,0.488982992852368,0.558494295909032,0.511244154063059,0.158229995520517,0.389210258527883,0.438253976670878,0.558641875589849,0.526806957465402,0.54673488299217,0.565447901865637,0.568833078234366,0.554804356485482,0.0959692479851745,0.394312186958903,0.0688801754052143,0.0207374066538048,0.280223637480896,0.245471669965377,0.461927780247883,0.502208940056249,0.392701459268504,0.0799407454622107,0.511534468776017,0.431778449620125,0.416426001820811,0.356124238434341,0.234504551671026,0.470832739188604,0.576544113339072,0.509514534771599,0.402461251469039,0.0284019863768151,0.424383886542181,0.412034502427001,0.441847330986629,0.561733335572273,0.586013365733814,0.552720276915857,0.534397774048335,0.562252458512799,0.570651890894743,0.569365956589225,0.465814483194513,0.541221145002731,0.515366840166549,0.427467860613159,0.474523694670271,0.393148735692527,0.415741798286992,0.258212655521234,0.431907557670454,0.424317239001598,0.362714723518366,0.141752774600615,0.0711956006473638,0.379628322331674,0.449504247815187,0.32415259894565,0.270425952880145,0.515270346555863,0.471079493500479
"15",0.237655145426737,0.0249219505665543,0.0713248997525732,0.181777704464065,0.306088682704819,0.372545330864388,0.242656567212234,0.213913986257042,0.164303674720189,0.318873896568571,0.407002258970608,0.34026086356238,0.336064892967172,0.263721760220118,1,0.242985021431899,0.386282260386218,0.489928255602505,0.297640463746703,0.391280077687505,0.404258184231889,0.427651696010103,0.436898044095617,0.373653122292007,0.268713701788865,0.199980073656168,0.266946654321532,0.404485599802044,0.405949880064947,0.455640565207454,0.350202989657779,0.499267520101304,0.423486142637568,0.234390052674428,0.333544052764453,0.025708137281862,0.0153712263044071,0.158713681863335,0.13588136829453,0.304806836666476,0.367734781822596,0.23759864855986,0.135719533771314,0.362986179574119,0.34159563734049,0.35561545548306,0.261929567650062,0.188695586492297,0.203910531403033,0.4514766105505,0.404302017096355,0.292223275535514,0.0702440088807056,0.318248989576626,0.273205037911475,0.416886959061623,0.343461695991052,0.416790282382377,0.429897444261133,0.497265629997454,0.422952937315786,0.445455777405802,0.425462552207562,0.349487689836233,0.383470989458699,0.357448240774642,0.433409902158137,0.39519609090103,0.327725045931896,0.403260470340172,0.179212782947597,0.369396068788527,0.36636167248644,0.238995753261506,0.126581380081586,0.0671987496605987,0.169326943157825,0.329489158831341,0.190337471726913,0.198698070399394,0.273137204522083,0.469766360539314
"16",0.265785301979133,0.0528667990163027,0.0303964870738051,0.0994580145101971,0.24445882887535,0.200335559977738,0.108072215568441,0.13788218863237,0.283083964436154,0.226906852085324,0.190934530748437,0.314763035775995,0.308684331956585,0.259887830296596,0.242985021431899,1,0.345386321401181,0.347887460793486,0.271755248868142,0.189421893182763,0.276975466282806,0.257250641332659,0.352869233915183,0.256448172136453,0.216883248904672,0.164735705751242,0.104381211306428,0.273056974145873,0.40341601207417,0.417630533393863,0.286471882177072,0.388406966008211,0.344494585927348,0.137745326926812,0.124135858782626,0.0526208141745292,0.0134099447625196,0.123140957159847,0.156919760820797,0.236266324422093,0.23832187315106,0.288360401861571,0.0291453173212179,0.277286728908643,0.390975206884698,0.282386571523491,0.194523192282136,0.185248352522912,0.3182435838455,0.309232423874601,0.280344835989172,0.316707992461215,0.0966574705090378,0.223200466177236,0.0884746958013617,0.227221484757959,0.349127538650866,0.392184137587039,0.285345755288513,0.413129569470497,0.309032325261314,0.351776333310184,0.339567854835931,0.319544811546256,0.334079266851026,0.325440077128542,0.292682631372659,0.235488469672124,0.241801394143799,0.330463243107169,0.0114229520707132,0.262708679020308,0.292994455219254,0.118159764466291,0.20540919391304,0.05590141244654,0.117874489747548,0.228902991570695,0.262557929184041,0.146317457228196,0.201560596472513,0.280256207637845
"17",0.720095935888988,0.0320892334530079,0.156587914755125,0.551150765815075,0.63478328251219,0.489327966613123,0.599762462329997,0.618265661688807,0.500018259562096,0.862928600759748,0.721345506260336,0.661059006620969,0.879278181554837,0.582924199173308,0.386282260386218,0.345386321401181,1,0.89412240172725,0.754476204795258,0.821071645671221,0.907207297830788,0.762276669712753,0.930776913914665,0.735831959855592,0.243006027140515,0.43878612886878,0.774855809504947,0.778622733821885,0.692564921942954,0.688839195319299,0.913632826188441,0.823906419514305,0.91797329339453,0.317607215981346,0.779187787207652,0.130922079682116,0.148650938296811,0.63709341052036,0.569729966454766,0.864878236249206,0.844154875854772,0.626840249766996,0.0470195806711318,0.847665258608121,0.802856486610632,0.731933846407338,0.513231264441712,0.3988869592952,0.720704247252245,0.814382741799548,0.735806895241265,0.785713372180261,0.236574691805155,0.852696145894316,0.704286794233276,0.815752957632745,0.881265773406222,0.84516371225162,0.823832432389826,0.78463355026407,0.926802694224626,0.918975747719825,0.903896263791208,0.849117580719504,0.887640574604595,0.867291820854955,0.618700263931322,0.768023336589253,0.711194009985747,0.711393069918607,0.254799131268889,0.843922148013295,0.714365304682772,0.673499751480395,0.178937128512958,0.117358067651324,0.498329657366684,0.676174788253953,0.39138037581088,0.517795419788136,0.741176862402353,0.788301503373462
"18",0.651300685299369,0.0121709671288171,0.0177329841184829,0.494889064517419,0.666282468727018,0.641825621166474,0.621568634336013,0.513742278609315,0.410141096587547,0.76371592142036,0.780129820593354,0.685274464581066,0.758787701008415,0.593413203169377,0.489928255602505,0.347887460793486,0.89412240172725,1,0.676287553957659,0.842046090850685,0.842121235005587,0.819979311010759,0.898694993748847,0.781460647379211,0.355904782594865,0.455719991388183,0.683029872159878,0.841691951047741,0.741540188109881,0.748780556801312,0.839584711976692,0.882597882609927,0.889742294938656,0.463354143785334,0.753387716134736,0.13397098093099,0.0422145876538223,0.540628411605662,0.50466498477947,0.761723898162611,0.752929716251962,0.564573684630414,0.145672780871136,0.81122560349739,0.696559675098591,0.67210773338064,0.483433627407217,0.365100379118267,0.606600382588708,0.880103047514675,0.780158239221833,0.692645737838888,0.114853780222852,0.757076046611939,0.649557330736331,0.794407052081069,0.802572467287653,0.860171888477958,0.903771437624951,0.848120095959804,0.901695267135819,0.911783517024037,0.871484974459077,0.799484560155395,0.819010423818505,0.792229383401969,0.717563675764307,0.786054169490854,0.666432490287225,0.752718634537922,0.287662786955315,0.785248664406824,0.700976542003742,0.560939447667405,0.224280917607369,0.0446034121465645,0.410222377988892,0.686301712731655,0.430332735848964,0.424784109434461,0.713273373075702,0.848092182171397
"19",0.582218833638664,0.0948198383504052,0.0483776916656974,0.443199507297853,0.496680459281234,0.231775268423445,0.542946381703553,0.472549237495285,0.70271398858945,0.664191998075137,0.54601959715024,0.453875204287642,0.71350563768929,0.47562795187353,0.297640463746703,0.271755248868142,0.754476204795258,0.676287553957659,1,0.55892500829352,0.701257532090221,0.516966957141875,0.759927669094334,0.642309958942594,0.111922950949072,0.446856454099178,0.60092663710156,0.642240756030632,0.596047916731056,0.617417520713298,0.777319006645329,0.60337272094827,0.745859743709422,0.311417729351123,0.507558502583364,0.105880248596646,0.146288385778791,0.377755678577788,0.360982178246109,0.67826869843399,0.674230509716601,0.559107502857673,0.0538614722310622,0.589312001593389,0.724566667942918,0.451551984441226,0.364688533320694,0.297444596587829,0.605710050485324,0.660268407192,0.545027963014347,0.551703430940995,0.289815592524654,0.64131053878629,0.530972902354015,0.54569035298403,0.80193925723968,0.752944232828543,0.627045139934133,0.545552275948472,0.711361800670742,0.716728549870911,0.754610192335488,0.619931036132994,0.705025789286262,0.65843221455262,0.462676404013006,0.531910566193123,0.513051778173738,0.550988093012215,0.396131341272674,0.576637475461656,0.560282955732265,0.538209566407389,0.193316689399735,0.0269355929980721,0.389608242207742,0.593620845294889,0.249483977694682,0.410405866238685,0.637944613472565,0.588899910609336
"20",0.606242735075435,0.00676064679807503,0.0335640845104144,0.553160255329387,0.615480732542491,0.569054200167266,0.583362813918634,0.500038092217848,0.247295653523034,0.771739527952649,0.760965663634279,0.581523123922841,0.713545771159459,0.477716605765641,0.391280077687505,0.189421893182763,0.821071645671221,0.842046090850685,0.55892500829352,1,0.808386351934828,0.772436158172077,0.817214635970239,0.67615071182641,0.239199003651561,0.364045819470728,0.717594206041937,0.754327253814283,0.582527216852051,0.578611944173912,0.770142476510824,0.782657987905382,0.800728473622054,0.390642980054435,0.785322793573288,0.125935922916722,0.0468725247675418,0.652770982127953,0.482833192850354,0.759332947517566,0.737013516839092,0.486411991227655,0.164353095481055,0.759203125886935,0.609737411317701,0.658292417224506,0.430213668590677,0.329026532197636,0.499769600658362,0.798477721957337,0.716663215299833,0.63810430695439,0.0883578526552659,0.75333138275376,0.697634269173773,0.799772564377617,0.714131681050545,0.71415298118196,0.796937879867619,0.728944317397345,0.840734656071657,0.827424887967404,0.774285560263279,0.744938324493812,0.768872917723271,0.733230632691685,0.623190417840007,0.757905433606255,0.650908188684811,0.681080971770782,0.261133778585069,0.79116890612953,0.61881094340309,0.579413517968124,0.124864913805002,0.141611850214204,0.436800368626125,0.67653355125752,0.345447549440812,0.433700873501814,0.697302735277715,0.773686786688358
"21",0.657714677308026,0.0623156785739396,0.124055009687766,0.536750050493795,0.626986454360322,0.468248556199183,0.602268030861385,0.541020181005096,0.430210368618558,0.847370575629709,0.710192389424205,0.603637248367422,0.836710725265696,0.531652082725172,0.404258184231889,0.276975466282806,0.907207297830788,0.842121235005587,0.701257532090221,0.808386351934828,1,0.72567056451159,0.882495246840722,0.709935174681182,0.189567963433465,0.421479684105793,0.73840064698372,0.716279409774507,0.604578624017948,0.637701303097104,0.864065555051323,0.773361547812937,0.882511971350417,0.31800209980962,0.791312001494778,0.14288420655058,0.123473258854875,0.625211936240886,0.525238820826615,0.843649396980484,0.814468694293331,0.617894683424423,0.058960487685744,0.816636418191187,0.738398959712209,0.727338008543865,0.501763873949046,0.387926363164952,0.646409905898523,0.776305283034113,0.673921806917231,0.718387631004311,0.246583546507254,0.809735100906142,0.700249136977762,0.801020942792711,0.838564522246498,0.787000431620169,0.769947596411596,0.728473214883508,0.900735790044887,0.880207556530004,0.842169359021996,0.809652672123682,0.842164395598535,0.824371655846413,0.614605694090334,0.745159608172135,0.665494631898741,0.652301693115163,0.253824922380936,0.841156889611299,0.680050555568767,0.653461315806084,0.139794292920196,0.111855036573468,0.478350009198601,0.671556608912206,0.348088768752896,0.530474954123593,0.72115281436923,0.754284863667106
"22",0.562065199138918,0.0403939507888814,0.018876284115125,0.481860626917423,0.569294772061474,0.553476735910115,0.539656252759857,0.468638759113305,0.260462282642219,0.65846585906392,0.698415054154963,0.570305379002756,0.620650302839415,0.488982992852368,0.427651696010103,0.257250641332659,0.762276669712753,0.819979311010759,0.516966957141875,0.772436158172077,0.72567056451159,1,0.782813361816508,0.657101939423928,0.284768508866972,0.345371548504145,0.63445070691803,0.756902591831759,0.618871579004299,0.603077035458686,0.712525856351587,0.757001250548277,0.76173075793384,0.395076715348429,0.705775537360657,0.116559314948108,0.00948490833547398,0.500865700007929,0.451860836545937,0.675004904467773,0.670754385406963,0.421569323270055,0.226025691344172,0.712165984063239,0.552685409917933,0.590906710960163,0.445936359821967,0.335943482277992,0.438191498554064,0.763830734498799,0.684782755939087,0.560502531195245,0.0736414100855015,0.660767274854406,0.598362651939872,0.728087420639483,0.65648017285387,0.686002835641001,0.770842938545448,0.721429846341807,0.770368911750341,0.774195758296328,0.739134007343536,0.681509672391474,0.708479858334083,0.643200931581715,0.615473752000647,0.695275654817755,0.581888967219411,0.671945048561692,0.255307437832158,0.726387990914615,0.58130193414087,0.557510987633978,0.134664866820297,0.120755325057812,0.371579320368342,0.62295534882836,0.351524573806599,0.393220166489894,0.616097879555276,0.760814014991751
"23",0.679119756739217,0.0458361323649088,0.0779540049441642,0.539057863389765,0.619878839695473,0.506330095736538,0.625251541748964,0.547879239170121,0.487885818371972,0.829772562316783,0.737869037718926,0.653674183931384,0.828891851122348,0.558494295909032,0.436898044095617,0.352869233915183,0.930776913914665,0.898694993748847,0.759927669094334,0.817214635970239,0.882495246840722,0.782813361816508,1,0.751224624559689,0.244047981849499,0.428131526187348,0.727670279730739,0.79123033800279,0.687712010964035,0.706113906935383,0.882478506374008,0.828115188523016,0.916352332607395,0.39380668739496,0.767177966813164,0.137385468444378,0.122997065162335,0.599894833939482,0.550053484597363,0.833224151776391,0.796332898613871,0.590870202425485,0.0689249069170495,0.828297568960214,0.780526775859456,0.705760442803415,0.488462795078528,0.395330007629632,0.659629307885528,0.828951753418959,0.729843555491117,0.74022878872645,0.238106266554522,0.822850963304777,0.682169801004684,0.795718397833116,0.870299562398115,0.853005009997933,0.831299009537168,0.796118142190784,0.910868697081381,0.910366291637481,0.895203091843421,0.821429377891471,0.85997962961768,0.820923073680851,0.656907956179122,0.763799001546632,0.690694718621153,0.748106061597814,0.265319553781774,0.827805076664291,0.715602866228876,0.630232648967855,0.204726021814568,0.103449709536293,0.43583724996946,0.712586658910636,0.373222468891364,0.484624446205965,0.719879104774716,0.8080903250057
"24",0.563780890768863,0.111948353078978,0.019917643855384,0.379694035153014,0.576649700595643,0.497483074970836,0.591761406785455,0.433392999633383,0.426336920748105,0.603891242887205,0.650894009812591,0.506603864918322,0.628127151855225,0.511244154063059,0.373653122292007,0.256448172136453,0.735831959855592,0.781460647379211,0.642309958942594,0.67615071182641,0.709935174681182,0.657101939423928,0.751224624559689,1,0.318744951111465,0.295429683754559,0.672389062774731,0.726919734473293,0.529275845434103,0.603255251725641,0.743593235552216,0.761922133114187,0.759864094007882,0.427166537424888,0.62857133432199,0.0722700374845852,0.108708708463564,0.45837313801758,0.352366763728076,0.674581879561828,0.603021834467916,0.497085775356779,0.0791322561978245,0.686373134697704,0.650219048231653,0.446475483874542,0.326010538224425,0.283427322640181,0.585696654131797,0.762765469249289,0.666042338731017,0.567175438619838,0.116397002623058,0.601255397427384,0.559535492421541,0.603280384011191,0.738750106120597,0.735636349102587,0.7165228824162,0.634558801923759,0.789867302327447,0.794719329777239,0.747575807278989,0.65346807744288,0.693425135446096,0.686531477902943,0.644439774848444,0.613397892051589,0.632439650081467,0.677677087580313,0.346117343979614,0.661410748111282,0.658230278006962,0.394782061953872,0.169254024232286,0.0535167743043405,0.307019029723105,0.609466060880744,0.381163890410214,0.314015186782386,0.7472745146006,0.7199588965759
"25",0.148799466553038,0.00151413709117135,0.121618263182962,0.0648851333407528,0.249882372806294,0.325735939080612,0.14435808611526,0.235376443699766,0.068533571521703,0.117321917860175,0.249576134975722,0.234839949998043,0.0959758429577038,0.158229995520517,0.268713701788865,0.216883248904672,0.243006027140515,0.355904782594865,0.111922950949072,0.239199003651561,0.189567963433465,0.284768508866972,0.244047981849499,0.318744951111465,1,0.0550084594261455,0.202097733958095,0.296233107375891,0.242225192375157,0.23162809747533,0.197797484786744,0.336654699823153,0.243539496090713,0.331328894028448,0.237585304688323,0.0286763851212183,0.0327117687368347,0.1419583609538,0.103991580499818,0.118702598521951,0.177082409672728,0.225128958267553,0.0658832686092825,0.277487172463331,0.146607170110405,0.113382351046184,0.0733492301979541,0.0228561161658755,0.167036357811827,0.301140213533709,0.345281844909276,0.229720134892442,0.0610825996974652,0.151402866162131,0.082590948166603,0.235224581987325,0.154608146080483,0.257885785096965,0.332986657696838,0.381946045645115,0.261016198388787,0.301280572606807,0.275393000387468,0.185511434077254,0.204736317925827,0.287281244985075,0.242920579998431,0.300992971915072,0.324622071806805,0.280381521640446,0.0138904392056572,0.182019529356942,0.305749331063695,0.00670687018892242,0.13094961863057,0.00503502613833632,0.0460334925415037,0.088045016680277,0.181776960163726,0.0260593138455819,0.235432573466652,0.28640758757262
"26",0.352740412100509,0.0939389701302498,0.093981428959614,0.374162616368907,0.361186850779091,0.18444523590513,0.327824458370986,0.24618670531572,0.421373183863877,0.39918133137206,0.352322774762038,0.26672604632577,0.397162456806128,0.389210258527883,0.199980073656168,0.164735705751242,0.43878612886878,0.455719991388183,0.446856454099178,0.364045819470728,0.421479684105793,0.345371548504145,0.428131526187348,0.295429683754559,0.0550084594261455,1,0.266933548573337,0.431232951851749,0.508390053819507,0.518316128672953,0.433150999217722,0.422616990866059,0.434226569504042,0.0893306597540715,0.222603499062085,0.212384042140495,0.0619468296842084,0.0388927519312004,0.144055079846677,0.332632654797689,0.409299090100836,0.217914710353486,0.279897713381348,0.28192287326326,0.376105913808789,0.31609142233795,0.346859001839579,0.268387509175114,0.229932145693859,0.41557732663574,0.311072486665784,0.298943351899765,0.0866468121251128,0.293587139571859,0.26254569794095,0.317229356505098,0.471526057558061,0.474639568495374,0.481302160147253,0.397117677374676,0.371953417995783,0.38084024920236,0.410414712464175,0.290380295332128,0.419700255504347,0.316925478615472,0.329813071691796,0.400416347134506,0.156422358141907,0.223062746066775,0.279667089890085,0.287437430366985,0.277704642462935,0.441727572012681,0.189838825661305,0.0947826519082694,0.345095444456341,0.378983473394194,0.207526530112062,0.251917426091742,0.273317254309519,0.380522295183885
"27",0.597416546246166,0.07901238227392,0.100157436994815,0.464098128617227,0.526811956606847,0.413935436968327,0.592468090178482,0.540177908472733,0.308185159385547,0.716754166327947,0.63479583262692,0.452312739120012,0.670293094435475,0.438253976670878,0.266946654321532,0.104381211306428,0.774855809504947,0.683029872159878,0.60092663710156,0.717594206041937,0.73840064698372,0.63445070691803,0.727670279730739,0.672389062774731,0.202097733958095,0.266933548573337,1,0.611426334955596,0.396550284952913,0.361456940479978,0.779501680473384,0.644333112945874,0.739274550546739,0.295190613488264,0.718663750276482,0.125405168136915,0.182416069672355,0.631871775254074,0.486815517432901,0.764590891417337,0.675396856782785,0.507427497228227,0.0896845741511255,0.723452183648476,0.647424092746276,0.499899017963236,0.334121428717128,0.259758629189041,0.611578437477395,0.627411052902294,0.624671537229922,0.606595668169147,0.177555346347526,0.724635154087505,0.707027505061552,0.682276703427927,0.687281075263938,0.579701207849243,0.625901147235416,0.538115609748454,0.779957482610884,0.76341278284079,0.735194995768657,0.677752434584955,0.709242593172494,0.720231095905285,0.423300493468672,0.673410709443775,0.669596557239249,0.556552354588713,0.237007970538303,0.70899023598166,0.590229850168592,0.54677539134839,0.00658522823254932,0.0864161947047697,0.436444903856832,0.555721068543418,0.223730545356396,0.469423222669759,0.714857695371825,0.621084365201248
