"","1","2","3","4","5","6","7","8","9","10","11","12","13","14","15","16","17","18","19","20","21","22","23","24","25","26","27","28","29","30","31","32","33","34","35","36","37","38","39","40","41","42","43","44","45","46","47","48","49","50","51","52","53","54","55","56","57","58","59","60","61","62","63","64","65","66","67","68","69","70","71","72","73","74","75","76","77","78","79","80","81","82"
"1",1,0.470542556556661,0.397234095467387,0.0843472930375103,0.373254366782845,0.216185648940257,0.248735457732205,0.0162669377883253,0.241504548664492,0.00644499693648749,0.157525972924279,0.465089097080153,0.321030253056372,0.105707388798512,0.379378832719646,0.091383748994916,0.275451940217177,0.126110666132655,0.408353711418503,0.296195126885922,0.393769026436249,0.406814862581921,0.19399181497784,0.0200128594783423,0.0164097682727595,0.107076178931005,0.437154884141327,0.271674553121773,0.265022105794062,0.400222268963055,0.156630168782424,0.0104966052674318,0.410089124780875,0.549468640706792,0.0230480628685179,0.356806316599086,0.0676838416848159,0.433899131725055,0.435283211708399,0.3032135126524,0.119894856549757,0.411919729564655,0.447465995237585,0.421751930380448,0.0195371374448723,0.317719745362984,0.309963326191665,0.164313631785824,0.508833855020567,0.324244079450207,0.351605350426257,0.396659945793584,0.437488857815257,0.277780221832486,0.421385657930532,0.381441705470069,0.119292992973306,0.398834310260129,0.0523003477761241,0.286437574853324,0.293873646449004,0.324721627470534,0.419621446149752,0.0552236929767391,0.324436745446046,0.183162897581362,0.431293830170792,0.3076234142487,0.141621510312712,0.260893991016489,0.126805707268001,0.2477964656712,0.334835268784787,0.153332306547672,0.206314198681686,0.187029737423924,0.0690530852675831,0.200130427035383,0.246727687890846,0.154524679320422,0.316896758759011,0.0300757453745142
"2",0.470542556556661,1,0.754949573187667,0.0608642126280722,0.468235664632136,0.466835524998043,0.472355713560256,0.222769481431757,0.149019042020886,0.155663650332036,0.509615574860163,0.79156952626236,0.69803110567852,0.491014718314111,0.728303127836093,0.0980039317331348,0.748507660015479,0.512410762991852,0.743431620784159,0.686520399776412,0.759793512882978,0.775240108332482,0.592576296258946,0.0618674418695959,0.144866652456193,0.327709122862539,0.782663945253923,0.570929196616509,0.584425294766637,0.704647075506524,0.404060399077373,0.317919951324802,0.772253081794659,0.745539379693097,0.134229670578094,0.557957647560762,0.320310985824342,0.75425380743576,0.771951444196813,0.282439207413679,0.352448238855839,0.72506064503944,0.750119414490932,0.738209115857641,0.352734949750895,0.633676002388342,0.500847986638175,0.265985781604355,0.662472456494179,0.712727954235653,0.737523852695554,0.423399452662385,0.594877977117672,0.254691761480004,0.716041222905594,0.741130989742185,0.346022424910641,0.772396870574596,0.394050087782534,0.662222859793488,0.633397381504404,0.669590508616569,0.769704838103746,0.049771728809995,0.574016116272484,0.582746298769121,0.738888078808761,0.522176639039014,0.0109106963301626,0.511716224651741,0.215776082612819,0.578206957390681,0.654496013567791,0.147625372372477,0.413859616159301,0.382650255591952,0.25793982953459,0.349443262113541,0.212351808581907,0.343849826582285,0.643617511492017,0.227813312754965
"3",0.397234095467387,0.754949573187667,1,0.0461509724515594,0.445522633224678,0.579111782329506,0.482269542725955,0.204947602841797,0.152741792092952,0.240081862552999,0.539055449365995,0.844482346972979,0.749769378167658,0.56389839595799,0.709137352190612,0.18451472733259,0.758067145764689,0.630840251531774,0.821850839286679,0.734228872220346,0.812341807898946,0.803119166969536,0.658577978191515,0.156211048696684,0.110111880835121,0.301846708638667,0.848052623409399,0.662439550834257,0.723567300049453,0.805066856323115,0.487303043191749,0.387390645378562,0.787990192089473,0.757004762126651,0.135090887929716,0.548745847234725,0.264472209286659,0.794296857346079,0.786661631983461,0.142468274495267,0.355177518046465,0.740484856813043,0.78778265544492,0.813537366131159,0.282570623034548,0.625879465362613,0.56334759002613,0.302602865208645,0.681667791303076,0.773634226481866,0.772782884491894,0.425699105976117,0.659417961788167,0.262746534367049,0.74069999846671,0.814584291059172,0.458601831395257,0.811926290033272,0.506503101383889,0.727293952305983,0.745850339029561,0.754952668627663,0.83820729836703,0.128634911376884,0.699244741672362,0.609570937704402,0.789867514086721,0.642291846624756,0.0708603561104585,0.617938198673856,0.304276385649306,0.601813166864126,0.686752171812723,0.25265857779922,0.514655732247582,0.399821162695165,0.199217843622605,0.406919016558484,0.246706808021078,0.320041828770402,0.655648810903221,0.356336802219098
"4",0.0843472930375103,0.0608642126280722,0.0461509724515594,1,0.00270257026998748,0.000744689961341317,0.00846745694716959,0.00572147067894913,0.009642188861646,0.0258589962433216,0.16776751118615,0.00340004560114571,0.0597781372395357,0.105430749331929,0.11676835403159,0.014323864776741,0.168610523678084,0.145786061848394,0.00269372337633044,0.150158459964661,0.128152167890378,0.118955468314005,0.140712492544863,0.0262919759965648,0.0562790745852491,0.138195319693917,0.0124760269403903,0.0277673592172805,0.0540744902798777,0.0111916659011986,0.0365815342303462,0.2265132435893,0.0974239058120459,0.0289860958262919,0.0857604174650687,0.0866384886199476,0.158089725938388,0.0966985128089057,0.0421254586981424,0.00232479570012125,0.150359239624459,0.0320403853846459,0.0113580628612436,0.00763131926080346,0.170517737005676,0.156364805494186,0.0173073620299715,0.0426739679165225,0.0920874235768856,0.0138673228691544,0.069768567583897,0.063569447802687,0.0708115041669528,0.086634730660126,0.0468277681578743,0.0679228698643494,0.0408925363437455,0.113200232363511,0.048991447586723,0.0842921243448226,0.0474094892299977,0.0285276411633365,0.0309871444197706,0.0621592020782774,0.0113030757643722,0.126499837398344,0.0265131139514992,0.0471669431956113,0.0102302499930353,0.00924182473567316,0.0648182601175999,0.0562908163799922,0.0567153388102429,0.216335432985568,0.0101932323867743,0.03422982748374,0.146291504439252,0.111427361468785,0.280273186237068,0.0485809102836178,0.0731936299889347,0.00646740687958537
"5",0.373254366782845,0.468235664632136,0.445522633224678,0.00270257026998748,1,0.261268302653512,0.264395425009908,0.0752284161540145,0.158687391614172,0.0427010551782023,0.187246811172996,0.458758010798406,0.377596337411896,0.210589240750869,0.450663948468906,0.0430857019508203,0.358336995975167,0.199049858839996,0.422745070082236,0.401306756861088,0.446163636627303,0.432814604628703,0.278515774169841,0.0637007501146257,0.146595277831342,0.210193797863542,0.452412216423424,0.235415869573447,0.343612597062567,0.373005301766713,0.0953483378281736,0.0031930263647939,0.396817851429245,0.535627983959032,0.030607944793743,0.427416005128278,0.116792747347428,0.486026778876014,0.440648369337538,0.131266611614759,0.149868172367208,0.442277493693721,0.507067167610616,0.431781991773522,0.185751537584077,0.364671129026142,0.338565161112888,0.165875580697209,0.476416246710769,0.312110608345462,0.386824025546847,0.222199772141807,0.358270786830347,0.308984800232199,0.406805843454447,0.432583797025057,0.0416195978470353,0.417687264505247,0.124705095894881,0.296670892729734,0.290223015341845,0.334337458181802,0.413945813935978,0.0914266979915994,0.351009264573049,0.268019035717955,0.468645172885836,0.292833561661922,0.0927879007181545,0.282449509590109,0.0695386832221241,0.355442225423368,0.3242004674773,0.0608351450961729,0.176033202645845,0.343884926573754,0.16036014423251,0.210465645707586,0.168270107147882,0.302702178359911,0.287557499184535,0.0242586452338511
"6",0.216185648940257,0.466835524998043,0.579111782329506,0.000744689961341317,0.261268302653512,1,0.420728254379396,0.0998171202279011,0.0279597757614875,0.301748574686092,0.425554093697034,0.606964808701359,0.630748111965346,0.436549204900582,0.476191590391349,0.128408226875309,0.558420171028641,0.601753959927726,0.625803601633991,0.610288320401903,0.579700644226922,0.557961306509106,0.519395107519242,0.316392971067154,0.162038821060529,0.231212464424872,0.601023172014348,0.558115621642596,0.641688943966626,0.644421019977781,0.453816678706578,0.269279109093623,0.520598155357485,0.452508199732516,0.174227423576653,0.326859438589095,0.0655996750948517,0.549054069359997,0.529634373126212,0.117866119410254,0.236606796395216,0.526971336553232,0.536310771513684,0.608040938806139,0.0929642044771934,0.403132626219706,0.449703660778645,0.180056744863236,0.454336063036984,0.614461673682098,0.615412636891687,0.248124497306876,0.560048637089958,0.135867904997372,0.518565326355604,0.589985751241181,0.464908131295436,0.612017127628769,0.561196573397759,0.609196507375836,0.595517920209364,0.708684815301072,0.640776310858104,0.290923105346517,0.567402451935906,0.443074873407827,0.625350018148317,0.515034678760704,0.186252132217077,0.541047327277426,0.34037039270677,0.455593696536517,0.499033082774696,0.285430616647356,0.368946715379641,0.244801207244397,0.109862748489673,0.363413672767307,0.173531082483358,0.132986813784268,0.48802728152437,0.410754256654175
"7",0.248735457732205,0.472355713560256,0.482269542725955,0.00846745694716959,0.264395425009908,0.420728254379396,1,0.155193643828505,0.102265296631881,0.20001334815837,0.350339749040514,0.532270811538926,0.513025615075729,0.36157811107273,0.445748407282408,0.0818594130889605,0.519777879445875,0.471586420977885,0.533284745918139,0.503601003066626,0.528436942488111,0.508867151933455,0.460907823352768,0.127512481258481,0.0726665007340757,0.244206739164099,0.5479728747228,0.454203178715978,0.529764845403773,0.516860106469099,0.318141295670926,0.256795758952283,0.494227158058552,0.453994366837739,0.0734131313400642,0.369797954929958,0.141553161013356,0.527641690406053,0.511379776772759,0.00419069665212101,0.251976057642429,0.488842643652837,0.50161551091177,0.533848989857601,0.142309886794533,0.34041108537219,0.422121407655311,0.198210404847613,0.44946446450346,0.530889302186234,0.533174083772166,0.219579173272291,0.461759049874647,0.135314836965277,0.45988255871163,0.550692273138567,0.320741949267202,0.575467191769832,0.370272193976469,0.436995616708899,0.528545723327956,0.568808035741247,0.560339046479746,0.220834309398956,0.487142308913819,0.379759731851292,0.557029236380969,0.382009906736008,0.0563295330382858,0.468253888517334,0.204056003647351,0.378270267430226,0.452752018630455,0.223755470694206,0.29882741073801,0.272231433780362,0.13583118170595,0.320287471636803,0.161912842399783,0.180012655406401,0.425972322091763,0.27223371471905
"8",0.0162669377883253,0.222769481431757,0.204947602841797,0.00572147067894913,0.0752284161540145,0.0998171202279011,0.155193643828505,1,0.0367723675200957,0.0682670417121476,0.301568390691199,0.203718051539351,0.235482458714555,0.2978056015595,0.258300401096774,0.073052659267769,0.290882501514286,0.241769656797071,0.231605335817786,0.254615481073608,0.253402345859363,0.293207599753506,0.312386713011186,0.0690731200787258,0.0334721819734182,0.166861560408962,0.219256534421221,0.192391062414335,0.223984854315718,0.241854442357383,0.17232836610114,0.278563572575842,0.246972798598985,0.132051216745458,0.025373468412725,0.0976501308834588,0.302995526184188,0.224712563763595,0.283543911294563,0.0534938962988773,0.14827547107297,0.225058145649246,0.250441481648388,0.199928988497562,0.199765514287908,0.277295058964307,0.0638482894579569,0.129856065200785,0.0488260719856526,0.219118069068988,0.245911542827879,0.0637306387007019,0.03677574978101,0.0201879240905993,0.263442375079804,0.243220568343036,0.153275468911073,0.28360726392965,0.15751758080921,0.235531594085483,0.194503160467391,0.214989903077734,0.243379382715726,0.100458563685269,0.149847368870142,0.228577823605474,0.189641613735945,0.142207390894422,0.172495122225502,0.163109492347521,0.10796176016319,0.229010360462902,0.274276288901117,0.138547263991056,0.153967217393145,0.0482803672471313,0.178338566225016,0.172749164377034,0.0579827134140894,0.107448770664953,0.262514002487185,0.120676929719489
"9",0.241504548664492,0.149019042020886,0.152741792092952,0.009642188861646,0.158687391614172,0.0279597757614875,0.102265296631881,0.0367723675200957,1,0.136525762287898,0.113620347347653,0.162751474421926,0.116338932820477,0.0554083258643523,0.163879520358798,0.0223728920735554,0.111121105214768,0.0341949849387079,0.118899566402933,0.112250345413259,0.160892695611791,0.187437346012386,0.0635238932767731,0.0645492081574891,0.0393292960271426,0.057496628239334,0.166882886788496,0.0809466772703563,0.0275310696745179,0.0934733147583047,0.0723501892471239,0.00502821331188464,0.123178702197527,0.173829003556729,0.1055376227552,0.118130586201716,0.0199324729992491,0.206096308037582,0.17901834752752,0.231406760473331,0.0502077324031847,0.18766329023857,0.185079163618762,0.149889897472142,0.00953346527645543,0.0630076487803294,0.165367286078591,0.0071105581474545,0.127479685023024,0.0378357776482731,0.0242391403844411,0.224910520383053,0.123165927751506,0.154690096213687,0.170781074728697,0.120222546384812,0.00894176515795247,0.121079637327344,0.00724296536991653,0.10808053512848,0.0790415409619409,0.0653842175981189,0.10282796779156,0.0275477576780934,0.0767399991223975,0.0403407909008632,0.153038211524342,0.0861700586044961,0.125990283573441,0.00178205751510088,0.0544701278351873,0.0753884521915998,0.0969241691808191,0.0511760411664153,0.0914003405758754,0.0742199953738585,0.117944593512441,0.0591051217071109,0.0193999805903008,0.0699478827269034,0.146548789959274,0.129600481845246
"10",0.00644499693648749,0.155663650332036,0.240081862552999,0.0258589962433216,0.0427010551782023,0.301748574686092,0.20001334815837,0.0682670417121476,0.136525762287898,1,0.132843574530219,0.262448045319477,0.261752546767488,0.190911270418176,0.158666521442364,0.0887694662705562,0.25623474498913,0.314725186810484,0.298189775451798,0.244297621805796,0.225707622072158,0.203436066819237,0.212841016500777,0.180524815010621,0.257943055314644,0.0513385480779452,0.279397018058932,0.319285505006883,0.340842480443251,0.29541253614589,0.221753260963095,0.179458043029627,0.245544899872331,0.192756938676207,0.0852114847492065,0.106600203111569,0.0142982929448778,0.193662497681164,0.249628125217984,0.130916584649108,0.0922881264473228,0.223354379426909,0.178397071650671,0.26445686463922,0.00448772485438303,0.155008731663102,0.214366889095765,0.194981419322983,0.219271477260471,0.33718459568099,0.275395056988017,0.0670474603352847,0.274298006669669,0.114290489911188,0.16476190502166,0.286880911188587,0.289666665436899,0.286959805785094,0.268957761659149,0.270155983225598,0.33298346657905,0.329906299525902,0.314694761036863,0.0704282620100267,0.313404708488275,0.265088532275206,0.255527511088146,0.312277725157147,0.147900136971392,0.24392396710264,0.229242347965529,0.161539267027829,0.237931382986737,0.29611930963686,0.168023567464579,0.0361221323530389,0.0320729157810338,0.129902662108257,0.150922475511962,0.0251778090285202,0.219738220545815,0.293831893964023
"11",0.157525972924279,0.509615574860163,0.539055449365995,0.16776751118615,0.187246811172996,0.425554093697034,0.350339749040514,0.301568390691199,0.113620347347653,0.132843574530219,1,0.554863796515977,0.600299014089804,0.546313476914647,0.583035794953372,0.22239940094069,0.685212286382951,0.662114188395441,0.552366579548266,0.650803975544465,0.646571856753443,0.677033554695623,0.664987981254819,0.0420691669764837,0.11840142440474,0.40918766307048,0.574156392712952,0.559842784227432,0.538897267298899,0.56052451704112,0.569040854473882,0.506588366098335,0.609608388976327,0.338792011322516,0.138308850370366,0.324666385298202,0.382791274205777,0.55941359509191,0.598407498385538,0.10921880647641,0.399800042172984,0.493993650047981,0.509633186758234,0.563023043159304,0.308242225396744,0.543873843691884,0.295283379902285,0.237953217763837,0.280831429913694,0.524190579710622,0.602864766061958,0.183511957866722,0.298222636015539,0.0721635006025436,0.612858572156071,0.584496607689121,0.419897462811048,0.642461816768621,0.564871560384127,0.61289667119011,0.601955121969395,0.590804199824282,0.619315192374235,0.227777968487958,0.442742804247097,0.460680788563934,0.506139378605066,0.410165055101279,0.195118391723044,0.462724750168298,0.289173548162658,0.421095075027509,0.509019368497285,0.0785027846555247,0.381997534275879,0.169958397806941,0.319987367337773,0.420016849118241,0.0945426327590816,0.292284727488432,0.55062661746319,0.248430057619927
"12",0.465089097080153,0.79156952626236,0.844482346972979,0.00340004560114571,0.458758010798406,0.606964808701359,0.532270811538926,0.203718051539351,0.162751474421926,0.262448045319477,0.554863796515977,1,0.813090499949707,0.563062948855635,0.755238065600185,0.162081677727825,0.800821720537044,0.673846576108209,0.877928491936828,0.778912798144121,0.85111842458515,0.859693070637504,0.69370640865413,0.175236562785594,0.184587264446625,0.377145143733131,0.891055792312473,0.742871983285181,0.78106579312775,0.886151530562409,0.524962501446694,0.372620283133766,0.848986589871304,0.802285660389097,0.131486098513917,0.578196533329676,0.234526640439606,0.849960656107333,0.842387536201589,0.157670616960249,0.351594138038726,0.787992911827937,0.823089465039749,0.876910607918054,0.260355509059006,0.694362385141828,0.594148777283684,0.325937554694088,0.730847741272615,0.830888677567278,0.836974719023891,0.452567632153526,0.740435181824929,0.269208997779067,0.802090334429011,0.861842512892615,0.508060288172597,0.861506588768928,0.540510811862896,0.791907436609824,0.774446740955502,0.846514877993579,0.904101633983129,0.0938540560055571,0.747449786132286,0.623152158521528,0.845236513002875,0.684701912227948,0.030480160501561,0.695501157392767,0.348903662924481,0.642217375755344,0.743283828585895,0.274774711485797,0.508891311903034,0.368140463893346,0.234539822079405,0.42772854188882,0.279865153646795,0.313983232288262,0.714640677961195,0.368965874924947
"13",0.321030253056372,0.69803110567852,0.749769378167658,0.0597781372395357,0.377596337411896,0.630748111965346,0.513025615075729,0.235482458714555,0.116338932820477,0.261752546767488,0.600299014089804,0.813090499949707,1,0.591018629263901,0.700478851327854,0.193633940850623,0.766612382968259,0.682356778137906,0.802747905933804,0.753629274927419,0.795111395003831,0.78936581929089,0.681754274499675,0.159520109326935,0.184056413642749,0.343123242308473,0.810779132449804,0.683039218021448,0.762808044779759,0.796258594371177,0.541586824015157,0.423818267576838,0.784650435203219,0.671170938992636,0.186746846773241,0.478102708713316,0.250097366562433,0.765923494572165,0.757692911223881,0.0646613130153469,0.394062359604839,0.704427102935997,0.728265321192506,0.805298714182617,0.311600646852604,0.634250837324721,0.544132513214731,0.282320192015908,0.605749590191543,0.746722920183508,0.789764251828305,0.377135561435133,0.646140674292561,0.216235337655875,0.739480828262469,0.798034624910297,0.457781336811827,0.816171519477657,0.579017373919445,0.735301875366997,0.740274328245895,0.803163943683504,0.836127013910626,0.167893546792021,0.65167441078512,0.564492558563642,0.764005616139519,0.620199448240266,0.123063688381739,0.611692560378296,0.311462570265315,0.597633923545856,0.69367321052356,0.226532433457025,0.51162478566789,0.329796117268096,0.243821448101085,0.458244396381683,0.186145821499681,0.271830872228833,0.677895662971046,0.386867347736451
"14",0.105707388798512,0.491014718314111,0.56389839595799,0.105430749331929,0.210589240750869,0.436549204900582,0.36157811107273,0.2978056015595,0.0554083258643523,0.190911270418176,0.546313476914647,0.563062948855635,0.591018629263901,1,0.558203439216347,0.177866201330091,0.664668551088808,0.650680908660535,0.566175036118484,0.596094422624534,0.598842477543686,0.618315183378845,0.624434302589319,0.074402408186083,0.133996013659788,0.351911736617722,0.580525405601874,0.553669326138629,0.58464248573107,0.587622378818298,0.486402531902543,0.485316872004932,0.628519429782896,0.386559164460845,0.190721978698904,0.331567325833144,0.369763739465435,0.53418729261722,0.539321126915178,0.0243245415175673,0.452930217693319,0.47931794598801,0.518335905122547,0.5417965047465,0.335417596361649,0.527773003820246,0.353998562208783,0.196689537565785,0.312195639938769,0.564873760208046,0.619129985017673,0.176096590404532,0.31616576964449,0.0852427070159446,0.557965263541291,0.606222600128185,0.418444416102767,0.631112054976671,0.501661475298244,0.572736095461786,0.570759637923227,0.577768024584965,0.624427154666963,0.202339773255259,0.439518743659016,0.512164869972218,0.540757718620365,0.433879335574251,0.215613620135293,0.475706451550825,0.26693600592747,0.446878903159263,0.52617326870414,0.0585881684323034,0.430660674546608,0.264952443407058,0.235611258071358,0.369069184614299,0.036433685753627,0.324943865625305,0.548467924567445,0.326059748869823
"15",0.379378832719646,0.728303127836093,0.709137352190612,0.11676835403159,0.450663948468906,0.476191590391349,0.445748407282408,0.258300401096774,0.163879520358798,0.158666521442364,0.583035794953372,0.755238065600185,0.700478851327854,0.558203439216347,1,0.132144187705042,0.747464168569529,0.578564193455497,0.719460195968461,0.706384621580145,0.757197704745285,0.766376571481942,0.670995025052317,0.0569679119341926,0.0937803273067766,0.370077794130283,0.76210843119217,0.592909645564528,0.646648677117815,0.714223740863904,0.472109506863065,0.417796453657076,0.765948978076283,0.66848430325656,0.136515864811688,0.519224648524807,0.365862179517699,0.726965876096451,0.745521349548777,0.194259964093294,0.3993789956616,0.664717873473802,0.677736864862151,0.706738513133408,0.363416249399399,0.649360604414943,0.474004442674732,0.29823401279594,0.584311680895561,0.689052972205502,0.736335277940121,0.353089511799839,0.54097437820326,0.206372104144223,0.698812190487772,0.750231427175929,0.411519133244782,0.763741650500893,0.402777278816445,0.702667291749748,0.644990350601018,0.678017029191856,0.76604266061052,0.0533724773754712,0.594203589995784,0.590433725784331,0.707082797412743,0.543735070090767,0.0381845124485987,0.533413723425065,0.244955340626508,0.568176123814057,0.644033235886439,0.070052992308964,0.383004467626789,0.316811705173769,0.269639221611042,0.410771023100392,0.146904824127898,0.338470613443015,0.663156969565966,0.298630361692047
"16",0.091383748994916,0.0980039317331348,0.18451472733259,0.014323864776741,0.0430857019508203,0.128408226875309,0.0818594130889605,0.073052659267769,0.0223728920735554,0.0887694662705562,0.22239940094069,0.162081677727825,0.193633940850623,0.177866201330091,0.132144187705042,1,0.204278274916137,0.268316463909403,0.162781259574565,0.177447968219673,0.176182369685785,0.195963769206641,0.236561549275516,0.0161546888747685,0.0159053943676441,0.152509252310458,0.166401339307334,0.173704145058025,0.217449837738424,0.194175205556612,0.254502889136657,0.167371840197182,0.200299487719846,0.0673081741499021,0.0617319858735164,0.0541227217391402,0.139758256108709,0.188865747149654,0.20887670853329,0.0290403653199751,0.176734013244119,0.146409739610522,0.146655975946171,0.171848812701074,0.123367582416296,0.202995135326323,0.0852826086958668,0.110821193757912,0.0760084100671952,0.151306143916896,0.202224260868151,0.0609663650720075,0.0611449449285018,0.000626435813880475,0.218652943654505,0.169424309604982,0.101602036560827,0.214224063745328,0.21780853435596,0.149635092926955,0.198762773297739,0.20006465115126,0.219340040839601,0.158609229029847,0.14374607682691,0.115956216248161,0.111158517596142,0.155845615213818,0.108728204628308,0.149179139675868,0.0133653916440329,0.0804737575029843,0.148390264354987,0.0232309395077106,0.119176323889585,0.010975231020178,0.136391392400607,0.0780615771444113,0.0258412954886496,0.108250377533781,0.179186680544078,0.0532344291119945
"17",0.275451940217177,0.748507660015479,0.758067145764689,0.168610523678084,0.358336995975167,0.558420171028641,0.519777879445875,0.290882501514286,0.111121105214768,0.25623474498913,0.685212286382951,0.800821720537044,0.766612382968259,0.664668551088808,0.747464168569529,0.204278274916137,1,0.771336159221559,0.788844207893571,0.789755301585873,0.831481822288624,0.823644261810593,0.776489013594171,0.171749292164564,0.222204186130081,0.475770449921843,0.798054605830548,0.722722371423457,0.746362345620168,0.785917544860345,0.599564526840972,0.564383464452771,0.850625070667601,0.585688208554691,0.175626771079929,0.521959913689496,0.411040012988964,0.756054077284598,0.765936876755298,0.0932437414114434,0.49668035864621,0.696954966399824,0.697877833150043,0.777105307838934,0.4421948574924,0.699880272290509,0.510099370021046,0.287470504447258,0.531331522534602,0.792961545121867,0.83146116948115,0.287295181589044,0.579633976995398,0.127747436627298,0.753725986808423,0.79621828720426,0.52240517430204,0.851036920542607,0.608623591547288,0.791337432318785,0.787142060171443,0.786969715542213,0.832247001072667,0.117360215617299,0.618711871631092,0.678732995042843,0.742771446859391,0.610019233268964,0.187969405088385,0.637654612217382,0.299443779131915,0.640671423191035,0.693332078230268,0.115783414774298,0.492410298285413,0.322376912700224,0.339138993080931,0.482650544989757,0.0108560356927175,0.321121750907936,0.729233175249427,0.404939265212005
"18",0.126110666132655,0.512410762991852,0.630840251531774,0.145786061848394,0.199049858839996,0.601753959927726,0.471586420977885,0.241769656797071,0.0341949849387079,0.314725186810484,0.662114188395441,0.673846576108209,0.682356778137906,0.650680908660535,0.578564193455497,0.268316463909403,0.771336159221559,1,0.709785275490309,0.711143791888159,0.730186423982377,0.723882032260902,0.744882014794464,0.185200460390619,0.213972006885933,0.408104651864672,0.66353139780237,0.70461400639531,0.754174251674992,0.714205094775712,0.660276810262176,0.55030139517181,0.709697879493714,0.381157738913273,0.231167608028793,0.377487678169454,0.352307827371186,0.626713091114003,0.636300037553207,0.109016765213463,0.504322088618758,0.566204048112552,0.56789156879417,0.671592902767076,0.319915149153839,0.579286554220273,0.404163899085698,0.257233606212883,0.367957282843679,0.718678851888109,0.752059724154053,0.16977349236997,0.451630281094031,0.0247728211339467,0.673838817838083,0.710154833112764,0.549855014625345,0.751979350086211,0.683140510419759,0.729903426966709,0.738741840816588,0.756486590758608,0.755568022604656,0.331069036967583,0.602226624064513,0.591499715019877,0.603040455419564,0.526369348447577,0.291636200405723,0.631704180077468,0.365296208557819,0.478062942707971,0.603198069277713,0.090322181122474,0.466520834979723,0.263405340070583,0.255374971299387,0.497603175837917,0.0259583311633115,0.234994138034158,0.637741740401412,0.432314678555784
"19",0.408353711418503,0.743431620784159,0.821850839286679,0.00269372337633044,0.422745070082236,0.625803601633991,0.533284745918139,0.231605335817786,0.118899566402933,0.298189775451798,0.552366579548266,0.877928491936828,0.802747905933804,0.566175036118484,0.719460195968461,0.162781259574565,0.788844207893571,0.709785275490309,1,0.741031837866823,0.827987252042076,0.826254395089896,0.68515787394872,0.213627035933297,0.249402902380191,0.326504167658569,0.867569090155825,0.740835815038413,0.809846881956909,0.869685802891916,0.586086877455567,0.393816669650157,0.810386111022543,0.738680134413386,0.174628282579505,0.522186434192016,0.242732413107812,0.806577458589812,0.822572938599599,0.0850550488022095,0.363331544086207,0.767561534463702,0.78203521920318,0.871893939969274,0.283050325311089,0.635480242463568,0.547465861271872,0.318316622398509,0.684692586173427,0.819975830979311,0.824514352416915,0.38551017916961,0.714805747139777,0.238643873304714,0.779835289693757,0.849319329182986,0.507047143245445,0.857652911764722,0.576066828368849,0.786275665540438,0.785540338301227,0.841734863740568,0.895953474583264,0.140864064624997,0.751142287656461,0.627045076519423,0.803864735694469,0.68435006710644,0.0966894222241513,0.699825511567509,0.377783949004034,0.621558784370907,0.723923884968603,0.30874089305523,0.525000401383707,0.329793918290386,0.168253439469907,0.424950832814546,0.259626321406565,0.27292329481383,0.682556767590898,0.379281653118682
"20",0.296195126885922,0.686520399776412,0.734228872220346,0.150158459964661,0.401306756861088,0.610288320401903,0.503601003066626,0.254615481073608,0.112250345413259,0.244297621805796,0.650803975544465,0.778912798144121,0.753629274927419,0.596094422624534,0.706384621580145,0.177447968219673,0.789755301585873,0.711143791888159,0.741031837866823,1,0.791105094069094,0.790641254931934,0.719873027571814,0.180110301862513,0.108489836792033,0.439014184031071,0.754259476896741,0.670448594905175,0.739974947084544,0.75805590985734,0.535722781019448,0.456140999372842,0.759633064823615,0.594513843193004,0.160843831359546,0.464527458180048,0.321215834922128,0.76832938970984,0.73976214142844,0.0777254733338156,0.415603073312532,0.691367199316171,0.701365071879195,0.736227263069397,0.324723751653062,0.624437488466536,0.503466312884631,0.244893836901667,0.530558812626834,0.726529110545608,0.777121926236537,0.295921587258977,0.562069312579806,0.152282574821121,0.690762907169549,0.753346577820872,0.477616589030457,0.793818859324565,0.5869294483182,0.742470907097177,0.715659264743539,0.772900088376794,0.799387932652792,0.23647787369992,0.638816981766746,0.609374656648999,0.758967008567627,0.566813791744505,0.197053438522438,0.618803222759118,0.319671563271313,0.587049588280814,0.669142451486663,0.123416867778137,0.419353311250996,0.375475102114865,0.279351520501244,0.498274924641611,0.0584438780224546,0.295421876767115,0.64831009403276,0.38236921239107
"21",0.393769026436249,0.759793512882978,0.812341807898946,0.128152167890378,0.446163636627303,0.579700644226922,0.528436942488111,0.253402345859363,0.160892695611791,0.225707622072158,0.646571856753443,0.85111842458515,0.795111395003831,0.598842477543686,0.757197704745285,0.176182369685785,0.831481822288624,0.730186423982377,0.827987252042076,0.791105094069094,1,0.846879542445568,0.755368941962048,0.163004590782859,0.14863598402591,0.440775621521206,0.848633348435713,0.72106763517554,0.772436585429629,0.819653591382296,0.564962921630403,0.479028521728123,0.838461867295359,0.704498894110796,0.188453700536953,0.544374059271662,0.323353580371005,0.817832955852082,0.81038516916181,0.128106350513993,0.423253020845811,0.739700938424968,0.775276904701109,0.82135505480634,0.345623758739626,0.679836136253688,0.542136428715621,0.267689332623872,0.631398432584413,0.792494324384754,0.821224047066666,0.358828693743623,0.63669736368615,0.20617678197911,0.776713822132737,0.834254568341313,0.516265683720717,0.86097104537366,0.555971215345572,0.784000329016788,0.768571057401033,0.800005993088023,0.871592511295397,0.139109023558967,0.673745783229217,0.641310961703155,0.794843718801883,0.612220949063764,0.0663930623171132,0.657420772710244,0.322629488191409,0.621501177138316,0.726283761078153,0.151753112058649,0.514870195143107,0.371466266216781,0.301137173454223,0.478797600430771,0.119232580526384,0.344818664958579,0.726943855413383,0.367011887229257
"22",0.406814862581921,0.775240108332482,0.803119166969536,0.118955468314005,0.432814604628703,0.557961306509106,0.508867151933455,0.293207599753506,0.187437346012386,0.203436066819237,0.677033554695623,0.859693070637504,0.78936581929089,0.618315183378845,0.766376571481942,0.195963769206641,0.823644261810593,0.723882032260902,0.826254395089896,0.790641254931934,0.846879542445568,1,0.761638981955889,0.077468954548756,0.12756659587076,0.429428715664697,0.849823605749951,0.710528947403482,0.718501762436444,0.80425168405099,0.563676265640488,0.438756646941641,0.838856535978076,0.716050513951019,0.135804135837957,0.557108443477137,0.327925845346572,0.824440137787969,0.827813184778433,0.216642279056214,0.428865480592439,0.747694787785255,0.797853858999316,0.827894755458478,0.349255023674157,0.715342191147073,0.529014178005401,0.299633804972095,0.62322671397371,0.752074645608829,0.804135778500496,0.418764432164711,0.621251832227197,0.221318617837632,0.825612299858218,0.821572677277086,0.458034367337035,0.854639312388845,0.56059266905991,0.776121712752746,0.762310458790958,0.788280377628627,0.869531377275731,0.15819780764779,0.68160100081145,0.626410327616364,0.783816136993597,0.599869686821861,0.0726087196978608,0.611284229580848,0.319448647000351,0.638063420665374,0.700624562390602,0.12337114233507,0.493976693135433,0.368702189034819,0.290533065535581,0.472783401938126,0.142232574000343,0.356868087926407,0.743672612614954,0.319839666771784
"23",0.19399181497784,0.592576296258946,0.658577978191515,0.140712492544863,0.278515774169841,0.519395107519242,0.460907823352768,0.312386713011186,0.0635238932767731,0.212841016500777,0.664987981254819,0.69370640865413,0.681754274499675,0.624434302589319,0.670995025052317,0.236561549275516,0.776489013594171,0.744882014794464,0.68515787394872,0.719873027571814,0.755368941962048,0.761638981955889,1,0.105847327058196,0.164236751236456,0.429486913958075,0.688091062776281,0.681728193507445,0.69524209742965,0.691395442219899,0.588690923225533,0.577752312000186,0.756362422049092,0.492278965861123,0.152314783191443,0.423973871413589,0.386027326005881,0.687968534731092,0.678211853117666,0.0518057577512002,0.426874900682819,0.585208382149423,0.624441231153983,0.668234753662824,0.386760266731464,0.629344926178631,0.401439295741295,0.256442356995411,0.395398918794504,0.687948875138975,0.727211875145232,0.23046178050492,0.438501605282326,0.0836722941034787,0.682612430237832,0.724420197338456,0.526731535011111,0.769488575750745,0.566391865757372,0.714633666103491,0.683276993000774,0.711690770225105,0.74715244178268,0.19173191802748,0.561719010830349,0.595699317525229,0.640697132669433,0.540959322656864,0.181741948139523,0.575049932701287,0.297009473727111,0.53464461447918,0.645423192089727,0.0219061448091721,0.439520240612542,0.240830854824609,0.285397381714602,0.427785891143338,0.0128303065191018,0.313684766902533,0.667114567466264,0.436060587404781
"24",0.0200128594783423,0.0618674418695959,0.156211048696684,0.0262919759965648,0.0637007501146257,0.316392971067154,0.127512481258481,0.0690731200787258,0.0645492081574891,0.180524815010621,0.0420691669764837,0.175236562785594,0.159520109326935,0.074402408186083,0.0569679119341926,0.0161546888747685,0.171749292164564,0.185200460390619,0.213627035933297,0.180110301862513,0.163004590782859,0.077468954548756,0.105847327058196,1,0.29783196821132,0.0247487701729819,0.149744313226182,0.268375440111689,0.246093325901555,0.240295985776216,0.187559909588644,0.181051859265607,0.152129576281856,0.0626715612117842,0.0764228792209406,0.0448148566532252,0.0976851519835051,0.107450185390095,0.0833183348767018,0.174159964392829,0.00426457788020701,0.0900933175758066,0.0311118686973605,0.171225183578697,0.0376185668164201,0.025065399854481,0.145473510421998,0.0519932532671515,0.104310534452648,0.262581314249761,0.220867237030005,0.0100772598304994,0.278513962852055,0.0777249953931116,0.0721731240110817,0.166458305138161,0.291356169117331,0.159164311863644,0.278659047885013,0.202892878923378,0.260845513315686,0.278514646959682,0.191873530894208,0.0268155302869519,0.220630097130304,0.193260782320622,0.183922123255285,0.271317163561828,0.0635471158278121,0.275910247364046,0.204521726608119,0.144628054861241,0.167902239868154,0.304263923533502,0.0726425596636133,0.0961662454377982,0.105227069075836,0.0953714264307688,0.0419059255933854,0.127142087836892,0.14478755752682,0.302058453450374
"25",0.0164097682727595,0.144866652456193,0.110111880835121,0.0562790745852491,0.146595277831342,0.162038821060529,0.0726665007340757,0.0334721819734182,0.0393292960271426,0.257943055314644,0.11840142440474,0.184587264446625,0.184056413642749,0.133996013659788,0.0937803273067766,0.0159053943676441,0.222204186130081,0.213972006885933,0.249402902380191,0.108489836792033,0.14863598402591,0.12756659587076,0.164236751236456,0.29783196821132,1,0.00152446364610884,0.158587660339412,0.353666484836282,0.191165515571561,0.283344380048354,0.284787581721037,0.222490929883921,0.205099235809162,0.0139030946517338,0.0569446395303674,0.0349450325996849,0.0549751615051645,0.0647177996340061,0.158030614256479,0.087883663418235,0.0681054552315506,0.0583957243849523,0.0343503814945152,0.184672838453426,0.0364818810828275,0.126144904045056,0.00785933357935915,0.0737320934724777,0.072910718219005,0.278296068930639,0.200377516228381,0.0323574973584583,0.228916890986136,0.101457564656757,0.120324082834427,0.183785312862976,0.341535634474424,0.168372477087088,0.212158905183741,0.288863817618158,0.242744902818771,0.257352614290165,0.220050975988897,0.196793644709847,0.197760283395101,0.213853937525086,0.0782344124873949,0.25113190366764,0.0997471572575158,0.223326891747499,0.247380390680755,0.149474896322956,0.143757502329855,0.210273197885136,0.200518429132809,0.156302902632739,0.0778210520266055,0.0252624584568483,0.036592047202108,0.131338075717591,0.195831909770306,0.223987027137299
"26",0.107076178931005,0.327709122862539,0.301846708638667,0.138195319693917,0.210193797863542,0.231212464424872,0.244206739164099,0.166861560408962,0.057496628239334,0.0513385480779452,0.40918766307048,0.377145143733131,0.343123242308473,0.351911736617722,0.370077794130283,0.152509252310458,0.475770449921843,0.408104651864672,0.326504167658569,0.439014184031071,0.440775621521206,0.429428715664697,0.429486913958075,0.0247487701729819,0.00152446364610884,1,0.371313112374291,0.328650711453327,0.380484367120871,0.346083051645186,0.32535165095253,0.318496343344116,0.44856117916645,0.258191579091213,0.0907264419953809,0.230231355519338,0.284835935648063,0.396043644776617,0.391960744203312,0.124037220781002,0.290097604203422,0.359138584823524,0.328850831904446,0.345453383261344,0.298894337504504,0.387978648105166,0.270733338367819,0.134501120364481,0.195416943581267,0.323641927468487,0.40205724347243,0.177836261359098,0.220217801216932,0.0352127783303102,0.379037466497762,0.400418194831719,0.230814969444851,0.446660790771413,0.309506703635513,0.363202960140459,0.346835042210439,0.354567308795223,0.38278052838736,0.135177186923524,0.211185670349634,0.304541263231953,0.35641992438761,0.231473601381432,0.0819390591787663,0.296139611099533,0.102612079543307,0.306706948209315,0.339447386590051,0.0997346044437619,0.241849730971828,0.180621889503821,0.202530462087143,0.234114048835728,0.0924076161653857,0.22336075916972,0.380837569302542,0.159223784721236
