"","1","2","3","4","5","6","7","8","9","10","11","12","13","14","15","16","17","18","19","20","21","22","23","24","25","26","27","28","29","30","31","32","33","34","35","36","37","38","39","40","41","42","43","44","45","46","47","48","49","50","51","52","53","54","55","56","57","58","59","60","61","62","63","64","65","66","67","68","69","70","71","72","73","74","75","76","77","78","79","80","81","82"
"1",1,0.134857101039267,0.203699929822473,0.229905091123173,0.239088116606336,0.103352074191396,0.235232641828799,0.00315784864635591,0.218602019550748,0.126951042181373,0.298437616779719,0.315699070803823,0.347959189881876,0.222611703204387,0.146384545885331,0.0618364911572099,0.401442138358225,0.452382225629281,0.311696872149026,0.384921485811982,0.384095675983881,0.416800941377091,0.387261984639867,0.159385159417914,0.405603412493186,0.303776071963358,0.352448207177192,0.3082713148933,0.204153637148487,0.307712243735519,0.326018398097171,0.344611124155742,0.361509135098694,0.383607426591849,0.110651147218172,0.0784794007630469,0.124343961863893,0.305901240056882,0.162354271270566,0.375708064850004,0.343016482909744,0.220049045309183,0.154332690335923,0.376008134011757,0.124221719272867,0.2107385954901,0.158462863681115,0.13784445855639,0.117415398086349,0.333963110886283,0.213364022279904,0.1481499547094,0.245958881565823,0.205563786549867,0.276154497508381,0.353136499854548,0.172798592124158,0.314070630939328,0.335614064309201,0.365718132784442,0.371208864979198,0.317223666356223,0.389448595896734,0.319784660210249,0.31596389059788,0.406519573784343,0.167969125293084,0.311858433099972,0.160266573832372,0.444349238478227,0.253712501833363,0.298445521061024,0.296137361742009,0.127940600594869,0.207083972502645,0.0814755443512873,0.0436238775356362,0.190279936760762,0.243109043717363,0.258841415022616,0.22561908960466,0.266690110870269
"2",0.134857101039267,1,0.139691772155788,0.119710241599425,0.00804672505060714,0.107744474295641,0.0716624416605037,0.122319503577167,0.187404847540588,0.124467056604845,0.0266890996960598,0.141479381818466,0.157792519502889,0.055177460736351,0.0257119365717013,0.0817055698216765,0.130464917288454,0.0972184080219223,0.0654463446335289,0.213302667420268,0.151574062930257,0.176194508070119,0.100486368162322,0.0487401015038452,0.290950173288641,0.287265102812561,0.125812334462548,0.0615243481715372,0.114492535205012,0.0114381411210839,0.144083269703386,0.0592834277098579,0.165602979276894,0.181103692548947,0.0354384981963772,0.0378314240270516,0.122953742457021,0.262001183998728,0.00114643702665494,0.0663973391464682,0.111216864425976,0.144190359461888,0.041015204694722,0.183895300481481,0.0933981561827654,0.0933796662306391,0.0358395407064541,0.133772597853749,0.0135143624101382,0.0951449331696624,0.102943782147893,0.0629820362820354,0.261562085046617,0.0903904406577674,0.170064697653612,0.199002455816394,0.11122051474616,0.108284885257697,0.0461969034209168,0.0854228043348936,0.161287707194129,0.108093813357885,0.22852695292731,0.142917330815148,0.11592446920276,0.0771419494095154,0.140274411373223,0.119961976146367,0.0866312244815802,0.19593006884453,0.0838690526110193,0.269713868789659,0.140602297857094,0.100841635556453,0.155717685269799,0.0649010248843898,0.00761011062999799,0.203959504385961,0.135145433128489,0.170582989017244,0.161074485633988,0.0953773680093916
"3",0.203699929822473,0.139691772155788,1,0.170996137912603,0.118979214664178,0.128885210797812,0.122004532671831,0.0688616615795555,0.193641198238469,0.0476686864247757,0.308890463219881,0.287570805248007,0.323968156139556,0.308695782576277,0.141154495286911,0.0125878782758174,0.346564052222089,0.393116457608641,0.335498010626196,0.357577583746572,0.323972101956564,0.389951627840657,0.261742349669294,0.273011178955055,0.335393660406614,0.227960739722418,0.340896991782853,0.287485349736009,0.153114960327225,0.220242431167309,0.336984518121543,0.333875478278159,0.350428216817472,0.426427614214169,0.148184674736979,0.0202386697979738,0.145259209133392,0.38575837608642,0.184981938589831,0.256972656234133,0.281584629527439,0.216182672955427,0.0012173489965325,0.294073337077219,0.0771136831525646,0.228715740389416,0.186886599759769,0.158899286339431,0.121545511123298,0.267773150641428,0.198045266408763,0.206422992810857,0.217485822422314,0.0919696085915319,0.242540327757343,0.270848326333322,0.289601950730434,0.265903718976374,0.307539314512234,0.345783716473836,0.349946014801644,0.293562617380334,0.401498251751352,0.190063330442088,0.345727891062648,0.236711641812128,0.23015397555443,0.227778539903706,0.103421024873211,0.381936525918903,0.290978597385639,0.29537407741832,0.359324158898956,0.112076213933648,0.250802830590915,0.0904247540683882,0.0950440444430933,0.257455434866441,0.183475540147796,0.200155754162743,0.237396779933742,0.432032489367042
"4",0.229905091123173,0.119710241599425,0.170996137912603,1,0.25702149386672,0.239499039349094,0.23664132184621,0.0270156561476703,0.255539371711396,0.0471112485624931,0.32571241021767,0.493844707011248,0.409847813340939,0.240137445549809,0.236466828934973,0.0656310809663795,0.467951165478972,0.502115810136212,0.382078602763811,0.481825609432498,0.54663797921424,0.517708828738023,0.487921262150764,0.0810157452574832,0.423228012988378,0.337477185820991,0.448358359833551,0.40390050419575,0.322137015916144,0.384519319222073,0.483537735516523,0.474434452076536,0.476788501838273,0.20875668062123,0.213214539569471,0.153262035553248,0.182119334143835,0.308979369875725,0.181110323899189,0.274830783405877,0.444100607691818,0.124852230302048,0.213262513168335,0.460515908981054,0.211254701100648,0.351004766352246,0.116537780386352,0.180882274601152,0.359524149203242,0.368980557646941,0.26882081724865,0.296978097624369,0.343344853084599,0.120906477019561,0.253092738863237,0.417979984748446,0.348243292969942,0.417343527908882,0.453192882264086,0.420757524291351,0.449993877886579,0.376111108401956,0.469887477796775,0.35350192507134,0.384805865655711,0.416932923779525,0.164189333913093,0.361762825348069,0.281789993346783,0.439459068072925,0.359224220647001,0.375658744896314,0.461566568221091,0.102015408729581,0.275967206863199,0.102605936711374,0.0306995391315235,0.297364970563539,0.219997304573825,0.346445907540403,0.334263607195828,0.288425771386111
"5",0.239088116606336,0.00804672505060714,0.118979214664178,0.25702149386672,1,0.139593972442214,0.225059247167708,0.0799370096254925,0.186244397419501,0.0661184081006226,0.390492849777861,0.340844622484772,0.303678624159598,0.139603500206077,0.110382289510667,0.145708049907374,0.39846058160499,0.396937827827446,0.41970411651408,0.266498272576867,0.415617977975771,0.428791048644689,0.444860300932436,0.0947363025455362,0.268938516099433,0.405350044443736,0.338406690684484,0.337793882814469,0.410038412858646,0.464899924427896,0.348046258181254,0.422519094521955,0.392190843002707,0.203665372994665,0.236563398156775,0.10014011680846,0.139974628811017,0.257872408318132,0.179289460592541,0.23838604703563,0.237464971240515,0.219054653664744,0.165605427334941,0.355233820691433,0.209290079577783,0.426974702406018,0.0829002971060857,0.103440050464347,0.234458976504644,0.352616096858541,0.351392248983298,0.391051295484641,0.21536888307722,0.156581194183855,0.247826104825813,0.323920062765881,0.127020344266817,0.448752217993339,0.393991357414723,0.295610867976584,0.446399457885739,0.304066380302203,0.355045617452111,0.35161750002164,0.342539037301373,0.417476645424365,0.131443822891545,0.174946712027008,0.296577794446103,0.291059450946861,0.278101288793886,0.323037838066113,0.376896036622239,0.0418980076198954,0.266495588418186,0.17618432071912,0.0274831809319176,0.223460965704944,0.167001686575325,0.117510387288554,0.307255500491367,0.227540801809287
"6",0.103352074191396,0.107744474295641,0.128885210797812,0.239499039349094,0.139593972442214,1,0.184205477992842,0.0836536456721723,0.204723538114749,0.114948454521415,0.219808442143395,0.270282202817757,0.216544244238872,0.27184460470806,0.165549755410057,0.131355408551644,0.31929836416861,0.368891295691752,0.234140790472079,0.279377661117859,0.260572361816709,0.24178836944692,0.257185171883006,0.22598862822643,0.21349251528918,0.0624295676353093,0.266502394297207,0.335217280995654,0.238936907970253,0.25971730939489,0.274300444699014,0.307838560733892,0.248322860842584,0.203418444246183,0.196717144351867,0.0109353108715068,0.15379446685718,0.258609518615832,0.0286392534417847,0.262999453216522,0.206807295384474,0.0736167940563839,0.109842291867655,0.216945470356535,0.251257995206274,0.0223612561192125,0.146088970919699,0.00176093868005262,0.235443572567916,0.285367787209834,0.354028428109332,0.0820131071663664,0.242376460596441,0.141145116635211,0.0168949411165994,0.225453845277621,0.281807511868819,0.292680284868209,0.415704041997663,0.32518088073636,0.236461942957123,0.362064865752493,0.229221249475215,0.198677069603463,0.152456681400878,0.253375379054254,0.165574458904945,0.212118268669084,0.195639372531998,0.213898174400187,0.217376034690717,0.0919785582533542,0.199907783342148,0.0484393551125263,0.0730770017689337,0.162357971411454,0.0212238983453379,0.0518498309105458,0.0232576133955896,0.0381052272773039,0.184166711377804,0.290157556368563
"7",0.235232641828799,0.0716624416605037,0.122004532671831,0.23664132184621,0.225059247167708,0.184205477992842,1,0.016501151062785,0.222267254637491,0.014722666799044,0.327328728839043,0.326894589740028,0.329620572330851,0.175782421885943,0.17415903212455,0.0710774832031795,0.425970036413172,0.415658778110774,0.28426767752762,0.351845180203319,0.352120628922334,0.376777558147444,0.382582143535838,0.0601515288242389,0.350685184865467,0.34631157148365,0.340563261012608,0.323097222775783,0.200860253751226,0.295547297533131,0.323603473360606,0.294356104785606,0.314651379470988,0.176288947291584,0.11224336209634,0.0668985042384326,0.196488038489031,0.261832563053146,0.0492034337307965,0.299689852410474,0.280567162768312,0.0875151666944713,0.16107591000952,0.403711854727414,0.125899731756855,0.303148261946139,0.0432824472811473,0.158565590051442,0.206956768815529,0.34857473868347,0.237691607256481,0.19640420143108,0.179296454078838,0.223648786864678,0.307351654298111,0.351990848445314,0.301091739703086,0.335056958627845,0.234536955986526,0.354746406528488,0.333826182581645,0.362341234664305,0.406451295868971,0.300767167308819,0.279652882143553,0.315798978912352,0.226494907200879,0.17674650554914,0.166263045655012,0.322077598522483,0.152710206160033,0.277218628136084,0.324601723316894,0.0251133908076215,0.158535894330351,0.0502883961636952,0.0207046271623166,0.175977856987797,0.120523856412149,0.126582904014433,0.30185281623768,0.305231765586616
"8",0.00315784864635591,0.122319503577167,0.0688616615795555,0.0270156561476703,0.0799370096254925,0.0836536456721723,0.016501151062785,1,0.0593416471774658,0.10888325074737,0.0579488929153149,0.196353704368729,0.0896822946740787,0.0917803319605869,0.104275151343049,0.00981474209672237,0.0756562395870514,0.0594779662677797,0.0177898767097337,0.0352145791806125,0.0236718489536498,0.094215962990925,0.0981931494878479,0.118979142767165,0.122767697541554,0.0132634242312004,0.102463327540453,0.0653008275623795,0.0433382390156284,0.000855744893217236,0.0928127707633665,0.0266178898472358,0.121371925614489,0.0318697130217874,0.151283753468515,0.104111234633078,0.0894840482958787,0.161696874599219,0.0443596318568293,0.123449350024636,0.0849167892609168,0.103175937189585,0.00127054668441173,0.0988570189587715,0.00851932070378801,0.0447152597406491,0.0260993451217234,0.202228298413036,0.0962966367608872,0.0275039866505818,0.00773969512536148,0.0564791307854528,0.178468265430062,0.0423832581187445,0.0933302970125228,0.088041927741836,0.0565167273917395,0.00742802874550239,0.0139469437128097,0.0349441254021332,0.116831606741943,0.0862309950833957,0.0841406944118025,0.0879609895000115,0.0485069801925752,0.049457284420133,0.110067580745991,0.0651879704028427,0.129125297307123,0.108188661179568,0.00698749946465993,0.12566409417467,0.0192306366552482,0.0481968156198965,0.14438949124068,0.0152871838629122,0.175477390897544,0.145970559630546,0.0400906136331405,0.0569510740100011,0.118060029637001,0.0983258544032872
"9",0.218602019550748,0.187404847540588,0.193641198238469,0.255539371711396,0.186244397419501,0.204723538114749,0.222267254637491,0.0593416471774658,1,0.101217998303589,0.24352845262407,0.343316232176954,0.304796031561512,0.292626917865105,0.131499347092504,0.242271429084969,0.372802436209922,0.413863428653083,0.323081117451758,0.407428709132464,0.314256245171115,0.379341969334763,0.344368482229029,0.174535159205657,0.412683148857916,0.321583412571811,0.276427170956149,0.335106531227101,0.131841694299589,0.167265148564025,0.395216093989178,0.248437982357562,0.389748061847241,0.253452691760934,0.181703364922107,0.0295939327511602,0.296601084432959,0.465739250292111,0.156290844372955,0.277921905617851,0.301687504140626,0.24378496821178,0.0194822393799331,0.305670604678407,0.158097209864856,0.112839421115872,0.165648700771723,0.115204612296839,0.261185521730079,0.311584373197829,0.228792551056282,0.127274433835472,0.477709809114775,0.102880030984714,0.232053754769357,0.281477575073838,0.319223315467396,0.2699538184044,0.344161391365746,0.294785818173875,0.387907856262084,0.323464809515318,0.42238425339714,0.221344158273843,0.222171051360047,0.315594152338584,0.282744123923484,0.321716308704673,0.106558820708354,0.415805992223382,0.151616346600213,0.329878031818957,0.363549529168469,0.108228683311541,0.214028905006343,0.0893477097167234,0.106246990207983,0.338943243668829,0.262348732819476,0.251665217910307,0.232418553801204,0.253724500518754
"10",0.126951042181373,0.124467056604845,0.0476686864247757,0.0471112485624931,0.0661184081006226,0.114948454521415,0.014722666799044,0.10888325074737,0.101217998303589,1,0.0416868640109468,0.20275468050931,0.117380934910347,0.171470858330216,0.0308591055930046,0.0362845294043148,0.064212289661711,0.0175572910752124,0.037612214768284,0.109294892207101,0.0732248398090771,0.114012442008853,0.0939068653280401,0.106477841902344,0.24567052310714,0.103348520395432,0.150817732824392,0.0241223941819615,0.0850227660848246,0.036801706507717,0.124513910640489,0.0315876223251683,0.170984254679922,0.0655961707929295,0.079693752866741,0.0354122940275939,0.0469574126801355,0.13031492478019,0.0455200370413532,0.0590423648639409,0.174941220314288,0.0634421642230275,0.022877728710275,0.174408066947325,0.108829075741484,0.0756736378285293,0.0800410583147988,0.0636435068328042,0.0127909673979661,0.00376317460122462,0.0555165478754041,0.00496591193552746,0.279111358145522,0.0340952604209775,0.155404993197411,0.126066447969917,0.0485403915998246,0.0241300337534587,0.00233210002081921,0.0791232748408911,0.14617889284422,0.0418765176481117,0.171688646418266,0.0935347925766925,0.0810182693682726,0.0929612228650908,0.0333118445559247,0.184039079014716,0.00512396719645584,0.222579264827478,0.120811481371144,0.195857815906994,0.124999586403252,0.000376302029839135,0.177411319430538,0.0652942521368344,0.0846729722220611,0.129108621579056,0.231962504432544,0.172522649696897,0.00619556867549814,0.0490573242008778
"11",0.298437616779719,0.0266890996960598,0.308890463219881,0.32571241021767,0.390492849777861,0.219808442143395,0.327328728839043,0.0579488929153149,0.24352845262407,0.0416868640109468,1,0.502100950550645,0.485019201952414,0.373079133667669,0.256988554305489,0.0125268539614483,0.624092488743853,0.657430579388127,0.560711469704563,0.482926729586229,0.567520743281017,0.596689599546902,0.578754281491665,0.299725304472782,0.477706411832388,0.370237652369622,0.500038002859641,0.504720205386424,0.461948828047796,0.507697843864837,0.554191109017208,0.543977165429727,0.562964078109212,0.33543636658071,0.268794466006718,0.109517240160114,0.20168340086065,0.385257939913768,0.273098720367087,0.359241751050624,0.432194674590643,0.188336739706284,0.186545164694125,0.536451677098841,0.276554489880394,0.460075398054271,0.144949121453086,0.203250542671669,0.284380085546682,0.456887856993249,0.442629739828717,0.431931075067322,0.288716558523889,0.316603199359112,0.240936160490524,0.483796317741144,0.379119180586678,0.59745382994591,0.564621094174157,0.513056792116591,0.53570664898701,0.542232578335989,0.626090895498523,0.439236182193227,0.521308502482231,0.4364868628582,0.317872353597833,0.361575648322613,0.337047607375605,0.43875026169361,0.403521437463197,0.449985591814578,0.535690940425099,0.118705318194277,0.323088563084412,0.0489299654857007,0.0894407328239226,0.316864507840031,0.182922184631128,0.242905232834169,0.48793261070652,0.469972421213501
"12",0.315699070803823,0.141479381818466,0.287570805248007,0.493844707011248,0.340844622484772,0.270282202817757,0.326894589740028,0.196353704368729,0.343316232176954,0.20275468050931,0.502100950550645,1,0.677952220076681,0.514540617392483,0.489647875699585,0.0701895470297583,0.648355357286701,0.676503275554792,0.64579007035906,0.672303629195422,0.668933122761237,0.744851862475519,0.76855006379096,0.085162981361363,0.720234424644878,0.425590787885579,0.731900513061948,0.713259083088344,0.597297876124112,0.635183481865787,0.782886607281953,0.719124769710596,0.774609354464016,0.369205704321021,0.501770005386976,0.074809355896878,0.1091978713749,0.496652431192093,0.161007498068476,0.580914071276885,0.68374253434008,0.202991798134838,0.282012963676285,0.719009222600212,0.388821568309916,0.523748716441152,0.31377465169187,0.363776428177729,0.467701804748001,0.636295336637212,0.598267020637219,0.46734039514948,0.59078736461807,0.350505631744775,0.484417904744807,0.696213438393831,0.535881114338263,0.638903381690066,0.651696160518674,0.683661141433736,0.739306115139334,0.726741330137963,0.757975346192716,0.651258183069898,0.611614359551459,0.61620485399302,0.456849990118026,0.592608243272112,0.308823414927594,0.690481179951917,0.535731873524513,0.626735508356747,0.620244214227094,0.159436953968992,0.552959220692786,0.0990009835016086,0.216233119844134,0.513987691508906,0.181687445294913,0.356524802163747,0.67680288397416,0.571181491291908
"13",0.347959189881876,0.157792519502889,0.323968156139556,0.409847813340939,0.303678624159598,0.216544244238872,0.329620572330851,0.0896822946740787,0.304796031561512,0.117380934910347,0.485019201952414,0.677952220076681,1,0.454083286419803,0.552498501803995,0.133142348560673,0.66141143213306,0.694581011560643,0.573937163356563,0.644579543662818,0.613954163475882,0.692792755835497,0.713695126478264,0.215877562822315,0.630054050982408,0.432802644462905,0.625610236813085,0.669455613324569,0.554381491364584,0.653439978358863,0.731658744412345,0.638940494465405,0.695370055839251,0.349565253003783,0.376791760243334,0.00119026515361249,0.0375895914102395,0.439200927260138,0.184167066093283,0.540547987811423,0.612709947160322,0.191967562330687,0.202909100934469,0.676380497860321,0.278366650542086,0.483118353823465,0.23486102349646,0.31079224902884,0.334583909868142,0.674489402361877,0.522302144192695,0.364166721321029,0.506582322948549,0.385753578421954,0.536112359251152,0.681057871908253,0.544845306200278,0.613746670816045,0.489260657465474,0.702550368966856,0.585776424323474,0.750697394693671,0.69042178794094,0.591866697031009,0.563838254395984,0.515545150595901,0.471763793740002,0.428810735634321,0.361048241880281,0.560879302315501,0.445549409860437,0.558967433223649,0.47952536527689,0.269842986945177,0.436418781934731,0.0669534244648354,0.114141427144335,0.312628098072871,0.0862899095354406,0.302338658982101,0.624727248741242,0.583280923701106
"14",0.222611703204387,0.055177460736351,0.308695782576277,0.240137445549809,0.139603500206077,0.27184460470806,0.175782421885943,0.0917803319605869,0.292626917865105,0.171470858330216,0.373079133667669,0.514540617392483,0.454083286419803,1,0.323091027044132,0.201559712822542,0.468403530073884,0.499512866156931,0.420244589015617,0.394682596588724,0.403565991612012,0.392024989642136,0.417430822525148,0.212868184517898,0.495018309033935,0.236521668305606,0.468127575141792,0.444271952429349,0.336371900570628,0.3821584320753,0.481099428091629,0.43149547440531,0.483412854902378,0.309059455167772,0.257057763148461,0.0556252011885868,0.0405376570763981,0.39601821422724,0.201431329459455,0.374130425182679,0.409118070379465,0.0518289717047785,0.11213903318779,0.43479539891014,0.225260018127847,0.252900175713085,0.237762670981682,0.187431161772102,0.288313337688898,0.374328418430698,0.436553129213162,0.233398769970344,0.385527053280171,0.276157045956717,0.172470688809645,0.392844301140131,0.430116343152269,0.393595312051441,0.516577157123743,0.453727862909631,0.447645686866379,0.51306622835779,0.540032095976272,0.29646287010249,0.367151996790358,0.323893995204636,0.376169501719859,0.460910752626645,0.178043320252506,0.494097203524475,0.362604046993036,0.316196332381035,0.359816520646594,0.150682281684052,0.313701802930875,0.149951109592651,0.181844775935234,0.300129307266541,0.0459423298592549,0.141754951503669,0.413446887374648,0.497453298902448
"15",0.146384545885331,0.0257119365717013,0.141154495286911,0.236466828934973,0.110382289510667,0.165549755410057,0.17415903212455,0.104275151343049,0.131499347092504,0.0308591055930046,0.256988554305489,0.489647875699585,0.552498501803995,0.323091027044132,1,0.092488282759963,0.410009337010421,0.392700103621017,0.371608964241681,0.379161243417971,0.335254068501347,0.4177467491475,0.521606102950889,0.105101506667809,0.375153948984212,0.174678642601127,0.441992431335152,0.495322431871352,0.479929779725655,0.498891748636319,0.551464238248011,0.474251216297067,0.455763748961409,0.164708261858933,0.283595856231778,0.127624588075536,0.208177983041024,0.197234184989747,0.0726769677272161,0.435130264620418,0.46821467589348,0.0185171432016488,0.157903001954216,0.463271960336246,0.248645764218506,0.299203144937465,0.163891554485444,0.256450537816849,0.216084328204469,0.464659430956508,0.451879343551604,0.20231527438598,0.313950405621927,0.352792832427719,0.317887085357003,0.470555223627971,0.404773481497995,0.437020850878562,0.325497225694377,0.459261265390931,0.38132832245286,0.574585800631235,0.419491924342365,0.452404935040359,0.391996509316496,0.317066266027276,0.350483205111002,0.321859574590165,0.270577424912724,0.329460528873634,0.334906636355051,0.318891467724342,0.244736783179248,0.228441555015511,0.30820106660159,0.0217024074109896,0.125564552363909,0.190289465514549,0.145785405122127,0.09722579558039,0.495600589017804,0.429562255464765
"16",0.0618364911572099,0.0817055698216765,0.0125878782758174,0.0656310809663795,0.145708049907374,0.131355408551644,0.0710774832031795,0.00981474209672237,0.242271429084969,0.0362845294043148,0.0125268539614483,0.0701895470297583,0.133142348560673,0.201559712822542,0.092488282759963,1,0.134593506416731,0.175503603130396,0.103096212982151,0.183358880353,0.0102029888111667,0.00939449360691798,0.0814350562077201,0.25167622786766,0.0976399052448274,0.0389938457953815,0.0243156122944509,0.102750326017308,0.0989342051213006,0.0183806716870767,0.0493325184319112,0.066911923799881,0.0364683732183062,0.0697156059399045,0.0529403966516048,0.0432886251274009,0.100985477050486,0.222377263087079,0.0305893167235188,0.0867423492852629,0.0600058947132647,0.00970765081203197,0.0293755312427099,0.0643556137844398,0.163644752034189,0.255595215903139,0.0276719734162414,0.101705060465317,0.156300718531945,0.186910437562597,0.0701889070777115,0.150730548785745,0.220005764374674,0.0486766025164285,0.0184660513134652,0.111100598783025,0.209075675866553,0.0395240839596152,0.00728489276048355,0.123948852153792,0.0194206696375764,0.223641569695334,0.0698550140811721,0.103702710302654,0.080223125577682,0.0123505879067701,0.196342662305184,0.0131108665920497,0.166422329016587,0.0937970968499205,0.167275820379453,0.0863578911666892,0.054927836826158,0.0404825223310766,0.0638699356429692,0.167973422385421,0.00856847566418975,0.0391280413393594,0.138660205708038,0.0405510794152328,0.0311604985691052,0.163648175455516
"17",0.401442138358225,0.130464917288454,0.346564052222089,0.467951165478972,0.39846058160499,0.31929836416861,0.425970036413172,0.0756562395870514,0.372802436209922,0.064212289661711,0.624092488743853,0.648355357286701,0.66141143213306,0.468403530073884,0.410009337010421,0.134593506416731,1,0.828847777456831,0.658987523041552,0.628397375547258,0.704556744980165,0.7017175934097,0.74710690777899,0.271433566285824,0.676316612632759,0.549158957509338,0.631558884276162,0.667935442624469,0.5199603637261,0.648978182809022,0.73065884887477,0.660740371267754,0.726110447342389,0.476509385294648,0.252652018134371,0.0790931329024294,0.190559389281507,0.436071824986441,0.229016937553165,0.504671362377718,0.591552655519218,0.239583921581366,0.22474818555634,0.681040799727383,0.348248251962689,0.536645460886055,0.187453972549066,0.283175167763764,0.386966984879055,0.67925006818604,0.563764759065833,0.397199575539432,0.409067104611693,0.434990219218762,0.420388426669065,0.678204695532731,0.563320016809954,0.704252096660752,0.651233146891093,0.737324106847226,0.640652733740408,0.711860603380499,0.754128465913259,0.607911555345988,0.598766830979237,0.635252233524637,0.468821571179594,0.563603402170862,0.428103292567587,0.612206887641885,0.478809297306553,0.567610509575277,0.591501860518872,0.180848468837304,0.398879796182641,0.0334684008889504,0.0551243515099355,0.342620307225289,0.175174451743494,0.309449031462374,0.603466173279758,0.597269713166945
"18",0.452382225629281,0.0972184080219223,0.393116457608641,0.502115810136212,0.396937827827446,0.368891295691752,0.415658778110774,0.0594779662677797,0.413863428653083,0.0175572910752124,0.657430579388127,0.676503275554792,0.694581011560643,0.499512866156931,0.392700103621017,0.175503603130396,0.828847777456831,1,0.664311557526596,0.684212505696987,0.725285418230739,0.726446314558772,0.738323678833808,0.362139986102385,0.687323220391897,0.474784010686071,0.653069539468483,0.703315163311945,0.552738811185951,0.677330212933604,0.748070956010201,0.681028885658035,0.73711084893963,0.52320107153605,0.337123584857572,0.0749007610839496,0.222750258108713,0.492567740549831,0.244555545220128,0.555641252136988,0.581014405301103,0.26334727685907,0.23503671146506,0.704788960417395,0.389572829925529,0.491616486294241,0.222071216336952,0.212814983537889,0.438903315499757,0.736858558199282,0.56072790765327,0.39451676521145,0.446913894432678,0.396225558469682,0.436801817383052,0.697346759442464,0.588647687793876,0.71488983398534,0.675408622763232,0.76693612501847,0.676921657700839,0.767583023556365,0.750512742452627,0.580212921399837,0.600429531661176,0.63967689344077,0.48351436016342,0.519464196684641,0.42912727853258,0.634746347818826,0.482544548804841,0.551285602028254,0.623336513769858,0.141341943074919,0.383936072243971,0.0037052132429898,0.021370396671242,0.390180029328282,0.150200535331403,0.334946136413338,0.598075123737665,0.60798307304695
"19",0.311696872149026,0.0654463446335289,0.335498010626196,0.382078602763811,0.41970411651408,0.234140790472079,0.28426767752762,0.0177898767097337,0.323081117451758,0.037612214768284,0.560711469704563,0.64579007035906,0.573937163356563,0.420244589015617,0.371608964241681,0.103096212982151,0.658987523041552,0.664311557526596,1,0.52625579376376,0.613789657494799,0.662592878352135,0.656178824638233,0.128404264725036,0.589928478276303,0.453834206048159,0.633701750870676,0.634887719980503,0.606553874149884,0.594246347335276,0.70403451852342,0.669124682683388,0.702163905600596,0.427078753464419,0.392228681388999,0.00372787607655491,0.0980833120647692,0.408319834453942,0.287742518233681,0.472286742405093,0.547625423847845,0.240254825784314,0.181962580832625,0.615663264824518,0.375140437110409,0.591347105593115,0.260701775679269,0.329700907403306,0.307380753193326,0.543428711456631,0.546803690855999,0.53471759853147,0.385330680422687,0.356102037705948,0.35423344089526,0.581533752535894,0.410333331504402,0.64475253535585,0.645565541383706,0.604972593668174,0.707310436861104,0.583452627058311,0.693689591322291,0.636827737933477,0.635496327101141,0.552189298645589,0.384793287346356,0.539202881008134,0.278671889861882,0.572798345763592,0.521607662959057,0.588021275832006,0.591097251599887,0.132780291621798,0.474006096093745,0.13281341158059,0.118400349055477,0.442891008915014,0.206700851546231,0.240177624921929,0.565481303329308,0.501862182567308
"20",0.384921485811982,0.213302667420268,0.357577583746572,0.481825609432498,0.266498272576867,0.279377661117859,0.351845180203319,0.0352145791806125,0.407428709132464,0.109294892207101,0.482926729586229,0.672303629195422,0.644579543662818,0.394682596588724,0.379161243417971,0.183358880353,0.628397375547258,0.684212505696987,0.52625579376376,1,0.659069935253409,0.706404374982906,0.650238832779914,0.229262235366275,0.662746200483904,0.412095858565957,0.597468149915247,0.640587641929962,0.4410320122901,0.519974995441921,0.703663986123421,0.668521680916895,0.659075018624647,0.483515391263434,0.327705727557956,0.0292034980039582,0.228914457770027,0.558514352211228,0.181129525864482,0.515375370206249,0.609733997142314,0.255693611497158,0.201823407899681,0.65363809919595,0.334664964126727,0.373573347689137,0.216877443271835,0.249634820872095,0.311353603606861,0.641350863046032,0.469511418897355,0.286903750905493,0.500806418658619,0.296570262474824,0.466889203368007,0.614670241080169,0.514420719335158,0.509042549986691,0.561201440821705,0.664195551912555,0.579094558781781,0.636696564945276,0.685321611353573,0.47807595515042,0.611285545621918,0.528335455473699,0.439749974450638,0.491854788329393,0.279465918160759,0.648567611030725,0.488214991305761,0.550423196779609,0.572423795035796,0.15240398236645,0.42842970420948,0.0143444143767634,0.0830655578024616,0.369814158827223,0.248964062503258,0.364718737758783,0.502523836118118,0.489491419609359
"21",0.384095675983881,0.151574062930257,0.323972101956564,0.54663797921424,0.415617977975771,0.260572361816709,0.352120628922334,0.0236718489536498,0.314256245171115,0.0732248398090771,0.567520743281017,0.668933122761237,0.613954163475882,0.403565991612012,0.335254068501347,0.0102029888111667,0.704556744980165,0.725285418230739,0.613789657494799,0.659069935253409,1,0.729840008139858,0.710010815916128,0.174462890308222,0.633994134714337,0.51218373905863,0.620984469044345,0.615938201514288,0.506143953743516,0.59580740188891,0.6923655522159,0.651990881631816,0.70362785272196,0.430050910959671,0.314815382612246,0.0750306263411816,0.245059939502486,0.457380246484418,0.209985983176293,0.472180126202044,0.596234034147957,0.237754582211159,0.267978600265999,0.645879868526029,0.33493539856729,0.558412692222995,0.249546708801783,0.274419711011869,0.416949883557133,0.600323537158685,0.457419714826229,0.433489779764059,0.453083206452451,0.323014765621714,0.442610914270437,0.609367167199724,0.476969793800756,0.634669480179239,0.613561028957162,0.647983456652701,0.668514393607799,0.620857544638887,0.700791686754225,0.553291775021856,0.61512230239092,0.628991595208244,0.345774949099403,0.533546646167895,0.366143752154225,0.640672725499412,0.519020965460927,0.577804285035583,0.65660220499436,0.173187110320394,0.436820777213859,0.14548079048954,0.091064733501102,0.356753397722932,0.30338127470123,0.341983126551433,0.531988050475596,0.520292488309109
"22",0.416800941377091,0.176194508070119,0.389951627840657,0.517708828738023,0.428791048644689,0.24178836944692,0.376777558147444,0.094215962990925,0.379341969334763,0.114012442008853,0.596689599546902,0.744851862475519,0.692792755835497,0.392024989642136,0.4177467491475,0.00939449360691798,0.7017175934097,0.726446314558772,0.662592878352135,0.706404374982906,0.729840008139858,1,0.744981845223115,0.171903700203448,0.699452643481657,0.539707433871856,0.677155716102539,0.681455448520716,0.544957695592159,0.628865527260933,0.745648243880255,0.688421412851401,0.786023950957117,0.42773153056547,0.406216948760777,0.0222385948104645,0.228022714638675,0.562079475901289,0.251344506078419,0.563241999466702,0.64512514180035,0.31968862488225,0.212345536590108,0.713816812983851,0.326568526006847,0.583667385841808,0.259939459302877,0.341405062466135,0.38307490087543,0.634851340458282,0.483375438365279,0.48984116108139,0.516771006198202,0.348205183234915,0.521263263502818,0.699786095074576,0.512745582577322,0.653193718178622,0.597190451682518,0.645205664028842,0.728726128991142,0.682228112027901,0.783977031095031,0.640128471949326,0.645088062110775,0.628019433982367,0.4128308088066,0.46360237504381,0.322760586190977,0.706553909288899,0.537410175131391,0.678927657227644,0.675565941687515,0.16441213670541,0.521312083117694,0.134425154537076,0.119144293225624,0.433622857610938,0.297126130911775,0.386676158201998,0.619467414765631,0.55121000009646
"23",0.387261984639867,0.100486368162322,0.261742349669294,0.487921262150764,0.444860300932436,0.257185171883006,0.382582143535838,0.0981931494878479,0.344368482229029,0.0939068653280401,0.578754281491665,0.76855006379096,0.713695126478264,0.417430822525148,0.521606102950889,0.0814350562077201,0.74710690777899,0.738323678833808,0.656178824638233,0.650238832779914,0.710010815916128,0.744981845223115,1,0.11183475652495,0.667185916707552,0.522936900273033,0.666732345933651,0.74390070397437,0.659138113883213,0.700684248880218,0.784052581523096,0.753435695901152,0.777348483489121,0.353267047382068,0.441149976218308,0.04968962153827,0.0455285770434991,0.448947637617893,0.217901450187717,0.594913349722784,0.680683836678352,0.220818980757229,0.232611921763844,0.734669580529122,0.42412371109276,0.606593915592264,0.218388224218145,0.353124039111816,0.470375402646877,0.720426902261456,0.621844565668017,0.444022506352784,0.466702057861009,0.4397081518708,0.528968037161811,0.728694106392358,0.50442878063707,0.727627138936933,0.603030361601299,0.723885042358086,0.689149480355603,0.765919639519036,0.728263507247017,0.671148708612739,0.630783568008897,0.639602455291329,0.427099834152592,0.502149375169284,0.428804381393489,0.624205835470876,0.487633842952013,0.60981742147955,0.597808076937446,0.222747740997354,0.451057129513984,0.129570424733645,0.0940469158606699,0.409187820895221,0.128794772268886,0.311398389981588,0.691369196179853,0.604626503623029
"24",0.159385159417914,0.0487401015038452,0.273011178955055,0.0810157452574832,0.0947363025455362,0.22598862822643,0.0601515288242389,0.118979142767165,0.174535159205657,0.106477841902344,0.299725304472782,0.085162981361363,0.215877562822315,0.212868184517898,0.105101506667809,0.25167622786766,0.271433566285824,0.362139986102385,0.128404264725036,0.229262235366275,0.174462890308222,0.171903700203448,0.11183475652495,1,0.0447602040328534,0.0642505192142059,0.130804725780044,0.195109907802937,0.0917417227678018,0.162465739138129,0.135640184311107,0.17010161443633,0.140866592162474,0.308864140916102,0.0599238268576297,0.0995564016713109,0.100095535129726,0.175413692932324,0.153901697434022,0.158310954065766,0.0137204719584747,0.0868139676696265,0.058278065254155,0.120289838332935,0.175156308629862,0.0735484851862078,0.106310899336547,0.0137347981871114,0.0218786582543644,0.265418824277106,0.145354922186272,0.0220574249294297,0.0224310522013012,0.0801180484273073,0.0258549282774323,0.153802800252316,0.16302341117911,0.135701705628282,0.268079177999487,0.234929692636724,0.132581868871582,0.255113615398015,0.162479723222026,0.006746949237828,0.179478209244704,0.0756633339492663,0.113982673747327,0.112804090084017,0.297189276168799,0.15766210952022,0.148033120773284,0.0213126976129447,0.0362650515808111,0.0549818334070534,0.00264844440542417,0.0952254901886643,0.0786455733144654,0.0775370624621498,0.0491601176720187,0.0488143107408232,0.0652412100628083,0.285405362691553
"25",0.405603412493186,0.290950173288641,0.335393660406614,0.423228012988378,0.268938516099433,0.21349251528918,0.350685184865467,0.122767697541554,0.412683148857916,0.24567052310714,0.477706411832388,0.720234424644878,0.630054050982408,0.495018309033935,0.375153948984212,0.0976399052448274,0.676316612632759,0.687323220391897,0.589928478276303,0.662746200483904,0.633994134714337,0.699452643481657,0.667185916707552,0.0447602040328534,1,0.501393218546694,0.647851648560514,0.613033214990614,0.394337999902959,0.487131870079384,0.736741401148155,0.604296253907195,0.729800483310819,0.460903430892576,0.287664340740964,0.0176159034956228,0.21643553526124,0.552141979994635,0.17395891264937,0.531830179037384,0.618807451846741,0.28290371146428,0.130355929527294,0.702463171782532,0.241586687282547,0.469409056522674,0.275984277439228,0.337799869756092,0.320143553609599,0.572888200296941,0.437993694167055,0.326455562883916,0.600644011711536,0.317806174235305,0.479269752405652,0.667361802397766,0.567230741784729,0.621165911243681,0.564155818112557,0.629071768083583,0.673042727909521,0.64250214583745,0.771612563128405,0.571533484486841,0.563794116172345,0.583715911824583,0.461241540600936,0.58085638747086,0.164823052186347,0.695637537716771,0.458104807903711,0.630756159247205,0.62275383584247,0.150720422092348,0.473576213076149,0.00269727206933474,0.191198986666345,0.448912918866924,0.347892064799211,0.417292289049128,0.565753484915312,0.521334646234898
"26",0.303776071963358,0.287265102812561,0.227960739722418,0.337477185820991,0.405350044443736,0.0624295676353093,0.34631157148365,0.0132634242312004,0.321583412571811,0.103348520395432,0.370237652369622,0.425590787885579,0.432802644462905,0.236521668305606,0.174678642601127,0.0389938457953815,0.549158957509338,0.474784010686071,0.453834206048159,0.412095858565957,0.51218373905863,0.539707433871856,0.522936900273033,0.0642505192142059,0.501393218546694,1,0.347522197767969,0.408648270284312,0.315159445028744,0.424339297968898,0.443839116074782,0.42693638918709,0.539816992749897,0.247730379482575,0.108800349564043,0.0939026408230761,0.238775198120427,0.284293543568287,0.194584203953765,0.316171967783652,0.332869736555744,0.257395262577392,0.134259681137216,0.499403421684521,0.128239647629509,0.475384513361457,0.0915366751566679,0.179383810049151,0.212964844850304,0.435605544823315,0.256033540551764,0.301040494052369,0.3490671108886,0.223993550268881,0.403546410200698,0.488556565973387,0.289099599672922,0.504452745042783,0.314360951420682,0.409561324860523,0.466587159036488,0.421167064272483,0.523682085534279,0.429989940672751,0.404960559098536,0.437278095109441,0.23989450073166,0.308245314703699,0.20439972445402,0.471065160617828,0.276587214484073,0.506394751560489,0.418379140412061,0.109573533161407,0.271936640195829,0.214300063106085,0.0209951832358247,0.239405888741753,0.234798287881938,0.306939718241948,0.409476347651319,0.359517260676459
