"","1","2","3","4","5","6","7","8","9","10","11","12","13","14","15","16","17","18","19","20","21","22","23","24","25","26","27","28","29","30","31","32","33","34","35","36","37","38","39","40","41","42","43","44","45","46","47","48","49","50","51","52","53","54","55","56","57","58","59","60","61","62","63","64","65","66","67","68","69","70","71","72","73","74","75","76","77","78","79","80","81","82"
"1",1,0.277261050182007,0.272291300803176,0.10400853595056,0.326914847600338,0.213424169827142,0.240550115214614,0.29220460288553,0.168282502975295,0.097711623207159,0.374974900314862,0.377749286695057,0.331290012378282,0.375918186047004,0.250899358447281,0.149501589550933,0.422569832740502,0.395330805443378,0.384178578564746,0.373279930766697,0.358821006678352,0.344132002696259,0.395841226454241,0.0964417655663259,0.226915618764254,0.200325003097513,0.319243075625939,0.375934699026364,0.390797232964246,0.402349934339091,0.371271739541394,0.372301310843547,0.354755261115463,0.117627657764078,0.222226980883782,0.053320931493279,0.125933543711367,0.00522624333576545,0.0560933178850341,0.308635438599172,0.319062872430885,0.230820290006247,0.0578994394918818,0.382270163175942,0.371826799761407,0.262836230400321,0.117567580951031,0.111111072897634,0.283679114044096,0.348706024516374,0.402286928480863,0.0843272365183553,0.15971494055353,0.321773554307446,0.334256335810418,0.303361771283228,0.351862926833099,0.406637748107137,0.459631212328673,0.367591354906151,0.409522215188183,0.413570911604376,0.407206603574231,0.380141356113198,0.372979686739475,0.286801661957424,0.291192788797158,0.396050761885208,0.396964570854727,0.32146293287461,0.254221769866599,0.330390088647476,0.275639671550931,0.195535817814901,0.0768631224445996,0.213024210814643,0.258686017469305,0.259626470830654,0.298147281264305,0.0807761740637971,0.276984415964769,0.336528993141174
"2",0.277261050182007,1,0.288701911631378,0.00493177990069487,0.417432805362174,0.368208607043898,0.341206517618659,0.342478923774729,0.0676957810809052,0.120905649625368,0.539574342740412,0.562567742939833,0.500826997681901,0.433041452152132,0.471253902143725,0.0518317816651994,0.538517743099455,0.54619231346579,0.531068915303668,0.52120717931165,0.534592591289859,0.533151812304471,0.576722746897035,0.476188086783203,0.308848107633684,0.33836057944894,0.398313418141766,0.571828466102786,0.504629143166236,0.566585619812546,0.60855431374065,0.511979708372199,0.565950566256723,0.205524157902787,0.345954356850672,0.10349319219899,0.363667380577959,0.239212943786395,0.101897911416016,0.231789145780884,0.455675104793839,0.42037702486373,0.0403762317983432,0.510193571384531,0.363755109216679,0.30643300549684,0.151167050449482,0.112318493866223,0.481119182634968,0.443704871926829,0.584838689279188,0.332028729434792,0.184198507757871,0.446401974178475,0.528169777705852,0.433491268837966,0.516698217038238,0.528449435361344,0.452513060426088,0.531971254195704,0.595279433417257,0.557154580027261,0.588970569772832,0.538973656888333,0.589720729455255,0.461237011791943,0.42125543391866,0.415725256736676,0.265672887390167,0.604140637639137,0.254335727028563,0.469217658898936,0.465874707720564,0.265226137350985,0.23460519449723,0.481068334536527,0.345356770359142,0.319980697672504,0.485345823522016,0.183640849567939,0.299443868608459,0.415881517848248
"3",0.272291300803176,0.288701911631378,1,0.170570752633477,0.454296495281227,0.35505952756771,0.488875563796862,0.307891164261901,0.168862019635923,0.132943245115438,0.586889144111267,0.603776199824056,0.570313898266485,0.506906991385462,0.372581541843196,0.0200306469111774,0.584795807722101,0.600582173729443,0.591695943750426,0.604391433622802,0.571302144389909,0.56643057032963,0.613515047019625,0.201815911672488,0.458858776360529,0.358403454969264,0.477076859781453,0.55918350440327,0.636081548628445,0.528982595878547,0.543863418391426,0.624699604107143,0.56899933169265,0.158232151985743,0.375022713904531,0.205674722702659,0.30373389526019,0.0789119423398995,0.0445851198845017,0.24150302528657,0.506448753670145,0.435246980590141,0.0446303111792725,0.524053680826734,0.503124828018095,0.463385260245094,0.320283896826981,2.43887236662897e-05,0.465210816689777,0.58194695289249,0.580985314927293,0.266576964144565,0.234143681694553,0.470339343167257,0.563806919610208,0.540485117308117,0.570296126360301,0.568445781122781,0.565862409836467,0.593757105225394,0.551555415699417,0.6154824266677,0.594819132725846,0.581485816626264,0.594334049652246,0.476390437213261,0.508554320595153,0.499101070118311,0.489906918049382,0.48630566109238,0.383257696144444,0.524002743020342,0.42632763141302,0.358752277087002,0.267778698077157,0.434561691512124,0.376639769924217,0.367065876759346,0.363393685589783,0.165121810298908,0.447888393564483,0.49059893561652
"4",0.10400853595056,0.00493177990069487,0.170570752633477,1,0.196825983699896,0.0187896164019904,0.204557323325369,0.122899863159113,0.0132512416446245,0.104928794946248,0.183883773906927,0.169792144875337,0.15350705736888,0.150673935457163,0.0337806361073952,0.120746489252044,0.125608554481098,0.135993655315657,0.168922092262454,0.185982284352144,0.110650204630975,0.122582804964834,0.179989642241449,0.0863391750094396,0.0778420030021411,0.0865587469120762,0.135435521899333,0.153936291253712,0.161190066161007,0.104966120079734,0.123769676163999,0.176323198010243,0.156074553603749,0.0190046178690706,0.136827980847566,0.0634050613866579,0.139270786274047,0.0450725054756954,0.0174996286521176,0.0493942601535621,0.114131827934688,0.252140274065346,0.100452314032735,0.111785670598479,0.120102576986122,0.127939766238042,0.0348600388734495,0.0224956111892364,0.20364815701188,0.120876201855888,0.178684858023682,0.0580214062428631,0.0471514507356942,0.0851681059917692,0.171226581671722,0.12402866262835,0.141818848842126,0.151005841957541,0.254132046737836,0.14886243537649,0.167159325599706,0.190189741467816,0.156487699010341,0.172082597043661,0.127485570301974,0.0803470546025238,0.139909723522854,0.174598274585746,0.227911517910391,0.131500780229799,0.076376164061039,0.115063562868376,0.12186458494012,0.227385941738815,0.131272228734892,0.0625068103271948,0.213134639713094,0.158675648711148,0.0963683442627402,0.15286064233311,0.0620293245023541,0.156472209338519
"5",0.326914847600338,0.417432805362174,0.454296495281227,0.196825983699896,1,0.56308295965416,0.502167977099482,0.394998478178987,0.167046733212968,0.219396922053551,0.694049511073153,0.666434677700955,0.653166529286521,0.46208493908935,0.523510283344666,0.130393506580534,0.696461057188854,0.741687375362865,0.722375500561991,0.719880383701723,0.669420174649415,0.613234288868561,0.710524444224454,0.248698950429319,0.298554276019145,0.311150177492292,0.629538600714752,0.704279928699239,0.638263429536334,0.694254060764786,0.71893309589467,0.701433793122919,0.659293824636681,0.152149806533575,0.627834379394323,0.211924921595786,0.409629153549136,0.0411449098746198,0.0739908325025266,0.422662091714896,0.545553088314138,0.460726230412104,0.0575456068078695,0.708171833067992,0.554091389665162,0.341751791358371,0.346673605343263,0.0972989038350273,0.506261888515062,0.612428948122259,0.678917726093734,0.462368635037061,0.300089639291689,0.554332732737404,0.685509643268505,0.54432951559447,0.648217300958482,0.676715132156284,0.612247443757678,0.640106389982505,0.714935148434819,0.735535710391917,0.679865851606717,0.643330672404567,0.66329107752838,0.521728933538407,0.490992494526732,0.508247027055344,0.610379004496107,0.638062852741774,0.368047904924795,0.569360773972029,0.589026217116283,0.284323304228431,0.250083776179702,0.437829453571062,0.396321626186159,0.326542524166209,0.581379234446333,0.186502783805315,0.545678498164827,0.587616523796364
"6",0.213424169827142,0.368208607043898,0.35505952756771,0.0187896164019904,0.56308295965416,1,0.456197227313534,0.246123652852779,0.194464084292891,0.159033825954073,0.648513106710546,0.577383012241828,0.649817331552869,0.33791595943738,0.535155633436316,0.121044695878744,0.66801589911334,0.694033014187,0.643530370516598,0.636270295047171,0.619685956223793,0.645595776107482,0.642554973445561,0.283879690724342,0.315004071161909,0.342625919229762,0.589539145842652,0.664590219840035,0.577059892599603,0.626755485996725,0.659797842548074,0.643270327609256,0.644037874185484,0.275077955045747,0.589153214722099,0.201582444062164,0.296851044497931,0.0342872738463009,0.0162622093231959,0.238355275657297,0.467681925557466,0.345747577561146,0.0192880013175756,0.630153857908572,0.474677340731615,0.335580404153143,0.440350968072723,0.008193560652972,0.405146700517591,0.621117714449939,0.629603533693896,0.512308589048106,0.203361221265765,0.536954230949139,0.629677181625072,0.584524570306042,0.560282655413399,0.59421350572283,0.362024076507564,0.636616696217905,0.6587948605739,0.672667536275805,0.613598830517803,0.56511883446212,0.624651014380136,0.584884235455972,0.465486848675813,0.416269325378098,0.453414276878475,0.632608825934772,0.332638261963372,0.569423905212285,0.653282888073628,0.17658050011352,0.251824196042884,0.492853804361662,0.30245110980549,0.255085272006557,0.420605577251618,0.126560797966844,0.5987797908047,0.521896731298941
"7",0.240550115214614,0.341206517618659,0.488875563796862,0.204557323325369,0.502167977099482,0.456197227313534,1,0.362557365512397,0.199663400517052,0.0960150969730061,0.661496698193516,0.648744785570276,0.641737324493776,0.502544961601218,0.506173462326464,0.0198745301361781,0.6612790767101,0.691021143236228,0.638327690675475,0.68149965584558,0.645951586639526,0.671882645635654,0.701921241222341,0.255084663054248,0.514480937106205,0.447205735586543,0.57209766424771,0.673458650907606,0.674223284209274,0.617236741055442,0.64315651080729,0.679610084022704,0.66348522981288,0.144090036622328,0.457540163178016,0.163107649159812,0.327414356581129,0.0958519445515597,0.040593604048449,0.165844273668621,0.538066867883998,0.46452149085926,0.0807559262712176,0.651384871584275,0.543990627777568,0.548221569282678,0.444767793105762,0.0046904964588945,0.509684174762013,0.693697747126559,0.684710135179369,0.41615115034327,0.17794631596336,0.541768892653361,0.642592989676135,0.633576686125489,0.633629761794979,0.625119360318787,0.506179832917549,0.660448481197725,0.642899251534707,0.70301930930967,0.662821370364021,0.674657406100793,0.64231747002094,0.510193523726497,0.516081502065531,0.529888714793759,0.518518121966715,0.592779423325787,0.335227319864117,0.622390326899321,0.566587578005132,0.328560668300966,0.273068007495434,0.537048883717291,0.304593947846831,0.313702307918784,0.392281139955441,0.172663003183051,0.527112484280508,0.508742701245481
"8",0.29220460288553,0.342478923774729,0.307891164261901,0.122899863159113,0.394998478178987,0.246123652852779,0.362557365512397,1,0.128279849433284,0.185794944904675,0.486988563531965,0.503381378174003,0.42879840092161,0.426895526350856,0.334404091224725,0.190940010556457,0.507238956243115,0.50905840123445,0.483256831061699,0.473913473376045,0.45456053746638,0.450852869193731,0.500827847223147,0.101332767690026,0.29814897717513,0.182880742092738,0.416846414384159,0.485143124019571,0.451458587681613,0.494314867475642,0.520704489716212,0.473807412213097,0.49949927452641,0.0251046608764896,0.306909146568327,0.12667703980099,0.285697898693915,0.106314616033513,0.0394268920580586,0.280138726066659,0.369139829585262,0.397045144731035,0.026671109559026,0.462757066251568,0.435002146445068,0.273398350540256,0.163187460534877,0.20414387641023,0.376546810298087,0.463448079785685,0.509230475860772,0.19350647029536,0.193115151242105,0.370444896836293,0.39979394305896,0.403552231422539,0.463038231525601,0.531009951891496,0.538947508969267,0.481578665427566,0.506988152413129,0.523555756263755,0.503758771536423,0.445399252726543,0.490880163290454,0.369447813151546,0.402574905847216,0.448879767770365,0.446278139887478,0.453821624229448,0.304756734715328,0.424331196232691,0.35922677026983,0.226306051990325,0.160888354153135,0.273554034008058,0.348030208568749,0.348584766728174,0.368446830893156,0.145684285170784,0.377925948728833,0.401465771456643
"9",0.168282502975295,0.0676957810809052,0.168862019635923,0.0132512416446245,0.167046733212968,0.194464084292891,0.199663400517052,0.128279849433284,1,0.204883948202388,0.256585991507475,0.248145495470993,0.233062558329566,0.211180252273529,0.28241514211191,0.101787613091008,0.294325312928645,0.282611153140332,0.227338774715691,0.222224864916231,0.235766795206435,0.203690408546598,0.266015990381577,0.134268059908462,0.0949384117251373,0.0894549853814548,0.301604391050967,0.260964683925991,0.260254366212654,0.262462305788299,0.246881365497857,0.301456747991833,0.249768218000369,0.202890043352289,0.242966437582815,0.08488946228481,0.0501828425465807,0.101681034468772,0.0505193211038533,0.132556343081693,0.201734003995081,0.0440786741760771,0.167150036502188,0.238701347510107,0.253663336646979,0.13117091518292,0.200283093776711,0.128595478664202,0.0910744935650849,0.282800008579835,0.229186388289848,0.154663273658091,0.0650226753153165,0.164901581397242,0.182532073183262,0.250538810141127,0.25204876088772,0.28463764819394,0.239243566134889,0.233928617086994,0.257104239770665,0.248401230343736,0.22853633875326,0.22745335152863,0.203082719893137,0.244805010957323,0.13569113909926,0.181893699598529,0.289196034681124,0.145424250596015,0.170569990000326,0.19439638397776,0.228958079698384,0.0496694533799684,0.0313694533913719,0.10098100618225,0.0457250928568054,0.0595635660368623,0.270977719153636,0.0366422074130398,0.33606149341628,0.197510856585196
"10",0.097711623207159,0.120905649625368,0.132943245115438,0.104928794946248,0.219396922053551,0.159033825954073,0.0960150969730061,0.185794944904675,0.204883948202388,1,0.139994060468593,0.0933535461276883,0.0904054874834841,0.0634332267637456,0.043814177913055,0.132614962759025,0.175006722863303,0.170402267551151,0.154697193958931,0.118943756972563,0.0278333664214296,0.0855494678639893,0.134229423882985,0.196546738336248,0.0778385434841929,0.131316147899662,0.239027649204229,0.13268970220476,0.0829309056013907,0.143391470555204,0.107262996287647,0.14625488319264,0.147649928446513,0.24172382767496,0.287486125249081,0.104851463715722,0.0685230593341963,0.0664676227552248,0.0133093696342371,0.0815755840401024,0.0762024873371593,0.198127232017027,0.0681351181573015,0.128136027862603,0.137703975010907,0.0432562829125821,0.171764719902368,0.000553424218004962,0.0829630207108225,0.148784823045685,0.089787794632644,0.190957887792989,0.00907274872955306,0.0772512660163375,0.0636380380155456,0.100562595347139,0.0953061496435734,0.115607838807488,0.136551010628873,0.139433890590826,0.143723905597421,0.129291292587652,0.0562281864635409,0.0646153033547741,0.0912962484228491,0.233483835525196,0.152389953847961,0.0255893064606764,0.310725601803783,0.023066015618227,0.0973770787097203,0.0157152777720373,0.128865205730422,0.104218082761671,0.0603964479936707,0.12469918202797,0.0517802695023856,0.179767766769902,0.113714761570037,0.021174858511489,0.263035480385676,0.116223061226185
"11",0.374974900314862,0.539574342740412,0.586889144111267,0.183883773906927,0.694049511073153,0.648513106710546,0.661496698193516,0.486988563531965,0.256585991507475,0.139994060468593,1,0.833121037774164,0.854067154454201,0.59674246225667,0.671984235764054,0.0176976282679884,0.879898060558913,0.900763819782611,0.871062441114438,0.854353468474787,0.846205187745784,0.816934496204319,0.895864711276725,0.363641321842392,0.525227152333167,0.477701744796251,0.719693341950028,0.868694242388906,0.839584945025817,0.821143582788382,0.880491275442476,0.851316367924129,0.853354908454895,0.140415244570382,0.673720139904939,0.210075668057568,0.444040664846069,0.0183405686854298,0.00125927801673062,0.364893874681322,0.668578696400561,0.550126357973432,0.0524628876633535,0.844150160955889,0.70382164645914,0.586187640912916,0.481350997348914,0.0682421901552662,0.620359281807893,0.812386489224379,0.870514923984538,0.540236094948489,0.346660433486142,0.717108100520072,0.840911074206859,0.766313442310409,0.784349107201589,0.832502762516866,0.666384885635456,0.841515479839856,0.86404026182586,0.899293539734018,0.873070883889264,0.836577183530581,0.865923991407129,0.713855214498179,0.653210866356791,0.661762937465638,0.651221844252468,0.807913888336572,0.470597498140507,0.79261420198586,0.751659878487466,0.362257642893475,0.346260549878714,0.637721500129527,0.468093009228111,0.440813931679947,0.574951012284448,0.229128477503022,0.686898433471723,0.717284553617764
"12",0.377749286695057,0.562567742939833,0.603776199824056,0.169792144875337,0.666434677700955,0.577383012241828,0.648744785570276,0.503381378174003,0.248145495470993,0.0933535461276883,0.833121037774164,1,0.796748779172987,0.663791699175132,0.641925603750608,0.00464744973779837,0.838937113812477,0.856904143397424,0.811612819006681,0.861791644999706,0.820503370096476,0.814272535261914,0.877709106637489,0.378077118054519,0.523119565877247,0.53117492111392,0.680411082530107,0.854656614178802,0.799291443746208,0.832478109732508,0.871145646677139,0.833331765584573,0.846782477093046,0.00891741992773297,0.535993433599038,0.166812338641708,0.447816477647284,0.0701024784973881,0.0455325511449633,0.305998793826122,0.650867937752262,0.546079022793112,0.00499666837000562,0.805426201323121,0.710391025807846,0.574650591461848,0.386654135575639,0.136138528228408,0.6236900849259,0.78916988395657,0.873247871700885,0.476488464454742,0.332113511875311,0.71917347451405,0.777800778064504,0.747354483319523,0.789170225036054,0.800940877652632,0.717896032302925,0.819552208378512,0.851825448913556,0.881332545561074,0.875341694636023,0.83979926051461,0.85287284824814,0.663954521516069,0.641733928452024,0.718291074577493,0.654740732036738,0.796153873543633,0.476520821535319,0.757195504500355,0.698039295881309,0.436128426229136,0.328076332491722,0.63061356599949,0.508722159844022,0.44125178699722,0.59778070940021,0.226323046448417,0.648572358442451,0.6707567852486
"13",0.331290012378282,0.500826997681901,0.570313898266485,0.15350705736888,0.653166529286521,0.649817331552869,0.641737324493776,0.42879840092161,0.233062558329566,0.0904054874834841,0.854067154454201,0.796748779172987,1,0.569992740320318,0.652684666077667,0.0827505148150691,0.862321505719494,0.871317972589734,0.843442324086671,0.850589618089387,0.843135597056087,0.781266105267516,0.861799950829329,0.341458624519278,0.54706549409173,0.53166696783223,0.695287031705229,0.831815017538736,0.830372449463512,0.788610832082016,0.851552061039132,0.829920590036166,0.82010195131242,0.16838287355343,0.617060619477591,0.192914190895129,0.431620020438956,0.0143704202087301,0.0451803384441886,0.300632227824569,0.653434712090406,0.482841364798827,0.0678862761978215,0.827510826147897,0.678654644861656,0.576702536475176,0.502763954624058,0.0983687342666918,0.573674737736255,0.803417387363839,0.840835378857474,0.518046448167695,0.355034579719689,0.716532508632104,0.819441301416409,0.784848981379604,0.7853601011684,0.81710942177795,0.630951669849981,0.818850323562361,0.822807286547874,0.877656059129739,0.847721785690165,0.808178569993097,0.845456409355775,0.674360580449809,0.603155104556358,0.698376082127478,0.634292164370326,0.795553412136528,0.459624817092529,0.771415937610529,0.740540169098837,0.312227814519496,0.354060336338787,0.650502506009291,0.467459483006817,0.390493342907424,0.518186851358857,0.209365709209707,0.677606065050956,0.691561487522446
"14",0.375918186047004,0.433041452152132,0.506906991385462,0.150673935457163,0.46208493908935,0.33791595943738,0.502544961601218,0.426895526350856,0.211180252273529,0.0634332267637456,0.59674246225667,0.663791699175132,0.569992740320318,1,0.471717213011368,0.150489629661339,0.630756833773266,0.640454726116681,0.565584377742412,0.627229819382704,0.611352725711725,0.616734893903803,0.645476481861913,0.132045739431343,0.49234903077657,0.360929958518265,0.509892275621506,0.619679564679433,0.627519636204337,0.630084375319894,0.625440807672294,0.649442648767601,0.632531610390432,0.0185627465095291,0.331321521212446,0.112668901931225,0.275389470229396,0.0140761528108377,0.00987175618287692,0.261101348350136,0.531280965212535,0.426491410567305,0.0372222070590894,0.571554002742634,0.496898725648646,0.517336187505084,0.279304435927867,0.0960243360331587,0.488818142868465,0.643198288321939,0.688301297165355,0.273425046463411,0.0943569203678613,0.508157736707609,0.52932576759879,0.565348842698422,0.58669285404329,0.629976705057398,0.623676413975923,0.641365120859385,0.598119666754225,0.668532297107096,0.689695652025699,0.606068039616363,0.591088590880954,0.468428297537879,0.487036473592544,0.589783523129355,0.514265895838724,0.565054105267038,0.369073916996217,0.5584782845523,0.465160116352154,0.304338493169853,0.10420958665106,0.45989291070368,0.37862081830104,0.323622208601025,0.432563505173492,0.115002703711125,0.489002748643568,0.523351520468131
"15",0.250899358447281,0.471253902143725,0.372581541843196,0.0337806361073952,0.523510283344666,0.535155633436316,0.506173462326464,0.334404091224725,0.28241514211191,0.043814177913055,0.671984235764054,0.641925603750608,0.652684666077667,0.471717213011368,1,0.0404209922820948,0.684390435041678,0.721461079315767,0.652300922525695,0.68401521891154,0.69051080856975,0.673395223935554,0.696749706492959,0.267076128633533,0.356405842396144,0.363334417166525,0.57515083434077,0.71227879227231,0.620822714712105,0.688897805548013,0.712104672147639,0.668171167388089,0.684406378619499,0.0278087800340279,0.516186856251462,0.0767895781355065,0.307941671742962,0.0557149547375302,0.0262021651906386,0.227425874522749,0.492117673075292,0.312953563586412,0.0655834688378724,0.681398711172231,0.540619149857499,0.472119054957336,0.3842753915575,0.0334138241889318,0.444417610136943,0.643385135097342,0.696024169377016,0.451388813014455,0.203438617489599,0.557613394719679,0.654077556584614,0.620128239815368,0.638958660665152,0.640689950475777,0.454060015511141,0.693733194736582,0.699909130346899,0.685030340493504,0.687655941948564,0.651004584298339,0.68965216019831,0.593876091893493,0.446559761505239,0.550857831601062,0.502589097473918,0.689992974691284,0.354911283949604,0.597939664249284,0.640490582497277,0.199738863318797,0.224358387601263,0.572027164601447,0.323789275107377,0.239930612182186,0.497067584535573,0.158290210117421,0.590788747648523,0.576807711126633
"16",0.149501589550933,0.0518317816651994,0.0200306469111774,0.120746489252044,0.130393506580534,0.121044695878744,0.0198745301361781,0.190940010556457,0.101787613091008,0.132614962759025,0.0176976282679884,0.00464744973779837,0.0827505148150691,0.150489629661339,0.0404209922820948,1,0.0138408453099681,0.00764919820960487,0.0286694062869548,0.00900655352157766,0.014217698216607,0.0641774192351424,0.00363753794147333,0.231493993837115,0.156232038989488,0.236370643464501,0.0681651691086216,0.0201725427230372,0.00580985683589058,0.034607813272032,0.0161569566149218,0.00389317350156517,0.0340341605854324,0.00606821103106751,0.0792333434565353,0.0565543138255563,0.0277193302652513,0.0172316128552447,0.179733445373942,0.261086881390669,0.0254861806465634,0.0847619559149131,0.0181584602365295,0.0199494869734375,0.0277468634060379,0.103215483521725,0.193128820697749,0.0144646587833424,0.0530872507131399,0.0217555693249408,0.0262478396375057,0.0955723567767502,0.178297222262813,0.0554240822340113,0.0188344582042394,0.144042831918266,0.021361677302386,0.104847768490301,0.285070462300403,0.0100798064747311,0.0301983791369224,0.0209717330919764,0.0159701938499312,0.0470592847295768,0.0680515598953678,0.0766104730605465,0.0195434068839169,0.025158384637549,0.236814418523683,0.0811977482313321,0.0416216906692104,0.110976250344816,0.0803553730429336,0.0345852529748662,0.105750723718738,0.225063918376601,0.00128309224552641,0.0460336338453093,0.160982626188542,0.0434745187739703,0.0602561890234754,0.0175298709455683
"17",0.422569832740502,0.538517743099455,0.584795807722101,0.125608554481098,0.696461057188854,0.66801589911334,0.6612790767101,0.507238956243115,0.294325312928645,0.175006722863303,0.879898060558913,0.838937113812477,0.862321505719494,0.630756833773266,0.684390435041678,0.0138408453099681,1,0.92845486304688,0.873057518749137,0.871167652143076,0.861605913337351,0.83961557271206,0.906625562584155,0.319092003725747,0.539510191847472,0.532340172458211,0.756703976374089,0.878655038941058,0.84993060420163,0.861353442203737,0.905554605701604,0.874262543988497,0.864945550425165,0.175947941376348,0.632451710843949,0.222055432294169,0.442014040343494,0.00471528526222628,0.0117554031927081,0.393566222826039,0.70345447158623,0.530632492416608,0.0294725506553308,0.862857989212727,0.725729759077137,0.571299987222416,0.469806286540717,0.1128719494213,0.608501095952137,0.857506938886999,0.878794951791654,0.523592387736956,0.324635776936691,0.738217858583296,0.819444560941516,0.797912858359456,0.828140519688437,0.867024976385341,0.719146659132968,0.87031290798552,0.875026301025173,0.912164853470196,0.8871953322787,0.83269232874335,0.877628848389498,0.73894107399272,0.670188787026013,0.70261417417751,0.670921189413258,0.813802704399048,0.494771391067595,0.785184777180223,0.753263070376377,0.334107857196552,0.315637947074449,0.642469796494343,0.471480290837895,0.437255844668679,0.614133671042112,0.209859137100591,0.730838884941248,0.732112833615881
"18",0.395330805443378,0.54619231346579,0.600582173729443,0.135993655315657,0.741687375362865,0.694033014187,0.691021143236228,0.50905840123445,0.282611153140332,0.170402267551151,0.900763819782611,0.856904143397424,0.871317972589734,0.640454726116681,0.721461079315767,0.00764919820960487,0.92845486304688,1,0.896377408870807,0.889827804188668,0.87989626338482,0.860161733658421,0.923109209918027,0.317519189828598,0.550439430810037,0.491248065746347,0.776863866911211,0.900471566997575,0.866961758306789,0.883842746452633,0.918724163198855,0.904821033758252,0.891438713879616,0.160712449993992,0.668607831757407,0.207680059905923,0.469969943902969,0.0142597825745849,0.0215242827264791,0.395556474924201,0.701449458690795,0.583379682995912,0.0153723175010013,0.87546691971934,0.720462140299206,0.58022027232172,0.491020456299548,0.0828707197154093,0.657541681065618,0.878444695896046,0.897586587378231,0.575768121758053,0.300460463377364,0.753642047180982,0.844712198833192,0.817563092996581,0.833217428880654,0.869546601033006,0.716868177445057,0.896332514472137,0.900798127539704,0.935962926192099,0.902854464426841,0.846423987236984,0.890218830013351,0.744039650936775,0.70247466565684,0.71100710566669,0.678432105434263,0.844249567898025,0.486275031615243,0.787902649447526,0.775472821940029,0.354216130492923,0.343342240954237,0.654186305346518,0.501149634925091,0.450470771600445,0.634601732986417,0.219486513782076,0.738279732233824,0.746526719840488
"19",0.384178578564746,0.531068915303668,0.591695943750426,0.168922092262454,0.722375500561991,0.643530370516598,0.638327690675475,0.483256831061699,0.227338774715691,0.154697193958931,0.871062441114438,0.811612819006681,0.843442324086671,0.565584377742412,0.652300922525695,0.0286694062869548,0.873057518749137,0.896377408870807,1,0.859287551617798,0.852806845304242,0.792597522331434,0.902615982228626,0.393626075926445,0.47243403995062,0.469730240611923,0.744217983150359,0.857231215963334,0.838210898738841,0.831754355685052,0.882152686706035,0.864087613972166,0.841970042736799,0.150078262753758,0.68303789566028,0.240154081083379,0.476141043718963,0.0566873474112868,0.0179475121454145,0.422375046844855,0.677948086544501,0.574803238613797,0.0830829756999576,0.837550783941707,0.713338754655417,0.535628949554123,0.456283877218235,0.0728457524560621,0.677051846459473,0.794014645184839,0.848828752669935,0.516346426241553,0.353907082774099,0.72242650043832,0.84759657486092,0.729761600562643,0.790546982561859,0.853234453097337,0.706994899614112,0.828666933320724,0.873246500572593,0.896321290748505,0.862884827672693,0.830181837009078,0.847842815889164,0.708679408666012,0.642684327939069,0.65450500668796,0.692074973280174,0.816685210001993,0.424542130204019,0.769880975204879,0.754781330876586,0.344800945488494,0.362375060220334,0.620755643997084,0.489581580989893,0.451247563259125,0.637524834370459,0.243239586353594,0.671329787454161,0.696245151027776
"20",0.373279930766697,0.52120717931165,0.604391433622802,0.185982284352144,0.719880383701723,0.636270295047171,0.68149965584558,0.473913473376045,0.222224864916231,0.118943756972563,0.854353468474787,0.861791644999706,0.850589618089387,0.627229819382704,0.68401521891154,0.00900655352157766,0.871167652143076,0.889827804188668,0.859287551617798,1,0.865533313849672,0.823119223509955,0.893439445673353,0.354871561212788,0.530683429580794,0.554149843432627,0.735285345975058,0.886459531437956,0.838999825042728,0.846501601280589,0.888601366938842,0.86598609703488,0.864132594824868,0.0844043607679005,0.623122955155759,0.172947025330644,0.473049927097314,0.00677709418955648,0.00232629109371865,0.351078899749806,0.696974187910512,0.520959798125872,0.0451355684210682,0.853567810872144,0.725616743474931,0.578677487557768,0.470435745018698,0.118399474550128,0.576412622021369,0.81511336448143,0.892420370927456,0.496250223265172,0.382031858809441,0.723507975148838,0.832814650700795,0.775244775287249,0.826738146052326,0.845827868570549,0.701177085710235,0.846964518029927,0.869407456692665,0.902935442271001,0.877237016261131,0.855717285299812,0.869397326686547,0.694456320803822,0.617442672140001,0.742312601822913,0.703395990370456,0.824887066394742,0.472429950466613,0.780789908452884,0.750005248648896,0.384041411338636,0.360415645681173,0.667371488714632,0.464538298545155,0.361316686319362,0.592006917800984,0.220315052695356,0.675862183661968,0.717543196628597
"21",0.358821006678352,0.534592591289859,0.571302144389909,0.110650204630975,0.669420174649415,0.619685956223793,0.645951586639526,0.45456053746638,0.235766795206435,0.0278333664214296,0.846205187745784,0.820503370096476,0.843135597056087,0.611352725711725,0.69051080856975,0.014217698216607,0.861605913337351,0.87989626338482,0.852806845304242,0.865533313849672,1,0.820711888546771,0.889321654320229,0.351501190876592,0.572305942077314,0.530707070462012,0.71005114191265,0.844949780169692,0.835259382060652,0.827997224842384,0.870940651255784,0.857347049216345,0.838766451873749,0.0876444852535772,0.580981215549494,0.179171877575871,0.446108893262011,0.00912251711891448,0.010216280834193,0.373571630423511,0.701086123519479,0.461534287135866,0.0318948088438323,0.851641646764117,0.716361513714048,0.624214163976555,0.432864904924001,0.0813994787281411,0.575098933293395,0.812387842175809,0.863570569041924,0.480245648334878,0.367868168231405,0.72997959417589,0.823607997752841,0.777805964095436,0.804056486893215,0.826650157906059,0.662549287465931,0.816540058813187,0.838993441109093,0.88274571894853,0.879793587459523,0.849920905560808,0.85064273292031,0.671222316044259,0.604391439347795,0.725830073151999,0.642312393482642,0.799873917570082,0.463249570693776,0.805863254448793,0.734079883195564,0.328319040188877,0.29876708181075,0.696205816758746,0.434377491857776,0.323947204642896,0.548174624166595,0.233208351124919,0.666281919543917,0.711560426579593
"22",0.344132002696259,0.533151812304471,0.56643057032963,0.122582804964834,0.613234288868561,0.645595776107482,0.671882645635654,0.450852869193731,0.203690408546598,0.0855494678639893,0.816934496204319,0.814272535261914,0.781266105267516,0.616734893903803,0.673395223935554,0.0641774192351424,0.83961557271206,0.860161733658421,0.792597522331434,0.823119223509955,0.820711888546771,1,0.850469245538197,0.390824308418369,0.570719675779966,0.529465941760519,0.6905470909925,0.836832061036369,0.786744073306625,0.818165594894809,0.859355553991341,0.833365895061976,0.863535470707225,0.0419237408761773,0.541761149885304,0.181850592797521,0.452586618468049,0.0199247423764056,0.0601173008488502,0.234983225326856,0.644223345678428,0.524852322149555,0.021850834530389,0.790430713478323,0.63230504442534,0.611267659854516,0.440285268879831,0.0776695462269198,0.567220349078474,0.834105667524013,0.875239739060933,0.585337425485504,0.288881059731202,0.702785221988949,0.753571900909728,0.793860874337462,0.775810055226208,0.756028481974725,0.609193782617913,0.851793470915822,0.831078519177576,0.871090169434017,0.854205818304133,0.808713991589291,0.838148968806164,0.686971372735399,0.681932278093864,0.68572452629175,0.590920819856813,0.809886776509997,0.474877460764612,0.780058835177543,0.743506799151626,0.350764781482521,0.319031041807173,0.694631425654639,0.429544012878211,0.406616011453322,0.549802231688445,0.183649248754173,0.669679452572769,0.653459129179025
"23",0.395841226454241,0.576722746897035,0.613515047019625,0.179989642241449,0.710524444224454,0.642554973445561,0.701921241222341,0.500827847223147,0.266015990381577,0.134229423882985,0.895864711276725,0.877709106637489,0.861799950829329,0.645476481861913,0.696749706492959,0.00363753794147333,0.906625562584155,0.923109209918027,0.902615982228626,0.893439445673353,0.889321654320229,0.850469245538197,1,0.37696605050878,0.558014117926842,0.526935529124509,0.767762138817394,0.90084677282449,0.866730758546789,0.871646832211059,0.915764705613927,0.897680156135678,0.885310398167929,0.0970507722429885,0.64238796433123,0.200800554777265,0.4719171130853,0.0527927753137826,0.0238938655040096,0.37094583588982,0.707281030883319,0.582196893135219,0.023865061006629,0.884831581918707,0.731284631121141,0.615800414086761,0.449617907099642,0.0932016040407745,0.653712963379043,0.858791752104242,0.905389583895988,0.520847785474542,0.306314774446111,0.757599912731319,0.850830433019562,0.799052040616088,0.833372113063582,0.863673696594091,0.72406925072092,0.867219149246944,0.889538834894713,0.928908255053623,0.912031801081716,0.881740438842922,0.892795644506102,0.734703382409854,0.655080789824178,0.724595378459857,0.701769616946548,0.838962130083462,0.492602877311279,0.80271521304207,0.775909692995276,0.406911559118627,0.347443585594357,0.647655969617576,0.49600508418681,0.42058179009166,0.644836627659661,0.239479658284518,0.7172500168326,0.685668697154363
"24",0.0964417655663259,0.476188086783203,0.201815911672488,0.0863391750094396,0.248698950429319,0.283879690724342,0.255084663054248,0.101332767690026,0.134268059908462,0.196546738336248,0.363641321842392,0.378077118054519,0.341458624519278,0.132045739431343,0.267076128633533,0.231493993837115,0.319092003725747,0.317519189828598,0.393626075926445,0.354871561212788,0.351501190876592,0.390824308418369,0.37696605050878,1,0.176893571607281,0.305863206479454,0.178735312672427,0.372541065837539,0.26371784551445,0.31779946883515,0.406041203967626,0.265464676596582,0.383886741301924,0.23783105967352,0.210726235559694,0.0983650873416147,0.349259876725559,0.300960550264943,0.200205157851858,0.0219806799349008,0.28694724316516,0.31964969258042,0.154775624112002,0.356448834015839,0.226420723791483,0.18090505959209,0.0608132818467328,0.0386080555551845,0.38176336229021,0.240040604741483,0.378516287379084,0.324693761425806,0.278359648561293,0.355831450647119,0.417222754570616,0.301273598551476,0.284964339393358,0.252937206988996,0.0864462951678435,0.353104200071497,0.402726043707811,0.364694146558162,0.385663019363854,0.37368751285698,0.431325250870362,0.280356007482269,0.268329937047942,0.235437728943919,0.0777655499762645,0.480370959945314,0.0737733121125023,0.356849519635831,0.367849806127617,0.213177390406426,0.327680386233701,0.446584833626639,0.275405936155034,0.260234585637731,0.270185348062496,0.116644749957902,0.123693050715489,0.186476523219166
"25",0.226915618764254,0.308848107633684,0.458858776360529,0.0778420030021411,0.298554276019145,0.315004071161909,0.514480937106205,0.29814897717513,0.0949384117251373,0.0778385434841929,0.525227152333167,0.523119565877247,0.54706549409173,0.49234903077657,0.356405842396144,0.156232038989488,0.539510191847472,0.550439430810037,0.47243403995062,0.530683429580794,0.572305942077314,0.570719675779966,0.558014117926842,0.176893571607281,1,0.521524118303412,0.360305200556204,0.477660849655848,0.664932336599327,0.439240401479446,0.497977066443029,0.56729622532153,0.521418496854476,0.066728441439073,0.153293527299774,0.169649295937223,0.254271504012374,0.130612654013568,0.0970124963572982,0.0797538697885039,0.500588495708252,0.352435793246812,0.013270313548529,0.491661662945385,0.440111936809008,0.688589133010304,0.384744356024804,0.132270320005269,0.363180216714299,0.634958448363246,0.598808922693422,0.138226473709584,0.23690556964927,0.485332718344739,0.421938465629062,0.589291725957558,0.589769530510975,0.532720988538915,0.437561914352838,0.557492910327561,0.421073901993672,0.586612978622808,0.606122893039422,0.54721607347015,0.529466838381658,0.395254248040322,0.490908869736021,0.553755957059711,0.327690136570481,0.456198717006438,0.430202847235947,0.609335838424316,0.354163905859016,0.170311553913128,0.246872686530372,0.547771207286374,0.324556396143673,0.281106409990782,0.202338387787478,0.185735320509209,0.368803935163159,0.435185085310782
"26",0.200325003097513,0.33836057944894,0.358403454969264,0.0865587469120762,0.311150177492292,0.342625919229762,0.447205735586543,0.182880742092738,0.0894549853814548,0.131316147899662,0.477701744796251,0.53117492111392,0.53166696783223,0.360929958518265,0.363334417166525,0.236370643464501,0.532340172458211,0.491248065746347,0.469730240611923,0.554149843432627,0.530707070462012,0.529465941760519,0.526935529124509,0.305863206479454,0.521524118303412,1,0.342351851366994,0.494132355334223,0.559371367364963,0.432881026103688,0.511087211192638,0.521848254827766,0.465980880100076,0.025181533060569,0.206580049406133,0.0679888801569041,0.232230791162057,0.0432055454493302,0.0997474556985041,0.0659869201154592,0.416763503338187,0.196702621459406,0.047504331774325,0.499815104722988,0.445976531116611,0.461048151014239,0.318391187150979,0.157288140810107,0.271802969777123,0.510008047820206,0.533230139604336,0.15497126978208,0.330039417480825,0.433197682291615,0.459321004036696,0.535480580877863,0.533272747111167,0.477000231730388,0.373517884419092,0.488912246786425,0.451580083367636,0.513369990593394,0.539267122412663,0.550504649951828,0.52573737994859,0.41709986179173,0.336064853447626,0.557301271770602,0.300518677868616,0.474262067163877,0.350361601426712,0.521237873068443,0.431707286072886,0.219466647368226,0.229635500251042,0.5342544206083,0.329891450982572,0.187850591933278,0.234508695461751,0.138126131221613,0.344510441174777,0.453379738039361
"27",0.319243075625939,0.398313418141766,0.477076859781453,0.135435521899333,0.629538600714752,0.589539145842652,0.57209766424771,0.416846414384159,0.301604391050967,0.239027649204229,0.719693341950028,0.680411082530107,0.695287031705229,0.509892275621506,0.57515083434077,0.0681651691086216,0.756703976374089,0.776863866911211,0.744217983150359,0.735285345975058,0.71005114191265,0.6905470909925,0.767762138817394,0.178735312672427,0.360305200556204,0.342351851366994,1,0.750286160804318,0.691334475005492,0.721294369063413,0.748549050914189,0.735946263927542,0.701682175087926,0.230860702728189,0.63164510008421,0.15109539253423,0.370422455159333,0.0207485096787439,0.0606730442519371,0.348294031738246,0.557640605671739,0.464021862980767,0.0373822137458453,0.728571440406542,0.608483699149892,0.395126787806019,0.41083278850002,0.00267364071343429,0.499859573638527,0.713869971078849,0.719648358937448,0.513003541477723,0.220806284418761,0.59187399148108,0.672521131401239,0.625170643811397,0.706562644269561,0.721119281944049,0.583392761421222,0.720611743243163,0.759990352293228,0.77211910066385,0.719565221805445,0.6918442812006,0.706151155315349,0.613439147279188,0.531082581219262,0.539720692324183,0.610671953421456,0.660841558011311,0.378136434248664,0.631803548627751,0.665848407250687,0.289305801249432,0.263526795186791,0.453359191615276,0.342468544054527,0.301368381021932,0.597515582524097,0.160592021025479,0.676058110262721,0.589684399787827
