"","1","2","3","4","5","6","7","8","9","10","11","12","13","14","15","16","17","18","19","20","21","22","23","24","25","26","27","28","29","30","31","32","33","34","35","36","37","38","39","40","41","42","43","44","45","46","47","48","49","50","51","52","53","54","55","56","57","58","59","60","61","62","63","64","65","66","67","68","69","70","71","72","73","74","75","76","77","78","79","80","81","82"
"1",1,0.010493708065947,0.112950371621188,0.00481381534164543,0.0596438241619233,0.0676446437147195,0.0565967814447653,0.15902329442519,0.163822556592827,0.0554747809406175,0.010864410037138,0.203557392146369,0.145656866323934,0.0282194217180196,0.134605989005001,0.027825023329362,0.090149503029608,0.107916120861404,0.237699971397254,0.0169558858823386,0.0968795741439616,0.121099611508458,0.00487323014077455,0.149898751506174,0.0429559109680426,0.107369462221392,0.029196479307366,0.0518092784751777,0.15563388285766,0.0896700987937993,0.0122635681815805,0.100342453219563,0.164580997692614,0.0627712934596401,0.0456744675204816,0.0822459504001329,0.117683687814658,0.0190663276745994,0.0615534274475052,0.0124275239832826,0.0482626748802845,0.0107729752599134,0.131932640824806,0.0113733514364244,0.0114373929442618,0.0685379514475398,0.00896112797525835,0.101244517776714,0.166050066676148,0.261308659505037,0.106666267606827,0.056433086661508,0.00258644643359067,0.0135525075118589,0.0171792649878457,0.0446743299602381,0.052041686481381,0.00302117413323646,0.169042590002724,0.164809072778997,0.00844435759555786,0.0714657147700357,0.115469069104179,0.0350177928456531,0.127946648743542,0.0279788591810397,0.0766627836161837,0.174967730315962,0.0511627158464804,0.00501998016148307,0.167911051740949,0.0456481275207146,0.129645666257613,0.203313849077661,0.180531059177197,0.0529572129410386,0.0331693121112023,0.0434056454844592,0.0868586981254217,0.0197089933070129,0.0742998562057484,0.0907600117719536
"2",0.010493708065947,1,0.154140717954534,0.115418881496029,0.126666990790812,0.0571921043449442,0.191629990496265,0.0114974503682875,0.115112036924476,0.0572876063828691,0.150691130932362,0.148227358318184,0.0427283615194564,1.16588114670694e-05,0.0932564157984865,0.0810163828540791,0.102958465825527,0.182925225960439,0.100769586581838,0.190893788577159,0.0728464103057311,0.114444204005936,0.198399326037216,0.158074254643646,0.177971446696867,0.0100985612417506,0.197483606521807,0.140757354860037,0.130421791006107,0.129230124904537,0.220701794164561,0.154130718247852,0.219552320910208,0.174683310807189,0.102417810526536,0.0195921865822031,0.019366180148033,0.119784461102971,0.147043170458817,0.141977879222974,0.106661306628004,0.0857052422684754,0.124975175253995,0.187312041860872,0.0766754343577958,0.121071994139649,0.069911270865853,0.10620618885036,0.0617923925087966,0.0315890372146097,0.177715648999321,0.0490949082244176,0.106429767019868,0.15627380480275,0.250216696943999,0.165284574906159,0.118370596223616,0.0939753814096333,0.145290884057333,0.147072658683215,0.199018021135896,0.175208917164094,0.152372288018295,0.0961526938188184,0.131316093133661,0.130998417290468,0.130298118467874,0.196520611666706,0.138356462938926,0.108023768883952,0.0143665696820225,0.0876908659371966,0.0816201723666096,0.100845707746048,0.0512799844766016,0.0998173791212892,0.130052994686364,0.0628025776456813,0.0901628385093313,0.142358712291189,0.123684879120136,0.121243705077376
"3",0.112950371621188,0.154140717954534,1,0.214420390495689,0.299829125238889,0.177764808164342,0.280698465222656,0.0793660717818609,0.127079898601769,0.0288386374911404,0.339968034474988,0.276421453644396,0.257696579348765,0.00121630196143342,0.254158775566369,0.0216882041146525,0.272410485995367,0.371002729644332,0.103831896881763,0.37428392035942,0.312732520984708,0.303912633568034,0.393503274832793,0.305221360153356,0.323067376986407,0.0212793112216564,0.303812182374601,0.405855748805808,0.303633467205392,0.303032679969469,0.340785961233372,0.30480272036763,0.329978683758363,0.306638792510873,0.232783563463724,0.0102007128178972,0.0660133150535066,0.367700603467094,0.260579985603213,0.280709354979927,0.244447477078266,0.0781628255725041,0.206563965154836,0.321584599565184,0.145874870509321,0.28683691284741,0.123051769128007,0.221210249625231,0.118412499144061,0.262122892594445,0.36131839800625,0.00985825056482704,0.276225785744597,0.269681032326686,0.353266405671828,0.253627718892912,0.349516940640441,0.329272907873799,0.227275945256953,0.367656524192957,0.357555775553974,0.404987933242481,0.369336366675656,0.26830261457919,0.190772117391506,0.274658315253192,0.209996383142048,0.345078079499094,0.176732341179959,0.0762959016060113,0.0205166907628126,0.247628444934008,0.105111627250385,0.0397672491162709,0.112420298385462,0.08899694040665,0.101109244664584,0.276942679852966,0.215923557751194,0.22374603233811,0.351251487953189,0.378749151020501
"4",0.00481381534164543,0.115418881496029,0.214420390495689,1,0.530391121539696,0.0655569559737691,0.57964065233262,0.116491496218633,0.203027679229969,0.0508569930421982,0.320664567950681,0.309518709816947,0.00799876089504273,0.206561335633307,0.445994835108861,0.0640224522214619,0.147818026868523,0.360699778768799,0.374997529039755,0.600573395319328,0.00946467203806926,0.118125675810474,0.340002924538314,0.130478647422442,0.650111195606653,0.211944973964135,0.104311694213,0.337670446108311,0.24068829563216,0.35008181793384,0.52521126389917,0.130676187840153,0.458490190820462,0.682224134783516,0.189981159828046,0.0397493769230798,0.255062699599449,0.54809831872921,0.42811031725214,0.375796737734638,0.0834573937262477,0.377860865667658,0.0594348200495205,0.0772981416957333,0.126109701613639,0.305950275244436,0.133121268713607,0.32961540579052,0.495376576823673,0.181046477865074,0.331695898891464,0.310709780825182,0.4817571688728,0.303560524145172,0.684459357010918,0.190685227273105,0.499662129811792,0.46623455164448,0.171209755918952,0.154806782258769,0.562977483452628,0.580547145866166,0.500438020284103,0.267834745684994,0.159504950925181,0.462618408292584,0.278157914512074,0.227476864464318,0.00328112284309482,0.190087363586073,0.0628083751908089,0.440387846377422,0.16921423130088,0.0438437427307386,0.413587190020241,0.0797205217568629,0.278071527649614,0.0901648821281456,0.250676106991382,0.591704342510302,0.438819984180313,0.382144041225458
"5",0.0596438241619233,0.126666990790812,0.299829125238889,0.530391121539696,1,0.293171282045511,0.57219306113913,0.106428614006066,0.215843798898123,0.182048422118778,0.537754720740859,0.475977024056563,0.185591000674693,0.0585824486089792,0.412486873311949,0.00596173584432022,0.506312266948811,0.657846792513447,0.155237955232907,0.718650899675757,0.208437117737538,0.415701994165145,0.681504424068997,0.308672949562662,0.688863176237576,0.159691661735371,0.324865863969917,0.649499307970143,0.439635545308221,0.58715679611221,0.710298251943624,0.432653563529976,0.583341555420234,0.748710648550973,0.427314104529931,0.043833908134714,0.19342332512178,0.597056474471368,0.474172459568405,0.602631702462206,0.232810093964981,0.372533064357675,0.160426895164744,0.438348243542484,0.0352475489693742,0.437916994954829,0.181810358542892,0.419618959604881,0.489777405017542,0.151259283158225,0.563486506807545,0.0928695836496397,0.579891012552935,0.489032441052296,0.721686243726338,0.407903877345976,0.689875178272842,0.674198664052132,0.265423228421454,0.423067486934959,0.752226852691555,0.753862040839422,0.657037792265278,0.514102747006746,0.00219748247335311,0.597235144724227,0.4534619191046,0.473843746488255,0.183065762671673,0.292102895159355,0.0434416139105564,0.649233974537998,0.378574654341384,0.0110650088731828,0.397051454782903,0.191269178512858,0.246299075780723,0.164711193533613,0.320997217836794,0.565612753288662,0.562032559917049,0.659750255269178
"6",0.0676446437147195,0.0571921043449442,0.177764808164342,0.0655569559737691,0.293171282045511,1,0.173934511513984,0.12111549345471,0.0245886284434698,0.167380743361555,0.335719151867467,0.298682038895495,0.291886307491065,0.383587072381482,0.163320378787976,0.160189554753203,0.468896461990311,0.464032201125595,0.230395414164134,0.298913262108593,0.253015313490025,0.460417279275793,0.447239867148649,0.341272209449401,0.196507498738273,0.0276506136610588,0.278071889106231,0.457245255039634,0.399562563654117,0.354530946010703,0.328262791788673,0.494606426811418,0.30907190283155,0.212802485773363,0.274241389284374,0.0512023088825487,0.0864546722400663,0.227056784539903,0.0874928295032281,0.300673193681104,0.159294613487517,0.159515036866121,0.130488952274044,0.419570770268442,0.119870572839143,0.156096347001841,0.152088668576577,0.10016063087179,0.0939854154569453,0.45099299385214,0.329325620174309,0.27351505700456,0.194661325935552,0.301306781437816,0.197696992182447,0.253792403857175,0.339284818636432,0.393152065123814,0.523284394323831,0.419133454424871,0.36599545649535,0.354152927768626,0.336997999329958,0.243649888722183,0.188473774150208,0.331326361658287,0.318551404811462,0.355331297027276,0.160069145722113,0.263291396870333,0.173525749189514,0.302055904968817,0.34255297318716,0.0525040382509246,0.025654122652103,0.00484141814368542,0.0228383371448167,0.210305181098499,0.155254417045666,0.0769212983098093,0.184243160018167,0.398064224669875
"7",0.0565967814447653,0.191629990496265,0.280698465222656,0.57964065233262,0.57219306113913,0.173934511513984,1,0.0967160985159378,0.205323057995363,0.134163552212961,0.448474735449348,0.424726380682647,0.133791496480659,0.0585699015956916,0.461893082491672,0.0335118887200574,0.378454392347449,0.592772283455882,0.193131488130754,0.667615127413975,0.092126425711236,0.307923244865995,0.559361957298603,0.313490781375568,0.680292436395629,0.264996530664418,0.250059901699289,0.525565188317719,0.403210654966449,0.551727621708885,0.66673458235599,0.358516076399834,0.527652630074736,0.686601883017986,0.337083089446681,0.138457542471137,0.214783147320434,0.568928522971951,0.390913867328833,0.496131971840699,0.155683031186926,0.366124935479055,0.0705514338483135,0.289691503515263,0.0558542210428156,0.389990218258017,0.181271983236158,0.297754221945015,0.484710842248506,0.00671346820142531,0.495431452101526,0.143484552972264,0.531878162631429,0.403374317331126,0.670713064028035,0.373098045176766,0.612598093936901,0.612648561263803,0.147745250792874,0.329798785133341,0.670346764687328,0.673516472095014,0.629276735624679,0.333643197816849,0.0115574129267535,0.584384648218281,0.420904032631257,0.375079193809897,0.110825325346931,0.287954711704927,0.00548726020973616,0.506825360395592,0.396554325728946,0.0573348357467556,0.390603948519968,0.137657692678617,0.285778749817224,0.0253522951191603,0.244201734432954,0.518592184040161,0.494854604295116,0.517951351919053
"8",0.15902329442519,0.0114974503682875,0.0793660717818609,0.116491496218633,0.106428614006066,0.12111549345471,0.0967160985159378,1,0.190054317508223,0.0616704855047455,0.222477821538135,0.177119011279796,0.184957239012945,0.0307297953430266,0.205445176380921,0.134215565317357,0.182608672989448,0.183627303496226,0.00753161087000619,0.155080637653031,0.0467837044851269,0.191692918569031,0.0983256991161697,0.0644232347433853,0.198123499149007,0.125970345259575,0.104352477716419,0.100664526818245,0.138076358978736,0.108768019320897,0.122855478132179,0.104380918678676,0.176464676759608,0.159012693932615,0.0452249220169133,0.0108766079276508,0.0236040824171842,0.138393901226238,0.22130147696691,0.157653924378141,0.0766072235769322,0.106472413261112,0.132743509879911,0.125867820516063,0.0980882186197545,0.089289833372959,0.0431381286972612,0.0378466498169622,0.0635234209062336,0.127963282380177,0.243576638953413,0.178894669683049,0.0977670979375924,0.106319149779203,0.116499941114942,0.0330160762030085,0.141367945126893,0.098879880837426,0.0521693237294759,0.192373780143045,0.178345936657231,0.238867530733661,0.211499565284875,0.124481398776067,0.0269175615441267,0.0913490631125497,0.165207273449804,0.139418684454938,0.114506155387791,0.0919666136537062,0.0306394051889351,0.175768254461604,0.00420779754383532,0.0235703937184163,0.076629306863893,0.0425943267425863,0.12451290967033,0.0111647288187135,0.170505112896956,0.0595368940297985,0.186578471545938,0.198084858234848
"9",0.163822556592827,0.115112036924476,0.127079898601769,0.203027679229969,0.215843798898123,0.0245886284434698,0.205323057995363,0.190054317508223,1,0.0142208028147847,0.13263542297563,0.13435398463579,0.231744932892676,0.0775489729342068,0.212039150652157,0.0194839527900674,0.188365397938529,0.254878439261849,0.124569686280432,0.178118690818998,0.0579066390584823,0.143845564545903,0.142392884847192,0.212196166660452,0.237756438180185,0.118228026281186,0.0123062499491895,0.160523713428468,0.139247663574374,0.268888663408561,0.202258512597501,0.0814372960284963,0.20015002682341,0.224213363433098,0.105652016416388,0.0228718063408866,0.0303038675980418,0.220979102065416,0.375918194559271,0.168419599451574,0.127442662748311,0.0780225332495718,0.0999101546966824,0.0103806571540235,0.0363025194557813,0.153463427419055,0.0764549445816478,0.106662417265157,0.176950402459405,0.00268789751761329,0.242504199417879,0.153102742395985,0.217627643062396,0.0758759896943722,0.212103444345751,0.0253360073241465,0.2238705722354,0.243934411309091,0.0232109701503958,0.106883814356331,0.229149118392856,0.277493038352431,0.26008617042098,0.23982229800416,0.0714564566596928,0.163582444177844,0.216821253729942,0.085439042989774,0.0441678738937201,0.0115629552945317,0.0146278456245242,0.150226113237286,0.0456127969009633,0.017495306172905,0.0489822707867557,0.281856070467265,0.176030639858852,0.0378823858992685,0.025044687428855,0.196797239090553,0.267358035016319,0.221275431261079
"10",0.0554747809406175,0.0572876063828691,0.0288386374911404,0.0508569930421982,0.182048422118778,0.167380743361555,0.134163552212961,0.0616704855047455,0.0142208028147847,1,0.192854012148838,0.128253206009755,0.060628079636707,0.16145778227022,0.0938305276481068,0.079976875402167,0.268966547553277,0.254243113734647,0.0166525751915484,0.190319612178761,0.0429152883398599,0.183601458052907,0.216379370396312,0.0133101660220611,0.178833816919297,0.00493555883615561,0.113745602912628,0.194718615238297,0.119795308936085,0.163627544184147,0.235202864329306,0.159883397268487,0.152356059081653,0.219302732772889,0.219393565814424,0.0477462289428935,0.129481702008426,0.141501860635258,0.1312465919561,0.188086437481169,0.106596892177102,0.107318579988994,0.115938236641998,0.266058441815262,0.0642348642849951,0.0273002872960982,0.137805539178229,0.166831911024006,0.132842341341643,0.0642928031108862,0.182799609441601,0.138017519977239,0.103551776298719,0.249139491471091,0.19148926832481,0.102561476143663,0.23744780566945,0.165838441862113,0.187525322864153,0.100883408389685,0.251360003870199,0.179929073314794,0.14228207501733,0.226966453299246,0.031775709918684,0.158551429849462,0.161866894067532,0.20425293309528,0.0420732334287643,0.132435620389079,0.0183393610476441,0.231653742752291,0.269653681657432,0.108853742025793,0.112339671276015,0.00702558188231701,0.164389790578442,0.0121675895182415,0.0418273048886428,0.119131526372095,0.153941380375778,0.186312608744518
"11",0.010864410037138,0.150691130932362,0.339968034474988,0.320664567950681,0.537754720740859,0.335719151867467,0.448474735449348,0.222477821538135,0.13263542297563,0.192854012148838,1,0.447774925424192,0.282727606016092,0.145492947006822,0.417400466044158,0.138007519352211,0.543883748148797,0.594961852715007,0.0461932927628448,0.654065667087785,0.303025845378326,0.483141258811874,0.635808489910164,0.3449281846862,0.569013922357367,0.0805090518012554,0.237795760625904,0.599750488934908,0.512903962433842,0.485711518250437,0.632260483088791,0.475476941067848,0.572110469265384,0.595855817786357,0.385085712257053,0.0147983963402888,0.110241610129814,0.515648402655091,0.362263012650348,0.514768952769806,0.244860742705079,0.275420585944931,0.248989194324964,0.487688149563275,0.0474519905943119,0.490069768758672,0.14970914897495,0.293063292489376,0.392016871156005,0.298946650720805,0.610872837303213,0.0427163530930908,0.517597518372853,0.384085083746426,0.542777305015471,0.43462387166451,0.580441655794571,0.606468454789821,0.394116998570638,0.530480936047523,0.641962505691281,0.685717243015801,0.615763059917709,0.371711132308026,0.16998331793166,0.484110680552733,0.383066558556723,0.494184580629802,0.179492103225921,0.386760493930156,0.0178557951812383,0.504481476462213,0.322904583529425,0.0540227373039179,0.226155587988257,0.063344759032454,0.193906258678285,0.212888927794644,0.410285609906602,0.344897350580396,0.498881915218769,0.591253044605572
"12",0.203557392146369,0.148227358318184,0.276421453644396,0.309518709816947,0.475977024056563,0.298682038895495,0.424726380682647,0.177119011279796,0.13435398463579,0.128253206009755,0.447774925424192,1,0.299412878479758,0.19295303454254,0.358226900980348,0.0717127331239683,0.445818318624379,0.614308321272041,0.00713124188323334,0.521555290756076,0.256449130981641,0.475695702344154,0.525369687502785,0.319662141946198,0.52367554210628,0.0482228105041033,0.254852830634605,0.535673303109786,0.459624789284758,0.494454901354219,0.547295431286024,0.448775588257139,0.567823831514315,0.50356349451023,0.330362906857839,0.04667577846739,0.107928124297625,0.438519591357098,0.297965347777717,0.473181042254807,0.172435008138076,0.337610092740131,0.205894492883996,0.353705667295064,0.0241139859993687,0.324118074863127,0.13820482209294,0.175910857390485,0.312238835194926,0.31825555574512,0.506392542592801,0.0551299756710866,0.393194121858972,0.406069727809827,0.484701424918314,0.358959214261893,0.532157039849207,0.529433687695259,0.34688851883189,0.469133310442357,0.574303724055524,0.589323752019321,0.591548258096765,0.32247981297974,0.153122534135848,0.482264308420089,0.45084179435883,0.472401321035092,0.23852719402384,0.279158373748335,0.0686204144008439,0.420555112611866,0.308130351358109,0.0721060727053544,0.241816607177943,0.104766016254704,0.182972231100523,0.148846631218023,0.320973301983743,0.377101687034866,0.441728513265111,0.515571429677876
"13",0.145656866323934,0.0427283615194564,0.257696579348765,0.00799876089504273,0.185591000674693,0.291886307491065,0.133791496480659,0.184957239012945,0.231744932892676,0.060628079636707,0.282727606016092,0.299412878479758,1,0.191477318256733,0.146725237779564,0.0447988222108098,0.406776304401166,0.412162131020764,0.296240721586229,0.132119298220824,0.38379241539335,0.376806512663312,0.324463234314527,0.43653811426161,0.0877367653850303,0.0078289710592713,0.274206953022241,0.349632072062271,0.296417981973879,0.330394611430687,0.268054370608348,0.362224678958137,0.24995326318703,0.0651318140193796,0.194999054225893,0.00400508221192914,0.104585469531302,0.12412554052904,0.159523763403928,0.249005998322871,0.304455880851595,0.0187857856098057,0.178030004046632,0.275912614121814,0.227674570406325,0.113752953285819,0.105922805102525,0.0895344885475152,0.0688558340761841,0.446929605303698,0.25046533071806,0.14644766822511,0.0654649910319093,0.143647356770813,0.154448428724942,0.262493606550099,0.303101967608184,0.272961525859355,0.3554143271847,0.37905717227115,0.262679859447411,0.269073146502485,0.298067678526406,0.271150200355148,0.369207028185525,0.176852962248802,0.270865961827041,0.324033028053401,0.222822613947928,0.0354563326037495,0.0520284445273495,0.102797830830611,0.1500005389139,0.16188041955044,0.139655329389412,0.152213436977171,0.0681793183323245,0.319532404625797,0.15786668120113,0.0445964657429795,0.215974541219024,0.33186117835592
"14",0.0282194217180196,1.16588114670694e-05,0.00121630196143342,0.206561335633307,0.0585824486089792,0.383587072381482,0.0585699015956916,0.0307297953430266,0.0775489729342068,0.16145778227022,0.145492947006822,0.19295303454254,0.191477318256733,1,0.00925347380284186,0.0959362848020675,0.406586627827081,0.344578539192301,0.255017805607565,0.086397166772747,0.126873422348793,0.360511960292142,0.287099722810229,0.305715679923959,0.00630028672147223,0.0483842037926666,0.22010527356729,0.304387119854689,0.391860910263513,0.325293158561167,0.230989133764662,0.369533066745869,0.18937876688716,0.0193552564084398,0.222969004720749,0.0668229037074117,0.0456894100745119,0.0156499019978197,0.150722628594049,0.18292362968024,0.0381962169824048,0.0737541404874321,0.0571341462618985,0.256920054235106,0.188024426951624,0.00875348689692624,0.0668347491324702,0.0706630040424822,0.00802197069708455,0.330564184200739,0.126921743308838,0.248533323557928,0.0196082081854487,0.214297430354192,0.00045185427954372,0.304703962390503,0.16989305229703,0.267808056281641,0.542279380747231,0.327922114229947,0.153488106044977,0.106690958145504,0.181036903984857,0.108964238503521,0.286077060776214,0.214382171648504,0.211839511465368,0.200294285020794,0.166312768266195,0.249230811041869,0.159689874139963,0.0640549270853729,0.354748842028218,0.0680981388992535,0.047368410612389,0.0299510754775866,0.0144225761857859,0.0934081747539106,0.0740547825046369,0.116655243810019,0.0229538776636266,0.163037539888625
"15",0.134605989005001,0.0932564157984865,0.254158775566369,0.445994835108861,0.412486873311949,0.163320378787976,0.461893082491672,0.205445176380921,0.212039150652157,0.0938305276481068,0.417400466044158,0.358226900980348,0.146725237779564,0.00925347380284186,1,0.120023294790772,0.32817386315678,0.4336829787542,0.0429570685448371,0.53024387859594,0.113573243766436,0.316862008993026,0.374318904654103,0.270305927270319,0.511050804903302,0.00259908048342317,0.0771801851235042,0.404268657703502,0.394503383130864,0.39462041691477,0.497813178925727,0.228522506031259,0.473578365483786,0.51126172215513,0.29669005893045,0.110803377068761,0.148946447473277,0.467507520866502,0.353081583937236,0.374740532161281,0.156057026048665,0.313694636863058,0.218226129886658,0.281973235901294,0.0379784242040689,0.37876732989502,0.152927580868891,0.240741201756761,0.30640673317815,0.117905313939371,0.442715221905651,0.0806011649476488,0.467977350248513,0.296441875671612,0.513908784024822,0.239997753284964,0.443325749087566,0.421586815394843,0.165300420977764,0.363109407145686,0.533024754781934,0.590680289689415,0.52092867546704,0.229931789354585,0.0107831841230598,0.405583646607666,0.282365297361643,0.288518528388293,0.0685535719637127,0.216405425236146,0.0123646454908285,0.3872899931058,0.211675387613702,0.0771462034170376,0.257174755422405,0.0147404034997389,0.245104596041911,0.123817836985076,0.268807846227225,0.351405990592844,0.457652237777925,0.471131380337971
"16",0.027825023329362,0.0810163828540791,0.0216882041146525,0.0640224522214619,0.00596173584432022,0.160189554753203,0.0335118887200574,0.134215565317357,0.0194839527900674,0.079976875402167,0.138007519352211,0.0717127331239683,0.0447988222108098,0.0959362848020675,0.120023294790772,1,0.100152344410954,0.0801137246952523,0.0178466447940983,0.0498034121080484,0.0866082819955536,0.139746571778415,0.0517053429121372,0.0199169136497715,0.0519115885111929,0.151900378983222,0.0275363807748316,0.0709994953708571,0.025956120092826,0.0576046664599858,0.0413877366260887,0.0586979298708055,0.0761324029692282,0.0692456881793035,0.049092728273053,0.0161189290570646,0.0546434828747425,0.0698649400337174,0.00724109125056591,0.0734615959054125,0.02844531308061,0.0797477876760145,0.128318209595527,0.119879348513565,0.146004975519296,0.0303923433925166,0.0429512487576361,0.043593506211552,0.0258519085179386,0.0826859758501468,0.0742326511975473,0.0337003575767208,0.00854878721035899,0.0767870865593267,0.00805783772307544,0.0333058729228388,0.0519371138177762,0.0563390162119096,0.0680892585734271,0.101309568896889,0.0289508989523747,0.0892457665467935,0.0758853568557644,0.0439355424545947,0.00680637643702296,0.0882460708482348,0.00968655223326095,0.0172389310083701,0.066900445659402,0.0658564449557847,0.04450577729131,0.0909321868256864,0.0206494569117145,0.029588935442832,0.0442669388389293,0.0529312966481536,0.0445715020813581,0.0891148622907595,0.11530725359186,0.0699307066896367,0.0808264077874956,0.105079983851275
"17",0.090149503029608,0.102958465825527,0.272410485995367,0.147818026868523,0.506312266948811,0.468896461990311,0.378454392347449,0.182608672989448,0.188365397938529,0.268966547553277,0.543883748148797,0.445818318624379,0.406776304401166,0.406586627827081,0.32817386315678,0.100152344410954,1,0.725799327524885,0.225864103658719,0.503438991255948,0.376533628881745,0.549046655927901,0.648204994476024,0.369412279918003,0.41139317428235,0.0151926139375131,0.318000135182868,0.654898817212044,0.514267683066592,0.635191477053968,0.622120280286349,0.595099272286718,0.486832204108807,0.425327218013508,0.394233984133781,0.124718687244954,0.0513855062755253,0.390169061623327,0.32925403372105,0.473622561240635,0.29906951577884,0.147143098887595,0.087425269536658,0.4983366994331,0.225825113450128,0.362026477123074,0.171258159837888,0.222245429181395,0.256645518053267,0.46352000725402,0.560992596488394,0.154973812982546,0.378601243098577,0.381629763441634,0.414597036611528,0.416952322166932,0.558663763569284,0.586998425356104,0.553381517577786,0.563399298971173,0.599690445035502,0.580566893276827,0.551035625280373,0.510547935287428,0.269373039806622,0.47117564138636,0.507202567416019,0.51638688797988,0.271014964590033,0.317467565262011,0.0597415740729238,0.414715543557845,0.458243801626026,0.027400564138541,0.118455621293347,0.142126300371045,0.103770760831993,0.241188008882853,0.287034690324649,0.236163827636364,0.441603584149607,0.550392554816348
"18",0.107916120861404,0.182925225960439,0.371002729644332,0.360699778768799,0.657846792513447,0.464032201125595,0.592772283455882,0.183627303496226,0.254878439261849,0.254243113734647,0.594961852715007,0.614308321272041,0.412162131020764,0.344578539192301,0.4336829787542,0.0801137246952523,0.725799327524885,1,0.0880821532150056,0.718541565645448,0.326893265572223,0.62394461694437,0.782691485647081,0.494265932108538,0.648308988122362,0.161534228509222,0.374596809352606,0.770063126183573,0.658619350286972,0.764596947696458,0.785741004118869,0.657529268671826,0.673866169297192,0.635654646364813,0.485460774646159,0.102043573884531,0.117017380175169,0.579167993527109,0.433847651238864,0.629916065375442,0.280048941005047,0.338836353610562,0.161854817494279,0.498719498506087,0.190718820957226,0.431057010611249,0.232939052093653,0.27242241247774,0.407744777354975,0.403764260024621,0.620319181558095,0.0486223688110943,0.531203444184482,0.523782516237924,0.621176877324381,0.514971362686044,0.741902966698408,0.781628534046743,0.533678298106823,0.592554397917867,0.770255367485367,0.780567163661754,0.769398950368505,0.54998274922449,0.227503153468813,0.690379162017618,0.629749323491631,0.587564978638827,0.27041154324981,0.390752265082725,0.11754427788836,0.543068472941034,0.486906501587251,0.0866422584733075,0.279594351209208,0.158408570894203,0.207130220064633,0.190449050842322,0.339988922859991,0.473387584631363,0.612913939930026,0.703575257644594
"19",0.237699971397254,0.100769586581838,0.103831896881763,0.374997529039755,0.155237955232907,0.230395414164134,0.193131488130754,0.00753161087000619,0.124569686280432,0.0166525751915484,0.0461932927628448,0.00713124188323334,0.296240721586229,0.255017805607565,0.0429570685448371,0.0178466447940983,0.225864103658719,0.0880821532150056,1,0.196457527138241,0.320833127058378,0.118617056469945,0.119253011278797,0.277203373627291,0.271215876725236,0.290417809392287,0.216919267478034,0.078726620885559,0.194604114770634,0.0611979359322567,0.0218699221320335,0.219883530246978,0.00482575807720067,0.337416645406124,0.131388499780421,0.0252972805554633,0.195444220532638,0.212560372628086,0.0899185287893955,0.0134522601589209,0.246451762522917,0.191864156351218,0.0469434758499516,0.24777977861579,0.266350752111043,0.0331162815576941,0.00719181130759321,0.120160251917189,0.454800832032943,0.538707326174079,0.0955055814339698,0.470536748429233,0.175083103673575,0.0271696022637394,0.150470915214678,0.135936788829892,0.0428009755349078,0.109438939802091,0.521724101271475,0.276413449990002,0.0481929236886043,0.119551077523434,0.091338602293889,0.112118606137993,0.473533887576303,0.184556758657426,0.0355612378399566,0.242093866152954,0.0331766784915111,0.0119725095237331,0.132623647849306,0.178685335634321,0.0355114792651626,0.139975168403618,0.502064142411165,0.0965662883781628,0.111814871804042,0.352432687374081,0.0645201439040944,0.29029736635847,0.0932885618912056,0.000889177424762218
"20",0.0169558858823386,0.190893788577159,0.37428392035942,0.600573395319328,0.718650899675757,0.298913262108593,0.667615127413975,0.155080637653031,0.178118690818998,0.190319612178761,0.654065667087785,0.521555290756076,0.132119298220824,0.086397166772747,0.53024387859594,0.0498034121080484,0.503438991255948,0.718541565645448,0.196457527138241,1,0.170388827229364,0.501096243224312,0.698700453267301,0.305087289784469,0.846874120763801,0.0948650430654148,0.234187962531388,0.692259342057427,0.541375740710741,0.603020904438543,0.782488129461395,0.512702646803637,0.689170068820304,0.85751395204919,0.409737637871385,0.0775099576711348,0.272153065635004,0.765751335489346,0.484018442594774,0.620622573306188,0.152165491400535,0.472286252474732,0.211818711980658,0.473873976387792,0.0487987879798759,0.537171487592057,0.199261867886982,0.398969205609311,0.62040446627707,0.135897424424569,0.671647375629654,0.113796159720965,0.698385775014231,0.528454315034699,0.765950577253907,0.433688296620597,0.702727440601618,0.747905650636981,0.277884882744421,0.511208378110004,0.791020049605669,0.850379586456055,0.751008882733215,0.427418156249076,0.0189822226282807,0.708673206730254,0.497982228367294,0.504349987079213,0.13596303439026,0.441347023416042,0.00564900027185499,0.705186772258714,0.390016867016388,0.00403740656437183,0.51852667875758,0.0405700287914845,0.299495403229077,0.100822964788272,0.406361177989096,0.605255820356928,0.647930468358202,0.691316728992521
"21",0.0968795741439616,0.0728464103057311,0.312732520984708,0.00946467203806926,0.208437117737538,0.253015313490025,0.092126425711236,0.0467837044851269,0.0579066390584823,0.0429152883398599,0.303025845378326,0.256449130981641,0.38379241539335,0.126873422348793,0.113573243766436,0.0866082819955536,0.376533628881745,0.326893265572223,0.320833127058378,0.170388827229364,1,0.40903754001734,0.375399451007929,0.372951960966563,0.0592193628393043,0.0504869596996224,0.332598220595118,0.402711313099252,0.30494431720352,0.284363153607812,0.277729036153372,0.410608259289269,0.2382690980586,0.0655503660636674,0.197504432193924,0.0376282317289599,0.160086467661205,0.135586982923337,0.115911812856063,0.278527814101606,0.430123363050117,0.0811160935291002,0.187962652175187,0.339397107346299,0.259066009266506,0.186552382260453,0.125635761169346,0.130502183741575,0.138382855323236,0.511732789403982,0.222185708774184,0.127694427101704,0.0879555542181133,0.11925575626246,0.12832029174598,0.332015427074623,0.247457915825125,0.224620303903741,0.360608506174554,0.453578389771937,0.29284531544337,0.241575658778715,0.270283612476294,0.325245501180929,0.474637480148099,0.171763595957746,0.201271224272052,0.377667340176017,0.205409854131048,0.0251136614655838,0.032466204534803,0.132512297943747,0.121626215896563,0.104299282527958,0.202733289436651,0.121842265854144,0.101828133938744,0.385147783738274,0.195294321174984,1.94140376235824e-05,0.205960202813564,0.281986922982976
"22",0.121099611508458,0.114444204005936,0.303912633568034,0.118125675810474,0.415701994165145,0.460417279275793,0.307923244865995,0.191692918569031,0.143845564545903,0.183601458052907,0.483141258811874,0.475695702344154,0.376806512663312,0.360511960292142,0.316862008993026,0.139746571778415,0.549046655927901,0.62394461694437,0.118617056469945,0.501096243224312,0.40903754001734,1,0.59752206230316,0.410564605413707,0.405535399699188,0.014943768549779,0.247816251358024,0.627121574821682,0.530369117231805,0.485020043748959,0.510802662849898,0.559983269706723,0.483161976194376,0.391319933529849,0.326806428520918,0.0909760332902541,0.000357812440400015,0.431772522906815,0.18983422526715,0.471158641971746,0.231467000894364,0.213481107178813,0.386278334939602,0.49276101449734,0.0815873666402654,0.329426898632589,0.17046652777562,0.170001455594813,0.245634878842846,0.487313442306737,0.496510709412436,0.00305712174286873,0.356010591543474,0.388414457683236,0.31473681191786,0.397618937961386,0.493904936910928,0.547356173889889,0.50988187929261,0.642921797156594,0.498904096705674,0.555098003176052,0.532586798835863,0.368623675136416,0.314277359368376,0.4583408662718,0.420559115815322,0.511087587061787,0.285417278731616,0.345553793864705,0.0909824057033208,0.46339199714325,0.331095038256003,0.0958902887942483,0.124120613571661,0.0775735084421239,0.0966700134073396,0.29297616775563,0.33965145455647,0.212869624785637,0.378327447898421,0.571245611831821
"23",0.00487323014077455,0.198399326037216,0.393503274832793,0.340002924538314,0.681504424068997,0.447239867148649,0.559361957298603,0.0983256991161697,0.142392884847192,0.216379370396312,0.635808489910164,0.525369687502785,0.324463234314527,0.287099722810229,0.374318904654103,0.0517053429121372,0.648204994476024,0.782691485647081,0.119253011278797,0.698700453267301,0.375399451007929,0.59752206230316,1,0.511331081210616,0.611248101797691,0.0971524044808974,0.507861837683529,0.773041854636309,0.596382529581441,0.675351533603804,0.7802140480998,0.625012885601425,0.649933767270433,0.639272787570794,0.495210731983773,0.128246282685477,0.116078780117506,0.538763948187158,0.421918539430162,0.620182996631707,0.378928607144868,0.228285380410164,0.127481882134373,0.614138544558131,0.265567921178581,0.472843038071679,0.243509638014442,0.464613222710902,0.395582287860878,0.370459030565876,0.626006392872051,0.108884165873317,0.541324993933478,0.513000214553354,0.684817267271954,0.527047519134898,0.735020642137489,0.74197019538271,0.547150561295307,0.584323334792041,0.767235006307618,0.731452043748337,0.71526494554092,0.556854140738592,0.275916824638711,0.636490936938293,0.525683091526151,0.632385728094349,0.269043144450501,0.3396745899367,0.0257337792606785,0.580582108331658,0.519342733334725,0.0245542898490494,0.224697441264101,0.215122407207578,0.246360594349353,0.346468016271494,0.321075754168726,0.442413098257104,0.579529360240382,0.712850871904147
"24",0.149898751506174,0.158074254643646,0.305221360153356,0.130478647422442,0.308672949562662,0.341272209449401,0.313490781375568,0.0644232347433853,0.212196166660452,0.0133101660220611,0.3449281846862,0.319662141946198,0.43653811426161,0.305715679923959,0.270305927270319,0.0199169136497715,0.369412279918003,0.494265932108538,0.277203373627291,0.305087289784469,0.372951960966563,0.410564605413707,0.511331081210616,1,0.202525299074892,0.126296881907773,0.491709182554597,0.481145413285197,0.474271041700696,0.468170963386786,0.417223476587112,0.493609628392728,0.376283423651656,0.196224716437904,0.319508047220553,0.0229688109941896,0.120588403398424,0.235081597972113,0.198831798571314,0.325224992854424,0.341580539702763,0.088077746584577,0.131925785991425,0.296856610299739,0.352344439653599,0.215402027054532,0.191998354973585,0.119615344234919,0.00275581470930996,0.418416585016038,0.359576687020473,0.261626792075954,0.253729227744191,0.18908212331525,0.351252030489798,0.391970150034765,0.491954453218996,0.442596229898625,0.523776681797764,0.417188507588399,0.42301840434103,0.39406396307036,0.432031738290002,0.299095951989924,0.374331766879385,0.324723356304267,0.320389168870897,0.399420956834314,0.177777314912403,0.120287951035,0.144776694716748,0.17912750115719,0.340214680479679,0.235671423454498,0.127231079096526,0.149613566814873,0.032467564727955,0.381829523734235,0.160109276555825,0.149323692784126,0.29730608944545,0.406776993676102
"25",0.0429559109680426,0.177971446696867,0.323067376986407,0.650111195606653,0.688863176237576,0.196507498738273,0.680292436395629,0.198123499149007,0.237756438180185,0.178833816919297,0.569013922357367,0.52367554210628,0.0877367653850303,0.00630028672147223,0.511050804903302,0.0519115885111929,0.41139317428235,0.648308988122362,0.271215876725236,0.846874120763801,0.0592193628393043,0.405535399699188,0.611248101797691,0.202525299074892,1,0.0887364251147861,0.150794351633722,0.61510432494179,0.455260167265476,0.514969902000662,0.728688922022093,0.389357744319376,0.676873572152111,0.892698432828769,0.3513167999608,0.126934071267768,0.338219562908626,0.730309750191579,0.550834452181086,0.588982174063309,0.124729204930201,0.504424941945025,0.192082004088005,0.406263943585023,0.152121286755318,0.483824552124963,0.139242210948561,0.40407398092232,0.659326648099856,0.0242023357260958,0.659827251316481,0.217826793649944,0.704782678691334,0.528174579685244,0.779867051534304,0.349953822349089,0.657337386270749,0.668651985312744,0.135883839787367,0.440807818910538,0.746315174329074,0.830698767399259,0.719199099340624,0.412336649935074,0.100669711062176,0.670758931924662,0.474490051586801,0.443012744033002,0.0912455712291347,0.431066160682842,0.0338037929442912,0.694837622576227,0.325767429043471,0.0769670353297487,0.571695092453663,0.0728579838641907,0.373006111648164,0.0278019266446172,0.374497203506688,0.673721938947966,0.636976117003691,0.649667264174587
"26",0.107369462221392,0.0100985612417506,0.0212793112216564,0.211944973964135,0.159691661735371,0.0276506136610588,0.264996530664418,0.125970345259575,0.118228026281186,0.00493555883615561,0.0805090518012554,0.0482228105041033,0.0078289710592713,0.0483842037926666,0.00259908048342317,0.151900378983222,0.0151926139375131,0.161534228509222,0.290417809392287,0.0948650430654148,0.0504869596996224,0.014943768549779,0.0971524044808974,0.126296881907773,0.0887364251147861,1,0.104983740631386,0.126563235230868,0.0310099708583842,0.219805310686303,0.130000001781017,0.0300072749107999,0.0189394541959201,0.106751282884286,0.0708930107302278,0.0476593741313415,0.115797721781447,0.0186303416023999,0.0162360226231158,0.0195710892919307,0.0765491908889233,0.00946818631267682,0.054582732827663,0.172834799503956,0.105158207689632,0.0324524984117996,0.0153833325559839,0.0786869415764334,0.206066379138409,0.194048045556771,0.124504029307372,0.160130858100333,0.0388255607051916,0.063944588932198,0.103974858457399,0.0673667563863986,0.190611019786693,0.224898875281042,0.147943219454246,0.101556350920284,0.106688705611092,0.0672242375150699,0.142382054300437,0.0762425677141758,0.0990110033062186,0.22049321273742,0.146593648304167,0.0665614486759846,0.0430883262391562,0.0488559370818602,0.040478475139973,0.016737528433238,0.265479797453705,0.0691654166080425,0.187880236255565,0.201320412826238,0.0367460423192354,0.19560649844902,0.12912016811559,0.149697065185252,0.0494575051913381,0.0372979585188908
