"","1","2","3","4","5","6","7","8","9","10","11","12","13","14","15","16","17","18","19","20","21","22","23","24","25","26","27","28","29","30","31","32","33","34","35","36","37","38","39","40","41","42","43","44","45","46","47","48","49","50","51","52","53","54","55","56","57","58","59","60","61","62","63","64","65","66","67","68","69","70","71","72","73","74","75","76","77","78","79","80","81","82"
"1",1,0.568767321886861,0.0468683821970955,0.310406732295324,0.414033903512841,0.606371952076538,0.534986881257496,0.392537324807625,0.168986588607411,0.373784547313964,0.636250865264644,0.596800194562406,0.556149080820852,0.518966110568784,0.433289071561931,0.502025751143207,0.487515187646398,0.549776417014967,0.498778775809794,0.459686181639983,0.556802710975384,0.634411703305468,0.652645817681535,0.542726031078582,0.463102106145223,0.207034346931881,0.191060055784883,0.668043370832317,0.62452638708432,0.515219768518276,0.560144628181577,0.642645923106047,0.6315694652107,0.33314058729871,0.118086912398025,0.238665701821824,0.156456092739768,0.508825221634409,0.3368169887919,0.573731612315195,0.432387548313684,0.634455070366184,0.386767619535159,0.577361582472823,0.503126408509713,0.402018020442916,0.066930866036017,0.135010883854884,0.329053593527316,0.642547210188567,0.625347816840997,0.330566793516204,0.191157633920373,0.420345581050656,0.499356669455867,0.631975313727151,0.637212523995771,0.647567460207866,0.590413777319736,0.661665707552406,0.579404017487541,0.549119765837854,0.638381057260005,0.20271044632096,0.450276165975212,0.522498360934793,0.581325864520126,0.44747256093815,0.581325505597892,0.526213402071641,0.644460993212194,0.479633043635532,0.441943427636461,0.0408166470453935,0.357790178406938,0.194862484159408,0.273388527929579,0.0608857123868683,0.450854557776986,0.138137021629939,0.498768450133779,0.620823758647634
"2",0.568767321886861,1,0.0196226967887441,0.28828499011298,0.36821313955947,0.512086579052804,0.48039953221781,0.357609875940423,0.301553083504418,0.347736894169045,0.56194408838436,0.556433445358797,0.432755825279068,0.548365260061279,0.331943411707182,0.414891705437569,0.427344100221361,0.477278113469969,0.537489473103916,0.378223395211977,0.494770438661009,0.535456279433297,0.619586559449574,0.494424714562524,0.448298922957917,0.176041295099468,0.145418432063498,0.616215324573883,0.55001840889819,0.454134125644427,0.470975333413886,0.572244346449649,0.540905752947703,0.308378531424426,0.130868235282387,0.145038093445364,0.141773224773012,0.444953831973218,0.320715280110766,0.515341281232625,0.36996729276363,0.60634341816809,0.303732682345554,0.507575128587125,0.386084111691323,0.363664239851221,0.103986457212087,0.144949130758223,0.260785070743868,0.556588322589443,0.560969761523342,0.279407961973519,0.157876408704294,0.364477930068527,0.407994005600786,0.600773495057456,0.595977762729929,0.557731402147245,0.534857288236287,0.574803854826205,0.560638204677598,0.503441262648429,0.55577414908588,0.150041624202252,0.398299953760491,0.537583276168172,0.517397493702203,0.409504424642548,0.476254207592232,0.450652875001966,0.556718518802637,0.423985342721409,0.438425786906442,0.068281658353561,0.35591407763453,0.261620106327419,0.250933959174382,0.0232599057213409,0.369907479321278,0.0686010797931937,0.40421314968905,0.567980306215197
"3",0.0468683821970955,0.0196226967887441,1,0.0539640824159444,0.155699759119721,0.209987893089721,0.122604644932963,0.112803718203717,0.0998537472069117,0.120274411479577,0.231776327898337,0.180453605639331,0.0546964844134263,0.11397129720957,0.176997955434366,0.0790076510530159,0.217686850148898,0.287509466526633,0.227426741280757,0.183041706519811,0.256965189556172,0.0956618551445615,0.16349178630571,0.133839563682104,0.0432465614020172,0.192230724248307,0.0829092433488739,0.142731169951536,0.207577330823117,0.182633959338692,0.102746886129198,0.132163654547525,0.0866177632975006,0.168057598628804,0.0856286976034727,0.0296009624030306,0.134257574223702,0.160223802393663,0.11437818469528,0.125543505459602,0.114380093624897,0.102713878544554,0.0398420926404393,0.132125315123735,0.0898861366199783,0.111220179144055,0.0972597756070326,0.0666899829012316,0.0414823519121589,0.128320012183525,0.185321554093716,0.210203782590571,0.129463586274784,0.0751598310586242,0.117909055195877,0.0929204595772248,0.1400388599305,0.134920802463846,0.25717349907719,0.106170065178714,0.189222336406072,0.264748788763737,0.158686446028757,0.216563888836231,0.169110145088255,0.0581479288850229,0.021244262704406,0.16176380589963,0.122294076186878,0.147235639273471,0.137977614407384,0.166025752583069,0.183124741663966,0.156712910002827,0.0242900992469316,0.129166737340526,0.0411338089880815,0.11497632611841,0.140919621111412,0.161477392281865,0.187775020699306,0.0364638097512059
"4",0.310406732295324,0.28828499011298,0.0539640824159444,1,0.330745212347542,0.340625857856475,0.29251323557951,0.307977776725843,0.0346247996034361,0.290379186359442,0.385566483885531,0.409204042358828,0.417802663401047,0.318843253415639,0.201373929410797,0.32907066092571,0.366836219194899,0.337654886770842,0.243735644099418,0.382710404657798,0.285281660272775,0.383192219500453,0.402168004965817,0.404198697304586,0.273455321296694,0.0669369320040349,0.259347313629474,0.44645974014484,0.398328220999897,0.334873796404733,0.442430061306217,0.424481475778746,0.439509763535178,0.3221390099061,0.0530590477735117,0.0628816154010021,0.0301755057436004,0.339973734095133,0.248554152107971,0.455285631534119,0.264661111968887,0.415273926306848,0.116304689973497,0.41734611202059,0.258446104364069,0.245913002219361,0.0203399365040517,0.0692702595210046,0.356794464553924,0.398571416851399,0.352758917992503,0.117237128721631,0.224721548893792,0.274472488027452,0.295405383794215,0.405187936084521,0.406782959743054,0.459993901278609,0.324234120583833,0.411901465613651,0.365083862543903,0.34050553819589,0.441308609379923,0.0753610334039382,0.329966250695904,0.341511657326211,0.433592757987574,0.351180361813129,0.355254570927609,0.287341354622894,0.311139912732269,0.33985056127076,0.186219980357447,0.142797458741419,0.367111540797361,0.112370415059864,0.289510556983723,0.0375196951960187,0.140718198647686,0.0287240878002556,0.33980896992268,0.480152429444929
"5",0.414033903512841,0.36821313955947,0.155699759119721,0.330745212347542,1,0.57686552143512,0.492280579896136,0.357334118377421,0.159881987906655,0.385932214918701,0.582341704003036,0.582561753496293,0.422240851001835,0.464932074714234,0.463819198234454,0.433206487259178,0.584019522554352,0.62757404212254,0.457373191011959,0.518635172481374,0.513110197740319,0.52655818260754,0.598363949159478,0.538669387163784,0.325324037273187,0.263376740310827,0.344108949603427,0.612632221911413,0.604791991950715,0.537391389024429,0.58533678803688,0.552295971335403,0.524029718321918,0.438371847969219,0.142030056994743,0.128379544535129,0.0798089879331444,0.530087043795605,0.415116888528468,0.541260551279399,0.383118859028648,0.364495866514565,0.22673447946519,0.597053291150574,0.357096586235292,0.43179290952574,0.151710957876324,0.138264220397971,0.346627711193795,0.53246394855652,0.534883705094368,0.413429180872073,0.285307088769797,0.366143645344595,0.420411106076172,0.539013613841028,0.567133686876671,0.591928565782089,0.605384366270284,0.596504903078734,0.610339606364442,0.631564993989142,0.599367152034385,0.360500497550166,0.489658013337144,0.49534495451076,0.448734951596785,0.486271590183802,0.477890677282437,0.477618142098409,0.473151870523643,0.439318963866709,0.414147781330793,0.108228290388391,0.285244704779051,0.231382444949152,0.285563615769676,0.136151555274387,0.306747889296476,0.00518450695702246,0.505427747778902,0.546969051018248
"6",0.606371952076538,0.512086579052804,0.209987893089721,0.340625857856475,0.57686552143512,1,0.625572368598968,0.526434943388855,0.15062154672487,0.539573543294087,0.788016899686,0.742866395812214,0.64471605062146,0.664142656567502,0.515150693583062,0.549376521020677,0.732515133382069,0.780154641009756,0.58249984376576,0.653545084702281,0.695775116160318,0.755693498223835,0.801325904259497,0.667487962246087,0.540348970268828,0.294658323144201,0.339976622112026,0.795756690561794,0.773957091227895,0.706055447582968,0.731385233825597,0.740484199795034,0.74510785224639,0.491559365538843,0.174967665994404,0.132723471120294,0.226351500806332,0.630752496299112,0.462678098706509,0.654380171586707,0.444945588594032,0.564655625590296,0.316593021654697,0.7303997793647,0.548931947150323,0.458898357640456,0.202730290706429,0.208892534858935,0.355422987611041,0.759639281119536,0.759702709670589,0.478218921104548,0.338087271191505,0.479078989431742,0.604057379201805,0.708974182066729,0.759595272530525,0.809113850506765,0.71421174433581,0.809074294125325,0.772946576066023,0.748738217869023,0.786020290683872,0.437876433773226,0.628090608079271,0.663418307685778,0.600305501216469,0.631050114389425,0.70235507243786,0.607610683299926,0.64393957123367,0.547598113857939,0.53709118852847,0.0163848129688567,0.386625917157398,0.290561796539728,0.286835715941176,0.00175188381008267,0.55941935205535,0.0933185976772003,0.608826566345694,0.695309959500376
"7",0.534986881257496,0.48039953221781,0.122604644932963,0.29251323557951,0.492280579896136,0.625572368598968,1,0.423995375508583,0.186897048452343,0.478821966029038,0.639114176297247,0.604644188419961,0.495278155822442,0.547394716673989,0.422047650241293,0.539851408680619,0.521788280584304,0.632249591011494,0.506341356686396,0.552455497915185,0.581060255690061,0.662123057890647,0.665403880198454,0.559295746838008,0.449729578573131,0.276550521479962,0.357134659811109,0.699131557856847,0.675914016085543,0.562634175428889,0.600081277644734,0.666144068013049,0.608817018054676,0.34976996238013,0.0731120902450888,0.165120585396123,0.219387021814256,0.561167045966972,0.442214040428224,0.537754690336294,0.460229343783116,0.492012667318677,0.214147107558481,0.626855056278182,0.423689085426782,0.362080452804078,0.134528633978133,0.147623148204001,0.389003615418934,0.605026942972157,0.647870970080503,0.383532823281411,0.273612044039399,0.414506869377112,0.572486240057332,0.593107819503222,0.613855514630232,0.666757226025809,0.649751606299875,0.678016499164721,0.664501239168065,0.616737104287336,0.694093835835897,0.296985436196651,0.455965910630034,0.528177801843862,0.548325078330404,0.51072842239637,0.61048703386726,0.489868080102292,0.567623043370098,0.438760159087316,0.391434817836893,0.0221105781116054,0.39377764112609,0.281180409770824,0.309060859607289,0.0176189159076737,0.388113300129838,0.019265962958832,0.506063366090957,0.535375306354185
"8",0.392537324807625,0.357609875940423,0.112803718203717,0.307977776725843,0.357334118377421,0.526434943388855,0.423995375508583,1,0.138803142509063,0.45567959662998,0.612391876796414,0.548586129823256,0.591965387165991,0.588177273714505,0.333310417888562,0.403704797970694,0.63208587546812,0.573631397362985,0.498033740784034,0.477009163246802,0.486716099481182,0.58064180887654,0.624234304843223,0.480764913850499,0.483486077444944,0.268746875231088,0.18324703702753,0.595380059183305,0.618836592959428,0.64077379436207,0.530128621815438,0.574827074547653,0.58816646299316,0.318687002514075,0.074887967368703,0.116342593085289,0.154110362912709,0.435719511518694,0.270273720279459,0.480971762023245,0.399514197194464,0.38166603500235,0.230923425697909,0.505571644425936,0.44295806860102,0.264152687644994,0.104389505846277,0.179894887060309,0.4006265932939,0.602124583687579,0.596870465981539,0.285428689971705,0.296900015982596,0.449763327911633,0.464513702625956,0.586333719452696,0.623532415006522,0.598454160371251,0.578348024959732,0.621296326979848,0.53451553425974,0.525671763412445,0.625156705258793,0.324025619936742,0.447051041144095,0.609666262297503,0.506230650045397,0.458756648908502,0.4608786243636,0.469479952762858,0.448945077755248,0.316898818746347,0.370223662116963,0.00521562820411263,0.389492168472324,0.240550602182021,0.172553586888912,0.00269442541430535,0.314980167863455,0.0011393233879656,0.435616634299381,0.478089048604473
"9",0.168986588607411,0.301553083504418,0.0998537472069117,0.0346247996034361,0.159881987906655,0.15062154672487,0.186897048452343,0.138803142509063,1,0.11542029345279,0.215138331203679,0.206106473181276,0.00406037741818622,0.412174083598501,0.0406992216913986,0.205684247506905,0.238556025063982,0.2246180285313,0.574738918516018,0.113933279359449,0.258448672539382,0.150689055472164,0.360969130884724,0.196230673871275,0.259464800795738,0.418866256003785,0.0999210583590956,0.267802058541428,0.239132920533107,0.222211786453581,0.0569178668184493,0.200787008635621,0.203342058260894,0.139099329251193,0.315454233821971,0.0427276449608422,0.0300259098653289,0.091146652448855,0.0931847949394255,0.172864714890785,0.201758344255957,0.125003616271978,0.0224584299379551,0.163510788707528,0.0416575949450819,0.0618601175883161,0.0601924221252076,0.111025930647514,0.143463665501967,0.218820132295819,0.28252336727904,0.157658251004623,0.101512864246795,0.191985746604663,0.0821275945726208,0.289211913426979,0.219379496938003,0.0606555984795957,0.440781669521131,0.153816090037294,0.277779763914149,0.327026805835743,0.165728796527726,0.0360595449275966,0.0190217925463999,0.287126784011518,0.268984015439371,0.116828578287664,0.0471421582404985,0.199619605537571,0.308653429165406,0.0749366431810263,0.348025460867126,0.105264657606227,0.0636639593866017,0.117212469405702,0.0776816626153739,0.249805971589421,0.0234643123850861,0.14674872532202,0.173384968482269,0.0646106394714809
"10",0.373784547313964,0.347736894169045,0.120274411479577,0.290379186359442,0.385932214918701,0.539573543294087,0.478821966029038,0.45567959662998,0.11542029345279,1,0.557170674912262,0.535002643243236,0.48084811766759,0.504619298511404,0.288435287408908,0.391309324213787,0.566297100756615,0.580684467284742,0.405297534387171,0.521817164341362,0.539788021250084,0.578067829661545,0.598381511688005,0.460127470761328,0.461417734841227,0.225659402472391,0.303600066557715,0.589927684661823,0.58991672891663,0.578168857654437,0.561233062765212,0.57105889358882,0.567375825331504,0.324283751214109,0.198094767780202,0.0653839035408215,0.159709170504733,0.432596366284565,0.31236873600649,0.461866274568355,0.407050204705304,0.321282159793366,0.22013077960494,0.496475050246531,0.380760064706529,0.221339971718616,0.209173301116871,0.190950910873046,0.303712666867157,0.59712694069452,0.565861498434746,0.291921381273745,0.310763776333361,0.423232971726152,0.472958937030205,0.560319752336101,0.56227882552414,0.582588322534724,0.536338268398411,0.605064283964982,0.554748769939341,0.518649003577443,0.628732132867862,0.321166240082313,0.444794627161166,0.473712409071756,0.523872870697831,0.407078719373893,0.494842684097886,0.429281536666875,0.407789080967238,0.343304745172613,0.33256284312652,0.00269349853664439,0.311109395723991,0.212827746587747,0.259734768473019,0.0456134411658888,0.345560982030015,0.0269646027122255,0.428177931583691,0.499234364995906
"11",0.636250865264644,0.56194408838436,0.231776327898337,0.385566483885531,0.582341704003036,0.788016899686,0.639114176297247,0.612391876796414,0.215138331203679,0.557170674912262,1,0.784424503252789,0.701826687533888,0.723891606628819,0.552797056063178,0.592510655598855,0.755568197480408,0.803339724911287,0.654489904609938,0.686431250480283,0.722109762723564,0.798237916125362,0.838453567191811,0.691823390666904,0.604293377001027,0.353668416770129,0.328943087634079,0.833342311688058,0.82693446026442,0.748856107047064,0.754077377697814,0.791529069234994,0.783904371603747,0.52204268108563,0.196030819492152,0.158982477503788,0.208524827874879,0.658041936405,0.468309641719472,0.677367530571039,0.524292419489804,0.54721760856263,0.333916229792396,0.727942031345144,0.570337007975492,0.479867807208733,0.173186942233261,0.249627720368377,0.444209203074175,0.815568575617138,0.796853202393447,0.455440700943975,0.379707904158578,0.541883585176857,0.62775531057311,0.768035398752882,0.812920529720389,0.821567827007099,0.766733086788715,0.829164322334534,0.800656442867871,0.793119663407864,0.826867851774072,0.413495420786667,0.642777433063881,0.678081845341553,0.670613465504966,0.602224469443956,0.713148996150346,0.664599106329265,0.68397477358203,0.572142409203048,0.546491705549564,0.0456693816914451,0.428106718217805,0.294648382847608,0.330175359785954,0.0131315369868801,0.537083013106907,0.104570937709395,0.641598895134505,0.725262354117333
"12",0.596800194562406,0.556433445358797,0.180453605639331,0.409204042358828,0.582561753496293,0.742866395812214,0.604644188419961,0.548586129823256,0.206106473181276,0.535002643243236,0.784424503252789,1,0.639100184291069,0.655430870881988,0.514230872941008,0.574100172643574,0.717007041754329,0.767891361666013,0.614831048175001,0.671832818349557,0.694214484729946,0.750082502311603,0.783498082814515,0.626983420084743,0.5228202944462,0.273072736637521,0.333490502240849,0.824351591582959,0.781448267532618,0.698400483918545,0.74335997072689,0.756379981912728,0.745016113714449,0.491555720831639,0.139229842936865,0.179428731834962,0.193834022814924,0.652072480167506,0.432261170964808,0.656632709484765,0.473062805128807,0.586013716124818,0.33784558099137,0.718278883962842,0.503865610192691,0.460670847834975,0.155981083810334,0.172273418698384,0.419833501290808,0.733343356295312,0.72992384003238,0.426853342585758,0.319899554327971,0.503083254579849,0.559485843763751,0.709670218191659,0.770041128407527,0.803438543347489,0.733472503096847,0.806664943044725,0.761767990427557,0.754500878719649,0.79214207554833,0.416691488854642,0.569948706811531,0.688820427431933,0.627484243440958,0.616769726330739,0.660914876262453,0.6079619262069,0.626072589781742,0.541701534406799,0.497734613667887,0.00115467490395293,0.433319256817,0.276391763724701,0.337607342221969,0.019415267449672,0.502973316366751,0.0700268870607997,0.616387072873753,0.704308432636122
"13",0.556149080820852,0.432755825279068,0.0546964844134263,0.417802663401047,0.422240851001835,0.64471605062146,0.495278155822442,0.591965387165991,0.00406037741818622,0.48084811766759,0.701826687533888,0.639100184291069,1,0.600303252677334,0.427900418887148,0.475051545975506,0.625163446546333,0.668270060939157,0.407107897703512,0.60057880475684,0.59649386794096,0.703740216501727,0.692781815669466,0.588159272168499,0.597150669641399,0.142452696635773,0.282801856679403,0.697956535292525,0.669163886920037,0.668161637690364,0.694355130744833,0.72986899675906,0.753294225836774,0.385921499087817,0.134926926840225,0.175678581180651,0.155869496722856,0.517403656874191,0.361819980640417,0.581907476269031,0.453591174835574,0.500996014668735,0.319785139383273,0.606808948452661,0.561320489110157,0.370137768576858,0.140690347013569,0.211966826323455,0.327231305025682,0.750338131209853,0.678027958883737,0.290229480945357,0.34311404379623,0.513233856816691,0.534089516701601,0.658492838162602,0.703530753170923,0.751619678854746,0.549796656730101,0.725030123366133,0.634128720680824,0.577609558805967,0.717393609446607,0.287575626274117,0.592697218019776,0.635594512256939,0.622688972921918,0.545822284414352,0.650530235169823,0.548090827181019,0.534493981260142,0.407129215552061,0.428848217070466,0.0496969122943333,0.418510355346532,0.195975532960831,0.240211223496293,0.12050328562582,0.475048387564192,0.0943473804648935,0.511735147029947,0.65719365286213
"14",0.518966110568784,0.548365260061279,0.11397129720957,0.318843253415639,0.464932074714234,0.664142656567502,0.547394716673989,0.588177273714505,0.412174083598501,0.504619298511404,0.723891606628819,0.655430870881988,0.600303252677334,1,0.414659391724109,0.526248076771132,0.740005060065882,0.682017631441298,0.654808915772478,0.556603045828626,0.616158802710116,0.697799897748771,0.802886804280093,0.586103574291215,0.595381956385688,0.399961093392432,0.210932754501957,0.746716422979257,0.71868023551218,0.713574073250316,0.619053580845904,0.681768574401607,0.698776247201885,0.394915691490957,0.216428360801852,0.130190376114277,0.188376182214836,0.512111609469981,0.336765131686528,0.561639691990357,0.469141710889478,0.516267226831388,0.254417912138684,0.636001459785006,0.445284395960336,0.355504037024215,0.143044324803114,0.18621197332269,0.353774236987723,0.735342411242245,0.70780428873091,0.392687482150339,0.285582316777008,0.482436379335731,0.528068207089255,0.729869015992479,0.719757390739243,0.670198531947522,0.717083661724677,0.752934224785149,0.694325857421292,0.665558015994328,0.695345278245979,0.316115624421024,0.490325614497559,0.700021969198932,0.614313128485104,0.575554226360403,0.5715035885449,0.568618929794388,0.577244408973468,0.394031891718596,0.542552922467528,0.0685898657894818,0.408593607352843,0.322831880647672,0.250007091465099,0.0790921145162712,0.430025712222013,0.0957539623193021,0.516698178303277,0.576029113371099
"15",0.433289071561931,0.331943411707182,0.176997955434366,0.201373929410797,0.463819198234454,0.515150693583062,0.422047650241293,0.333310417888562,0.0406992216913986,0.288435287408908,0.552797056063178,0.514230872941008,0.427900418887148,0.414659391724109,1,0.399903106635024,0.481511921921568,0.529038332391033,0.365142604637181,0.501053257440461,0.501263872082073,0.50548861702004,0.518381704488432,0.477892775793794,0.295742712661905,0.176508373659806,0.305140063747329,0.550250461921588,0.532806246361867,0.436125686351978,0.484696079760392,0.475252494345713,0.453276136711081,0.325593555410986,0.0544555357843597,0.144455728409755,0.145336899543569,0.517075039982348,0.305342691150544,0.451621447273797,0.309925137114334,0.369407918841943,0.321410591814708,0.502165573605199,0.375364906857077,0.373202014276824,0.0647647427140187,0.142100914778406,0.235288619777097,0.474830440153568,0.518060525816766,0.336928753005967,0.232142704655841,0.307275960959701,0.414025194506432,0.479017512667641,0.552762687124607,0.554170554857091,0.499711330830418,0.56559397114943,0.509993818208994,0.550026386730504,0.535974775400034,0.385045197628707,0.453649736697353,0.413183625599834,0.365132450649381,0.447848192543594,0.523205689765181,0.498901776761216,0.466666638239235,0.392401974796663,0.390543533762579,0.0445308479284588,0.270171227573703,0.283988752295099,0.243154912963368,0.00221850158963112,0.356207074798993,0.110077718930138,0.528922329543084,0.51080706212858
"16",0.502025751143207,0.414891705437569,0.0790076510530159,0.32907066092571,0.433206487259178,0.549376521020677,0.539851408680619,0.403704797970694,0.205684247506905,0.391309324213787,0.592510655598855,0.574100172643574,0.475051545975506,0.526248076771132,0.399903106635024,1,0.503012635563836,0.583869163454364,0.46418631767399,0.500370768177183,0.528828712561577,0.616658431725033,0.604853391443857,0.509449430403257,0.43477062725699,0.305802390224586,0.288478930762281,0.628154860023956,0.617878990979742,0.500090120578559,0.571490479570713,0.595285087345277,0.566422341871526,0.390648682431968,0.110559485413552,0.139916064937981,0.117602353143504,0.426269463736012,0.396225304692227,0.526869977340804,0.435395499600852,0.474086608672653,0.286543067104729,0.581303406074583,0.358200171106988,0.34090190041024,0.163200954957649,0.113591978550176,0.313537095251477,0.546287617710581,0.605518990488957,0.302931981137448,0.245735928522277,0.365961463298842,0.519454790276965,0.615029417399339,0.594061312090459,0.611207064526174,0.58658911284995,0.609817411637355,0.596433636301994,0.570523457860275,0.616338111196973,0.254069396419856,0.414791263566136,0.4874111944934,0.512847797673619,0.440948312220227,0.546199791664981,0.473006931942627,0.533801869894571,0.413902091797897,0.367064564893214,0.0766261652282098,0.328901168333253,0.205147053214833,0.274219986037568,0.0392973892408868,0.321050816093452,0.0780404491437136,0.509617919639064,0.544786929006244
"17",0.487515187646398,0.427344100221361,0.217686850148898,0.366836219194899,0.584019522554352,0.732515133382069,0.521788280584304,0.63208587546812,0.238556025063982,0.566297100756615,0.755568197480408,0.717007041754329,0.625163446546333,0.740005060065882,0.481511921921568,0.503012635563836,1,0.839382690464361,0.601301226007191,0.692662698242555,0.689409730200519,0.720254563743613,0.803006585713333,0.631615595031522,0.556475053373122,0.386232223358062,0.337808565975522,0.766774302877033,0.770470820166894,0.817817279178173,0.763017904058253,0.697591592113126,0.730617496895925,0.541602832303473,0.226207781163445,0.128564823109304,0.16556956256446,0.608530116662953,0.434476579285421,0.576288564584558,0.461487814449664,0.404399291878614,0.249086318444801,0.682204866874486,0.486088419612919,0.423423550395679,0.185483958655723,0.200507312140816,0.426552941363842,0.775860132658229,0.762196302258492,0.460146614031044,0.367077283982184,0.525954934212915,0.535614277429659,0.713222780211554,0.74165591415197,0.771060688974555,0.770287968361834,0.785725213791504,0.747677321963222,0.782039777337375,0.778872638799346,0.487975980560221,0.568390486706985,0.707543183897181,0.587122133718883,0.644289966630075,0.611474409151383,0.617836207854633,0.542885429358148,0.464059714095383,0.555958436425155,0.0858002228870505,0.414776203324513,0.302370524826358,0.253304459704138,0.0859429832881854,0.474752452311705,0.00947035714783056,0.608021109613709,0.613837187905372
"18",0.549776417014967,0.477278113469969,0.287509466526633,0.337654886770842,0.62757404212254,0.780154641009756,0.632249591011494,0.573631397362985,0.2246180285313,0.580684467284742,0.803339724911287,0.767891361666013,0.668270060939157,0.682017631441298,0.529038332391033,0.583869163454364,0.839382690464361,1,0.615500836309971,0.727904150651866,0.743109622150817,0.786850289399611,0.828145562088121,0.70348048305777,0.585250948634802,0.356729828050682,0.441178879449776,0.819661974865231,0.82452706174153,0.808977972211165,0.816272283242163,0.787791789889571,0.7637595532159,0.56706619796932,0.267173577279408,0.170330844751946,0.199129196686967,0.648708562732275,0.501124267545951,0.644134432357656,0.526758354830885,0.487558160981051,0.289278459842924,0.741216831267311,0.54044444455003,0.473747655759437,0.26436432522307,0.210051260388101,0.417242760438905,0.806149028016599,0.792807252406546,0.524133016337437,0.420889068305468,0.535518786596699,0.598228777455664,0.718678851942789,0.776157203213217,0.843671004956968,0.81151700049805,0.810876588762799,0.821732097747084,0.849399916987025,0.85195163519699,0.475372078736976,0.660701528281144,0.690858490584623,0.642114646232256,0.65354310117935,0.694018469421259,0.661130282261557,0.609708800881557,0.561495512221883,0.56424266710994,0.00923465815940671,0.416157561854813,0.265887446548893,0.27730292007371,0.0677290248706287,0.585408191567109,0.0577741847093003,0.670238924705782,0.70624339787162
"19",0.498778775809794,0.537489473103916,0.227426741280757,0.243735644099418,0.457373191011959,0.58249984376576,0.506341356686396,0.498033740784034,0.574738918516018,0.405297534387171,0.654489904609938,0.614831048175001,0.407107897703512,0.654808915772478,0.365142604637181,0.46418631767399,0.601301226007191,0.615500836309971,1,0.443086485453886,0.598991598892238,0.517346578782852,0.712259754646591,0.511970684935922,0.457400857693086,0.467642290721638,0.103218421205961,0.662450068189637,0.640272450213716,0.592374299777659,0.500615541644734,0.585390222393554,0.555134187209878,0.37340541223919,0.226644816080843,0.131049557912792,0.168179018077443,0.460992785407007,0.365096659579911,0.518073702029413,0.442881597023524,0.439794874771335,0.244675877024123,0.536226377318903,0.39263514265562,0.327078630239802,0.0857536039861345,0.211416706634745,0.358136806048303,0.57487526266492,0.634434888328627,0.425460114014912,0.309711003169668,0.459307423281331,0.362282170848031,0.579151642685515,0.628399643091138,0.528306760788184,0.759290080512123,0.586851411511379,0.622297950268783,0.698476276945081,0.623496433702454,0.297775810909018,0.371291781542121,0.599363298012885,0.504624053503408,0.424353328863823,0.398506954108085,0.525764132193917,0.636158876144053,0.371990178938995,0.554053597404443,0.000736341045210664,0.29819751046975,0.299447114641773,0.227144190995137,0.212139899427033,0.317988774650803,0.102784952977017,0.518370529217848,0.457567070544341
"20",0.459686181639983,0.378223395211977,0.183041706519811,0.382710404657798,0.518635172481374,0.653545084702281,0.552455497915185,0.477009163246802,0.113933279359449,0.521817164341362,0.686431250480283,0.671832818349557,0.60057880475684,0.556603045828626,0.501053257440461,0.500370768177183,0.692662698242555,0.727904150651866,0.443086485453886,1,0.652018823990319,0.707781423444718,0.707735505678033,0.590989372514597,0.501667205960611,0.281294473666948,0.474050711827998,0.729015607885921,0.725004659068588,0.633873625089952,0.665683664227632,0.677050733860016,0.678034636948753,0.457279698520758,0.175568656312556,0.129295819878843,0.135012885959355,0.597907535504439,0.386825626982672,0.594859993114904,0.455716453204731,0.424359868592586,0.224931460924274,0.659936387016175,0.442945778650062,0.398427536153876,0.222618164314654,0.150724030402822,0.347380773154731,0.700768809656476,0.64219139003537,0.367614082818225,0.330365950121062,0.442424039353642,0.566786688489144,0.675329407018324,0.693100124977855,0.732845541046627,0.640247463158721,0.737555106606745,0.702020370822186,0.710078384174614,0.708409140883327,0.425444863082813,0.596291362546281,0.570406692939345,0.535493572330351,0.695500059127852,0.625912433586775,0.554246514187249,0.512399806136443,0.461526002530377,0.425052845557181,0.0171874531763785,0.351060558162403,0.198919822094598,0.315487351980047,0.0155633962778417,0.452709224029138,0.0392266457443631,0.621908154072128,0.63000018971507
"21",0.556802710975384,0.494770438661009,0.256965189556172,0.285281660272775,0.513110197740319,0.695775116160318,0.581060255690061,0.486716099481182,0.258448672539382,0.539788021250084,0.722109762723564,0.694214484729946,0.59649386794096,0.616158802710116,0.501263872082073,0.528828712561577,0.689409730200519,0.743109622150817,0.598991598892238,0.652018823990319,1,0.707731977558093,0.772514261413923,0.609614492851667,0.525271075965888,0.351080972399726,0.324945882089075,0.752411082768451,0.736453046916054,0.68780686867452,0.629661501884514,0.710595114378952,0.695910564210821,0.43539293204378,0.217324579839682,0.111385470525345,0.161946376299469,0.587224977107931,0.443150140746845,0.564615665021956,0.485624057264124,0.459577753393203,0.288919805346637,0.642597729952537,0.478978797173637,0.433480064021683,0.192269319243905,0.231427679257444,0.364017214685912,0.719579736516434,0.714694067590611,0.441332696431119,0.320914342694987,0.478140159703597,0.586194408603954,0.681925131569138,0.714836611386061,0.727389126846909,0.71270964724769,0.738813365467608,0.716482139963424,0.744844705606836,0.741596536353115,0.411651273695792,0.559277720780638,0.581027018309821,0.572613512139773,0.608141216327609,0.621950297645593,0.613807921648495,0.6027901027753,0.455489254833758,0.498002334427342,0.0564192269174541,0.311586191079767,0.31898181780946,0.252185575560466,0.0509481443887453,0.474441176654391,0.102610284506051,0.588153297057696,0.604085959922892
"22",0.634411703305468,0.535456279433297,0.0956618551445615,0.383192219500453,0.52655818260754,0.755693498223835,0.662123057890647,0.58064180887654,0.150689055472164,0.578067829661545,0.798237916125362,0.750082502311603,0.703740216501727,0.697799897748771,0.50548861702004,0.616658431725033,0.720254563743613,0.786850289399611,0.517346578782852,0.707781423444718,0.707731977558093,1,0.831446724071523,0.651108599698688,0.621048295687966,0.260025679890872,0.43361615640198,0.835761166356599,0.808563041211072,0.753892327917731,0.774406183253419,0.827874302730748,0.810967946215061,0.477147116831883,0.196066090176441,0.181793042311009,0.212350079201811,0.656175545877958,0.453574220587772,0.66676778661834,0.546303287289563,0.603472671023689,0.280154043402483,0.728017281850764,0.552039282668355,0.431211241236499,0.207512783730601,0.195326875756163,0.39191924243613,0.831776946691837,0.784700733247215,0.386328066200992,0.376421731143,0.531969867422334,0.645984671167885,0.790073768576917,0.79466385032046,0.843331450494526,0.717222460255139,0.865769317229308,0.784461994580778,0.732331529204585,0.849737695757263,0.378919084402722,0.665249274977924,0.71463359045169,0.726331039078403,0.638573148689621,0.744810196022008,0.608276205844111,0.624429524742828,0.522624162093287,0.48125142278469,0.00976155631435793,0.45511551486027,0.261291524058891,0.307903807295558,0.0759467644246662,0.551006727263094,0.0798620732672943,0.595877869748848,0.743789356763733
"23",0.652645817681535,0.619586559449574,0.16349178630571,0.402168004965817,0.598363949159478,0.801325904259497,0.665403880198454,0.624234304843223,0.360969130884724,0.598381511688005,0.838453567191811,0.783498082814515,0.692781815669466,0.802886804280093,0.518381704488432,0.604853391443857,0.803006585713333,0.828145562088121,0.712259754646591,0.707735505678033,0.772514261413923,0.831446724071523,1,0.702230483106222,0.659198833410997,0.369459214032899,0.342849030550384,0.887118245611338,0.843117850901756,0.80804096207491,0.753936180924136,0.832956639858418,0.847434433759055,0.515842488159648,0.281045266080017,0.154603285566239,0.214604622599281,0.651162476988401,0.432612649085849,0.689963099309548,0.570479836303419,0.623548441890472,0.299946008651288,0.755787846104797,0.568064288229962,0.441335675466189,0.225001912437228,0.248198750093138,0.440432730616467,0.866522078491922,0.820814832928205,0.471565401675383,0.358101054650882,0.565257369937174,0.626995164798515,0.850866800272684,0.852471089990516,0.829052267389527,0.823163420040338,0.880016615218647,0.829585244568629,0.802388743878428,0.856529145770375,0.400078496369337,0.646976488121602,0.776249715717997,0.738608920624631,0.670979608431472,0.704173456477456,0.643416230001211,0.697828138935126,0.515981017533346,0.605684037691009,0.0356337092416236,0.472352792591474,0.352212232593043,0.324851884187168,0.032180293477955,0.541627291348193,0.123449885600435,0.654590610042851,0.751180747776285
"24",0.542726031078582,0.494424714562524,0.133839563682104,0.404198697304586,0.538669387163784,0.667487962246087,0.559295746838008,0.480764913850499,0.196230673871275,0.460127470761328,0.691823390666904,0.626983420084743,0.588159272168499,0.586103574291215,0.477892775793794,0.509449430403257,0.631615595031522,0.70348048305777,0.511970684935922,0.590989372514597,0.609614492851667,0.651108599698688,0.702230483106222,1,0.434029792528266,0.295020549854752,0.347300975257996,0.712707340664633,0.679532342335572,0.605372038788046,0.693884701056732,0.679877007035274,0.643751332627383,0.475201186214481,0.203514630232285,0.205054239970437,0.148632793906307,0.548882242731305,0.455064530356733,0.615939408574714,0.438867406934193,0.492840224394203,0.299000452600552,0.653973566922701,0.517966469837844,0.387149906990814,0.153906170235181,0.154100486057683,0.374387878639903,0.659823199577815,0.692623940310276,0.432477006411955,0.338138793599713,0.443624703949195,0.516782422831068,0.649136430185226,0.686572397505769,0.698944055972345,0.688203405686144,0.682240457164239,0.691924884385309,0.690003838464117,0.73032452834306,0.36315220924613,0.539244469318317,0.560299960927452,0.581498298197303,0.5170147506401,0.579387455074393,0.551043077402347,0.571862929776771,0.508333090962445,0.483805316930188,0.0284307604290682,0.369505175959403,0.245576891760974,0.275620126168125,0.0961343703063062,0.445948444239234,0.0160948107901635,0.5918392467737,0.636570961610993
"25",0.463102106145223,0.448298922957917,0.0432465614020172,0.273455321296694,0.325324037273187,0.540348970268828,0.449729578573131,0.483486077444944,0.259464800795738,0.461417734841227,0.604293377001027,0.5228202944462,0.597150669641399,0.595381956385688,0.295742712661905,0.43477062725699,0.556475053373122,0.585250948634802,0.457400857693086,0.501667205960611,0.525271075965888,0.621048295687966,0.659198833410997,0.434029792528266,1,0.138273508520619,0.227108355163203,0.612542321326678,0.577170005489458,0.651162667167553,0.535279352385456,0.645733556551622,0.671179767583308,0.340301220520685,0.235270354844624,0.147390267286618,0.132183496071013,0.402718430471327,0.300259179330785,0.465969333049588,0.420446032378548,0.456528826009892,0.221431587810696,0.447976199922374,0.398689573171485,0.262857345023667,0.22039797259765,0.197477427422004,0.263013294512171,0.710357240293791,0.641032327909877,0.26063412234855,0.298996877295548,0.446704351807216,0.47744618346739,0.638218295273623,0.611751870456505,0.592217835834435,0.538043185992285,0.630493216013723,0.587904889210028,0.498502598625875,0.595548819207026,0.193860861035917,0.468536176252138,0.592292890602754,0.618672198427947,0.433716143039896,0.486145017345747,0.446980602602221,0.492684828886913,0.260440803860666,0.409929368166648,0.0364734731159466,0.293903003496828,0.142506624880151,0.252815423999821,0.129324962160136,0.409844061677051,0.055159261232129,0.342868955377283,0.514981091110226
"26",0.207034346931881,0.176041295099468,0.192230724248307,0.0669369320040349,0.263376740310827,0.294658323144201,0.276550521479962,0.268746875231088,0.418866256003785,0.225659402472391,0.353668416770129,0.273072736637521,0.142452696635773,0.399961093392432,0.176508373659806,0.305802390224586,0.386232223358062,0.356729828050682,0.467642290721638,0.281294473666948,0.351080972399726,0.260025679890872,0.369459214032899,0.295020549854752,0.138273508520619,1,0.0652302402651783,0.324566398666183,0.354332253803667,0.317231968723905,0.195108589875053,0.270430390154253,0.257538467762162,0.24397801281436,0.179142138850907,0.0739079647742371,0.0712166811842471,0.227926618745173,0.161427644339581,0.228091807907834,0.171377098400191,0.08410673455162,0.0824781812368368,0.300837078545821,0.210377892506054,0.165114530784517,0.0469502888305847,0.111600965751879,0.217081665741051,0.294556150926086,0.328596875263293,0.272365123208944,0.214722659902826,0.241905260258859,0.214789601773374,0.343702973899934,0.314766666399985,0.225074080848316,0.471754722539275,0.283789027528189,0.349861352934152,0.40712700091564,0.305417009820366,0.229524841084402,0.196387227475936,0.330002456694083,0.211272851344121,0.24620499474532,0.161946917849657,0.298912081730239,0.290921391298748,0.207928258610759,0.313407140540765,0.0646968819425026,0.113852262454949,0.140418616964407,0.100842243874752,0.228981747784227,0.146659659939824,0.0799147643892368,0.313130918639683,0.117398432479007
"27",0.191060055784883,0.145418432063498,0.0829092433488739,0.259347313629474,0.344108949603427,0.339976622112026,0.357134659811109,0.18324703702753,0.0999210583590956,0.303600066557715,0.328943087634079,0.333490502240849,0.282801856679403,0.210932754501957,0.305140063747329,0.288478930762281,0.337808565975522,0.441178879449776,0.103218421205961,0.474050711827998,0.324945882089075,0.43361615640198,0.342849030550384,0.347300975257996,0.227108355163203,0.0652302402651783,1,0.439602454448046,0.435880144975112,0.321670839144374,0.445298690098744,0.416860837426168,0.353086633491042,0.345113403025154,0.116576903372142,0.136782235977235,0.130747195486113,0.35154543160179,0.310841284338557,0.340429289194944,0.250673390499295,0.281764640205341,0.0632247877515804,0.437834193506797,0.254430746059839,0.230529479829695,0.230191492353542,0.0452297007104979,0.184593835413891,0.357471981225241,0.303429059898192,0.19522754159917,0.173673854883091,0.178352163414755,0.329429227984363,0.356806151234905,0.340526052046465,0.426023659739758,0.340839391503135,0.410048589098707,0.407163182182321,0.389783060063701,0.424630002488804,0.1942109879497,0.456926611969355,0.250208985773964,0.328665326348748,0.416673893706969,0.398288551223851,0.292549238741545,0.221689618000656,0.301699121286819,0.133020649353401,0.0595335349956821,0.171564220091606,0.0140080746875369,0.211246779278482,0.000105041653523409,0.317145033938423,0.0157682482641775,0.337979299809153,0.376145917564919
