"","1","2","3","4","5","6","7","8","9","10","11","12","13","14","15","16","17","18","19","20","21","22","23","24","25","26","27","28","29","30","31","32","33","34","35","36","37","38","39","40","41","42","43","44","45","46","47","48","49","50","51","52","53","54","55","56","57","58","59","60","61","62","63","64","65","66","67","68","69","70","71","72","73","74","75","76","77","78","79","80","81","82"
"1",1,0.60949285800899,0.253999303062834,0.48635014373311,0.231882488442189,0.514925002008334,0.643960784098318,0.337627470864074,0.217419553008427,0.52632137347193,0.658007810541855,0.514515941669973,0.3531319461547,0.17949091254075,0.0632535925681599,0.013044028662258,0.183961841929233,0.54265844418039,0.418763542557469,0.538220825703311,0.472953307272345,0.279130036673774,0.196746144426395,0.213606633149457,0.404825677434095,0.229224293837695,0.346956089695804,0.510984369444172,0.294270395350818,0.597858689313158,0.436531436045049,0.346816824724444,0.653631184852352,0.0269963407419541,0.0544812005370554,0.0247494183247029,0.42541900482915,0.68325453445481,0.434657982750675,0.488048145047916,0.0925510105154121,0.660982623620346,0.130052853493459,0.130579842711058,0.272686660635909,0.335375299286833,0.160330871250209,0.273110520168078,0.421957429929167,0.180947606178352,0.489778174396042,0.628399606789255,0.192777253159869,0.462019457956676,0.370704876878584,0.458576947475243,0.514523899204953,0.368164815005435,0.634044331235343,0.548235374884533,0.299973241195735,0.334823392384146,0.413921548217247,0.38988554620907,0.507917282585071,0.45839609915679,0.278705915039096,0.210653373435892,0.214341997628421,0.69320724874592,0.269369536092906,0.170986201164938,0.624044269133603,0.604238541730284,0.317506494394486,0.242263306420024,0.474619714759871,0.600638196046229,0.616403128813447,0.205625593772506,0.0383765518519242,0.452543430257927
"2",0.60949285800899,1,0.195076415639779,0.507515468723608,0.272267963982367,0.434779962699002,0.576169610626165,0.309980093459304,0.131347198716248,0.48771889065467,0.584153296930764,0.389840371235316,0.280730567140955,0.248064590354253,0.0802282674963793,0.041202926873414,0.0967096222318036,0.439837368421112,0.398460851878202,0.440599326240989,0.362041625085339,0.189866272075773,0.0589104528056793,0.163626568889261,0.269438264187791,0.27844496382517,0.247989889847957,0.400260069095024,0.23454081467936,0.438698928075523,0.344901025962769,0.25556586196059,0.542255581059165,0.0710929574271132,0.108738237751587,0.0420471849069761,0.365965887494581,0.610799814439827,0.43687272540104,0.530702715993971,0.0983109004176297,0.605659504626751,0.0249250741583841,0.0544588446485542,0.315412016967655,0.382449622262156,0.125749901618416,0.170796154358511,0.421289865980722,0.0600846244542504,0.407049639804593,0.536115713356931,0.15217146812339,0.420962402064602,0.335238522215579,0.421543705794239,0.386688774140849,0.317903736012238,0.560001883680083,0.45890892739238,0.183226095785866,0.246671857272604,0.264370793258023,0.271836821455362,0.411200603725225,0.381565771127164,0.243856518072577,0.157090018573468,0.085325210877384,0.602705013286253,0.360535823650701,0.110676181918435,0.536889528423335,0.577403071952212,0.341017491376668,0.229045004170849,0.480463033965814,0.551279531349945,0.522396848875558,0.164520443864063,0.107030512122818,0.369206303245494
"3",0.253999303062834,0.195076415639779,1,0.137642424228428,0.0839638078155717,0.246467164272424,0.266731958616115,0.147430373205378,0.088367741417806,0.201416200170475,0.397677458740759,0.278468864673032,0.237986024791531,0.0226500655406926,0.0445543581914904,0.113662576355548,0.337382235904134,0.412445771476237,0.106843018049131,0.400666511195734,0.407200362816002,0.238556123088711,0.232766308602794,0.236274764220256,0.205158552369553,0.0650880833475766,0.0874268659502214,0.373491661730457,0.313467389353913,0.391968351561262,0.323254524816504,0.367282265244424,0.333470311166756,0.168850292848424,0.0187439006498702,0.0262064690250132,0.0674891562516382,0.287411744702156,0.10414392597526,0.0374687004632266,0.0545414312976611,0.294818354770826,0.254960996112862,0.216754558888577,0.0169372685419935,0.0499437512976944,0.134317359269434,0.111615222859024,0.206218590851013,0.237354545817689,0.399175733487495,0.315049426540293,0.154858462013277,0.255010880196787,0.334259255643412,0.345074000619901,0.308961256352204,0.368801685301315,0.423479811657735,0.325343217307612,0.220769618096184,0.265820652113917,0.347170956832202,0.127159343382418,0.309805101650601,0.282453002174381,0.404077922086568,0.194532597973355,0.188839425557585,0.309537556182105,0.0591724842357624,0.22664670321195,0.232505115093328,0.130952055666837,0.0209479551640568,0.165849979591647,0.0861330317436104,0.0995348588302793,0.408133032259144,0.10652538878639,0.134214658747937,0.354974132151511
"4",0.48635014373311,0.507515468723608,0.137642424228428,1,0.117126138877508,0.428588626684713,0.476644476448806,0.0986983065240423,0.0332614131347909,0.453749056235898,0.508456598580706,0.280172012841756,0.301023138688353,0.446040996287153,0.145810787710642,0.0155801961196425,0.069430519741842,0.375362468648808,0.421192961579814,0.317194326756577,0.2528233263668,0.0108787683229783,0.108457551616772,0.105531659740587,0.197954822042468,0.0704815533759628,0.322902964014101,0.21701481736352,0.0112393584916302,0.327214437045834,0.252661662271851,0.00646455816955609,0.475147526945254,0.089382812084139,0.105708980131546,0.0128241212475734,0.476918650582249,0.560097968604969,0.39910935082729,0.449217799547937,0.182693668960835,0.70347320347423,0.0776361079657169,0.0886949195277422,0.339485634848913,0.517703863171776,0.257898691611785,0.0619293385069395,0.444267852621217,0.104054568391837,0.199126471917088,0.437479764230608,0.263767191745098,0.333391603428519,0.335383421844364,0.312066742701021,0.320067266835437,0.207367578761142,0.437053543983112,0.399141089495412,0.170166359027455,0.166174775105986,0.157633510626267,0.265462562251543,0.355236817291058,0.383382523178726,0.0606667984638453,0.0640490153207991,0.113694012393019,0.524087084318187,0.365875073206491,0.0441140202905793,0.523222600411291,0.601119821288359,0.269147409934623,0.18890838953399,0.583726851641183,0.522869541671908,0.39075593258618,0.238248905129347,0.101820842162877,0.245009229043102
"5",0.231882488442189,0.272267963982367,0.0839638078155717,0.117126138877508,1,0.30870981765601,0.313777527431294,0.313436656217255,0.239114771698624,0.300474878503713,0.380842232255989,0.321705116345577,0.379489327654244,0.140429438712296,0.158519647627047,0.126391225454825,0.32006251663364,0.453011563401669,0.00808412280991868,0.419098543533422,0.337917521357355,0.18976764063862,0.239507053992025,0.360861138639652,0.14250474204948,0.36252030696103,0.0342060125727244,0.447109075684628,0.342251020778782,0.337237444550908,0.41214869997405,0.383720250757119,0.366111046815549,0.282839192699039,0.0941055417204207,0.0106176611061749,0.0951744044750842,0.333587743264306,0.267752288641402,0.124088695244401,0.0144346116209192,0.205107150908441,0.00797097538163863,0.302520950093126,0.0174227375366835,0.0471667739864823,0.0577947891714298,0.108002173401926,0.251859443358655,0.311130805337242,0.340122787723412,0.356610330322565,0.113565817905347,0.296924400661461,0.180105682341173,0.350484644473741,0.3155789601988,0.369586656208103,0.448435104715093,0.32742567738848,0.280176922794582,0.505804574303645,0.311487200935706,0.2593907056695,0.234075896265009,0.263428763833033,0.343143322995628,0.274857151884287,0.308481598527012,0.378088963079511,1.85114541683534e-05,0.0838433364537569,0.348579922930113,0.140811128403204,0.0543581982293876,0.0321462178407026,0.0568879929117084,0.182580624761082,0.264222420885968,0.0538655030371085,0.110312100562178,0.383674403057358
"6",0.514925002008334,0.434779962699002,0.246467164272424,0.428588626684713,0.30870981765601,1,0.529525806699343,0.361167972449355,0.318607627248856,0.476826854544216,0.600813710534494,0.492598317820027,0.399509338669723,0.0589756510779985,0.0114033635115657,0.0174430105953568,0.319985179593931,0.602354329945506,0.209929691195109,0.513040224355673,0.504249261561389,0.239360516429354,0.168957518217227,0.42130924769436,0.323629860460428,0.29553914070756,0.432787218545129,0.617127284300358,0.312056852403424,0.578912528169405,0.426361412537197,0.433747727515259,0.613937683823376,0.0189959472517089,0.0587652642356343,0.0329320526127292,0.398847876487327,0.596345503321606,0.429965986192423,0.296076030267745,0.0625545671407767,0.505315548414948,0.161177229222893,0.209196937778306,0.162617781362354,0.291877888392892,0.0718375953782973,0.219021783839565,0.394165452218854,0.28809925840787,0.568868927981697,0.555064120336053,0.0057737048713501,0.432886605171803,0.368168612041617,0.55311632086441,0.481599125393155,0.518661132459089,0.686094085658537,0.522474604761351,0.344997864641027,0.552665193676929,0.444401964474746,0.348133920571801,0.52924098288703,0.445534724517576,0.425786371638728,0.280278497036351,0.0752893788065804,0.669482268823731,0.0426706845205528,0.164526623727228,0.526537984901,0.525809942131236,0.284439403121133,0.216726587991893,0.372370985035486,0.396894999051472,0.489069181209763,0.30621971145137,0.152616649826895,0.518832519652437
"7",0.643960784098318,0.576169610626165,0.266731958616115,0.476644476448806,0.313777527431294,0.529525806699343,1,0.364517916835951,0.188834710082406,0.534562314429099,0.700991360443116,0.615877457645859,0.420554453134921,0.103162068685102,0.0287325458836338,0.030944707160907,0.281215542925925,0.666356924996655,0.293545437141805,0.642682734622266,0.516232269341123,0.404413400598795,0.308987878851757,0.363215405224219,0.514510346770089,0.286559410464988,0.3957982589775,0.574306650590109,0.403039305069593,0.674909409123792,0.520673904921403,0.486146385775733,0.731385427390602,0.00781849985087761,0.0433290273635341,0.0103115677082146,0.426999380396015,0.750389718358777,0.432791843318515,0.465412710559095,0.0226433286051969,0.724582102584456,0.200626304880867,0.233958169754269,0.0855743189016364,0.277200030456409,0.0826097595508762,0.243088150202606,0.47210368685135,0.343954567104321,0.602621962257183,0.684611199416841,0.104478966793098,0.537448615276291,0.297953182066892,0.489152056238715,0.591829917541229,0.426294770880629,0.686456792521915,0.61360887197166,0.445473090082826,0.406387721937273,0.498269074405359,0.477037669889729,0.54908202791807,0.538664627965109,0.406821319494608,0.342655972667046,0.323666816739,0.716575865168018,0.235202172103623,0.290217164925198,0.661411444794241,0.648327853113717,0.377297120768082,0.1939953770947,0.409049750222728,0.617372937541142,0.671747294002486,0.276620953009118,0.109022710309143,0.526979846825019
"8",0.337627470864074,0.309980093459304,0.147430373205378,0.0986983065240423,0.313436656217255,0.361167972449355,0.364517916835951,1,0.280711293739437,0.313969563324469,0.394508142867849,0.41635963923917,0.290838473131136,0.163818496389302,0.011039690250308,0.0433752054671673,0.19037916133087,0.416496154258265,0.0588912903936786,0.408612144444564,0.433075747414794,0.222089436195416,0.207207974956683,0.317221421548424,0.251143223254225,0.276817369821218,0.141375563322498,0.513171796536316,0.354565334517455,0.413673088517979,0.431860337008858,0.42969448687011,0.399749536307046,0.121317501094015,0.0942987600312023,0.0146359294647682,0.210524532753312,0.386241565524868,0.216780261075815,0.156155718546892,0.0486136781924341,0.255093908380005,0.113279573742083,0.241747024930194,0.0374582694838105,0.0970947703285277,0.0596689525955709,0.144189463824288,0.269988767664362,0.31558237848623,0.458628080362941,0.438534451553831,0.0450782739524137,0.327304442371251,0.137435634412696,0.339236175797854,0.355379268504803,0.383541060937288,0.497731549415078,0.351478130312971,0.205750933361581,0.459903839409975,0.385967201739591,0.233634272929568,0.345044416131386,0.269771274332032,0.372491071134131,0.239901456297318,0.257206094468184,0.42979879288039,0.0421255544894201,0.0789286088688731,0.324562748531676,0.287488180978154,0.175557557329687,0.143111163499769,0.123050060003026,0.245081866700637,0.375842356395436,0.139248034603238,0.12689147468512,0.39757493260848
"9",0.217419553008427,0.131347198716248,0.088367741417806,0.0332614131347909,0.239114771698624,0.318607627248856,0.188834710082406,0.280711293739437,1,0.302360224962584,0.180465700556723,0.364574202076543,0.209045693890638,0.217987518141667,0.166171800679543,0.159152820526877,0.28989665071638,0.367918915770731,0.0825035162232145,0.244843654349927,0.285914896003929,0.240052076674436,0.208365418542406,0.330814401268971,0.173349004634584,0.24213514438596,0.331502853906533,0.360513574414756,0.257812250414213,0.269524941211646,0.180287683115906,0.343795294020829,0.324208813890557,0.0100462620137709,0.166933039958894,0.0842086245590334,0.182340057611259,0.27329571734027,0.255457272731554,0.106989897094764,0.017691820629411,0.0747346716352938,0.0500024729657377,0.148501119080844,0.0940610275079022,0.0553111282435918,0.0868840059391478,0.0630489652766211,0.0961066954663776,0.309792610634018,0.320251090521689,0.210676002178564,0.227060651101753,0.180919133668725,0.02494645575573,0.219974792389985,0.271052460824598,0.288987717023064,0.306613011123926,0.252747293210702,0.263985396006556,0.355134612196207,0.269227796312102,0.315286120077236,0.293477620352738,0.097878067813723,0.267887023108483,0.221069125131089,0.0594791934310268,0.332531019066048,0.16327337926838,0.104036960362559,0.249995869261588,0.113655821723136,0.178087288141906,0.0222530578955951,0.124458205821785,0.149949445867326,0.196457180362103,0.168058962068698,0.273933253847991,0.259818280579459
"10",0.52632137347193,0.48771889065467,0.201416200170475,0.453749056235898,0.300474878503713,0.476826854544216,0.534562314429099,0.313969563324469,0.302360224962584,1,0.540916753651252,0.505617117595271,0.372337664291216,0.0651968069291616,0.00810466409830655,0.0447189014764198,0.316787374440282,0.598267660113575,0.290180973200732,0.525742151770934,0.470510172816661,0.322415450620671,0.235785982239514,0.356822310520244,0.421009649132251,0.249561148667391,0.391260346018907,0.489651956619052,0.368392439255332,0.508999366302666,0.432519079949929,0.375391035650798,0.626965077730769,0.113374175613571,0.0843226850776339,0.0610645355263856,0.374378018583813,0.626265933451912,0.480828064604138,0.402027268401473,0.06191260622047,0.541999863624058,0.147516035571201,0.112044095016125,0.0849808849263228,0.247768914328555,0.0959108040358697,0.173995755160465,0.44154060097857,0.26681437781897,0.434006191069907,0.577856204418317,0.036714143294329,0.383206028838052,0.254979237044482,0.41369277783573,0.509833103660893,0.423695317770627,0.563595159101544,0.554391642779373,0.372527114763751,0.409605445003851,0.403135778498794,0.48066967370341,0.462245441272325,0.404631454308227,0.283883718855814,0.278806919427485,0.13921192084401,0.622326553954098,0.178039848997654,0.158174513199277,0.563272995944767,0.496689030633352,0.285856064739029,0.154968271919999,0.391904974747875,0.485525727267967,0.498960583534214,0.225156757222392,0.0870074826646807,0.419372718044939
"11",0.658007810541855,0.584153296930764,0.397677458740759,0.508456598580706,0.380842232255989,0.600813710534494,0.700991360443116,0.394508142867849,0.180465700556723,0.540916753651252,1,0.621533257975382,0.544542226654189,0.126889474442463,0.00883645201239255,0.142117713091029,0.425080550301254,0.740520715789847,0.219427308812927,0.731562760609194,0.58339080509435,0.399399091611842,0.332683668581861,0.410625911059213,0.376398266103349,0.329894370810919,0.367522112931564,0.706094169173538,0.471570615068969,0.744157175954004,0.629028297550997,0.542500901564752,0.752817973611919,0.148216473932292,0.0213845806464262,0.0129869704593434,0.372281670254527,0.719723018921229,0.467938826120076,0.360747069726797,0.0121096909865472,0.752498845924633,0.240766680203494,0.358920162834987,0.166166529916476,0.290102794014915,0.0127221750429588,0.240126521643152,0.521039636426733,0.355005090915162,0.690829909101901,0.716982305173491,0.16576581831587,0.547347677274637,0.519890490960633,0.659656393968603,0.614863488981836,0.575442051302922,0.831145804147224,0.683153923753115,0.471453052316664,0.558927947146951,0.566153097183088,0.384158185379396,0.55901814519007,0.61094257432779,0.520104341822777,0.385187896177769,0.352361343279208,0.762541928413294,0.173028915264179,0.303286251718016,0.658120195635306,0.595163531380821,0.224435540058609,0.300029249275736,0.401903991344065,0.485233816259996,0.710139962622865,0.24631057189765,0.146065939572158,0.64625434372654
"12",0.514515941669973,0.389840371235316,0.278468864673032,0.280172012841756,0.321705116345577,0.492598317820027,0.615877457645859,0.41635963923917,0.364574202076543,0.505617117595271,0.621533257975382,1,0.495467282929047,0.0841673340029928,0.108104094416658,0.00584671502181225,0.448115708616179,0.697148179283987,0.153790074193058,0.652574547249604,0.564325400259271,0.45935468203997,0.443961474980274,0.491675073774536,0.479010667873349,0.306781145066162,0.430276205029699,0.656892348176807,0.495809801444167,0.65572400771064,0.557905823270042,0.582497503944981,0.697615477144747,0.0821995831138168,0.0893392865439946,0.00484344221054345,0.276606785871613,0.637060522406365,0.438346555369336,0.284967130272164,0.0821714513989837,0.529477528386463,0.292150441585726,0.367078444274903,0.0543400119255651,0.0577856470546782,0.0126554944741969,0.265539207076592,0.377075958338851,0.471358169574277,0.650682117602002,0.575134699299022,0.0266136093212422,0.494888259307848,0.285753232999978,0.550239190081674,0.597947016559267,0.527668196684104,0.669267842695134,0.614824623484013,0.526444097622731,0.554980157017288,0.610423205070428,0.472605973172611,0.506859816849693,0.513073766210021,0.511370188405547,0.394860980095637,0.389981528586417,0.679129318683933,0.015939818229527,0.294724549238523,0.595757352430719,0.444880547666877,0.252269498494881,0.152519021147977,0.300759802508422,0.382515438542209,0.616648192214029,0.244179865463903,0.286899897685462,0.555701553319432
"13",0.3531319461547,0.280730567140955,0.237986024791531,0.301023138688353,0.379489327654244,0.399509338669723,0.420554453134921,0.290838473131136,0.209045693890638,0.372337664291216,0.544542226654189,0.495467282929047,1,0.124752123862911,0.160002549849964,0.14746940500666,0.446135785575649,0.616966647527894,0.073449831855421,0.582916794866874,0.515130567753604,0.40650356931035,0.396537576455322,0.487330318855135,0.309929074103673,0.219536515155259,0.200841416984803,0.503806153412606,0.511514281261873,0.530962229033089,0.610892117366556,0.487225311290305,0.543377378610681,0.281851041717262,0.139736789719292,0.00716344260443166,0.158944618292932,0.47028249250587,0.271431224236667,0.0715896328362721,0.0763968636483766,0.429145059375379,0.251990481220026,0.349728203336884,0.0700882066342578,0.0183100579679888,0.13749933564748,0.179173774741055,0.3162672689727,0.443422411200131,0.453820617291665,0.433066153929344,0.0124905679499631,0.39568844797868,0.343282192817178,0.509529466962484,0.432846478987673,0.539800739557958,0.551448582321833,0.583938190982571,0.438854713136612,0.562842191747587,0.498506350320417,0.341432924154389,0.422292873528787,0.511799594983633,0.409939645451172,0.381078689341889,0.398836234029135,0.453393949732837,0.0143552367906223,0.270198498487198,0.433912682693758,0.226296837174954,0.0169666549092158,0.11468742432712,0.176899491240264,0.178431241907115,0.414565731708896,0.0585311534953269,0.232638731512901,0.552693085743335
"14",0.17949091254075,0.248064590354253,0.0226500655406926,0.446040996287153,0.140429438712296,0.0589756510779985,0.103162068685102,0.163818496389302,0.217987518141667,0.0651968069291616,0.126889474442463,0.0841673340029928,0.124752123862911,1,0.21624290642393,0.108737819373971,0.342675497814847,0.134737277584683,0.427419151810661,0.0714807090930913,0.179666547509032,0.316170203426517,0.443416661321342,0.28555973336463,0.0858490967680161,0.187995766899149,0.0225069363070545,0.219830429194122,0.37256249616364,0.097344306067511,0.144810456981963,0.34476904130658,0.0366919674738271,0.262807533799525,0.261644769426804,0.0383000294216181,0.340967298196347,0.158490608101804,0.138381166920504,0.393825867079203,0.315777444345578,0.36778838634402,0.0751037197656986,0.334945762950445,0.401978465678304,0.509493194447909,0.284351830006375,0.0598272987351129,0.189617423510288,0.467993366145769,0.16401712600839,0.110572730786521,0.332843404879972,0.0402521169845853,0.0930802277100509,0.12977149339779,0.0562697430922236,0.226097646288679,0.0203878814071355,0.0839829753109051,0.203054174668615,0.321383383966222,0.231834366032583,0.063933946869243,0.0448889720860116,0.0313239694155604,0.20225864766294,0.23205625505607,0.323822697184171,0.141349004113118,0.415100266883844,0.144520495523344,0.140513155567406,0.413691208183682,0.218884595888095,0.167602447753231,0.326998610104669,0.356180581047247,0.153416665758202,0.107412497912453,0.276114723277774,0.180096565972744
"15",0.0632535925681599,0.0802282674963793,0.0445543581914904,0.145810787710642,0.158519647627047,0.0114033635115657,0.0287325458836338,0.011039690250308,0.166171800679543,0.00810466409830655,0.00883645201239255,0.108104094416658,0.160002549849964,0.21624290642393,1,0.0853859701051892,0.308756274544467,0.166305034734517,0.165889003020153,0.115071193422857,0.0729332623882327,0.320402859590087,0.305042716922489,0.276536866262393,0.119522727638106,0.0406663163451498,0.119489674019818,0.115323816962602,0.198390866759123,0.107295402850766,0.173902348217368,0.181613778328492,0.103739871492502,0.104920408966258,0.364402107572099,0.0721805261832477,0.104003192648739,0.00977616101492909,0.0893264454367736,0.0717673362922672,0.190546979225742,0.105203797519587,0.0290767205806157,0.166540163542879,0.282293035159004,0.239236862653379,0.104667096029007,0.000762596683314756,0.00805027824404438,0.291731544265837,0.134023075969445,0.0498512784518866,0.201303996587458,0.118472019015799,0.0719952489064048,0.118411198092546,0.148067476273581,0.183164906067118,0.0425552533089269,0.160838718982074,0.30944757220525,0.218065414751294,0.218900536894618,0.192785639378845,0.0547551953721175,0.0417455966750818,0.10424275893159,0.294573675486016,0.215288551735116,0.000297183744593937,0.129687474433513,0.24201250227387,0.0833051509933414,0.130278384321513,0.00320737642330482,0.150118195702703,0.126835148809544,0.136529712276471,0.0597390877001168,0.0180314699000665,0.251021899333551,0.171815280077879
"16",0.013044028662258,0.041202926873414,0.113662576355548,0.0155801961196425,0.126391225454825,0.0174430105953568,0.030944707160907,0.0433752054671673,0.159152820526877,0.0447189014764198,0.142117713091029,0.00584671502181225,0.14746940500666,0.108737819373971,0.0853859701051892,1,0.125021082423837,0.0839795092765685,0.202630607445743,0.145954694470642,0.128455757646425,0.0696996567541663,0.1181889137885,0.0583174405953706,0.0535331503830091,0.10854411883984,0.253693374307273,0.167145978766241,0.246526065146117,0.0969011304284168,0.204660957508976,0.151212637438384,0.0186251521952842,0.340058369078964,0.0122651384753296,0.107101875737241,0.157249963818429,0.0410095344169654,0.0868365503726548,0.227033694858222,0.127611339000519,0.011187822861154,0.125215013986182,0.299590529956506,0.0249108877771259,0.0891746929860338,0.17154878015691,0.011603718204336,0.0337569058603467,0.123082290740462,0.100799033617982,0.0814773701706708,0.0773655730923447,0.00841687421539464,0.218847830693177,0.22890922738837,0.0308182762225659,0.168076117154165,0.117274623824252,0.116847614625614,0.0227697439007875,0.174972058831704,0.104399099899772,0.153366004224011,0.000410114013804411,0.150676446957957,0.178444190689014,0.0137891907707207,0.172582223138693,0.0575280628206964,0.0450635532333219,0.0237778089025297,0.0939414108967998,0.167162553602164,0.31778631903712,0.0619215613587922,0.0705752591401155,0.198944652517748,0.0308848286686678,0.18004422941149,0.0160106017468286,0.153858150045099
"17",0.183961841929233,0.0967096222318036,0.337382235904134,0.069430519741842,0.32006251663364,0.319985179593931,0.281215542925925,0.19037916133087,0.28989665071638,0.316787374440282,0.425080550301254,0.448115708616179,0.446135785575649,0.342675497814847,0.308756274544467,0.125021082423837,1,0.663720822074094,0.306907736277781,0.537090143368678,0.464849619675465,0.620408962009672,0.662443507534416,0.570188181669631,0.354208443043998,0.132460016331725,0.318031673874922,0.55437849284382,0.552210933195685,0.545506354983509,0.594622061964752,0.618695870413237,0.500371746490812,0.410771382813786,0.41186227914048,0.0569290324628913,0.0991733229022442,0.310946507806192,0.268341681550416,0.143915007062048,0.346727682982855,0.154384559959122,0.289037181185238,0.49211610670247,0.323175504103034,0.220839151579454,0.336101132281191,0.0375035087685298,0.247745822585537,0.668460096333682,0.56191558978387,0.224675037314149,0.187855039538942,0.329814801106606,0.269837828176162,0.554237132489188,0.573723342759245,0.697423673259894,0.491861975009417,0.540970385086384,0.678279296599404,0.634732189076222,0.681048399894653,0.470122829494999,0.34474372250009,0.331454470558645,0.505160873616276,0.559906511840404,0.440934830777776,0.327116034466807,0.277550534148501,0.515622797099843,0.290261950402553,0.0495095391439599,0.0829145231141264,0.0446827288707616,0.0497745467551433,0.0999896256145381,0.246521651676837,0.0938856897239927,0.49158778755702,0.539484156545568
"18",0.54265844418039,0.439837368421112,0.412445771476237,0.375362468648808,0.453011563401669,0.602354329945506,0.666356924996655,0.416496154258265,0.367918915770731,0.598267660113575,0.740520715789847,0.697148179283987,0.616966647527894,0.134737277584683,0.166305034734517,0.0839795092765685,0.663720822074094,1,0.00855689600256855,0.808916201309724,0.739136207872581,0.623364949592175,0.579851759822662,0.632776558774033,0.580168859012061,0.295147106577516,0.429299818613004,0.760257557978619,0.658607700189909,0.793263530736402,0.755060881494441,0.701759636912529,0.83392751910642,0.258054466771854,0.203340693290608,0.00155149812394705,0.312908272192433,0.734319236737369,0.457589196260969,0.223891551458279,0.136957712260431,0.59624565370657,0.317414242650163,0.457611316718079,0.117300129905288,0.0661085607666211,0.0848965419901562,0.197547398303391,0.505333566780492,0.628631179525284,0.715962881181214,0.671512257124084,0.035087913040418,0.582695143737591,0.393113554573029,0.703265523738345,0.739684108055432,0.730469679490027,0.788911931719562,0.767565216949543,0.668719391908957,0.722226315892209,0.759876812382755,0.619927250936559,0.608768628662176,0.584273773446993,0.605881308278815,0.533385526797423,0.463936135330707,0.741814562800641,0.00454109916434268,0.443306777597438,0.662852437820261,0.424730809376467,0.199906054135141,0.155145493345491,0.292202342480818,0.363938926776892,0.6802187439074,0.235193330664273,0.371784000326374,0.72541514257098
"19",0.418763542557469,0.398460851878202,0.106843018049131,0.421192961579814,0.00808412280991868,0.209929691195109,0.293545437141805,0.0588912903936786,0.0825035162232145,0.290180973200732,0.219427308812927,0.153790074193058,0.073449831855421,0.427419151810661,0.165889003020153,0.202630607445743,0.306907736277781,0.00855689600256855,1,0.0280551175982418,0.046902002032881,0.159314555663629,0.321391846599112,0.189471337307918,0.0305735985878771,0.130428565728583,0.276128205716211,0.00754836411582363,0.225346690294114,0.0678027766981175,0.182965617479154,0.205262803161212,0.193222343402887,0.423916718393539,0.102136175631119,0.0122006032955888,0.432306036602457,0.364471166509155,0.286638921573127,0.575807395398802,0.352123247740137,0.441569657372207,0.178617484879261,0.265619364419533,0.44341739225052,0.465005428521741,0.449958918328352,0.0870215223112046,0.21422912399183,0.290536323108952,0.0404834059593629,0.270611231617022,0.0474469209849725,0.100859113163317,0.00999863705358836,0.0550172540703505,0.0109716624263704,0.222171200594139,0.154129493773486,0.0851357657652472,0.0910532363098623,0.181995880526353,0.207088428223488,0.123532750267654,0.0708012606124934,0.0460407622965647,0.142835511310885,0.0969240616084678,0.300345077004307,0.363571318429407,0.455598209720124,0.204300373514421,0.340965152618537,0.564502377160813,0.387941896429367,0.0866366268088219,0.470045236042978,0.564955832834693,0.26173157286608,0.242501725419384,0.238822786115911,0.0608119790837344
"20",0.538220825703311,0.440599326240989,0.400666511195734,0.317194326756577,0.419098543533422,0.513040224355673,0.642682734622266,0.408612144444564,0.244843654349927,0.525742151770934,0.731562760609194,0.652574547249604,0.582916794866874,0.0714807090930913,0.115071193422857,0.145954694470642,0.537090143368678,0.808916201309724,0.0280551175982418,1,0.663391483674193,0.572457579833797,0.550426756096262,0.556885134264567,0.541121925130967,0.245338594781959,0.324143963711725,0.713269137943979,0.61759312866925,0.737534595695817,0.716941676700249,0.668052118569712,0.76320421725104,0.271081633895309,0.165365499014034,0.0530759250570084,0.284956816626371,0.694454528502561,0.3864836855264,0.185617386928876,0.140173156371867,0.568178739270612,0.323314831882343,0.477609458637098,0.0782289346880132,0.0447404410591136,0.0970442656045014,0.249546898441789,0.456000190593485,0.581144564900055,0.665992310447171,0.650150436451532,0.0694267407817849,0.554169563198953,0.413651337242353,0.627196617300426,0.663360763238526,0.63680701416595,0.740232534923483,0.706652633584541,0.595835559859395,0.625526953784463,0.698007887905913,0.502705676128346,0.54177272793593,0.570795198132211,0.546082135958417,0.479314856450314,0.504886876527441,0.67594293254035,0.0435936379061033,0.437525793586078,0.602128656462358,0.423621594814186,0.145560869784474,0.150135709025266,0.252111417401004,0.343064712660928,0.670460359633998,0.199938582954558,0.292725523548104,0.684113182849517
"21",0.472953307272345,0.362041625085339,0.407200362816002,0.2528233263668,0.337917521357355,0.504249261561389,0.516232269341123,0.433075747414794,0.285914896003929,0.470510172816661,0.58339080509435,0.564325400259271,0.515130567753604,0.179666547509032,0.0729332623882327,0.128455757646425,0.464849619675465,0.739136207872581,0.046902002032881,0.663391483674193,1,0.514081634394666,0.447790411927146,0.513117209253826,0.439821648025653,0.206209493563009,0.239786505725237,0.650211960611928,0.576383267445347,0.686958567800249,0.635299281252711,0.624934875540616,0.66878684946488,0.260538815544717,0.027991270121297,0.00756023442819433,0.255051796668213,0.574622436780454,0.311246381230479,0.0903997942345363,0.135522135366949,0.477277797595446,0.290901384027986,0.401328961765707,0.0520472512192261,0.0402510630369305,0.142931610791982,0.203138067491736,0.331981473482862,0.499607758039933,0.629364265070095,0.604044801649417,0.037428949433287,0.499816842084196,0.405541051593459,0.615252567900694,0.551567625795231,0.603608849554763,0.657174914378755,0.674122588256703,0.468575372241981,0.593840834713109,0.610855502574414,0.439353747001329,0.564237853334371,0.503737766258134,0.550578835175979,0.345200261151528,0.391737861183821,0.594018809487168,0.0341760922910785,0.322604795162457,0.489029999047162,0.317834535820094,0.0782263726163952,0.184753896290949,0.209989405740611,0.264368654837598,0.593262157393214,0.205382255746907,0.278274432852063,0.620132094506028
"22",0.279130036673774,0.189866272075773,0.238556123088711,0.0108787683229783,0.18976764063862,0.239360516429354,0.404413400598795,0.222089436195416,0.240052076674436,0.322415450620671,0.399399091611842,0.45935468203997,0.40650356931035,0.316170203426517,0.320402859590087,0.0696996567541663,0.620408962009672,0.623364949592175,0.159314555663629,0.572457579833797,0.514081634394666,1,0.703546661884172,0.436443524913873,0.527820864652363,0.0981854697124458,0.297793217505235,0.505723649363017,0.604103760529341,0.602215149977917,0.558956127127639,0.604762955271385,0.573027154673969,0.238855403700779,0.369179500167747,0.0556903669359037,0.00712517352920154,0.396689055651723,0.221580464252644,0.028671383642043,0.331684396591813,0.25566601015872,0.276854775415399,0.466460817827921,0.311957296063589,0.243559213116156,0.21341024712722,0.127233481112173,0.216017884175864,0.650975561460121,0.529158088141702,0.303423642041942,0.146983243073301,0.385909595326943,0.199349099459343,0.483499320926332,0.596594593065159,0.549835674601792,0.412144005045471,0.587852190908361,0.666570163619385,0.484700418900399,0.667369179913418,0.489299604787729,0.385612422197356,0.349722186229943,0.390618066699677,0.513214189327468,0.536993346051449,0.369445252011468,0.130787209471527,0.523278721395263,0.358461606774657,0.0930624560786383,0.0256314886608872,0.0291344745167416,0.0580108706121926,0.0869565359032922,0.403630808456335,0.0161508506214347,0.435044771803357,0.526856752843102
"23",0.196746144426395,0.0589104528056793,0.232766308602794,0.108457551616772,0.239507053992025,0.168957518217227,0.308987878851757,0.207207974956683,0.208365418542406,0.235785982239514,0.332683668581861,0.443961474980274,0.396537576455322,0.443416661321342,0.305042716922489,0.1181889137885,0.662443507534416,0.579851759822662,0.321391846599112,0.550426756096262,0.447790411927146,0.703546661884172,1,0.479735744567322,0.526349723838344,0.089276889112298,0.215441554859992,0.480039098672571,0.622837011595522,0.52246436408611,0.568958940325642,0.625390144345828,0.453431757603048,0.367171097243826,0.392203477179058,0.0343265646878949,0.113955992986271,0.294572854138126,0.169944257338654,0.131111999167111,0.399067040458081,0.103781318336763,0.273295738942135,0.519106095058571,0.487580754887281,0.413932651938116,0.360244954607624,0.125521517129883,0.104954105400125,0.69973071718492,0.482934778471373,0.245722104669786,0.119939573609907,0.351611808291101,0.148707067970836,0.456996256351401,0.507650124700295,0.555576667330098,0.345334990857276,0.51409209177949,0.656408059490347,0.534979973202282,0.691620543283352,0.428080504757438,0.313895449122602,0.318746059755651,0.420407414518078,0.566627102042785,0.633133345301999,0.268099167170282,0.257682107546366,0.568127333327769,0.278486556788243,0.0139897453680218,0.0546533562987673,0.0718117730905556,0.137393739282949,0.0727704148195875,0.308566738550124,0.0190652950331355,0.455496436040806,0.536038371686949
"24",0.213606633149457,0.163626568889261,0.236274764220256,0.105531659740587,0.360861138639652,0.42130924769436,0.363215405224219,0.317221421548424,0.330814401268971,0.356822310520244,0.410625911059213,0.491675073774536,0.487330318855135,0.28555973336463,0.276536866262393,0.0583174405953706,0.570188181669631,0.632776558774033,0.189471337307918,0.556885134264567,0.513117209253826,0.436443524913873,0.479735744567322,1,0.348265970946298,0.295842120666672,0.258177866027679,0.513312145615066,0.556098543642335,0.491855417267145,0.522649624844137,0.617802230228501,0.501157615425458,0.29431561823037,0.228435012826824,0.046608170314931,0.155663878028992,0.39838091863806,0.2773716863828,0.00349948907195337,0.199380562406178,0.215649502667599,0.23570350473444,0.365955460999718,0.22776771464828,0.154140564746661,0.156467484812174,0.125525279191533,0.301168089674766,0.581034554624228,0.484600347020638,0.341371624843166,0.212354233934427,0.385197139826416,0.217870127742173,0.510913420475014,0.474718145748182,0.585552670384551,0.483091040026312,0.523615483953807,0.472121416914298,0.602497615184386,0.537090496229911,0.4373843454513,0.401775343773946,0.289284425574281,0.462399730761459,0.481788890293585,0.354189317176966,0.403357763312123,0.187579192427923,0.395842352103237,0.342527314076672,0.106108559212499,0.0963547941228557,0.00419971945850655,0.0774227418214422,0.0640345860290072,0.288860294954885,0.142336845676906,0.352601689366816,0.513597857576481
"25",0.404825677434095,0.269438264187791,0.205158552369553,0.197954822042468,0.14250474204948,0.323629860460428,0.514510346770089,0.251143223254225,0.173349004634584,0.421009649132251,0.376398266103349,0.479010667873349,0.309929074103673,0.0858490967680161,0.119522727638106,0.0535331503830091,0.354208443043998,0.580168859012061,0.0305735985878771,0.541121925130967,0.439821648025653,0.527820864652363,0.526349723838344,0.348265970946298,1,0.00623702924271736,0.402745060108485,0.416209834826213,0.446147209674127,0.547337891492541,0.494225537110815,0.436526353586353,0.603447699185013,0.0959526727103884,0.102449120424068,0.027585295043201,0.225418076516777,0.550302443961293,0.229820033115671,0.211027176850465,0.177612800961836,0.429902531880339,0.3009593131778,0.292025488215394,0.1908751828165,0.057745601637679,0.0469313173797997,0.139369600482451,0.273256149815546,0.500170495284946,0.434825024701447,0.445958199744175,0.00154566260533307,0.457788064350529,0.103917209190234,0.398564854217314,0.603103749674612,0.430826931366932,0.396870024229454,0.522078461505493,0.536524804878372,0.324026963542252,0.557964790551691,0.477662151707249,0.428344942514682,0.416527245125161,0.237117607559025,0.345990625397745,0.421647939888438,0.462590013645962,0.0386661752717482,0.441845191649067,0.496722854073362,0.381478389218487,0.23796967471714,0.0333176329338617,0.204278043265724,0.331149974568557,0.507386540361919,0.123466162226966,0.24560914904904,0.418140735726497
"26",0.229224293837695,0.27844496382517,0.0650880833475766,0.0704815533759628,0.36252030696103,0.29553914070756,0.286559410464988,0.276817369821218,0.24213514438596,0.249561148667391,0.329894370810919,0.306781145066162,0.219536515155259,0.187995766899149,0.0406663163451498,0.10854411883984,0.132460016331725,0.295147106577516,0.130428565728583,0.245338594781959,0.206209493563009,0.0981854697124458,0.089276889112298,0.295842120666672,0.00623702924271736,1,0.063302325488646,0.400405423477888,0.425248966965392,0.251141892987715,0.168547623369003,0.371298152486918,0.216158082088508,0.142208089447915,0.0242233700712896,0.0980598669070704,0.0513665065896405,0.240964478630995,0.161576931189096,0.160981823584176,0.0596596965869187,0.151260164929968,0.0679865001389143,0.167375184656165,0.0851419634487579,0.0133552410060486,0.0221853660686974,0.167206311025156,0.213390932130855,0.212294543334614,0.344852582358198,0.307009952704958,0.204856754246026,0.187459218801196,0.24104788175592,0.268851985551216,0.0673849733771978,0.205670921817147,0.419463690862912,0.253764917188471,0.00612283799404684,0.400987137025287,0.129576512844723,0.0963513411851719,0.186356230369647,0.130570757172275,0.311117791479034,0.204882908839084,0.119081889760192,0.286450003733233,0.0116404229236503,0.0577255897087405,0.218989677132659,0.124521477219494,0.157713209639551,0.0388724169057228,0.109288432151513,0.194571980450545,0.219554757363045,0.0908112040864047,0.0807004367838839,0.206198185156988
