"","1","2","3","4","5","6","7","8","9","10","11","12","13","14","15","16","17","18","19","20","21","22","23","24","25","26","27","28","29","30","31","32","33","34","35","36","37","38","39","40","41","42","43","44","45","46","47","48","49","50","51","52","53","54","55","56","57","58","59","60","61","62","63","64","65","66","67","68","69","70","71","72","73","74","75","76","77","78","79","80","81","82"
"1",1,0.144002951994503,0.283617103051283,0.0621426380489088,0.327830348445493,0.390958364121537,0.00381974489003387,0.224121332619207,0.239904447595945,0.453304003093025,0.114724617648867,0.0402450466409092,0.448077698365489,0.317859816858347,0.00313410600876502,0.13614947930202,0.472790284269608,0.312699712615254,0.335273507651471,0.458269111844578,0.418929649845085,0.448253993060961,0.511533417453769,0.00219153671226301,0.165952197566373,0.255764910861086,0.495726746844525,0.358854646597434,0.145065162540508,0.565040301619075,0.429701668626544,0.326689002230736,0.0101242518159671,0.35413495403867,0.142838640478141,0.460060393539702,0.114743536494003,0.140734349673637,0.0974836639364593,0.384679899363915,0.0124424755861233,0.592459074677831,0.214693011254141,0.443559733196036,0.293295684275491,0.36031517692512,0.163106885228108,0.155664859685838,0.297568710010838,0.567188046824655,0.49703243267374,0.0634918670101524,0.304382978395087,0.435289303585009,0.163847369058075,0.494845294867224,0.137034090151095,0.330439189250537,0.33629120189386,0.417227611533517,0.330412799915693,0.487273100108075,0.235796491978894,0.530233471213543,0.469394856731924,0.136392005318295,0.140901667349962,0.36664387786552,0.0366494584085761,0.160315813877052,0.26524957171105,0.283761523477151,0.347387365653523,0.0616873263081604,0.258043337385003,0.266953982372592,0.120904807718473,0.443681287237911,0.146171814269646,0.37368678479374,0.239221800697897,0.480539609571941
"2",0.144002951994503,1,0.0140336258738025,0.116850922014357,0.054554305878721,0.0324964776237228,0.0115236207985399,0.0308537940730901,0.0196755406902832,0.0922614921633446,0.0206091871637892,0.0413343702319661,0.0223383016493995,0.103415814024177,0.0378949533353674,0.00244996896655383,0.0170081212360321,0.0262349358980007,0.0570382488996572,0.122610754122151,0.0906483618658594,0.0106447007114037,0.00903293983131148,0.0753612068508022,0.138605396231795,0.0323188889742114,0.111252341676152,0.0385096818941796,0.0388637093317464,0.0346928672901499,0.0974160921389908,0.0997872442138803,0.0191351036647654,0.0349205918923257,0.0988826646490556,0.0352571789166683,0.0151955454043943,0.0318817576994562,0.0131916970498299,0.0150529068483284,0.0195843890763529,0.0156864536627718,0.0938214338007609,0.00481327556519504,0.0486931683529915,0.0119922045173715,0.0168820308636838,0.0383964312613602,0.0828021998903792,0.0738231028800052,0.0262189361421588,0.0500326475089773,0.134719577863835,0.0247006985756167,0.0693754280770795,0.0546937864759767,0.106930296581122,0.0612661723673438,0.0224193619643753,0.0465034029202415,0.0344806331603356,0.0741082946655589,0.0419943598204185,0.0928639467792693,0.0685274354212253,0.00052255782799954,0.064356957914459,0.0820050643615442,0.116499082508575,0.00850532755753997,0.0646678721116065,0.0419153715065518,0.0673135631883518,0.0533465559137127,0.0683747022466258,0.0392728851078306,0.0490292356316838,0.0739828269145781,0.0192292936245467,0.0444137353934245,0.00618900920306091,0.0360699486260785
"3",0.283617103051283,0.0140336258738025,1,0.0313290174956421,0.0745745937832968,0.325967761572801,0.141882886048753,0.0976667285503033,0.160541243987386,0.162096012328429,0.109331807202271,0.0554455814965042,0.256664852537739,0.0855541297273809,0.118845842032278,0.0740134306392831,0.308244167606333,0.300955322421859,0.256795739923848,0.280584973754678,0.312060446547635,0.360668781736965,0.352569997721972,0.0568578792547517,0.00800740201605558,0.230563696105639,0.363296145998867,0.224625820037368,0.0353930260281567,0.333900995710915,0.305902014987091,0.19262292523609,0.0910734431700111,0.219285163122414,0.0320836354452453,0.2479186754115,0.190660336231457,0.0710860438005823,0.0257059296857278,0.378826521902495,0.0843551997938131,0.260929415242418,0.156392574793482,0.265491778421944,0.131323003555958,0.302141910138731,0.0782381238637537,0.0942379931416642,0.109725593840002,0.406849981502028,0.253883702368038,0.137024148067334,0.241212907524256,0.288595557228975,0.0117749736855494,0.320360114666736,0.0760395693002658,0.184770794781954,0.29599386973839,0.324523821796129,0.190152765417535,0.31585998125901,0.137420208375958,0.314477145294468,0.280753993575271,0.102239957536912,0.152360323786768,0.207967705254631,0.121946728330649,0.0321967724615128,0.160298579830681,0.169063269802227,0.150780383011697,0.00531362649417037,0.327691507555693,0.133433120710968,0.157771760998207,0.299187719995123,0.157982695434887,0.179879491136046,0.141911670593746,0.343459222913694
"4",0.0621426380489088,0.116850922014357,0.0313290174956421,1,0.0936888904735782,0.0690591580374808,0.144963006558462,0.0437213331005621,0.0224945168593096,0.0709955477437933,0.0311774584639088,0.153360876440386,0.0510977595967297,0.115557614716157,0.173616396858211,0.0288053047605189,0.0755831069509163,0.134978076795816,0.0280586857948386,0.0915444160830184,0.0526596437734903,0.00257944500210866,0.0248997602422133,0.158528251609809,0.145330391968526,0.108611867601171,0.0359997908850147,0.00960980511371871,0.112129370131786,0.00508112220729775,0.154294903903797,0.131896543380157,0.186871438265204,0.0732857485045699,0.129878995682289,0.107610041105319,0.0825707452911897,0.169007096425013,0.0354842670013284,0.0535452664097779,0.0923046388298739,0.070140865810017,0.0904258991789863,0.0504655522139373,0.0943440315736132,0.055518927219483,0.134798016335321,0.00703310000360183,0.0991655869089706,0.0161949285569337,0.0272605766973098,0.123310123731465,0.0560644780237961,0.060980082612122,0.0820073547499512,0.0218031711101312,0.0616662286749678,0.147245399256977,0.0184245416834631,0.0406586569944537,0.0889101684043023,0.109900859240553,0.137082454115046,0.0884060215476839,0.0374613904787914,0.066718401401453,0.0963385078328193,0.0812320793117183,0.0561117559837301,0.099553195203238,0.157249843050357,0.170966513871274,0.058624662191963,0.156793689077024,0.078714527088816,0.0661940205050029,0.116156761863499,0.0200516625820305,0.0884630531252474,0.109551859073907,0.0860288075744699,0.0391591566940618
"5",0.327830348445493,0.054554305878721,0.0745745937832968,0.0936888904735782,1,0.274585817065369,0.177325482482133,0.233879549961946,0.147244429830112,0.348820478484981,0.35385424020731,0.351559311935635,0.36715261517008,0.35239191190592,0.282090571237411,0.119748332229073,0.466016929051726,0.470840511050391,0.267352209447889,0.439209420866893,0.39524500507638,0.367519349606082,0.457030716490178,0.321949726575287,0.291182766505479,0.00171120840975057,0.258286629852999,0.404442066932354,0.372927239423537,0.402375155287382,0.444648945778457,0.488229300418912,0.317626097363359,0.344974304759432,0.251845268042876,0.0911870656794938,0.151918794806043,0.25602407844319,0.0995954978141698,0.266988471003232,0.142390173956317,0.264833976508484,0.0554666716709282,0.296704201031898,0.230459585281,0.168357740252757,0.146092474262391,0.0269377086337991,0.209061427267858,0.402453638174861,0.400256227575325,0.290212579136432,0.252464423775809,0.348103441962654,0.000782707422554877,0.317915353766237,0.24824086668781,0.505783008971193,0.340019739653329,0.411579488434092,0.450824308366178,0.451043069989832,0.387229006434835,0.398876096515102,0.415338147263246,0.10648168848,0.251711058718652,0.267862926341621,0.183499520859112,0.342527459625996,0.307260523267192,0.104419427554109,0.172543063754308,0.0218703522806059,0.0622807628782421,0.00482221898847352,0.00724677909524183,0.292090461787715,0.0755515885018884,0.103438923806263,0.0750032864381703,0.365968890216758
"6",0.390958364121537,0.0324964776237228,0.325967761572801,0.0690591580374808,0.274585817065369,1,0.0146702221997279,0.368086874373852,0.359087567618644,0.481223932539989,0.375422036312319,0.133928784299247,0.55800441459302,0.217378677863108,0.109636242060332,0.0244239005497079,0.590191172199392,0.502938802092728,0.440155380120243,0.59739764450863,0.499732090511292,0.600836917487018,0.523725975090728,0.156085208111326,0.193387809136611,0.241347305974846,0.615950776350374,0.450841918284547,0.189310643597046,0.566411388663445,0.549433826778576,0.426493276744048,0.0311945966221249,0.387607632656615,0.187258566326946,0.437969053953279,0.00989802505206419,0.328675522578584,0.0925351510379111,0.511841517218657,0.0823933178773745,0.577327105681287,0.195842317138898,0.586455230759291,0.283377288520969,0.384806180253085,0.0184499345988796,0.121656897472618,0.374701195177648,0.650679369504012,0.589384894542698,0.0436448409626399,0.346152900870204,0.464732712520772,0.0885404524443423,0.615147019251271,0.204404914958911,0.426581204150301,0.631531936287838,0.545654564367102,0.440034239426116,0.621131517219663,0.269315679580659,0.558176204718809,0.515875175256649,0.298770651776044,0.290563612146534,0.383851404187075,0.258990523866186,0.211166778160193,0.198382583676839,0.228955888121036,0.395593406231144,0.162628397061483,0.285937040478113,0.199770899206244,0.101311747846555,0.549846183188119,0.0742955644240086,0.267796643065113,0.0238106470319865,0.659699213016018
"7",0.00381974489003387,0.0115236207985399,0.141882886048753,0.144963006558462,0.177325482482133,0.0146702221997279,1,0.0220050499932961,0.00408220544016464,0.0108315916478868,0.275094539152409,0.338662835197455,0.000687495155363485,0.184374874336635,0.25159147333905,0.162859015180928,0.169005858933037,0.267933425098001,0.118376609688491,0.134989087325395,0.136745246432372,0.0788374938431466,0.16387953221523,0.358610838352758,0.100956096781778,0.244067055436635,0.0872654861681418,0.144571999198663,0.290629679052311,0.0599460198387439,0.16847373561843,0.28973919690843,0.423725054460736,0.11484018776061,0.186735793220813,0.21632636035,0.153476511369695,0.208935166361328,0.187271333897728,0.0241669981015615,0.128750564263291,0.0930870525044668,0.282654405897587,0.0782722697778966,0.127696076385258,0.0160402033797706,0.165880942627894,0.13508055113302,0.0252424102257448,0.0467628433691045,0.0804575080293662,0.382367298490962,0.0295029969239263,0.0703056268110365,0.064428536127252,0.0399940149277683,0.269007562350072,0.231877309661421,0.110819890731514,0.163004557254303,0.214685419636378,0.124092218087348,0.274124586369648,0.061141169962321,0.0540370518320515,0.0600439536082053,0.086054483964527,0.0528799507012039,0.0600539234057034,0.279939147823321,0.124394025554848,0.377391428234622,0.0765744089569194,0.0248168251286788,0.0984493067295767,0.0812691483268055,0.0162958287147528,0.0883249362149474,0.127130878161471,0.103909620013646,0.210454122095312,0.0749897392968774
"8",0.224121332619207,0.0308537940730901,0.0976667285503033,0.0437213331005621,0.233879549961946,0.368086874373852,0.0220050499932961,1,0.17393883491036,0.240743440552433,0.283885394676286,0.125931834234078,0.324072817008218,0.114812300145897,0.118412248261642,0.07793030184242,0.332047907187143,0.258229848087145,0.253332345749363,0.299388872920835,0.225709277904045,0.334790778392425,0.310658058761477,0.0681136087120905,0.114963325512755,0.155001711944005,0.299026367283561,0.255009369081323,0.130192203316074,0.312514146539548,0.294100313674539,0.259613935019433,0.0509957940541436,0.221266579541795,0.0775267265699399,0.215968239393305,0.00790519433270368,0.172003097276488,0.0244418959535501,0.26787223038021,0.0275111898622219,0.384148763725789,0.0752870515511321,0.291157893135571,0.197668457939237,0.177003452054404,0.0114306941743553,0.023814312882472,0.256062968848625,0.343089160425007,0.36656964644645,0.00471977106461671,0.252209580015763,0.296135309374079,0.145622515207252,0.376675290612574,0.134577868500583,0.251370681811871,0.326386131280908,0.305194352289352,0.23214651901143,0.315295076444239,0.180439357333707,0.275973439611354,0.325373076176371,0.113806972708043,0.178955596717796,0.147023637926049,0.172432739337855,0.175552987139697,0.0753972181104649,0.0596187369726468,0.293086910560765,0.161027216381896,0.143193615653516,0.140315727848095,0.10339907693522,0.240916249647939,0.0487258540725198,0.12824982415871,0.0200368529820452,0.319621820824503
"9",0.239904447595945,0.0196755406902832,0.160541243987386,0.0224945168593096,0.147244429830112,0.359087567618644,0.00408220544016464,0.17393883491036,1,0.340705287523786,0.199346469283819,0.0876843898401977,0.336633587155183,0.255127240305158,0.0820021782066893,0.112840019961659,0.370141274344919,0.299558595440486,0.258405313498128,0.390783165749524,0.275684757351818,0.364514878410226,0.331309638763624,0.0809369911914644,0.135091006443044,0.11586606368835,0.383448909892408,0.281258161404799,0.0876136323209384,0.318744211758741,0.30380346197567,0.24193844168644,0.0106913153504989,0.199468755340457,0.138847588941907,0.279474925363746,0.0324748029206363,0.179331895110933,0.105617084981432,0.227912511731223,0.0391310750585607,0.317939739082616,0.090914509800224,0.307715444249105,0.168607379317725,0.18455631395773,0.0573887996493639,0.104247380476545,0.0921537228811284,0.376514754853735,0.385466431094968,0.071269685645218,0.175750340404934,0.276417780885178,0.0222518529376334,0.391201077010576,0.140154345796404,0.282347768803188,0.376506027889383,0.321729727146448,0.221601828831098,0.358956124491486,0.190904361459129,0.324280342491735,0.312480361763489,0.177667597338073,0.193478287348535,0.332763460834727,0.144827067063651,0.0896114410140243,0.0810117843375351,0.1609609006546,0.333295131599252,0.0398500435977659,0.121606282534084,0.157834946467216,0.0550114095031993,0.302705533248875,0.104121107783395,0.221464822436773,0.108986598677848,0.356289648093707
"10",0.453304003093025,0.0922614921633446,0.162096012328429,0.0709955477437933,0.348820478484981,0.481223932539989,0.0108315916478868,0.240743440552433,0.340705287523786,1,0.320476870112379,0.212489827036169,0.474886918206279,0.434676483266312,0.247606285967034,0.221270157468097,0.531671546008447,0.412819180644068,0.370950375446722,0.639191304112075,0.500526363924762,0.43782063459567,0.497461810021102,0.158371166924748,0.2862614416635,0.163922518865459,0.517790988334021,0.437397179213701,0.236571583267691,0.521713445408541,0.470869434326013,0.441328052826448,0.145691938869655,0.338514217647528,0.184635406853291,0.370944083453777,0.0185653871368787,0.256624661456632,0.00654566378383802,0.361011470772041,0.0475407208016166,0.511509728863255,0.0727401153914003,0.465429787435095,0.262179623281633,0.291796017353657,0.0699815199434513,0.0689911415524373,0.343388367220955,0.557429858751783,0.559492068951794,0.0606548773787745,0.264025458772966,0.415720998878571,0.0388879257489003,0.531003820930291,0.218088283682174,0.431959481056848,0.457546473300751,0.467512765860142,0.418692050498164,0.568004382307261,0.262212082159508,0.541047548743669,0.492665465823574,0.223786941006751,0.230080272707866,0.539267387909873,0.120548664420534,0.256266620727253,0.156381519893542,0.163759638783646,0.460754454858359,0.0519411628838266,0.169049167103955,0.168569087719577,0.144965661465497,0.450063374512799,0.100635115554427,0.31146709815109,0.0753218989029565,0.549696154471521
"11",0.114724617648867,0.0206091871637892,0.109331807202271,0.0311774584639088,0.35385424020731,0.375422036312319,0.275094539152409,0.283885394676286,0.199346469283819,0.320476870112379,1,0.507455602198846,0.353419952624824,0.279641700752351,0.368472050347675,0.25187369506413,0.538257359004705,0.638101076381234,0.348691728022473,0.462504364121889,0.504378461350944,0.486287613991171,0.478089789161947,0.552573845380164,0.259161948554777,0.130129027113237,0.296774268453299,0.571366762126975,0.526941755101732,0.448138148250968,0.540060971526585,0.567477733294122,0.458107999401094,0.324900324494141,0.188805897168255,0.0469364145206158,0.151170261362134,0.339733770464922,0.303921470823366,0.329941663666288,0.224220255155173,0.154265992164874,0.244893864916228,0.460946580782264,0.259395032073577,0.277613977188647,0.160421082761801,0.0667990822421687,0.131123120374745,0.458964540626388,0.482951887958347,0.39838916254455,0.220475503904512,0.295348643535363,0.147206160728034,0.345609986506928,0.4653725215558,0.570470581629236,0.529717675886794,0.527014637141661,0.550814328995283,0.481961937465334,0.531436829565849,0.386643021678087,0.413087680544781,0.372261420449434,0.35725484444174,0.308296966354322,0.346014312400539,0.502569395778647,0.120743119301621,0.224447001986046,0.0710762738176605,0.0675011075613577,0.0809986081245829,0.102958451596675,0.0386896918678716,0.416804886610677,0.160792748709828,0.00654841019973853,0.396794662804497,0.473533149080888
"12",0.0402450466409092,0.0413343702319661,0.0554455814965042,0.153360876440386,0.351559311935635,0.133928784299247,0.338662835197455,0.125931834234078,0.0876843898401977,0.212489827036169,0.507455602198846,1,0.205078279850026,0.295648352599814,0.422671443361235,0.360062403856058,0.380884316104389,0.554140987235869,0.229792648802829,0.355376818311024,0.316193220163185,0.196999110541966,0.30925925739515,0.545714682218013,0.367320885830963,0.341396050980527,0.0436181082621907,0.45865894223105,0.5356171812169,0.239479428619665,0.388113996578738,0.544937543110833,0.607110817477874,0.300880636282164,0.312827833088465,0.19817705394232,0.308290343192347,0.240720674659954,0.190438906286509,0.0715819347693345,0.146974799790815,0.0465055220398857,0.363649815040812,0.224945238209596,0.213785468926486,0.0270978908751318,0.243455634162301,0.23759980253184,0.111160815381881,0.220835301360415,0.300882792603196,0.516895075134581,0.0359540144443596,0.149928397098829,0.221408074147853,0.110701998538634,0.529772297794021,0.542511529347135,0.347722823026429,0.364169878348602,0.474051405758431,0.341863171055966,0.518214959909269,0.223533561774512,0.226367456173924,0.206154000358224,0.267424744752408,0.199976829764161,0.20870301715482,0.474964535276433,0.0925468098839069,0.409832764579639,0.0195861494212212,0.0146565919110745,0.085854436628141,0.0973946553607897,0.0618608368351734,0.267858832781849,0.145248383437669,0.180395347440121,0.412777902244965,0.245967216116685
"13",0.448077698365489,0.0223383016493995,0.256664852537739,0.0510977595967297,0.36715261517008,0.55800441459302,0.000687495155363485,0.324072817008218,0.336633587155183,0.474886918206279,0.353419952624824,0.205078279850026,1,0.292286690181962,0.171881823133084,0.124692620974752,0.584112129632695,0.534092007099861,0.461050971863342,0.591671588595915,0.582197548853033,0.633259683772268,0.577541610871404,0.240693035708105,0.291826750904607,0.173463651936699,0.540871485581344,0.531808720303377,0.303256720652554,0.618938071031781,0.61949445307929,0.52739474355931,0.107127147943282,0.384772876452774,0.231304607686137,0.415129386809436,0.0733308632393688,0.224827487996516,0.124273775337871,0.470037476214904,0.179196223346793,0.484594348568107,0.135741494640497,0.496042474844988,0.299607468993645,0.410681160341969,0.0344227945924511,0.0389749307025698,0.31266593233039,0.650068629804282,0.669260114951282,0.0228125948173511,0.37062641226151,0.489111091905585,0.0147690814519193,0.55683434728264,0.25598910107001,0.517623293768257,0.609350308803389,0.568856237832132,0.521987495495036,0.665992033922393,0.417117581223367,0.582162256618415,0.59703587605444,0.26166235502194,0.35644147967526,0.396781564566159,0.126337737223863,0.302888125161381,0.341621581784222,0.178081060109429,0.407751625849047,0.0585907416161192,0.267569802205431,0.230647899698893,0.0840210805853169,0.544580019843018,0.157965201515369,0.323484061066751,0.0237422286847362,0.648280597206367
"14",0.317859816858347,0.103415814024177,0.0855541297273809,0.115557614716157,0.35239191190592,0.217378677863108,0.184374874336635,0.114812300145897,0.255127240305158,0.434676483266312,0.279641700752351,0.295648352599814,0.292286690181962,1,0.30622276600135,0.294381813839011,0.438022376318266,0.409919128020845,0.297209621629737,0.466621843184146,0.385009093310544,0.300917755380782,0.403905928840565,0.293775250307695,0.299400736096013,0.0515374585975065,0.279540633560473,0.382956800175462,0.338219264649415,0.397129738874296,0.42720342534959,0.443622228381039,0.332847379653876,0.25444014701756,0.300076118565908,0.138002101956139,0.0410936167027621,0.197497032254082,0.0404541832689987,0.168248398423393,0.00795236348361829,0.237290339655346,0.0700045483476807,0.294770398954823,0.267773384067928,0.147180737935524,0.16120511536178,0.08249776968275,0.204285558392061,0.356387326588173,0.405662821373632,0.22371450965218,0.120833283192974,0.300516320156423,0.0747202085232041,0.321343152288751,0.274756275287859,0.427010645455615,0.364317832779189,0.39272592446007,0.406090556016124,0.442407209792677,0.351254134931789,0.396618290423013,0.363240804929861,0.1494531518014,0.22472679235655,0.439972399240559,0.0743630780118783,0.299866134858002,0.134704697359539,0.0765174266129363,0.223774064770139,0.148705771157742,0.07690065294766,0.0791342458261227,0.040061020565221,0.339123580454726,0.0948414861955747,0.135167229412035,0.0817823213849065,0.352259640654062
"15",0.00313410600876502,0.0378949533353674,0.118845842032278,0.173616396858211,0.282090571237411,0.109636242060332,0.25159147333905,0.118412248261642,0.0820021782066893,0.247606285967034,0.368472050347675,0.422671443361235,0.171881823133084,0.30622276600135,1,0.229290240147683,0.243678479429499,0.32346998365126,0.119864316877313,0.294229677538785,0.191320517854722,0.108777254776177,0.2000627785953,0.371020041809791,0.318263389448546,0.230855360251501,0.0460994373811805,0.218994110573479,0.353012866338356,0.150440795172255,0.234513101570428,0.393009704887659,0.453801115439846,0.212407477574204,0.282506610122704,0.171659085219954,0.23711664923832,0.312373890668265,0.0769763095669824,0.00286672186898349,0.0131089708687262,0.00575834818979265,0.282626445801159,0.139181772512765,0.197958882167016,0.0543845492918512,0.262942444979742,0.185612183623722,0.111766221026924,0.114515928495974,0.208273376986389,0.427520827093704,0.0462179175276954,0.112515281705452,0.115305565214819,0.0827276413077019,0.252444198950125,0.383314557891497,0.1922983470387,0.187926430822661,0.316256668744158,0.202060961837092,0.278963170625818,0.145311330488969,0.180335692373871,0.0711012869416398,0.155605187249203,0.209031446396314,0.100603075299316,0.259424113448879,0.0684326654703873,0.333281099222416,0.0617127281588309,0.0400574006203109,0.180824069641573,0.105849191870173,0.0670080122618766,0.139988585509645,0.0536766461253838,0.178397486834174,0.263254740333101,0.144927978272324
"16",0.13614947930202,0.00244996896655383,0.0740134306392831,0.0288053047605189,0.119748332229073,0.0244239005497079,0.162859015180928,0.07793030184242,0.112840019961659,0.221270157468097,0.25187369506413,0.360062403856058,0.124692620974752,0.294381813839011,0.229290240147683,1,0.247798967793873,0.244299849724343,0.173009061828465,0.21391342746528,0.201507836145788,0.0946180510025353,0.246740261220457,0.212634133384968,0.291643570602142,0.170774296201095,0.0637926740098819,0.27893589213182,0.25192324163706,0.235231672349945,0.192486357470597,0.276234629031922,0.311082858869869,0.165989083876584,0.137299986854391,0.00376813398480593,0.0988560615080081,0.086200060555007,0.0100593168002921,0.046944169618073,0.0380993313659434,0.102313596694582,0.115620740160023,0.191047262754235,0.172557128112334,0.0291103154134255,0.089743964709841,0.115894602240419,0.11377144606657,0.200321206295272,0.233475928674844,0.242087795497872,0.0238926044199925,0.0985346545210433,0.0916522522245261,0.109845145816878,0.256380005166093,0.261057061079122,0.181971022497683,0.211246852402461,0.242931376568355,0.191290095189261,0.239955641411025,0.160909615960082,0.157856653756905,0.130908135013335,0.0863836407307413,0.162114547359227,0.0839243883462173,0.179663540039601,0.0172795300038074,0.145616127520751,0.0494570613641327,0.0486545881733561,0.0371551758799291,0.0847573404788043,0.157019938454365,0.194782697642925,0.0802930624726974,0.0102264345951649,0.116341371920655,0.169872464414321
"17",0.472790284269608,0.0170081212360321,0.308244167606333,0.0755831069509163,0.466016929051726,0.590191172199392,0.169005858933037,0.332047907187143,0.370141274344919,0.531671546008447,0.538257359004705,0.380884316104389,0.584112129632695,0.438022376318266,0.243678479429499,0.247798967793873,1,0.766094407208863,0.537247761598742,0.694180733628453,0.704456720318974,0.677302578781497,0.706866897466211,0.434777551029875,0.325317226589142,0.0349448862845236,0.57335036059853,0.676714624334284,0.502859254377725,0.722865670674499,0.718412227735079,0.719233845709346,0.390495207307506,0.53379956517991,0.287203547125882,0.347287352186977,0.0289354023340774,0.364884594183925,0.217207068158562,0.496929810620354,0.208864576840614,0.45564363707068,0.0777280617586171,0.6388370250669,0.401872243014036,0.421322540610089,0.13843955585451,0.00775260972859946,0.354270188737639,0.76211058570982,0.702291325042437,0.197024240897366,0.33750655717479,0.516927524195149,0.0709680966278174,0.592332203272203,0.45474863735164,0.696444973761123,0.752587721446794,0.770823438862043,0.717439814232971,0.777502981166546,0.581331689228787,0.668266641400568,0.653075808101494,0.346410609891445,0.36160017949429,0.540292327186415,0.275174506887881,0.483624963444105,0.291464007677313,0.0167668818359661,0.315129216153248,0.0111350661529238,0.273186876331875,0.205912021569079,0.0931373349809076,0.600828870926516,0.231954323187029,0.266798589169183,0.131471289379602,0.738509911912451
"18",0.312699712615254,0.0262349358980007,0.300955322421859,0.134978076795816,0.470840511050391,0.502938802092728,0.267933425098001,0.258229848087145,0.299558595440486,0.412819180644068,0.638101076381234,0.554140987235869,0.534092007099861,0.409919128020845,0.32346998365126,0.244299849724343,0.766094407208863,1,0.52632191602721,0.699146610044452,0.696687434767949,0.676981933851678,0.714103993931852,0.647574089676243,0.446708697126721,0.146541776263662,0.468250854109963,0.792904802378042,0.669675498710961,0.632140439083082,0.738038179013831,0.797205665047595,0.572990887574985,0.552195545808611,0.334986471604579,0.147057082067205,0.143364519673943,0.322403705364543,0.317038798349924,0.485655180781586,0.308966687232661,0.293808264569273,0.0847180442425484,0.595887502592399,0.429416901452149,0.441893889845477,0.220678934982573,0.0955447519279489,0.262522626842427,0.718452144295972,0.672459624658909,0.384284286215571,0.319320333742763,0.50181312178721,0.191453988122486,0.54332793737474,0.590205502963558,0.777606558743109,0.767765521485281,0.756780289114784,0.766011214690698,0.775193405649634,0.713697501322244,0.608150192487464,0.601422525935048,0.374085853497493,0.46388002989558,0.464185604275406,0.351388953866411,0.562032852413009,0.306947495962269,0.227628077787852,0.19484692643679,0.00673160513809561,0.167134276533571,0.117579307957022,0.0237140488202838,0.617881914448396,0.319613718377812,0.127624719428551,0.315766814174031,0.719992240787922
"19",0.335273507651471,0.0570382488996572,0.256795739923848,0.0280586857948386,0.267352209447889,0.440155380120243,0.118376609688491,0.253332345749363,0.258405313498128,0.370950375446722,0.348691728022473,0.229792648802829,0.461050971863342,0.297209621629737,0.119864316877313,0.173009061828465,0.537247761598742,0.52632191602721,1,0.548260770289775,0.434338079401121,0.509799656162879,0.5323006332444,0.285898228711115,0.190733204833781,0.110220797392718,0.4391650831895,0.500046344841268,0.312938803253966,0.505269090140165,0.460008859747284,0.414754049475102,0.197593056793215,0.326996403595663,0.177226506834822,0.28472656566875,0.0398631102983652,0.295411740241568,0.146167018529898,0.337174724878255,0.108445180767131,0.368957728259584,0.0558612523025214,0.480685850336391,0.320006755398452,0.355785719618741,0.047656670026852,0.0164227763544229,0.208970680780503,0.524648250140958,0.527439349064161,0.111032963288299,0.241526640779627,0.388112515567801,0.0244333642293943,0.44951188801415,0.255120257134743,0.48732927639071,0.567732400334184,0.517088115184666,0.433414563076143,0.519449550578779,0.444866089125452,0.527000193298359,0.435588803523724,0.205871499806574,0.276417835322385,0.364004528444315,0.28245019210876,0.268079657919681,0.150661569052802,0.0785701074487945,0.29303150840677,0.025835267715168,0.256517446001973,0.194631024085498,0.0428664432321789,0.424695218951903,0.157325796490381,0.147526264284052,0.0275582690706524,0.512382362782063
"20",0.458269111844578,0.122610754122151,0.280584973754678,0.0915444160830184,0.439209420866893,0.59739764450863,0.134989087325395,0.299388872920835,0.390783165749524,0.639191304112075,0.462504364121889,0.355376818311024,0.591671588595915,0.466621843184146,0.294229677538785,0.21391342746528,0.694180733628453,0.699146610044452,0.548260770289775,1,0.614561799725867,0.647337159806714,0.68267390330976,0.374776749313742,0.39191518397151,0.0879982969817261,0.595684392104385,0.661614229267967,0.431891551039789,0.656432725326129,0.686149359013884,0.650566622112437,0.295438142449127,0.44162429187958,0.282982945645819,0.370582555049493,0.0124244272565402,0.37631863896083,0.112569869291816,0.457636946072288,0.166997721710588,0.488910615366889,0.0729659104060186,0.588144491623228,0.433953705850716,0.398628741655067,0.127639896681049,0.01566573257986,0.37178282461329,0.716211457720568,0.683284286671385,0.189209417086442,0.36339886011515,0.556718147672193,0.0221165776815198,0.631389290847698,0.36200400882127,0.637708951704376,0.707455527820387,0.702405916768183,0.578910704739834,0.732909310839768,0.512120778144612,0.67454952813839,0.604778201440294,0.319418664791807,0.371867207542427,0.586774431461894,0.273744036109497,0.397301506025108,0.338220959076185,0.0322045123451645,0.455870079917155,0.0281583266022102,0.231609201338195,0.144333030517764,0.0550010361315584,0.575893831858468,0.228329452312378,0.287894000851538,0.0908927052650399,0.674577552712703
"21",0.418929649845085,0.0906483618658594,0.312060446547635,0.0526596437734903,0.39524500507638,0.499732090511292,0.136745246432372,0.225709277904045,0.275684757351818,0.500526363924762,0.504378461350944,0.316193220163185,0.582197548853033,0.385009093310544,0.191320517854722,0.201507836145788,0.704456720318974,0.696687434767949,0.434338079401121,0.614561799725867,1,0.643168692427697,0.643980304201782,0.431093138196516,0.27598817982129,0.00692644518417361,0.516702805045993,0.652118559439602,0.475245804419388,0.634738700245795,0.637973973567711,0.655524806004886,0.365944381277974,0.445307254239966,0.272773331973215,0.345359607166086,0.00537071820459716,0.208509390840038,0.198303678557455,0.480493301777392,0.200204386754869,0.391335928473547,0.0924725212856966,0.537449408045515,0.357898400296641,0.500806168675536,0.0942532772182831,0.0171291071406572,0.295341163499534,0.690109074825237,0.596145130718862,0.176956929736115,0.30136513094856,0.438631719700609,0.101978928789564,0.537543220471103,0.405613299995089,0.594549197693237,0.62614131655539,0.659709415130735,0.686975518056371,0.699770020219256,0.508764086381568,0.544432505004688,0.642012694806766,0.294463066341796,0.358938936565566,0.431726519081343,0.125006987417111,0.459836520109489,0.299884475144486,0.0147545555466343,0.252637489958348,0.0372744623685668,0.275789195962411,0.210575872899418,0.102693482792501,0.601992285726689,0.248532305145057,0.310441500557513,0.144529344916338,0.710658144009477
"22",0.448253993060961,0.0106447007114037,0.360668781736965,0.00257944500210866,0.367519349606082,0.600836917487018,0.0788374938431466,0.334790778392425,0.364514878410226,0.43782063459567,0.486287613991171,0.196999110541966,0.633259683772268,0.300917755380782,0.108777254776177,0.0946180510025353,0.677302578781497,0.676981933851678,0.509799656162879,0.647337159806714,0.643168692427697,1,0.679157113264913,0.360015479738852,0.229612530980848,0.138918752148706,0.610612377909514,0.64478342238664,0.376115638449871,0.667080876308239,0.641305420804311,0.58817006225507,0.165468941429546,0.417146989053161,0.23339048253772,0.446426406522805,0.0579112325228701,0.235228066394688,0.242533874573714,0.567414134490442,0.269903610575003,0.497041064413585,0.168976533348723,0.631887629128205,0.365765400871107,0.513128741018895,0.0248131315902356,0.0653549136731004,0.332029558596272,0.741972481765676,0.667777945251227,0.0549168336922882,0.401288303411651,0.544117123235255,0.0289691528229876,0.650427724363003,0.350064997612495,0.581255832575207,0.687147922693579,0.693950543841252,0.597772485846679,0.704994163799802,0.49196557226644,0.610692237976439,0.648277786586301,0.308603810763202,0.3481968004453,0.432135987553457,0.326427979908063,0.373205418939442,0.338782322737684,0.118260348124282,0.360782541577715,0.126209122487231,0.339116201709128,0.268466285668779,0.0240672308710375,0.607566774088025,0.254115229029974,0.352016463086736,0.0539040846748134,0.723829650153875
"23",0.511533417453769,0.00903293983131148,0.352569997721972,0.0248997602422133,0.457030716490178,0.523725975090728,0.16387953221523,0.310658058761477,0.331309638763624,0.497461810021102,0.478089789161947,0.30925925739515,0.577541610871404,0.403905928840565,0.2000627785953,0.246740261220457,0.706866897466211,0.714103993931852,0.5323006332444,0.68267390330976,0.643980304201782,0.679157113264913,1,0.337602063815979,0.320268826660204,0.110386364707103,0.542319044480321,0.641749887944387,0.447208989966521,0.666785688165559,0.645654819591907,0.641470075990264,0.312985308653785,0.476682144221007,0.323898576772395,0.30349999353377,0.0261887886448069,0.257556325213175,0.187533429053169,0.507982868813853,0.199781761183397,0.519192406003706,0.118911514762588,0.621627536162742,0.42448239095332,0.484823913831588,0.0893499451296444,0.00827084510821388,0.275097794607575,0.711396994421113,0.671316347883722,0.157103299527727,0.341983593444104,0.517657158552436,0.0198611537252239,0.60047495352172,0.375370893320493,0.652632971678431,0.659567745286263,0.694123939162277,0.602379189520778,0.728212037475966,0.530995781952551,0.657207468887748,0.62806370412979,0.259599500173003,0.333800062226456,0.46685951286703,0.264960424465063,0.393895577837951,0.294686937673707,0.046092669467428,0.364988168010976,0.0231546397610535,0.221167709358166,0.159895910461313,0.0345458623540205,0.603311246496494,0.216438666947991,0.298566506509018,0.0403515490491156,0.704292678183499
"24",0.00219153671226301,0.0753612068508022,0.0568578792547517,0.158528251609809,0.321949726575287,0.156085208111326,0.358610838352758,0.0681136087120905,0.0809369911914644,0.158371166924748,0.552573845380164,0.545714682218013,0.240693035708105,0.293775250307695,0.371020041809791,0.212634133384968,0.434777551029875,0.647574089676243,0.285898228711115,0.374776749313742,0.431093138196516,0.360015479738852,0.337602063815979,1,0.315101455191699,0.348219785033433,0.145856189255212,0.516843654882323,0.595542788579209,0.279916479758756,0.477181141304434,0.56769157738873,0.623136482740449,0.269516709885467,0.281362178661835,0.153595319824156,0.141721805434075,0.258269884486256,0.280847896194741,0.162463818167559,0.319724133831811,0.137191992180032,0.307777109837247,0.223132404153892,0.252975296897086,0.165671342141737,0.303565729077686,0.195875207584577,0.0584841617680474,0.312118590552018,0.304825568301546,0.53011534048929,0.153787823657242,0.230350478577841,0.26829423394488,0.174888219800589,0.473137941435887,0.535821142008841,0.452425729691,0.42573015810802,0.546026149331492,0.426005487245925,0.576074481951148,0.271098406780373,0.297788047134388,0.327688111936874,0.329638746145796,0.212502106968886,0.16969378726881,0.522108600167235,0.198512062078633,0.457611743734575,0.099777554383785,0.163228464578251,2.81718379283058e-05,0.12015898270242,0.0194038949842371,0.286009458791476,0.264606545736987,0.0990761263592929,0.509726276621997,0.33908449138069
"25",0.165952197566373,0.138605396231795,0.00800740201605558,0.145330391968526,0.291182766505479,0.193387809136611,0.100956096781778,0.114963325512755,0.135091006443044,0.2862614416635,0.259161948554777,0.367320885830963,0.291826750904607,0.299400736096013,0.318263389448546,0.291643570602142,0.325317226589142,0.446708697126721,0.190733204833781,0.39191518397151,0.27598817982129,0.229612530980848,0.320268826660204,0.315101455191699,1,0.213871653076789,0.172699849870714,0.411122162925278,0.365114204212601,0.288505191450394,0.356732245369057,0.382756487516324,0.322826415625725,0.283607355528642,0.241702053738813,0.00850415917074914,0.23056450941488,0.0735058159615722,0.028376897286389,0.130302605909902,0.0885442877820771,0.140365775026199,0.103532871957246,0.232023143189653,0.199693966571695,0.106027206801053,0.174092354633195,0.0757746726746582,0.206457997236508,0.352833872121706,0.389781015438171,0.329071156076094,0.219435663570712,0.23760003538984,0.113875501332323,0.230714997905351,0.314346277766313,0.422313222721531,0.314328017706553,0.290438752603422,0.338357450827812,0.39851015323947,0.382309328905989,0.265059229084385,0.270328945196196,0.128573779525844,0.312178867646618,0.202886936949325,0.115419614381479,0.243138788079582,0.15852809254282,0.23184788840177,0.159189917852187,0.0372157169324252,0.0634704643119367,0.0114428199250032,0.0740155445806492,0.254455439922726,0.103532130495459,0.0193187869802424,0.196193279147275,0.276397151753145
"26",0.255764910861086,0.0323188889742114,0.230563696105639,0.108611867601171,0.00171120840975057,0.241347305974846,0.244067055436635,0.155001711944005,0.11586606368835,0.163922518865459,0.130129027113237,0.341396050980527,0.173463651936699,0.0515374585975065,0.230855360251501,0.170774296201095,0.0349448862845236,0.146541776263662,0.110220797392718,0.0879982969817261,0.00692644518417361,0.138918752148706,0.110386364707103,0.348219785033433,0.213871653076789,1,0.269257103707585,0.0239235222139521,0.29306634900421,0.172616200232009,0.00441667633496116,0.165561498972201,0.427946892035051,0.03979965549552,0.139549004434479,0.414906256489051,0.259212757821176,0.0220512781442152,0.0683228262194103,0.173801852911612,0.136317321319562,0.413850270591552,0.322648633647081,0.136561012458405,0.024859713062144,0.179196941921298,0.221129461328559,0.24488742459202,0.162609544175198,0.149910500742483,0.0996015661635403,0.449948010449976,0.112670832316427,0.157067177252506,0.286854110280541,0.237567027601583,0.230081940237379,0.101956321078848,0.0599005211111193,0.0503713742342209,0.0993871182429192,0.0629789268057923,0.237842322895642,0.168124900953947,0.0946196725886435,0.0583860954946526,0.0549888648908536,0.0811965822190177,0.00915893626712409,0.214279021501216,0.0313404645825568,0.539433167122368,0.27739194992808,0.0592374152779849,0.233377662963774,0.202161509509554,0.0580926232645381,0.107045734299174,0.174643841153796,0.308578777896077,0.379735298090463,0.162390900429768
