"","1","2","3","4","5","6","7","8","9","10","11","12","13","14","15","16","17","18","19","20","21","22","23","24","25","26","27","28","29","30","31","32","33","34","35","36","37","38","39","40","41","42","43","44","45","46","47","48","49","50","51","52","53","54","55","56","57","58","59","60","61","62","63","64","65","66","67","68","69","70","71","72","73","74","75","76","77","78","79","80","81","82"
"1",1,0.334304064113291,0.286394130349235,0.0889660400237804,0.271469771832757,0.102046354018368,0.464587113561154,0.364380906451434,0.0364560335513278,0.488043020641351,0.427415202993229,0.471347726765923,0.390037315189779,0.394590305779715,0.409771761784747,0.349950651150549,0.504183182805606,0.500834788299103,0.428977388671438,0.447876224242047,0.371337596900497,0.50774043193091,0.498435271718712,0.0629655448151142,0.498101530764671,0.221111041010466,0.504884120566155,0.495281124195101,0.466340476107639,0.316649112981472,0.498466721864408,0.479772542171989,0.506928520413869,0.297528655185408,0.439092435789382,0.386707281119335,0.394949738536269,0.243630118064828,0.00224081030434593,0.489925492912831,0.455527119443728,0.097496291661327,0.287606743727433,0.494168925298416,0.427044566936946,0.506472938404144,0.328388439130673,0.0214618640876626,0.0822276531881898,0.472624257730934,0.45839349443116,0.0502198838801793,0.235758042665259,0.502545702457206,0.462706570658924,0.487609129022815,0.420742512841586,0.485480680255967,0.525441691228591,0.490013453186462,0.471275604611371,0.501544195442114,0.476525078355969,0.467825715616961,0.504561171195703,0.51302042430577,0.437956741591065,0.481521021287456,0.488517339235339,0.252832873420074,0.493342949019202,0.401822299201236,0.489807864239993,0.223343340369744,0.308067444996821,0.316289046301644,0.214019182957126,0.384546165075916,0.544975054067805,0.118341147424603,0.433349221178084,0.433953296516788
"2",0.334304064113291,1,0.0596467978129305,0.0297153580444162,0.321558168863762,0.0150650293202619,0.572351384336189,0.426521693251992,0.059389032488859,0.581815218186653,0.446234373525553,0.59332881751976,0.247741703258255,0.465975650402724,0.58252890503771,0.384564877481749,0.499280777784405,0.530901016968452,0.411641071790014,0.446830154366869,0.311016304720043,0.605136430052867,0.579108173823535,0.0257757142202141,0.536374134759468,0.320688256484531,0.471470841109278,0.61107531532233,0.573698772675586,0.352513105754542,0.557901100229682,0.497571737943889,0.610443367203764,0.352059382548258,0.374514473390175,0.422981744429419,0.530501745397415,0.202125279485903,0.220010700855159,0.456134333115719,0.549732425630183,0.0887037187494631,0.347798284120447,0.557702012368094,0.455080865071825,0.56839072856219,0.406307272044793,0.254137365165762,0.000265798366326361,0.577229535460392,0.553848618672721,0.0134454925031898,0.339413883614133,0.585139052720641,0.392203120844833,0.558548352051657,0.434375807275366,0.531197217117617,0.515258150116025,0.494265853134865,0.563797324617932,0.553267007646853,0.479499915663429,0.479290125654278,0.572695052113348,0.585214142751545,0.448640309862547,0.542057988785558,0.62911634107039,0.373896481291291,0.569093959098198,0.474615290443304,0.574478462115376,0.0155268036129219,0.265310198884988,0.33347967428096,0.0408906447724971,0.414513542070274,0.566676646445592,0.0881967732654996,0.478459588125983,0.441697371332466
"3",0.286394130349235,0.0596467978129305,1,0.275693289071095,0.305609888865035,0.339439464100338,0.284104424981724,0.373729924155308,0.00899189484545199,0.275023545348412,0.404471031836957,0.366874767425778,0.382337275662586,0.293833431043346,0.186110210220876,0.272619544483875,0.424915543805326,0.452887983466471,0.444233862378115,0.4361920967724,0.419785015736533,0.333663512084118,0.391494263362777,0.0436966518494105,0.386207272051764,0.00287365185143368,0.459721467869678,0.391420419104445,0.399219605144998,0.371652858296082,0.391046785162591,0.402076085787011,0.337739012555195,0.345049240079117,0.423351666294398,0.243189792662699,0.21408605949074,0.307426382517954,0.0482547920001925,0.345155690465218,0.300897851879953,0.307256216829819,0.149498724123508,0.338489171904125,0.393025437152157,0.352420566439579,0.120298179440165,0.0750424432384822,0.0363123345800211,0.404820842595376,0.397873725222858,0.209614841850382,0.0372085296240487,0.314743720369189,0.380354247542394,0.410487569271788,0.356494375021044,0.471304453641799,0.442521572621188,0.465689819818735,0.397915184496296,0.399137650230281,0.409659240291657,0.351082895331938,0.347309709555476,0.332670894644157,0.324102313426838,0.297318429483613,0.317579769259215,0.324314782185245,0.312609459616798,0.197157777050079,0.337045930044219,0.308004549008124,0.341071091723864,0.317622963659766,0.244723277285717,0.407812931464747,0.351660299738294,0.111541443528071,0.394576480914078,0.433153672312973
"4",0.0889660400237804,0.0297153580444162,0.275693289071095,1,0.403366338910806,0.315703138891425,0.279487166128667,0.38628608275112,0.378542808412736,0.317604724050017,0.314815069769519,0.353162301376655,0.116673858740901,0.176916173629854,0.0172486935589721,0.436691450400566,0.453130978349574,0.394481698911329,0.609751726912382,0.560696324489372,0.622971512696533,0.380515919319219,0.427753070053435,0.25262127454321,0.359660354205517,0.100173137696673,0.404430681846073,0.376870735198604,0.378416418639888,0.451641434680241,0.45531982697953,0.41256274631475,0.275959414253974,0.137702058240314,0.587284110151909,0.111699287212135,0.333483968148157,0.459396318859214,0.287622792995767,0.510968849405223,0.495554486767467,0.737183233666758,0.207988240369478,0.333614510303335,0.515144312116096,0.230379744101197,0.0945749408802563,0.235356181992712,0.425330398437836,0.306603998524441,0.391380181461668,0.273620154583557,0.178377263966027,0.25171015820436,0.581395797914339,0.48245081765714,0.2204608334436,0.213713113734651,0.225836493451396,0.433044669168247,0.368446225457471,0.264936152260947,0.436177852921863,0.419810091108783,0.388331248371247,0.329355357127318,0.0352721004747694,0.211714860685977,0.294054361347386,0.0743096855206127,0.298022008966104,0.0404959538717435,0.419866327920567,0.677151297453467,0.522373774390943,0.314539427639996,0.367343833718413,0.345513015063203,0.293794998590884,0.289810960654719,0.477400439220691,0.507445805728989
"5",0.271469771832757,0.321558168863762,0.305609888865035,0.403366338910806,1,0.445360826795695,0.591109798375715,0.609150540997457,0.1477760326015,0.592621599948518,0.528175148054507,0.614815113064585,0.292522308329383,0.598956991339679,0.395694024926901,0.447633712264782,0.651126952869653,0.672551046618512,0.652485913787279,0.69386545119145,0.641312122308906,0.637809634374216,0.635555550058178,0.0646303292030332,0.523687729289135,0.357925727958711,0.62982840447904,0.655069703085836,0.648055189558596,0.619497292122461,0.655590424169756,0.610810877303494,0.593361018327316,0.3254022806577,0.624676632219337,0.307091114887507,0.427640544807758,0.517190502244228,0.0416403031252424,0.573085513876086,0.637004026765287,0.439972117116372,0.0750699426535978,0.547522614612089,0.643985852275466,0.487301347180764,0.244647466882615,0.0454719713433692,0.201331681734746,0.634747377138954,0.631261705824827,0.00980496072464987,0.217228648791404,0.535642976342005,0.590634698613166,0.660896774388118,0.587704345885547,0.562074504863611,0.525539529129063,0.616173731087827,0.631042100964414,0.64638242906212,0.628796271081112,0.516714279428602,0.618925745176382,0.593610717056841,0.373073074366965,0.431621474512435,0.611022096203357,0.361321382998685,0.552813639808762,0.252074269122085,0.637081644057584,0.403344062470852,0.509392390531058,0.257074276253448,0.203128243857568,0.569974937322665,0.522733959769172,0.21843627876599,0.641390175612035,0.677398420468453
"6",0.102046354018368,0.0150650293202619,0.339439464100338,0.315703138891425,0.445360826795695,1,0.339471881791568,0.414030487501589,0.119902502994189,0.295943275907569,0.392703594644075,0.338302453604791,0.291337634961551,0.378239135769827,0.183371964954077,0.221652909036871,0.386586717657514,0.409867935118137,0.423901876165441,0.456337154864278,0.386790062723598,0.302104118860853,0.372646455872993,0.00144868551252373,0.364255439917759,0.0149598102972345,0.358741611127714,0.386538919060533,0.382787635773784,0.417318003261474,0.392007636595536,0.42324054323127,0.310805216515515,0.284158864125716,0.462767423196191,0.144739287533768,0.196379984738622,0.290882581109054,0.132815566601811,0.286443974063347,0.293024253093266,0.439826071240902,0.074368033448764,0.337595028983106,0.398131863605305,0.243998871989734,0.101586750773915,0.126974210276972,0.0779099159164077,0.357935894644058,0.396634725968789,0.244888709942594,0.105149089522917,0.264109086938511,0.297419927173422,0.381540294602818,0.359183614440915,0.411333595093128,0.400284616300866,0.424898260550727,0.348183116256522,0.390782856208093,0.361430141883936,0.283235661796236,0.324298836687198,0.29019981905803,0.186329083826634,0.195360850086741,0.249978023834329,0.253698897588767,0.283644643107475,0.148466046678293,0.319943938802187,0.372529386439528,0.298595549344555,0.231146201036019,0.203433516712632,0.278148776548768,0.241346918170453,0.130032553157099,0.366665294160643,0.464253209004256
"7",0.464587113561154,0.572351384336189,0.284104424981724,0.279487166128667,0.591109798375715,0.339471881791568,1,0.733330689383848,0.186829846387383,0.837102800909182,0.728824417441866,0.848373259019833,0.440914091032239,0.702860677616539,0.68157350737384,0.624531497202775,0.828586069751331,0.823128802887063,0.773159484226207,0.803675791879088,0.665805220824335,0.836717984163379,0.844105164468747,0.0170021154796716,0.75384701478717,0.412181475915451,0.786009779175609,0.842512269579964,0.848813320796406,0.668145515890952,0.842584842459408,0.809253023080628,0.820528369764,0.505905291688712,0.704972180485626,0.535988401281201,0.744481015693767,0.498284307247116,0.00201320759920258,0.757357747412509,0.80531621653706,0.353008869942695,0.290504890711354,0.80664731218607,0.780023013119698,0.711049571397799,0.524900722940576,0.0273673555564735,0.144726026238836,0.807635286659457,0.809376017166531,0.0775326726139284,0.329196651077217,0.780073255086488,0.73537621466631,0.848519334115794,0.656453910225713,0.782491698329897,0.781414871481847,0.792864719662088,0.826176320757185,0.805769365177714,0.81459851190147,0.733163256658787,0.840404398352446,0.817336118661246,0.507978752583404,0.72866024252247,0.83161660772166,0.511768352131838,0.786932084705992,0.548623050043856,0.834535955587686,0.376871213002365,0.530175757986478,0.470146580203234,0.273793870799069,0.642813885718329,0.825693277984586,0.267659130768814,0.802691658553249,0.802585843962557
"8",0.364380906451434,0.426521693251992,0.373729924155308,0.38628608275112,0.609150540997457,0.414030487501589,0.733330689383848,1,0.238447665468091,0.736157360263934,0.730200486140394,0.788292589111455,0.424201097764363,0.662855267667702,0.582946768684247,0.591282499891043,0.795389183491129,0.79388822186742,0.788329524552709,0.788493688973509,0.696039953837011,0.77543754092904,0.809318514131974,0.0733749305780755,0.69333890788689,0.315065082838967,0.741674900923074,0.790601295644081,0.81771818550461,0.682010943934369,0.81188031661844,0.79573405157902,0.766236875854868,0.424649670121552,0.729628388384531,0.482905367975296,0.667607629822325,0.528012644554892,0.0839150838924035,0.721156600616271,0.774103854105597,0.441396337400214,0.193702288703013,0.758131239528993,0.780565903596663,0.687030509982678,0.428762712412329,0.0305515505350618,0.224173581606176,0.763598592985238,0.81485577935476,0.0714666857043691,0.294035104898243,0.695883845483519,0.72195738619458,0.821683466590964,0.606037432463364,0.752425108409659,0.731449105330147,0.758770173624515,0.787497901232616,0.749798243656084,0.805223464821981,0.718872078444973,0.785110000432522,0.768086179910299,0.466752662017793,0.689955538356517,0.737966293152516,0.475542533066392,0.731230096556593,0.401523459561696,0.780565074701959,0.462404641594045,0.593503891297044,0.447580515937611,0.214859239905729,0.60703032277879,0.742659324526165,0.309178274629146,0.791929482355569,0.806333318542833
"9",0.0364560335513278,0.059389032488859,0.00899189484545199,0.378542808412736,0.1477760326015,0.119902502994189,0.186829846387383,0.238447665468091,1,0.16669752475991,0.130465910817635,0.163548704816493,0.0336386573473218,0.0128157177252488,0.0107638006026161,0.271039752462187,0.21508207627538,0.131581688718066,0.287542133350505,0.258773243778927,0.263825366634564,0.166716988919101,0.225674949884223,0.201067437765146,0.205028955365323,0.037555287893742,0.136811736330939,0.135925808009094,0.168928081519796,0.185911798518294,0.204223877499267,0.209073566596406,0.100535100842161,0.0521358432856524,0.299856884283918,0.0529525249035634,0.263030792227801,0.192911275282928,0.213948835420866,0.251666560786125,0.281484947477484,0.455812809392959,0.127624621207169,0.18662325948813,0.28203878720463,0.0751205739341765,0.0194989703757666,0.262560033811831,0.288159789752325,0.115934477208547,0.151146817010092,0.310732199076048,0.074745065495082,0.102139000835289,0.283955585455235,0.235420256621498,0.017165628761549,0.0485201109111393,0.0616298047139651,0.162000416931622,0.161352424484427,0.0604268709099689,0.237256087232303,0.249782525764176,0.218403250054812,0.173589783295002,0.13067203703765,0.13433324908174,0.138448599826897,0.00136687282275099,0.164700555826814,0.0888644574615873,0.192539498649571,0.361005668948078,0.238573763271633,0.182144388782857,0.169202586207023,0.139117225444532,0.172524352352545,0.210578647211987,0.24294666589927,0.261268134697576
"10",0.488043020641351,0.581815218186653,0.275023545348412,0.317604724050017,0.592621599948518,0.295943275907569,0.837102800909182,0.736157360263934,0.16669752475991,1,0.778529704415505,0.896047676126385,0.479916338337242,0.721856227480443,0.724542006590947,0.684685611409489,0.898752393647605,0.880645131578644,0.827193273729038,0.837459118385981,0.717145798469461,0.908325182025379,0.904025781048004,0.0549591897855955,0.813864391900594,0.430937939882104,0.823820511690246,0.877143062454259,0.887383760795458,0.708802801703026,0.899533039641622,0.839336113416488,0.882281825427718,0.522286177651917,0.766013908033559,0.596665659104593,0.781373606006611,0.52707891505173,0.00703017015331537,0.816694208379906,0.873225714942576,0.351503057207054,0.314216545914429,0.865091786066347,0.816733207298623,0.805035745329608,0.500684825984599,0.0391451883996983,0.128716110249789,0.854629640483953,0.874682832146561,0.152521083709991,0.345912799821959,0.83580802689275,0.812483812802662,0.895481652752766,0.689495283449295,0.806602221268723,0.83192751392266,0.837388485795222,0.875099979574162,0.856687367526361,0.872696288907955,0.805437403878057,0.896962800296287,0.875286615467702,0.554956250032901,0.80030766401697,0.877355016337876,0.548159363329499,0.828406826680951,0.557519619924753,0.877796158271729,0.398557898309139,0.574506419050182,0.525889093511773,0.274492928065735,0.645779920383534,0.893519488297333,0.267316109828176,0.853747410522956,0.828996028840342
"11",0.427415202993229,0.446234373525553,0.404471031836957,0.314815069769519,0.528175148054507,0.392703594644075,0.728824417441866,0.730200486140394,0.130465910817635,0.778529704415505,1,0.828488567777008,0.540134707071889,0.697474370947164,0.640946736068132,0.605992796213709,0.852514192397543,0.855316513523413,0.782072259830175,0.794595990490088,0.753407800386723,0.819723504822215,0.834318724963336,0.0233405782462049,0.744035186925524,0.372249537997699,0.785616564645796,0.810156136217045,0.839117600058501,0.762863683244695,0.827646497054441,0.83864172161906,0.835603848574824,0.495659124112994,0.684876647854674,0.467440766813802,0.597719434093333,0.588272558844169,0.0463907129985463,0.740927708343813,0.773706539865182,0.334537906361525,0.353101604665058,0.775825343311888,0.752903880755467,0.762002443655691,0.474465657352428,0.0881411187445549,0.0980381910664839,0.837133122182794,0.840095243974298,0.0530724281484127,0.244731762185521,0.747713124342952,0.75261741939073,0.835213681791931,0.68245136463993,0.83540162627618,0.818695851468342,0.8251927808582,0.828443961346289,0.828961761190367,0.864822367065791,0.769393080722068,0.811006711344074,0.793621272161121,0.577676062020284,0.781001443683665,0.783921601984295,0.572293330434113,0.765794671665485,0.512344796146321,0.774067987512685,0.3664044171944,0.572714818464797,0.488366113967266,0.1670002156265,0.653008590639935,0.770338136401663,0.247986073987779,0.797368396601961,0.779910531096731
"12",0.471347726765923,0.59332881751976,0.366874767425778,0.353162301376655,0.614815113064585,0.338302453604791,0.848373259019833,0.788292589111455,0.163548704816493,0.896047676126385,0.828488567777008,1,0.519933976884304,0.75897454850097,0.738462228494596,0.695447291319753,0.923023185746834,0.916570101948827,0.860867868090689,0.881269567754697,0.760412621971145,0.925978294224257,0.938355829422435,0.0588455023993476,0.833285381094168,0.44008978232248,0.871740030773424,0.916344421286951,0.938241851077919,0.761924474466928,0.930755386683828,0.892260666225644,0.909386110373703,0.536794105231618,0.780991223395776,0.55178359799484,0.776053461452063,0.562632361301389,0.00936734293737372,0.829596221880653,0.896071168517437,0.379781044017957,0.344027772292052,0.877963085353172,0.848101686389527,0.822556253478237,0.521918670601105,0.0758852903765984,0.202394901109284,0.895053658824207,0.909016469140503,0.127154704534322,0.344823449900979,0.85305804996326,0.823871522281827,0.935281619959948,0.709822945728062,0.852062511432727,0.858031321903926,0.896831239947968,0.91081293535343,0.886449279251757,0.903730356089552,0.835671158745037,0.918023819590362,0.900860120386434,0.581272531540252,0.820734325551576,0.899701431869628,0.597849039914134,0.860709177751758,0.551503980536178,0.904090677031504,0.436345725370596,0.618618192749892,0.558294602448422,0.209182646033172,0.707606577128522,0.885615367835311,0.300860795417474,0.881609404217301,0.868309972983608
"13",0.390037315189779,0.247741703258255,0.382337275662586,0.116673858740901,0.292522308329383,0.291337634961551,0.440914091032239,0.424201097764363,0.0336386573473218,0.479916338337242,0.540134707071889,0.519933976884304,1,0.530745868533222,0.45411679633304,0.333189682127886,0.533917869247191,0.571106154440677,0.457923555400656,0.482200602132878,0.448326759273671,0.508240515508173,0.539949532880863,0.0174000825909726,0.523200885295481,0.147523120465972,0.553189664498274,0.564245711912254,0.545465878096471,0.470106584888682,0.543614052798157,0.551962560938981,0.543466176272388,0.32130446616422,0.444444653633157,0.303254608102004,0.307274341650047,0.343951228325224,0.0497373599412732,0.460112977214214,0.452463223305665,0.113304860840317,0.329931650026895,0.512438938887494,0.455933944212097,0.500657021235405,0.346736883155945,0.08283263639619,0.1266455854076,0.550541983949021,0.548764299071671,0.106189464491805,0.0644066750942157,0.503619575607918,0.440962817838895,0.507742060626641,0.499244487084887,0.610142152021599,0.621369427748782,0.5504398646726,0.524294956835462,0.586281832601052,0.527189205499244,0.450698360582062,0.486810444291917,0.504049389165201,0.474335945916695,0.519056877826222,0.477991257947144,0.425881388688337,0.483612582354398,0.428196233228889,0.46403707988443,0.212859470438403,0.395167552178064,0.372210131783709,0.117805410502916,0.400702517096053,0.464828042056765,0.108155081007351,0.462103557122507,0.458042797504944
"14",0.394590305779715,0.465975650402724,0.293833431043346,0.176916173629854,0.598956991339679,0.378239135769827,0.702860677616539,0.662855267667702,0.0128157177252488,0.721856227480443,0.697474370947164,0.75897454850097,0.530745868533222,1,0.65658811833884,0.469621023994102,0.743566128657958,0.779219958387032,0.66245556572877,0.708317498225366,0.5924148933183,0.753721157979635,0.738310839235874,0.0683578398237006,0.654614788271802,0.362417870797636,0.729231543431675,0.77359110409474,0.773757578701417,0.648733564592782,0.750733239819991,0.728310123416194,0.755754440053796,0.471750007805369,0.607542303729688,0.437009087694446,0.519622082814748,0.484235101244765,0.0272360526052605,0.596925623673765,0.685758763816237,0.217007238633325,0.366330675036388,0.714936591507238,0.676710686184246,0.661162033495389,0.459089413966011,0.129776541213594,0.00193224194232492,0.753991934252897,0.771170291436402,0.095192889288334,0.231761377607366,0.680626721048306,0.611919137231545,0.724967391314577,0.706858280997783,0.751096056534068,0.741378108442228,0.71753785265143,0.734508536247409,0.785279690872082,0.73326449036076,0.60368475353821,0.719553413181228,0.739649671782232,0.576944327527588,0.672188860198366,0.724916008898393,0.511535591695074,0.667288147370542,0.48598846358617,0.706066418180856,0.23719147809113,0.444438442768851,0.397524327413559,0.1355530408146,0.593025032785026,0.670324141426312,0.213947553494656,0.670708230725245,0.695148243677282
"15",0.409771761784747,0.58252890503771,0.186110210220876,0.0172486935589721,0.395694024926901,0.183371964954077,0.68157350737384,0.582946768684247,0.0107638006026161,0.724542006590947,0.640946736068132,0.738462228494596,0.45411679633304,0.65658811833884,1,0.48324833082862,0.690930640572016,0.722608224685184,0.563666429112898,0.616589210931932,0.465960835479101,0.736986081369527,0.71435388522506,0.0701811973890442,0.646078905758485,0.447734497817254,0.660904180120828,0.725739078692339,0.726015435363102,0.543019125743065,0.692289069172199,0.680901593998086,0.751451074206101,0.466468508474928,0.476738204543955,0.550966436776713,0.59892926948733,0.36961283911189,0.110735678676158,0.594439571336547,0.674140849193032,0.0189682047391988,0.426984833126131,0.723244720517125,0.597128291680275,0.696456053528557,0.516611775922163,0.162924609896147,0.0245915176252628,0.742776539355825,0.71297033722214,0.0767890987227038,0.255014642000619,0.72331274592302,0.558405599055675,0.701154587940847,0.582895775487467,0.717530137798148,0.711617449075214,0.6811346754857,0.716560592947216,0.746142595172887,0.693082056541276,0.631906171729712,0.710807155511555,0.731347590173491,0.582803581936404,0.707326924841107,0.74356649446243,0.496872074375116,0.716033262463268,0.596461089862274,0.691605138730748,0.0713815006587944,0.37119216259747,0.393301129777669,0.0889529789192827,0.535276457064263,0.705487213123883,0.130626458479812,0.650209020038089,0.614457490960426
"16",0.349950651150549,0.384564877481749,0.272619544483875,0.436691450400566,0.447633712264782,0.221652909036871,0.624531497202775,0.591282499891043,0.271039752462187,0.684685611409489,0.605992796213709,0.695447291319753,0.333189682127886,0.469621023994102,0.48324833082862,1,0.731934794707894,0.699779711286947,0.728734934925896,0.709151972510142,0.654734322671541,0.704935016781568,0.721284895418728,0.120788219227092,0.652114073873509,0.348005655892389,0.649418470096145,0.670573120132959,0.687501913304742,0.631025173499309,0.714672385720977,0.681093076626658,0.651096257711113,0.386091130349632,0.661628048724844,0.403254748715907,0.604136193297888,0.486874396574307,0.0785874525091277,0.691290004091631,0.737127505532386,0.439303686284668,0.152928205386694,0.661736952124864,0.699010944896851,0.595133023312253,0.270141315982866,0.00872457582173403,0.200623784966295,0.657217649955236,0.683806307996308,0.255649660796644,0.31430891045449,0.609523390261304,0.726702087828519,0.735023515223684,0.528035354336777,0.608487629838013,0.58366858443963,0.675796176078445,0.686506553503594,0.63045723486139,0.723604272449997,0.682773317825813,0.720194546689438,0.678639957377027,0.356705476745685,0.64363062424923,0.672285611853064,0.410435486494148,0.677841358199255,0.353436944278317,0.715153057837951,0.451894046649,0.535005598705113,0.436626944245391,0.232576608151164,0.524754864149989,0.669291965290262,0.270735629273915,0.699987330136041,0.696866533760159
"17",0.504183182805606,0.499280777784405,0.424915543805326,0.453130978349574,0.651126952869653,0.386586717657514,0.828586069751331,0.795389183491129,0.21508207627538,0.898752393647605,0.852514192397543,0.923023185746834,0.533917869247191,0.743566128657958,0.690930640572016,0.731934794707894,1,0.956790750892586,0.927964009524336,0.921192284129133,0.848716468416257,0.945177324079944,0.951645853460395,0.0644541296154927,0.856066623674753,0.456185691273039,0.910996915998794,0.906476250170003,0.928376904444928,0.821361252999762,0.948151203981994,0.91631224318108,0.900961029738948,0.576887643372729,0.82744420501216,0.551426687301201,0.738519787441419,0.648021480978518,0.087702637092975,0.867052170569786,0.92427527471119,0.472988364741567,0.308892922337324,0.894353436437368,0.883257436140575,0.8246107868958,0.475258602856724,0.00292807423372204,0.164624156965816,0.918008481800769,0.919819670867854,0.171350107547643,0.344912832858027,0.85316958240295,0.909410809466666,0.953597406622254,0.761634825360013,0.86355344075181,0.872123618246968,0.919759834985965,0.930329497375248,0.905569737083468,0.959190815591876,0.88016471757952,0.930795246250672,0.905320027859373,0.584664953140466,0.826618485028456,0.894532870312541,0.562466946805127,0.849129181165061,0.539058673116413,0.906440789498219,0.508920878002151,0.681731368879462,0.562245345471004,0.314948382741548,0.734933417747827,0.900656507350666,0.332869291621755,0.919981273054035,0.90198524550166
"18",0.500834788299103,0.530901016968452,0.452887983466471,0.394481698911329,0.672551046618512,0.409867935118137,0.823128802887063,0.79388822186742,0.131581688718066,0.880645131578644,0.855316513523413,0.916570101948827,0.571106154440677,0.779219958387032,0.722608224685184,0.699779711286947,0.956790750892586,1,0.890060607004025,0.898630562862724,0.831144855034611,0.93065614534665,0.932520462215689,0.00973358768605138,0.846671028627456,0.476826330063435,0.901711960559813,0.923090413800185,0.931180397170417,0.826981658760317,0.933546421662546,0.907625171335402,0.914885170088763,0.580996081124233,0.790481712010315,0.54516125102699,0.6857143048803,0.639917019967546,0.0320983366615092,0.824115292722289,0.887061327410751,0.398982482758402,0.339012939856231,0.875923300629203,0.875252532722123,0.833343779498297,0.490966075255256,0.0440500236594644,0.0947132523774106,0.941641764821935,0.921329457762624,0.0864035594447265,0.301274976596859,0.838630332457811,0.855615596384347,0.934539625513529,0.782474450691019,0.88977336425615,0.893352320770615,0.920221972130876,0.930357912901511,0.935419156622109,0.940546869601181,0.856278283806736,0.917095722399027,0.899311499635695,0.647224144021114,0.824188888901883,0.893276779954271,0.602910769453742,0.840509896735648,0.566853831075649,0.895005121665966,0.438510297094795,0.664459669879184,0.531052545780735,0.291473544415222,0.740689891901274,0.880374601819793,0.277961956125169,0.904733157793303,0.884068430196605
"19",0.428977388671438,0.411641071790014,0.444233862378115,0.609751726912382,0.652485913787279,0.423901876165441,0.773159484226207,0.788329524552709,0.287542133350505,0.827193273729038,0.782072259830175,0.860867868090689,0.457923555400656,0.66245556572877,0.563666429112898,0.728734934925896,0.927964009524336,0.890060607004025,1,0.922023019054968,0.871553975801804,0.881387373279566,0.907745096342703,0.168208347347718,0.804723083392579,0.340070618932689,0.856312321271567,0.855407391757737,0.880743558477853,0.807713437242935,0.919973888698615,0.86603799589978,0.817287431977249,0.488326229821883,0.880056028237201,0.485260664038833,0.726558826910206,0.637565258197411,0.134704622954205,0.864715033946109,0.906108952891946,0.610155079886112,0.190785678202772,0.83151959095842,0.877969911818194,0.738350461301693,0.350044634547161,0.0646411949072219,0.310635311680965,0.823382831052944,0.882938896313005,0.174180639954926,0.363902353877935,0.761243401362962,0.912777896473031,0.924732818424875,0.671568545392683,0.780455117552443,0.785720525144243,0.869692385634208,0.867824398210749,0.79274853818653,0.904306314629451,0.82685856730995,0.870456877446559,0.837835323470797,0.452042508937954,0.725414033048015,0.809693261178687,0.492172778415874,0.782797503059185,0.430857888668073,0.876663856936136,0.627810976663007,0.713659569144364,0.566581772764569,0.342348748861013,0.707018715697986,0.825897399604046,0.36572646589791,0.890702330499246,0.888511324381766
"20",0.447876224242047,0.446830154366869,0.4361920967724,0.560696324489372,0.69386545119145,0.456337154864278,0.803675791879088,0.788493688973509,0.258773243778927,0.837459118385981,0.794595990490088,0.881269567754697,0.482200602132878,0.708317498225366,0.616589210931932,0.709151972510142,0.921192284129133,0.898630562862724,0.922023019054968,1,0.85034529804114,0.892349341306619,0.915933267516448,0.137511041326358,0.808962992481558,0.370938854050977,0.854271746116483,0.894594418575765,0.897123168239243,0.782054486352613,0.928381679780958,0.870896402545044,0.837324380203962,0.493718045943437,0.866049764604888,0.491612755864311,0.724001467246485,0.646645781319284,0.109743620235292,0.854046149567283,0.908697413620829,0.571148180992616,0.219758116186961,0.836003212601418,0.881453939635178,0.747535604939226,0.400423797519042,0.00904893876408325,0.271574031617757,0.849225476739002,0.889439484164106,0.135949295113286,0.357534558483168,0.788846623383982,0.882234067148676,0.929614921224332,0.687445635686979,0.785260404750353,0.792956435078952,0.878203956508019,0.872352080162652,0.825705483041893,0.897287442778539,0.81918180389535,0.883742296384241,0.851061591458421,0.493411248484439,0.731662315931728,0.832419326533358,0.486636614420694,0.793356304676436,0.448714035552592,0.889703569133859,0.581510040726844,0.673877568990283,0.573165552962506,0.311630981694793,0.70290645731537,0.82181223727256,0.344527023541881,0.891990844033663,0.904409256842517
"21",0.371337596900497,0.311016304720043,0.419785015736533,0.622971512696533,0.641312122308906,0.386790062723598,0.665805220824335,0.696039953837011,0.263825366634564,0.717145798469461,0.753407800386723,0.760412621971145,0.448326759273671,0.5924148933183,0.465960835479101,0.654734322671541,0.848716468416257,0.831144855034611,0.871553975801804,0.85034529804114,1,0.81664916547142,0.821357361380015,0.105812379764851,0.695889275780492,0.392288269167998,0.769634619784324,0.771473743161447,0.789384857986865,0.791317415644364,0.832939342230996,0.786869235448022,0.752345777409208,0.404575084565002,0.781634305483391,0.394820583598031,0.530937998029011,0.725825930493757,0.178504211285015,0.782681650514241,0.831715770601697,0.585378105148329,0.14751156439078,0.714808018062311,0.811020667688908,0.657126268615478,0.299935437410866,0.05810859944341,0.220995150498466,0.766594679299139,0.791883963762373,0.206309963048339,0.27207892642408,0.678737771132302,0.843455991060441,0.824737108453997,0.635875501281513,0.67751186174074,0.686768687850725,0.786606394663423,0.78609933526632,0.746076934658526,0.860661422260171,0.760016346606731,0.777209309899352,0.748173851308759,0.448163998514366,0.650839455438261,0.729307463301296,0.428321341413498,0.696590736484395,0.360649461360857,0.772258788942354,0.594786591492661,0.71723178575681,0.488020243725178,0.313650477002469,0.658964929959179,0.703621948563784,0.334778453236177,0.841409644224433,0.805067328518236
"22",0.50774043193091,0.605136430052867,0.333663512084118,0.380515919319219,0.637809634374216,0.302104118860853,0.836717984163379,0.77543754092904,0.166716988919101,0.908325182025379,0.819723504822215,0.925978294224257,0.508240515508173,0.753721157979635,0.736986081369527,0.704935016781568,0.945177324079944,0.93065614534665,0.881387373279566,0.892349341306619,0.81664916547142,1,0.950444588870851,0.0781707519248789,0.842648386320848,0.492888815411124,0.88099612265365,0.926065509480058,0.933815492322633,0.7722815501387,0.948017144324298,0.881821053321341,0.921648932293712,0.501253408330388,0.795237745640141,0.571882656222412,0.747975307437232,0.607578909621692,0.00133559705852084,0.850659219242383,0.939979021845444,0.371718102512707,0.335187111735849,0.89349396785796,0.866275047526132,0.827664948019714,0.512738299593786,0.0715394678882744,0.147176203465556,0.90972497165308,0.925710305121539,0.169412899860724,0.378430507035472,0.873848183604769,0.874980613695362,0.94219455149173,0.735502126564653,0.833877690883029,0.843382110243982,0.882910692064702,0.920900838090903,0.896287097773512,0.931299261259252,0.848576915835189,0.92565168886988,0.921197232291641,0.612642757214012,0.836372376746475,0.914501133891897,0.541177413540569,0.864538936613319,0.55781272958416,0.920273997760644,0.433531013438404,0.654002947938098,0.54728445753378,0.242054839305608,0.711437152481139,0.885897394599475,0.292851160196588,0.901085918220724,0.86657066141442
"23",0.498435271718712,0.579108173823535,0.391494263362777,0.427753070053435,0.635555550058178,0.372646455872993,0.844105164468747,0.809318514131974,0.225674949884223,0.904025781048004,0.834318724963336,0.938355829422435,0.539949532880863,0.738310839235874,0.71435388522506,0.721284895418728,0.951645853460395,0.932520462215689,0.907745096342703,0.915933267516448,0.821357361380015,0.950444588870851,1,0.12823986463243,0.861775158948589,0.410462475079054,0.884877002265221,0.931528492681437,0.947393292950765,0.783533709194897,0.964502798766441,0.917393693719638,0.91420092505393,0.537229241413289,0.843437407860072,0.574288087435936,0.774424049776535,0.605832539949909,0.057492129590506,0.869919355725251,0.938202482157969,0.437312759517791,0.307885790783318,0.901725572841798,0.890922262277332,0.831165094593832,0.501954053207795,0.0340504674050369,0.198711008148371,0.902768131827821,0.937763836042132,0.149462343127657,0.367465717394731,0.872581997490748,0.878151168836103,0.963199177077601,0.710143293466713,0.856284297590463,0.871327377749809,0.905310861327083,0.915451883206294,0.887593572784701,0.940075107757328,0.86956089185794,0.940992962948562,0.912233362398796,0.572640719310164,0.833243422122683,0.897019338239377,0.564522791136843,0.863185907140569,0.548669817342822,0.920416957412435,0.486408582580697,0.661050452764652,0.605959155459742,0.284050240675715,0.712965448780431,0.895959712943373,0.303432141681934,0.914549324787087,0.90154155120856
"24",0.0629655448151142,0.0257757142202141,0.0436966518494105,0.25262127454321,0.0646303292030332,0.00144868551252373,0.0170021154796716,0.0733749305780755,0.201067437765146,0.0549591897855955,0.0233405782462049,0.0588455023993476,0.0174000825909726,0.0683578398237006,0.0701811973890442,0.120788219227092,0.0644541296154927,0.00973358768605138,0.168208347347718,0.137511041326358,0.105812379764851,0.0781707519248789,0.12823986463243,1,0.136294004320177,0.277790395196895,0.0724144918456072,0.049049148632112,0.0528074276455094,0.0578745051943096,0.140848621024944,0.0759934123194636,0.0049921913698161,0.0889902635805397,0.27096979788421,0.0687902990823816,0.183732035190984,0.01543671368238,0.117242498011777,0.202898416783695,0.179503735510911,0.245304402103032,0.119998335136335,0.0796239023357586,0.117503244124388,0.0359972287514368,0.00390125839205807,0.0976811687502554,0.177351605648914,0.0633089957994962,0.118125039259176,0.00916169113590245,0.240067603513887,0.0622611509523203,0.177232562351264,0.131751948385664,0.110239703977516,0.0461122982981887,0.00741062821194565,0.00940106341490513,0.0176253239420223,0.12722476588888,0.0309802909676836,0.0755221731561241,0.068990055044191,0.0816609273575694,0.142811595579111,0.0295506169267389,0.00488184631230805,0.0582850119107667,0.0831114497796251,0.016834623050791,0.0971764902623229,0.261460968345548,0.133399375295974,0.328883632106929,0.116058783110315,0.0444092574644063,0.0447994320317316,0.0798984038300535,0.0659376587624225,0.107834014708282
"25",0.498101530764671,0.536374134759468,0.386207272051764,0.359660354205517,0.523687729289135,0.364255439917759,0.75384701478717,0.69333890788689,0.205028955365323,0.813864391900594,0.744035186925524,0.833285381094168,0.523200885295481,0.654614788271802,0.646078905758485,0.652114073873509,0.856066623674753,0.846671028627456,0.804723083392579,0.808962992481558,0.695889275780492,0.842648386320848,0.861775158948589,0.136294004320177,1,0.300969617511039,0.818618506708956,0.844872166297777,0.83231619283226,0.662127682814933,0.850378247179778,0.817640067927581,0.812198345606792,0.579372698456597,0.76978190508064,0.544067327640793,0.746173535924838,0.47747206916767,0.0851976023281382,0.781666882664158,0.824047868043582,0.429076079799735,0.338291755045978,0.846381329025035,0.802067109132269,0.751507436403616,0.480137835091368,0.0322095430494428,0.125171227483071,0.81073255123343,0.831247582167266,0.102340336783497,0.330942609505736,0.784098792484547,0.763470974594808,0.856890404390331,0.641668881577566,0.789404174290019,0.823171706328708,0.833396584025859,0.823243711942553,0.812843777757156,0.825199612887916,0.790392030125004,0.848798000019067,0.814895634413304,0.500788374359031,0.748297780621025,0.785156821238043,0.48588461456756,0.785734681758232,0.532937296901362,0.833076875069468,0.447413649654473,0.580671888741502,0.592785080571586,0.309743368679858,0.59689418693463,0.820006259674985,0.252899461379935,0.814943704853866,0.802819774095704
"26",0.221111041010466,0.320688256484531,0.00287365185143368,0.100173137696673,0.357925727958711,0.0149598102972345,0.412181475915451,0.315065082838967,0.037555287893742,0.430937939882104,0.372249537997699,0.44008978232248,0.147523120465972,0.362417870797636,0.447734497817254,0.348005655892389,0.456185691273039,0.476826330063435,0.340070618932689,0.370938854050977,0.392288269167998,0.492888815411124,0.410462475079054,0.277790395196895,0.300969617511039,1,0.425186786765065,0.421362448159656,0.428330611857678,0.401735010937976,0.40558367793512,0.424596197904828,0.490152474784073,0.180878832868083,0.170341966573509,0.263064441644272,0.262339732818678,0.373594719512421,0.0839746436118056,0.371998036076656,0.441254077363868,0.0563326699222381,0.138687365981365,0.417577048199542,0.389316929967378,0.4017626380526,0.29310240623584,0.102419615066952,0.0246182486066312,0.515916139043918,0.376159764691512,0.342973707393832,0.127871748476411,0.415573949558409,0.408316505304597,0.418791876837253,0.401290740914177,0.369825770804679,0.318965829195623,0.442312419621253,0.465837213080452,0.524996059022522,0.460933977580832,0.445198165108757,0.455214142858561,0.473589148450335,0.425498948324322,0.47240208638294,0.51850658370636,0.235015218814938,0.440758684380237,0.301772737392641,0.465320416215916,0.0910451240873461,0.272545947032614,0.0511970987302608,0.0758275849921284,0.357307613592763,0.434611836970417,0.079932539750075,0.43696798023024,0.38034032239949
"27",0.504884120566155,0.471470841109278,0.459721467869678,0.404430681846073,0.62982840447904,0.358741611127714,0.786009779175609,0.741674900923074,0.136811736330939,0.823820511690246,0.785616564645796,0.871740030773424,0.553189664498274,0.729231543431675,0.660904180120828,0.649418470096145,0.910996915998794,0.901711960559813,0.856312321271567,0.854271746116483,0.769634619784324,0.88099612265365,0.884877002265221,0.0724144918456072,0.818618506708956,0.425186786765065,1,0.867840691954277,0.870225039257228,0.728370307698923,0.892879876180983,0.866434014349411,0.851061112420954,0.522940002166511,0.773759189211603,0.5209793038357,0.670491056300084,0.575760274089009,0.0681988652214126,0.815628974032304,0.854732914191615,0.407166969552815,0.26068107329303,0.849025705724603,0.823327417028803,0.770923704381596,0.473599329746753,0.016683310595567,0.110157293479856,0.861998001276742,0.866868238062623,0.0745912659002816,0.326719207131664,0.804497516028876,0.849800103182622,0.893846975037114,0.735509302600718,0.828680250806878,0.832928126115508,0.880194538507223,0.871555966783568,0.86704554938042,0.877867143678144,0.799454566567898,0.866111486969593,0.868193643894998,0.601708734658547,0.774234130089043,0.838735872940472,0.573824017987275,0.809161694086764,0.538896817340379,0.858835686571226,0.482385745662031,0.644000496789557,0.540736772731019,0.312651887980235,0.725221003166885,0.838441908588828,0.268484014678238,0.841846204973276,0.837282666247482
