"","1","2","3","4","5","6","7","8","9","10","11","12","13","14","15","16","17","18","19","20","21","22","23","24","25","26","27","28","29","30","31","32","33","34","35","36","37","38","39","40","41","42","43","44","45","46","47","48","49","50","51","52","53","54","55","56","57","58","59","60","61","62","63","64","65","66","67","68","69","70","71","72","73","74","75","76","77","78","79","80","81","82"
"1",1,0.232870877306383,0.218343912135704,0.511341898537555,0.396761939212504,0.0770704078567579,0.133112774988992,0.201372439738373,0.438515140756872,0.326448399176181,0.649091861026743,0.575960972731619,0.504873092891195,0.463094576887322,0.263334346714096,0.152495479236501,0.677843246602305,0.603697996005063,0.650339091374066,0.64284089149412,0.460310063242207,0.614658263043842,0.626204409586834,0.369394943443812,0.389405937632821,0.308536123291465,0.486007223158807,0.633358322216185,0.614925726144963,0.590195003858574,0.649752990740269,0.602428218231502,0.580075710299645,0.555290998127866,0.453902665053003,0.117547829571214,0.0302227567989979,0.437105809581731,0.170430898853365,0.502384821466114,0.640488699875745,0.318904275099384,0.436202618282366,0.614782952078908,0.553377237600971,0.476714725837911,0.193118512653766,0.301511795345333,0.44661779552491,0.616231534369727,0.60274228495043,0.177470348849989,0.39191544745778,0.591139394111635,0.663591831140931,0.646778051423519,0.581246544686371,0.455754323936453,0.428386520124744,0.484717563151069,0.685670600222051,0.528814998584081,0.590070416940686,0.348463834566824,0.618388666815539,0.557833240225686,0.286417715334106,0.518421342867844,0.416562961109324,0.275048503638529,0.331872110449434,0.592087587100355,0.239381092462526,0.203711623521509,0.561294235678345,0.278138535545924,0.0239650077502123,0.300937988481359,0.343653672686373,0.262758935434551,0.320112966890978,0.562612151313328
"2",0.232870877306383,1,0.0327898461246345,0.0512128564069564,0.275612708293831,0.0114053713323058,0.419056439622369,0.395042017733432,0.350243547179426,0.424857673972429,0.407495256477986,0.398707087821213,0.489888027224869,0.270216722890987,0.383105698852318,0.0291199326367554,0.412579728417611,0.454995075144591,0.429502567742651,0.38194518457827,0.230441551224891,0.487714109262159,0.449731460209924,0.357500090089827,0.310412907354386,0.322094655248154,0.26909230190228,0.532459754498611,0.382096388693745,0.407926923473539,0.436647552210379,0.330469150108535,0.341315465966162,0.297222691313252,0.366553423063003,0.179801531851137,0.418019549496793,0.0965081151776258,0.00907122343806123,0.31700321496959,0.429509235897382,0.477253634210118,0.213892596610591,0.340348848754164,0.362730076062331,0.497115154519371,0.259603622222026,0.307227204384674,0.317451064056841,0.473806752436877,0.467673299601976,0.155940795957732,0.0863846392356579,0.358259940296604,0.319961027405173,0.405548277376668,0.226332155945764,0.329118430314702,0.26798056697655,0.345962267987733,0.281055174637867,0.329745857426299,0.339266223955899,0.18111425394311,0.313748836614059,0.431429504437004,0.10572815031021,0.246224873155971,0.519548032925828,0.0801094429118895,0.0878945624932772,0.316161366688777,0.405770274369636,0.296186067436867,0.358195895936212,0.229733182810229,0.220551297980364,0.0880961614577607,0.459388559033457,0.177795309821176,0.498654994427059,0.347396293778363
"3",0.218343912135704,0.0327898461246345,1,0.274099802928788,0.18929332214819,0.285355321546443,0.0266530848900255,0.0122461493622113,0.219254722907308,0.0981278771752453,0.203589847923312,0.281966892261689,0.168331560849955,0.248814712864762,0.0830332335231282,0.136681426080686,0.312603563056219,0.230156926560536,0.223618113718674,0.233824220547148,0.228114603030269,0.202502488737348,0.227421386911828,0.0966211111864155,0.173354507446985,0.187173472347198,0.178529715215489,0.225258863036039,0.243807930463162,0.211884531276577,0.246077950465521,0.218175733359109,0.28040256198451,0.213454610778068,0.118498891862573,0.0479109328382339,0.0934073840510817,0.237670458024743,0.00772365467667798,0.0352979069588416,0.178318770545087,0.0810202622816262,0.224012006618217,0.186080832191056,0.261014258695312,0.0897890686393523,0.10045992892081,0.0196215931807803,0.273494734661518,0.253177719504599,0.263550769431176,0.222693865299617,0.10414217994114,0.195559521847919,0.202530470308289,0.229927179303874,0.248136517836811,0.251749921029931,0.288312388608988,0.210432475955791,0.239478543135559,0.296286410898053,0.252373588408957,0.17285536346684,0.273120267762258,0.220259906478709,0.109109268144919,0.206396237588442,0.109971187609388,0.159126517387983,0.219908698308269,0.193085406114735,0.0954540583263598,0.00223854622709708,0.101008593260085,0.121972123245478,0.0936499485276929,0.278235426457247,0.126176447278328,0.0950362892805881,0.078646548439738,0.34393365842574
"4",0.511341898537555,0.0512128564069564,0.274099802928788,1,0.24688212159156,0.177288554771412,0.0767582356175288,0.115132129647586,0.385070305398453,0.138512955005562,0.420545012021545,0.443466191280537,0.217426527140505,0.358735085706352,0.0397516484849406,0.228909602741234,0.504063929279385,0.337003852850782,0.470161423135527,0.510396191791937,0.321420572075863,0.431652908544405,0.427355216123424,0.144382338735902,0.207527612844883,0.183818833899079,0.29666695428356,0.384691253497296,0.396702688435478,0.367552986938682,0.49087901211822,0.36293634724415,0.42184075871133,0.287386762545919,0.287754909198457,0.271431648392165,0.223074803639147,0.432988214968242,0.129662521572807,0.212388835596909,0.488549732431713,0.0470988849530909,0.483016764874634,0.467938065109923,0.444646087174399,0.217081922253884,0.0964937662147434,0.152090314772574,0.465978384656795,0.402739495486896,0.419535836394711,0.303549058280568,0.466236388250244,0.423388853102002,0.497104269025993,0.428963726300874,0.492111673466886,0.243232643147169,0.356614971840302,0.199742709760001,0.551394926027996,0.343996664161882,0.404004022588576,0.319979067266966,0.514864887784107,0.343429392503611,0.140749703440876,0.323513332222405,0.124354484503863,0.164092657021804,0.35852102443443,0.444262436077859,0.109045994097474,0.00537635536060943,0.342137308576633,0.141411542354116,0.275951443740827,0.367975664073069,0.0789740404653666,0.201346096983388,0.00415044112825302,0.421332797284595
"5",0.396761939212504,0.275612708293831,0.18929332214819,0.24688212159156,1,0.205888542890963,0.334325472094356,0.272519028739024,0.325497480142492,0.451935928759136,0.453788063187627,0.552810351502167,0.472167427263933,0.329768294684427,0.356237610812032,0.115335949281615,0.578548731603732,0.565417606703232,0.456369970379009,0.514053346418389,0.421251538505822,0.518932540346904,0.573810768954069,0.492560592098253,0.436433339599084,0.310989280642012,0.495928911425352,0.559851933711501,0.464296463691495,0.545093540429158,0.54452776101869,0.517165146841428,0.462800018519482,0.572164017964426,0.377245879354505,0.0193078051879212,0.203916117033946,0.331810312748078,0.173472407405675,0.530000923992981,0.457177474399846,0.329656343737882,0.151111579763436,0.339431405154732,0.450810615829158,0.44358219985229,0.348511963587733,0.326343531319709,0.348956188764532,0.58083530021056,0.483723058647757,0.0657527886493116,0.144402626803673,0.420039527089843,0.463237639884218,0.460988007634321,0.473457566361235,0.418331705964038,0.417327055381433,0.526174992980637,0.532897817983461,0.50023900030428,0.543170857606916,0.337880278961707,0.452401702851299,0.435474518005315,0.183801971914295,0.356823756587446,0.519510536065862,0.264412653244982,0.193260309247315,0.509599178245449,0.454732455749404,0.339475277317482,0.350972308970576,0.309510038982349,0.280569761980218,0.243355366553173,0.469499049533794,0.153088895144384,0.338678037192583,0.530250885969051
"6",0.0770704078567579,0.0114053713323058,0.285355321546443,0.177288554771412,0.205888542890963,1,0.0554194017951221,0.0177551188090191,0.160809624117425,0.0672508560891729,0.097968559672783,0.275669887507934,0.137538111852447,0.171804348491279,0.0780488410861282,0.112376655357421,0.246387655932538,0.193240998973965,0.141222627933475,0.217759337469422,0.208842498062694,0.177487214894406,0.225974195817811,0.194030422611588,0.177693309284786,0.102376011373538,0.132714349352689,0.149562363946965,0.191474700268548,0.229841335602719,0.238427603394443,0.185822910558127,0.24900196483574,0.139928313466814,0.112484695805263,0.0598246158244925,0.0669275532432893,0.233577592160426,0.0436020260991021,0.0474759482803057,0.112308483886975,0.0508266908486593,0.00368683463549564,0.10069527862403,0.171446659532706,0.0192102944805591,0.189993841502969,0.01298798079152,0.13880968773657,0.181773805831775,0.197037584606875,0.192652903235635,0.0625315738266087,0.08829197529368,0.0994319994665138,0.162646253290821,0.248620787863961,0.221089837869938,0.345518699803596,0.16143151124598,0.189246742510454,0.314575581065743,0.268334075557057,0.214025632882632,0.182380264735256,0.11225841185237,0.14750014835607,0.131156491889945,0.122905181541506,0.145646708224656,0.249494473947225,0.187012167264763,0.206499646307134,0.117301844362261,0.0392400648413806,0.0845153341073284,0.0953621411473096,0.209761311854019,0.0280383454237585,0.0287916061251679,0.0538987068702737,0.259280865371395
"7",0.133112774988992,0.419056439622369,0.0266530848900255,0.0767582356175288,0.334325472094356,0.0554194017951221,1,0.484898003997727,0.212508003965151,0.388815246969947,0.294522126871517,0.333793123692769,0.388731037725058,0.182543343784956,0.378182883283156,0.0332384083763013,0.3313792383654,0.437952791549253,0.294481432955812,0.298819237217571,0.274762138157977,0.372719035813087,0.356438885945047,0.48584315958279,0.315606903640648,0.259015259296549,0.294979099083765,0.413408589458676,0.311762231090098,0.414799831963267,0.320560536315417,0.269716804163904,0.264399572699332,0.326112894182205,0.292522144541586,0.262241545931999,0.462113605258604,0.0837245402657898,0.0688514560877722,0.366978369933099,0.254750651769667,0.387792348908388,0.0724513244254947,0.183563917274076,0.245820396852307,0.389886419833467,0.253228898925291,0.297947836849011,0.122808655193427,0.404712261416514,0.339396380836287,0.181981807357093,0.122579852644502,0.229998056051172,0.194857941507799,0.338901327805028,0.21416511319397,0.308132656643754,0.310745000943173,0.381101369172022,0.236511375900905,0.333007637196448,0.366207009699736,0.262148456211098,0.202948598848137,0.239977741528777,0.235526603125042,0.266682197759002,0.531038120034769,0.178895939477886,0.0053050212029548,0.305847118076134,0.389505967198414,0.355159438210006,0.213787920780962,0.246886055409772,0.36099138580292,0.014823425787409,0.438358932229466,0.0785639452500396,0.508811468155142,0.26361302603116
"8",0.201372439738373,0.395042017733432,0.0122461493622113,0.115132129647586,0.272519028739024,0.0177551188090191,0.484898003997727,1,0.359447962173531,0.452099057428638,0.450584819433681,0.323463475677544,0.540460461778811,0.304152935145193,0.485885511209181,0.051196863943279,0.356948605645762,0.545781703351364,0.410400455813475,0.284706990860759,0.316842588985596,0.460608786156141,0.411768620995356,0.461896520067981,0.353806606957474,0.320410167522399,0.413436883595631,0.481759852665589,0.414071311460022,0.455981987701093,0.361884065266115,0.378629029372817,0.390134767315821,0.370329178435298,0.325457520322733,0.156106786815095,0.37728663400384,0.0269764892057213,0.0458852821423601,0.416776769806554,0.329253362668195,0.52114098289747,0.127766924120946,0.360274114128658,0.326430475463531,0.517453948608686,0.259672285083971,0.368115291601285,0.190181657029953,0.429714892797071,0.479782050263152,0.126354144056957,0.201430108568726,0.284663187437692,0.294427389494551,0.447162073463787,0.205949969257202,0.443302536203111,0.27510610075555,0.455131163402822,0.274018965965575,0.474061390753049,0.458241868240982,0.24907029576923,0.30053539567979,0.307175815373165,0.355009673621518,0.418355010549142,0.509151330313396,0.228044826303922,0.0227355332395425,0.310791510443745,0.306620538893227,0.44873907168503,0.288657733919676,0.281436914615071,0.389071962886066,0.0625412653104089,0.535266396546967,0.0590962848113554,0.607601423059657,0.325317803241893
"9",0.438515140756872,0.350243547179426,0.219254722907308,0.385070305398453,0.325497480142492,0.160809624117425,0.212508003965151,0.359447962173531,1,0.370016501490992,0.571857462909892,0.520720446835444,0.506819727540221,0.495366274074775,0.401298432156904,0.164584033547509,0.601164470650564,0.619033760898092,0.580244457554902,0.550870587585386,0.499119769223816,0.616341564723555,0.569445661684831,0.395865796376684,0.43252673160733,0.351158445909938,0.482483381419796,0.57238453481646,0.545385358721822,0.549854533511095,0.593647155961815,0.493554168758063,0.539676061436497,0.490476103385615,0.450273349878435,0.071345555543865,0.156407792769196,0.365600237969361,0.171750155876641,0.382383428937534,0.571186525298404,0.439167299798935,0.459839752191351,0.535446594363776,0.506882594683112,0.470830950265254,0.24889020655433,0.380842703100841,0.530483034421105,0.56775459204742,0.627831210632494,0.0392131928317275,0.203725271645884,0.482499113154208,0.539196434783901,0.572948538272278,0.464806164129686,0.510332631603816,0.456666727929409,0.425655503211466,0.534543059767487,0.572955144259924,0.5686868902235,0.363095613456119,0.58251713565297,0.470175631809036,0.337365324623283,0.449285175265844,0.436342432268207,0.277911703227736,0.301238551185433,0.502619331105838,0.285423399443208,0.281702731680419,0.416037273538339,0.282390061496912,0.0671960113036991,0.276976221987145,0.470065328011509,0.167437799985911,0.454441693774785,0.551765057552442
"10",0.326448399176181,0.424857673972429,0.0981278771752453,0.138512955005562,0.451935928759136,0.0672508560891729,0.388815246969947,0.452099057428638,0.370016501490992,1,0.506678709461106,0.493671989097194,0.591202096525748,0.357580284894852,0.440866710717511,0.0917926998063398,0.550451868239474,0.606214508594902,0.523890447338304,0.494799016215288,0.396940410207239,0.543582494687235,0.501557065843584,0.568825396880782,0.406677959317601,0.303725055993684,0.498520256876066,0.612886034728236,0.546281009526604,0.545772126134521,0.533379044239804,0.511961739281902,0.490803596946127,0.558366588958668,0.353817682867217,0.085625719709009,0.271371198935567,0.229106439798427,0.019276310645091,0.535962938363798,0.459856810451149,0.426916350190933,0.199220360965939,0.411049135066972,0.478437462931965,0.545503849323812,0.353530036149969,0.357181199015946,0.327820416143298,0.590598483975884,0.538066726661064,0.0473357409657185,0.0513603145752071,0.409856628628915,0.455647509144855,0.540019548314027,0.421840291343557,0.480044810178252,0.369974300498007,0.503939945960188,0.486814994133276,0.537424747232418,0.539012819037289,0.281375507059972,0.434057202065672,0.375925584325098,0.307122792770493,0.397249567803331,0.550910209622638,0.247788571983024,0.169851270980158,0.452341787519513,0.436942637138894,0.438671109954217,0.362264387225061,0.32157149463322,0.336660706423241,0.127552159841678,0.586550237690392,0.0712568067070271,0.532360475523944,0.500688020118397
"11",0.649091861026743,0.407495256477986,0.203589847923312,0.420545012021545,0.453788063187627,0.097968559672783,0.294522126871517,0.450584819433681,0.571857462909892,0.506678709461106,1,0.719536055688268,0.720517846663232,0.602791124111925,0.503368966847378,0.232807629340918,0.848039648166553,0.863349916762343,0.853265510192009,0.771589528017698,0.638262322428177,0.826359425215079,0.851721919608507,0.522888755087565,0.527436641913986,0.515052202063732,0.709730385731921,0.853558939905004,0.818455100047334,0.820612858248746,0.802636388719459,0.812859419788004,0.770651247896069,0.7280468161211,0.625100017104028,0.0395426951732115,0.227801063950785,0.500999343139683,0.183853060006337,0.692717283217547,0.81853333031164,0.628586316332667,0.471228606779091,0.809670623560325,0.769277079779282,0.753137379348276,0.314138173427115,0.475815990394894,0.53970404883441,0.828823364793807,0.835322389048736,0.106675255781224,0.294953959492938,0.711328003683713,0.821302521719112,0.862079066834182,0.609208742804497,0.721509451141571,0.528069987042506,0.693993018067048,0.808684619304543,0.76961116302942,0.772371048043542,0.459065982726506,0.755755548962797,0.746305896355184,0.403187951600685,0.748651143062774,0.601673147896975,0.442996876843612,0.290675766395271,0.70629726415409,0.365838297938831,0.408023481645099,0.651505484670863,0.391689492083268,0.142954697096817,0.352960326938346,0.618673152693906,0.318547629846599,0.610653439751009,0.736516292646645
"12",0.575960972731619,0.398707087821213,0.281966892261689,0.443466191280537,0.552810351502167,0.275669887507934,0.333793123692769,0.323463475677544,0.520720446835444,0.493671989097194,0.719536055688268,1,0.64366494212974,0.513234130146783,0.457013485233618,0.216082481207253,0.836038806286442,0.771496637616922,0.734461453141634,0.753476746669829,0.585990587796386,0.755785535584729,0.800962428153389,0.5759400142036,0.502087260371709,0.462078439491592,0.614017381869114,0.769860100573613,0.719659194593718,0.770962876674352,0.80232762184157,0.692630233911685,0.721259836778614,0.651166915337142,0.527372226172689,0.00804139978671708,0.183160416743011,0.51944070830454,0.161905910699219,0.596067243312643,0.728780855413477,0.492286774654336,0.327321631015671,0.631011033634628,0.705680739708986,0.599504574485908,0.361156448775282,0.374620430268925,0.518655993106804,0.779906988739367,0.732899810851706,0.117881025571727,0.278233606508191,0.649302719554882,0.701606810173629,0.750448640936393,0.686462845667809,0.591925760255734,0.579342602581748,0.665367968870733,0.781243404141469,0.675948595313841,0.764981873456603,0.48016271729173,0.674782081097092,0.680442625299279,0.339938048339432,0.596713898021221,0.581444800531466,0.369211159124579,0.279613627794822,0.708884166846698,0.520359616854008,0.298725239550367,0.581391054202899,0.450645579905473,0.124506373540323,0.414889001473036,0.526895533726276,0.264366707568677,0.47601916094417,0.700467647465825
"13",0.504873092891195,0.489888027224869,0.168331560849955,0.217426527140505,0.472167427263933,0.137538111852447,0.388731037725058,0.540460461778811,0.506819727540221,0.591202096525748,0.720517846663232,0.64366494212974,1,0.525768549616604,0.559725726283081,0.0982682496322941,0.734790296914352,0.803939317545037,0.722919564690554,0.685211864982812,0.561624301111695,0.764469112017922,0.720803100637277,0.606898736520599,0.525034862189296,0.443707089129587,0.599645839707515,0.819910898113156,0.710178343847539,0.733065996326939,0.745809152627269,0.699846622240138,0.669247304812141,0.643813312497662,0.558180141571369,0.0767980214512563,0.302309585537689,0.377014916037078,0.0880122023063508,0.612851444309949,0.658618147297723,0.609469342078768,0.354232001883319,0.656313028322772,0.644261493637406,0.68595793992198,0.388038972108005,0.434958594519185,0.40518721432743,0.762243626670651,0.76958860519065,0.0473529502170316,0.112242158423125,0.615743184836023,0.645279638219014,0.751936120671617,0.516909589601963,0.651846646604372,0.557969994039855,0.66781031362525,0.63704072943955,0.729843407939211,0.703097391934447,0.421926569548321,0.566746537239612,0.638697599946307,0.424083728726565,0.582926295043002,0.687652162769419,0.346852511128077,0.292028772844057,0.613060734065148,0.481978767808806,0.426508300673757,0.520788329368316,0.409027249874865,0.300641419323626,0.284200617143301,0.632619779155337,0.20904123730235,0.65494632331181,0.635520991996357
"14",0.463094576887322,0.270216722890987,0.248814712864762,0.358735085706352,0.329768294684427,0.171804348491279,0.182543343784956,0.304152935145193,0.495366274074775,0.357580284894852,0.602791124111925,0.513234130146783,0.525768549616604,1,0.317825065666895,0.153160246492122,0.590848059491586,0.608998199132264,0.586341218257359,0.605903312889629,0.397485786976285,0.60925775961978,0.574900229165979,0.344147486928823,0.302957944640441,0.337228519787932,0.528236376149698,0.60886435363403,0.564231424758462,0.544937534332143,0.618317037245255,0.553240394616802,0.590448307798823,0.501141772621162,0.449761212053348,0.0722985146339429,0.072402545190398,0.351677089162976,0.0749920332655782,0.370467777122286,0.525190095144884,0.350023685212986,0.40032320832825,0.573768180125651,0.50887072484093,0.464001386677113,0.254114125259755,0.237096087753866,0.436339150790694,0.568191925022966,0.635849509803351,0.194754817725603,0.190743404277878,0.505015906639105,0.494963350326872,0.583937906288823,0.480113969549914,0.569670954054085,0.5043049231036,0.453170323885014,0.54035572093415,0.626292057079322,0.53721928255636,0.318063627646379,0.59770744756322,0.489196130698531,0.337578269140554,0.485219623106204,0.367651176722012,0.267221504626206,0.306777967546196,0.453396266935379,0.266929374529616,0.284291347046488,0.403228110729361,0.240690675860295,0.0443160702905753,0.342486389396903,0.39548105630506,0.182632422076204,0.396461311629358,0.635560935566068
"15",0.263334346714096,0.383105698852318,0.0830332335231282,0.0397516484849406,0.356237610812032,0.0780488410861282,0.378182883283156,0.485885511209181,0.401298432156904,0.440866710717511,0.503368966847378,0.457013485233618,0.559725726283081,0.317825065666895,1,0.093229501192993,0.493834044444947,0.599027338526567,0.482290386477814,0.402838109827834,0.474445836259275,0.521184525073882,0.497054257085741,0.494679557339669,0.41829578547183,0.335069068868163,0.461155265694752,0.552735566318168,0.502452501293887,0.535866000508495,0.466576791064211,0.482316393352523,0.492478870078778,0.441310569461506,0.357668457955677,0.10536911690564,0.291566523820961,0.237976277864086,0.128926675369928,0.474447718213271,0.435706482768635,0.491001542876585,0.126791884048118,0.382624215308384,0.459728933472496,0.50623798151942,0.305444427601562,0.373343669438489,0.262461520820241,0.544199261059508,0.515929412683169,0.0661618415285823,0.0544448099023647,0.349719624980844,0.444558321342923,0.510247399169438,0.348599719241928,0.468725624895729,0.36171156663011,0.550714683362652,0.418166775604181,0.521436879638358,0.507541475071913,0.332677600637138,0.395547657953052,0.418013054254049,0.290576915547947,0.450736312092095,0.535407841098127,0.314208011424931,0.0666703314742649,0.455026881599668,0.364370922337526,0.419298751028018,0.333069405366742,0.339977140601754,0.243437071543175,0.192414301482165,0.52668907003216,0.103743236288647,0.532947269393594,0.461182484440752
"16",0.152495479236501,0.0291199326367554,0.136681426080686,0.228909602741234,0.115335949281615,0.112376655357421,0.0332384083763013,0.051196863943279,0.164584033547509,0.0917926998063398,0.232807629340918,0.216082481207253,0.0982682496322941,0.153160246492122,0.093229501192993,1,0.266260064219092,0.243719454479523,0.235072578784346,0.23128658031806,0.204964141913925,0.186390042030999,0.225002996758357,0.131037135186691,0.134561673999769,0.170634874274087,0.278201353213041,0.154667122395117,0.234146478436102,0.256579613012302,0.215383737274592,0.198049019328505,0.257763563532336,0.173296605308967,0.0964361332541972,0.069271569692233,0.0277452996696578,0.208630031227918,0.224890486866739,0.183105928876264,0.145415050200811,0.0733416655404888,0.0681404850830093,0.154910771703112,0.209897270539103,0.141088279751563,0.0759998898973459,0.115440133849974,0.223398672211828,0.210938833916141,0.178864580471776,0.0077867924187506,0.021341312477728,0.167421413255535,0.211275757108624,0.222126781817197,0.210918875305043,0.257362110113381,0.126915870539202,0.184842896410459,0.258889237600367,0.219057553814165,0.230900709989907,0.142756173847385,0.290210499919146,0.181276706157503,0.158020035702212,0.260453636697007,0.0700992831473774,0.275684416231841,0.0260937021818233,0.255014436571317,0.0582469170836445,0.0606092330720298,0.189873267161604,0.139075390778547,0.167430496983623,0.15805601700941,0.14987811168185,0.032978086110601,0.0703737378038746,0.257051849119483
"17",0.677843246602305,0.412579728417611,0.312603563056219,0.504063929279385,0.578548731603732,0.246387655932538,0.3313792383654,0.356948605645762,0.601164470650564,0.550451868239474,0.848039648166553,0.836038806286442,0.734790296914352,0.590848059491586,0.493834044444947,0.266260064219092,1,0.889616670209611,0.872180262369413,0.856507063359179,0.676746338041889,0.869417729135543,0.898456487982817,0.640077755513566,0.603901175576174,0.499809349176082,0.720673826270123,0.88508561621171,0.836706175115517,0.864696817647649,0.914404090320157,0.809762009295528,0.812413812121626,0.749021368443062,0.608785990118307,0.0469563231576609,0.199985626307703,0.603015057228385,0.237741876863499,0.704699795924148,0.836632662894437,0.56873032538759,0.426455344886199,0.749220590985508,0.817698835381772,0.699729746517508,0.370787319580639,0.470603036047099,0.605434973069172,0.895227020831523,0.850185842393269,0.133197976828272,0.334786678217344,0.720516685825976,0.831433398996656,0.866420938848443,0.766301778661281,0.676338206385522,0.640259018074273,0.727407718767087,0.898237433493234,0.768572326421261,0.858785259304211,0.557137743071967,0.780409619656753,0.793232998025111,0.387839113359766,0.713714370984555,0.675108726250507,0.438937188140794,0.349526928305721,0.799566267203456,0.516279688459769,0.365130498351798,0.667266717810541,0.465867898028172,0.112951032447416,0.455785638249938,0.626083471922017,0.310446185598027,0.57126611271018,0.786028105287109
"18",0.603697996005063,0.454995075144591,0.230156926560536,0.337003852850782,0.565417606703232,0.193240998973965,0.437952791549253,0.545781703351364,0.619033760898092,0.606214508594902,0.863349916762343,0.771496637616922,0.803939317545037,0.608998199132264,0.599027338526567,0.243719454479523,0.889616670209611,1,0.872787130246148,0.800480368682158,0.727707840110407,0.879413263514396,0.871677001272213,0.650019369329911,0.607462908107333,0.547407259252956,0.755841231470192,0.900104864801766,0.85609288939569,0.873581791260777,0.860558109325412,0.818765134451669,0.825745418342801,0.771577226767172,0.630016583777121,0.0319555918805373,0.308498924203658,0.518123864151324,0.22836639512228,0.744511793712403,0.788452165381353,0.668892920593493,0.388443734120964,0.764048949309686,0.773105508330748,0.779752755505439,0.407492530174388,0.520085508876106,0.521148853478038,0.888287159533946,0.878240050887555,0.0493266857590907,0.160817189284051,0.689782911204251,0.790772637021431,0.871387661163638,0.664396355062081,0.782618488761276,0.631500004861676,0.793948529933893,0.804308981033273,0.849264552206254,0.855753289933723,0.550334218194635,0.743509395368401,0.73600728674159,0.522734398298726,0.759331476289762,0.731306403131589,0.494106804017864,0.272075847415564,0.73982439062757,0.478999791386828,0.507878443701869,0.61983524651047,0.471023019326073,0.248433743749227,0.384669090757746,0.727932489220714,0.26505602970284,0.716138077080037,0.76743671935944
"19",0.650339091374066,0.429502567742651,0.223618113718674,0.470161423135527,0.456369970379009,0.141222627933475,0.294481432955812,0.410400455813475,0.580244457554902,0.523890447338304,0.853265510192009,0.734461453141634,0.722919564690554,0.586341218257359,0.482290386477814,0.235072578784346,0.872180262369413,0.872787130246148,1,0.797541170553217,0.651297815476181,0.859295917551129,0.844242680373001,0.580925579526419,0.519330682587073,0.496433243331593,0.691289985965368,0.864990858311046,0.808343202696067,0.818652216814377,0.870250145128112,0.759031411209093,0.769679649977208,0.7026944993946,0.64628275501781,0.0706437439876476,0.201999402022282,0.52018322102452,0.20834738016859,0.683642146955204,0.816015613638798,0.577716919932621,0.476107687137596,0.78599554393578,0.768848632943955,0.703930115799707,0.330353596344264,0.494609941038188,0.548300920962178,0.831529388783298,0.846607502327471,0.128777541251907,0.293524664274704,0.702118897237907,0.818458768144437,0.852072333956882,0.675692276779727,0.679758161756965,0.579753267899816,0.685952212309534,0.834342014071368,0.758193177579594,0.809546489009306,0.5193200636238,0.745382042484809,0.733645112616336,0.441320663673059,0.73838464280855,0.634195031692605,0.392671348208186,0.3463573736407,0.720564867653197,0.424304808380121,0.408526563667103,0.637576113068052,0.435470823455988,0.140798204901034,0.415149286453756,0.602292356040478,0.305977913660436,0.568776886197276,0.736540953099174
"20",0.64284089149412,0.38194518457827,0.233824220547148,0.510396191791937,0.514053346418389,0.217759337469422,0.298819237217571,0.284706990860759,0.550870587585386,0.494799016215288,0.771589528017698,0.753476746669829,0.685211864982812,0.605903312889629,0.402838109827834,0.23128658031806,0.856507063359179,0.800480368682158,0.797541170553217,1,0.626505470210064,0.83297501738464,0.814736959546582,0.550518787583588,0.534200529995841,0.424882213212519,0.654907218512825,0.804606489478032,0.745804204086246,0.788765325945902,0.839225086788189,0.717530806072013,0.738903182110875,0.653762637919957,0.626164365496939,0.0480642665480566,0.141570616973678,0.596937780004627,0.181287814796659,0.593185575683065,0.774380459337938,0.510833927922585,0.408000626272618,0.730696590038843,0.725300795658643,0.619666574447225,0.32254146330815,0.439530110565183,0.555926985798265,0.809337992677984,0.801238039804588,0.162327728447509,0.36632543318212,0.696260935933323,0.75226971141557,0.796374520960814,0.664706428803417,0.622793060344188,0.57658716652491,0.625179637868946,0.792161644796241,0.718521589915818,0.760428417047273,0.513849777785625,0.710598041359432,0.736324903481198,0.346626813475802,0.629492833890321,0.589572797364091,0.358423232679199,0.371561759470569,0.708960746702152,0.439834439768406,0.302970274922912,0.589984955462021,0.357046852606269,0.0804918958122297,0.435255612928165,0.53330055357439,0.268170755073885,0.495837916551727,0.729548626317357
"21",0.460310063242207,0.230441551224891,0.228114603030269,0.321420572075863,0.421251538505822,0.208842498062694,0.274762138157977,0.316842588985596,0.499119769223816,0.396940410207239,0.638262322428177,0.585990587796386,0.561624301111695,0.397485786976285,0.474445836259275,0.204964141913925,0.676746338041889,0.727707840110407,0.651297815476181,0.626505470210064,1,0.648180470823308,0.655954993900229,0.506757206913853,0.521551990120261,0.33441548308687,0.586110169967112,0.642434731679449,0.602164440163373,0.692199991984575,0.647648480061781,0.608889672016001,0.632249020423436,0.542986757939811,0.464109964444119,0.0342216018823666,0.134532968889245,0.465785403111928,0.266490282067253,0.542531770381242,0.558115710594196,0.440052319989915,0.243401529889395,0.544076645035494,0.57768196958042,0.510876506307118,0.225265082815058,0.395209563405031,0.393767081290088,0.676628647303859,0.631831280617406,0.122683591345188,0.119493276590878,0.539556255879017,0.618458686585784,0.64995243490279,0.508656559768646,0.594075000927132,0.467661777247005,0.574727749476483,0.651943446870014,0.648829257263383,0.697865887642913,0.523991358610919,0.54093388814044,0.540520472545648,0.446996750123586,0.586893067884874,0.470089005869598,0.437290748247495,0.22005675278834,0.561077103643115,0.423740520795919,0.342041183740914,0.452898818849587,0.372201105812332,0.133224890951649,0.311012607401372,0.50686403917737,0.186572716310268,0.464719937401674,0.556298482286984
"22",0.614658263043842,0.487714109262159,0.202502488737348,0.431652908544405,0.518932540346904,0.177487214894406,0.372719035813087,0.460608786156141,0.616341564723555,0.543582494687235,0.826359425215079,0.755785535584729,0.764469112017922,0.60925775961978,0.521184525073882,0.186390042030999,0.869417729135543,0.879413263514396,0.859295917551129,0.83297501738464,0.648180470823308,1,0.865251744642333,0.620556563887002,0.543737557886563,0.439581771100266,0.713078488170442,0.884413049883173,0.788877937922665,0.826163512501198,0.881256366144311,0.737500201338904,0.777006876791694,0.673173398015241,0.641682860853028,0.0281338769963125,0.251035753238262,0.528200465005202,0.167308189709994,0.683024188535201,0.799351803710696,0.612510271142559,0.446270522008495,0.78077379637641,0.750127899609142,0.714549774607757,0.360509506927454,0.476244237209881,0.555691224620707,0.852735572146073,0.865237986732315,0.144060500678421,0.295104311631432,0.715476886804999,0.784561641389839,0.839913288497415,0.6554757504361,0.679897994698388,0.581086040730416,0.685115543309148,0.808239223873942,0.784599579553353,0.824698255387528,0.544196254264583,0.741263753180649,0.767641370736232,0.422367351523559,0.699893825311987,0.6651605078238,0.391147326583111,0.332494937111346,0.728592693706584,0.47155404181954,0.454240883794962,0.633582691003419,0.430661507660423,0.178475722738148,0.415437526233296,0.639852506189624,0.286943219541481,0.603620692691693,0.754984409393551
"23",0.626204409586834,0.449731460209924,0.227421386911828,0.427355216123424,0.573810768954069,0.225974195817811,0.356438885945047,0.411768620995356,0.569445661684831,0.501557065843584,0.851721919608507,0.800962428153389,0.720803100637277,0.574900229165979,0.497054257085741,0.225002996758357,0.898456487982817,0.871677001272213,0.844242680373001,0.814736959546582,0.655954993900229,0.865251744642333,1,0.570504158189617,0.567736431737196,0.527004650768481,0.717944238944148,0.878215590242236,0.806595028029865,0.860516918187338,0.869729781803607,0.816738410181025,0.808272287245403,0.738659308817165,0.628999472127609,0.023308502624581,0.268589585561592,0.534842171253105,0.232890973047967,0.716019378731061,0.845476951507329,0.625974704321008,0.383668087438118,0.750766417773827,0.808510807227207,0.74782742641313,0.392563413899082,0.473182397105328,0.574028544204574,0.862618216313091,0.839310098652473,0.102762819990503,0.304329316046505,0.699061942555111,0.810235298758559,0.845632897118458,0.653254535363471,0.705853092589868,0.561351082971126,0.74150562900157,0.83767514148685,0.758618019295727,0.812314619932822,0.459953499877615,0.779763995521261,0.79245880971369,0.394239566621921,0.719596522121024,0.659579190216757,0.407562252818501,0.2690696259718,0.772618570941282,0.499426791396942,0.387017124032512,0.637316384066356,0.463338853115227,0.135822853183008,0.428878134226323,0.621441712270342,0.337508382534771,0.60274050447137,0.783206543893219
"24",0.369394943443812,0.357500090089827,0.0966211111864155,0.144382338735902,0.492560592098253,0.194030422611588,0.48584315958279,0.461896520067981,0.395865796376684,0.568825396880782,0.522888755087565,0.5759400142036,0.606898736520599,0.344147486928823,0.494679557339669,0.131037135186691,0.640077755513566,0.650019369329911,0.580925579526419,0.550518787583588,0.506757206913853,0.620556563887002,0.570504158189617,1,0.515103409081234,0.255409117338878,0.568621689817829,0.628292868744527,0.585721045036128,0.64099214674987,0.623890114969433,0.50411920305223,0.53656193808247,0.563591615813401,0.406636408774103,0.0848743637890488,0.269029664691443,0.363605313872386,0.136938931629963,0.568300430889953,0.466596962457178,0.4472463252326,0.0507424432394278,0.354298830267645,0.541017096237817,0.445242917357609,0.323921707656528,0.369535549083873,0.302724805187497,0.65496155425861,0.543048081235529,0.0434865121520091,0.0421679650261511,0.468836563158558,0.466924669843718,0.574942876041609,0.578747033989247,0.48146659460332,0.523990255615096,0.571528278129063,0.597456748945058,0.591959608263694,0.696019419445662,0.440895813430536,0.403898063449448,0.459067641325199,0.315786873029573,0.474450752924265,0.641170134325544,0.253602598012853,0.221318426733179,0.546284702831371,0.59837599265232,0.367178402394833,0.433724522722524,0.352032929009912,0.333128603630815,0.197357314558865,0.547074697543864,0.0709164009120391,0.516824637998427,0.486607327573132
"25",0.389405937632821,0.310412907354386,0.173354507446985,0.207527612844883,0.436433339599084,0.177693309284786,0.315606903640648,0.353806606957474,0.43252673160733,0.406677959317601,0.527436641913986,0.502087260371709,0.525034862189296,0.302957944640441,0.41829578547183,0.134561673999769,0.603901175576174,0.607462908107333,0.519330682587073,0.534200529995841,0.521551990120261,0.543737557886563,0.567736431737196,0.515103409081234,1,0.349724191229272,0.470344597410096,0.548233385698905,0.536671202530695,0.591559132470949,0.578525516465394,0.471983009054919,0.484449646646387,0.532490536720539,0.412256788797852,0.0520054439478092,0.259731988334464,0.31954838714421,0.245890192816629,0.456334624504334,0.500819144121555,0.470184387690378,0.185555178300077,0.392855369366514,0.46879181138584,0.463114552875074,0.306294438162987,0.362095870844825,0.359184519981862,0.620894621747257,0.545717819195229,0.0327155395708465,0.100303042182899,0.398461605206459,0.50363267504815,0.550572192277712,0.477056237808106,0.446423680472559,0.527070816979815,0.493344975984265,0.498457261672831,0.517264772694136,0.570989007874988,0.474988899985122,0.426107230300065,0.508080296805787,0.293460462376366,0.440036587964213,0.538152831356217,0.274198070541943,0.183737252970066,0.527779849359378,0.410125597787277,0.264639439307522,0.422511607774703,0.344716643272621,0.174270121312991,0.270202773195345,0.446490020009315,0.143491681163065,0.510998275192829,0.44547583821878
"26",0.308536123291465,0.322094655248154,0.187173472347198,0.183818833899079,0.310989280642012,0.102376011373538,0.259015259296549,0.320410167522399,0.351158445909938,0.303725055993684,0.515052202063732,0.462078439491592,0.443707089129587,0.337228519787932,0.335069068868163,0.170634874274087,0.499809349176082,0.547407259252956,0.496433243331593,0.424882213212519,0.33441548308687,0.439581771100266,0.527004650768481,0.255409117338878,0.349724191229272,1,0.417474782154623,0.492350698194638,0.501586217410431,0.510729880945104,0.455224523245702,0.510030292404305,0.527022752330675,0.501004646919187,0.260878258280611,0.0610786581709873,0.283538475633293,0.248277931935073,0.161324349656473,0.485012999110202,0.513342512208877,0.436702794271438,0.250224464380672,0.417597604939586,0.48596189089564,0.568332170290208,0.222110439056628,0.343265915798067,0.296517543702743,0.505680787685597,0.516181680183005,0.122697609569357,0.118013551896024,0.374751850448989,0.466248809550053,0.509156474332071,0.384676816054774,0.410343949001277,0.368405054243591,0.466683901816664,0.45196625648826,0.431347367202029,0.45673077051995,0.277071333352274,0.458968447056886,0.430336437475875,0.27639951477752,0.441653218958665,0.437390712470959,0.280885525844126,0.0415258757932616,0.506699774846726,0.2107636671552,0.297634544716503,0.380646387401427,0.363204616622298,0.16417405103956,0.17752815559646,0.382575961908574,0.223406947925281,0.434364955459128,0.451258875095553
"27",0.486007223158807,0.26909230190228,0.178529715215489,0.29666695428356,0.495928911425352,0.132714349352689,0.294979099083765,0.413436883595631,0.482483381419796,0.498520256876066,0.709730385731921,0.614017381869114,0.599645839707515,0.528236376149698,0.461155265694752,0.278201353213041,0.720673826270123,0.755841231470192,0.691289985965368,0.654907218512825,0.586110169967112,0.713078488170442,0.717944238944148,0.568621689817829,0.470344597410096,0.417474782154623,1,0.715037046621644,0.695420394109168,0.721624533184026,0.681093421986251,0.652934906217338,0.692099497244874,0.657539366870904,0.448561921242198,0.000431330660176673,0.211114986135993,0.413574502480734,0.220266738921936,0.66272818321833,0.60319288943571,0.505174886414066,0.305688105265894,0.575156488500605,0.659119032048237,0.633024280302852,0.354714268846807,0.44647708632336,0.408457991578168,0.706751056668546,0.689306775825931,0.025488340329002,0.143742102498558,0.554600155320395,0.647355726218112,0.701305517084589,0.535386805410924,0.640442318273114,0.430533527356511,0.657285104851414,0.695164500578746,0.689026489244391,0.710034587044307,0.375108507268084,0.65219392286506,0.579768142747934,0.451873251395047,0.638346215884087,0.552557408841571,0.410225048141018,0.193192248443926,0.605098047013998,0.381476432550052,0.446006387266158,0.507275190506296,0.340503307836996,0.209294072672479,0.370773523458336,0.600439281646128,0.199811073966213,0.553522593182493,0.675962891143323
