"","1","2","3","4","5","6","7","8","9","10","11","12","13","14","15","16","17","18","19","20","21","22","23","24","25","26","27","28","29","30","31","32","33","34","35","36","37","38","39","40","41","42","43","44","45","46","47","48","49","50","51","52","53","54","55","56","57","58","59","60","61","62","63","64","65","66","67","68","69","70","71","72","73","74","75","76","77","78","79","80","81","82"
"1",1,0.00122546619288883,0.0928312730131862,0.0412494011077796,0.0429002286849725,0.197221963698623,0.147240224988829,0.0130580343767851,0.0241113510316617,0.0857916002971006,0.187053831329535,0.136601931999955,0.217806249514495,0.01774474991606,0.139536133385556,0.020188496644724,0.247598291142385,0.177251481881046,0.185653186230686,0.100798302294499,0.271283627356967,0.147781914266565,0.249754077612654,0.0503074952600297,0.146829750303684,0.0391064256450039,0.261355230711586,0.113593745549367,0.0421568219670617,0.225458717719951,0.172464232348918,0.0551113068709345,0.173940812692395,0.211942062995773,0.162199235523204,0.130061484666377,0.00054259532917047,0.195022258282884,0.169230712254497,0.236609476317499,0.193179312688815,0.156888827344589,0.241219979457313,0.146607344930064,0.198893226050155,0.00867954261055532,0.27184180370793,0.153528297776382,0.217540074860112,0.000406873978801894,0.192586766359987,0.100215355666447,0.0248777149190819,0.251792454460827,0.0216672356513168,0.193986693849485,0.200966640833732,0.180538086575353,0.24854543968853,0.218379681130005,0.205831287599662,0.0855820794605769,0.165298058019986,0.169381162228012,0.14978904702538,0.191162104383818,0.109742900893359,0.121307864400372,0.0135142470659562,0.20017912619332,0.0434099396920128,0.272067176507607,0.00903208277970866,0.175165205221458,0.145018391746977,0.0818023112567217,0.330693768477895,0.153246734823509,0.173677253139485,0.0782318531117115,0.11892348732314,0.0941689616703713
"2",0.00122546619288883,1,0.0435598814087684,0.0335615242378887,0.104827002491273,0.0233503844474311,0.0816126353153348,0.0113284291809079,0.0470758321050613,0.0207011485083631,0.0122624168373724,0.025687837134479,0.0843448005677957,0.0436231807698753,0.0107811087867676,0.133783135890426,0.0280720866499997,0.0100057559775768,0.0935100800958254,0.145248259368685,0.0486717690357257,0.0180071530903675,0.0115232041087372,0.0721347002877798,0.0989926706203738,0.0637314352759405,0.074308525901822,0.0523210930255024,0.00743572371671563,0.0705138428527903,0.117995778420584,0.0056346715361525,0.0243225571934894,0.00769986450785409,0.0561201676697092,0.0267589664412624,0.1164707337946,0.0810665657247527,0.0541975401148841,0.0212006751395373,0.00687952014160501,0.141660132732762,0.0514593664544205,0.0231853142950614,0.146563523194318,0.164276545386533,0.0421270373896738,0.0505833657465398,0.063949732845577,0.0406830542560612,0.043199082894113,0.050213406623095,0.0920068127173453,0.057649705688381,0.00970091471891469,0.0587840457884171,0.0185465230330381,0.0164629948287288,0.00559579456953979,0.014597206334736,0.00308534182468794,0.0054037320078067,0.0395052572674569,0.0257713222223048,0.0740663233686629,0.133210215479717,0.122471138511701,0.0499319543083936,0.0958145082930868,0.0237180502767458,0.0170374010327919,0.0543801997940776,0.0909559028445418,0.0920302007004579,0.0130623786493309,0.057923495696055,0.0859474756115186,0.126690485451607,0.0779940200783676,0.0642515848005454,0.0384448968318662,0.0166430270240827
"3",0.0928312730131862,0.0435598814087684,1,0.0810936714035888,0.0731883748657096,0.382188831688894,0.300323294612249,0.198405318911121,0.0532721905964758,0.251152243602365,0.510953423283071,0.340766050539484,0.530082699329456,0.347075233744166,0.401770765080225,0.105671482007959,0.514043032503724,0.531977558481216,0.491104841427045,0.350743873710545,0.499992691665284,0.484170603054542,0.490433242899955,0.16601680041953,0.474320467348269,0.166502257485485,0.465734635002561,0.505510797435362,0.482710743233229,0.510848042232942,0.541651921243546,0.411549355250076,0.525950120428188,0.397050876435985,0.330031539453727,0.0283218535277539,0.0922334265892606,0.41997349891906,0.0564818334047765,0.480516633688344,0.275431987321154,0.295095867497566,0.297907941986848,0.462041018299936,0.445501823939385,0.0577804568991031,0.510444185308736,0.00383715915603433,0.346875048266295,0.396112450625333,0.439814534883288,0.389486238210076,0.0643342483171912,0.427936107305271,0.176678182989637,0.512647865609559,0.505081817187362,0.514601251183506,0.506053248030378,0.546657694116822,0.463698769395285,0.429785998318177,0.415412185896952,0.414326377860517,0.471554540439832,0.456311788409295,0.266057815636335,0.27941023821837,0.203743375982496,0.509217085591035,0.0273559878947537,0.418784850657137,0.224418340258255,0.31572802509189,0.32935366952318,0.314419347123185,0.405201522430563,0.0779803578387512,0.0189594156321623,0.0492737103231521,0.291546017729927,0.411948676989011
"4",0.0412494011077796,0.0335615242378887,0.0810936714035888,1,0.159235470548536,0.108514170243677,0.0490808660787106,0.0601305901568091,0.113718614993201,0.218044141360944,0.139520855479706,0.0714087701618433,0.217201236712845,0.0192892136066878,0.162315114295872,0.0856166300295529,0.200934022365825,0.111362292059251,0.129795474466085,0.223374303862197,0.200710009804892,0.239344411204308,0.164248071341807,0.055039883856807,0.116504090093428,0.0335877597339781,0.176590272638991,0.208966639797346,0.155808368517545,0.115772309866037,0.198320977099156,0.0740095252544896,0.144289156054421,0.130150370738137,0.053229767271965,0.0263250099664549,0.0523935117965734,0.220590911716503,0.0781321302426528,0.243988121040609,0.210313015467009,0.147828734400768,0.0144488035488565,0.231575666346491,0.108315084602634,0.0813004347063931,0.143217930871048,0.142770650380757,0.150333631142699,0.202757866200005,0.173910152299249,0.0918021524240839,0.0119650538213764,0.160148372908531,0.149416423199958,0.173999410417566,0.197860410080773,0.166098822556826,0.0655529167019421,0.125615467826206,0.258641949535127,0.198509168443306,0.206996050134839,0.0996831769746424,0.197279250539165,0.15189453040978,0.00204851436706947,0.145674743526046,0.20882497523144,0.163909935906407,0.000829407400638509,0.200871034879686,0.0159989593118616,0.1029484276581,0.206002044975807,0.106961166140834,0.148885509694287,0.10734151551167,0.0341279818502897,0.045514699065141,0.108740446327514,0.304507243452963
"5",0.0429002286849725,0.104827002491273,0.0731883748657096,0.159235470548536,1,0.264389117238394,0.125466079659915,0.12105225907611,0.146611223088451,0.272077122671396,0.262726893362049,0.255588764213036,0.251768235280318,0.148978789631475,0.265798109755693,0.268826373145036,0.312683994589535,0.30799604399556,0.199854678920027,0.399490504613389,0.263698504931193,0.31141967766155,0.291057767986655,0.112014283109545,0.15752911375094,0.00238127549589566,0.169562257109037,0.350309875051137,0.214053205861959,0.215642141238314,0.204267667073068,0.235512775318737,0.25427058178773,0.332016745124745,0.151714135171019,0.0359787649590902,0.0537359902397846,0.219310095053546,0.00767090603860843,0.281785034989005,0.263224140548469,0.0938773605176318,0.0574770789215641,0.270555488467683,0.0612621156382166,0.190777536229561,0.186519403131842,0.0738458911852664,0.227081967918972,0.40305934842013,0.268827193836273,0.104866559465074,0.0630384679706202,0.171240262315614,0.240726731403465,0.242787759255645,0.280912324420646,0.293259352528381,0.236715515432385,0.256478008895156,0.340553464829698,0.412449113249823,0.349165055135239,0.173979916393297,0.274969173400318,0.179180304839373,0.216310803128325,0.284713336444141,0.210819104376047,0.189746024077844,0.169709460780977,0.257165853821161,0.0931751585361527,0.0126917018404628,0.184042027374297,0.0738474572153223,0.179111502230059,0.0469716105402319,0.144701895530174,0.0275924761147987,0.30424492268247,0.358951376682886
"6",0.197221963698623,0.0233503844474311,0.382188831688894,0.108514170243677,0.264389117238394,1,0.439612328197023,0.169262876775648,0.118936416173868,0.396587320841452,0.616758975390819,0.405814480958816,0.63033435744396,0.289281014698313,0.47028661542731,0.194622781020822,0.68108362384027,0.699978608304934,0.624322454483693,0.586573561960002,0.621728901235152,0.636735055295012,0.691779862691432,0.394732633946573,0.442608001340028,0.0748290561127822,0.595599941892133,0.6692972170419,0.451405297548495,0.603331810776489,0.619805214070767,0.536891947252683,0.617105727786841,0.481513984316753,0.453160104934659,0.092579131147091,0.0218235374226089,0.568651560832883,0.0201130781743312,0.600763399903893,0.483344837444498,0.100345303684816,0.256856701858612,0.593291946017682,0.536143339855704,0.094955841454985,0.562860168705412,0.0581127431135594,0.537383640638088,0.51281119988654,0.561200381895357,0.563705386197934,0.00656224927302391,0.530713752622457,0.364294950233115,0.650165573367122,0.658219973064286,0.710344816965788,0.65329421072171,0.652502703579915,0.679537015196984,0.624566284412757,0.499934751426611,0.371320695490012,0.513597848613286,0.498431910202481,0.261798760293338,0.449221909641841,0.296385724954446,0.566623534385614,0.0587750068619786,0.55698820552493,0.266196935552475,0.3243856844518,0.394231981697319,0.248485428535708,0.599486691157372,0.287399958058585,0.147985390259528,0.0334260514520349,0.522142752061073,0.565687501101592
"7",0.147240224988829,0.0816126353153348,0.300323294612249,0.0490808660787106,0.125466079659915,0.439612328197023,1,0.205204027433161,0.082639206111505,0.314186426076958,0.457095136934557,0.322383988387893,0.428259815705689,0.248442958252343,0.353797260026823,0.170371259932335,0.510783129217488,0.533841658311097,0.445695052129349,0.479042619614838,0.483429056446554,0.526401455812141,0.560792737380976,0.153741050816094,0.309134272736491,0.155303995359517,0.512830800470012,0.423739749547452,0.450890055215759,0.46802452217285,0.473901971845906,0.403404470728939,0.528270573805084,0.345909316006833,0.490497228729094,0.0945258390820761,0.0795043314282068,0.395772763954836,0.231080986010229,0.454600049618271,0.35546982980261,0.0940843736799108,0.169772201086132,0.48875532032957,0.412717278729562,0.202092518617569,0.511536513650472,0.0305048290436334,0.351385449235167,0.319349311964319,0.403907334643075,0.420209792937118,0.0132102520341992,0.433176288583972,0.211382943830563,0.499620604741303,0.558635136574532,0.548798517001695,0.527312889556291,0.484528319248531,0.525623897553453,0.426291736674661,0.419376526142067,0.377551731550345,0.400579767586941,0.356626319198485,0.322873500539333,0.395868181592647,0.161013767093147,0.461439289272142,0.264455172306303,0.4662114883122,0.336534567618175,0.207687198873184,0.346497338202901,0.249292860703942,0.464102992805853,0.136999820291262,0.0763069652635718,0.0331745729848224,0.304319642588453,0.419557990185476
"8",0.0130580343767851,0.0113284291809079,0.198405318911121,0.0601305901568091,0.12105225907611,0.169262876775648,0.205204027433161,1,0.121331883170643,0.0697426198858217,0.23495662531972,0.140049267308479,0.111768027504533,0.249854750604624,0.117043420420709,0.0592926379577865,0.114627802118076,0.180363611388241,0.0891874865718376,0.117241030765487,0.156175579020713,0.148910391865712,0.111981549112258,0.0757516061717782,0.200586836804985,0.371367545566998,0.140299973823895,0.139889382964767,0.227005472592667,0.112713695461893,0.164306662577545,0.296721510685844,0.192792973590946,0.14893785604505,0.155571533870509,0.137224936708842,0.159006255865489,0.101896703967643,0.0660448356926916,0.130167425705377,0.103502187995239,0.215177331346668,0.216110253168585,0.209467816533475,0.176238196855704,0.117785409271923,0.131853290423142,0.0529577337931263,0.0324256604856835,0.0957953967172202,0.157603658505036,0.230525076471811,0.0320611699480439,0.190394060724914,0.042942375916785,0.176793203651989,0.154959643020027,0.141897429643365,0.2650247782223,0.164584860698807,0.105798289288033,0.13069823260936,0.0667627867020878,0.133367328934223,0.066130435588889,0.15837215373115,0.224266892119393,0.11722737677867,0.118965786641251,0.17375171691727,0.111399001557124,0.143044508632337,0.274136381550012,0.19689615022159,0.091874651548028,0.106143057298279,0.0368558160956774,0.0408748211439117,0.0710120799083034,0.0995493812554264,0.0126392954145206,0.069412543407688
"9",0.0241113510316617,0.0470758321050613,0.0532721905964758,0.113718614993201,0.146611223088451,0.118936416173868,0.082639206111505,0.121331883170643,1,0.0329432853067135,0.02156163188876,0.0760647108409656,0.0802203517363498,0.123264577222712,0.123019271074811,0.194822845095873,0.135107147460636,0.0909485770946183,0.0573383146699286,0.036525788173028,0.141201127252712,0.104044425398777,0.0643625498315762,0.336622669417137,0.114797608117542,0.22201301418654,0.044609088832139,0.00845886708805402,0.186560166011329,0.0611621106899974,0.0686720667013162,0.148435273673794,0.047797684589759,0.126620276199783,0.152566122487585,0.0656738201254852,0.00767985046654435,0.0764573214710101,0.0521379385032433,0.13935238251289,0.165968774110815,0.119164129835137,0.183050241439104,0.091999324080462,0.117905441021548,0.0467612274645338,0.00163761092680304,0.147491441521903,0.126831008935498,0.0643579981958366,0.185621962684825,0.311719603944911,0.130028680657992,0.0702321398229944,0.178373782790495,0.0114007454212831,0.0657039432290115,0.0929931877088294,0.0754671346364958,0.0868633332346398,0.0372914152615854,0.137674110878471,0.289814415617231,0.0613289741027057,0.0662169337604955,0.0794470499066369,0.0640860926143278,0.00265414704617168,0.0417979954144345,0.00788236497896201,0.216459393062866,0.0566801196461895,0.280285070818788,0.085798396250983,0.118131702070074,0.052178329314008,0.110802763260336,0.0123707807728472,0.133816396174196,0.136183923105503,0.0781366265971695,0.147761493246894
"10",0.0857916002971006,0.0207011485083631,0.251152243602365,0.218044141360944,0.272077122671396,0.396587320841452,0.314186426076958,0.0697426198858217,0.0329432853067135,1,0.440588912489652,0.371219316166809,0.451755639108774,0.111539794132512,0.444781879310748,0.248347762653581,0.523096072360673,0.466966995904172,0.439583039452297,0.508703956491042,0.433340509129582,0.532540286201245,0.563334680911042,0.196724277423323,0.232161570304631,0.0340641619824142,0.476395308309144,0.511116347806758,0.363479996487472,0.432964111668017,0.428977794939547,0.330013988266064,0.471870401319482,0.292901630990462,0.362392129756875,0.103524107418597,0.0807421481221434,0.388562114858139,0.113818021290501,0.507777559666287,0.4679216944013,0.011716743060944,0.0368044156634663,0.410164775004089,0.297407209670188,0.134080885603087,0.450391628456969,0.0838797811804408,0.47868103391227,0.431061697037606,0.38934656790235,0.310745568844181,0.0527463442329606,0.396650677972963,0.378987329881388,0.523151364266091,0.537249581462227,0.531607186516166,0.365612819084167,0.47081648418042,0.55465146948427,0.438855016836926,0.456759694836336,0.284166967134771,0.461922394288065,0.327153399951223,0.21972859230143,0.395155235939568,0.220347867252756,0.434695935093474,0.101512606985284,0.383064927842372,0.163686749336829,0.0939324263512279,0.330829242584185,0.0763167010717402,0.43173245493928,0.162512600424716,0.0985263966169629,0.0879170113901634,0.423011736185161,0.451532949843158
"11",0.187053831329535,0.0122624168373724,0.510953423283071,0.139520855479706,0.262726893362049,0.616758975390819,0.457095136934557,0.23495662531972,0.02156163188876,0.440588912489652,1,0.58423713005251,0.736719156002562,0.450804918084931,0.630754529480819,0.24453734716924,0.798821044713892,0.742393350998564,0.720469598761199,0.6004656917148,0.75772570674118,0.741620125121018,0.762340741406232,0.24053952607947,0.636235899488783,0.102533542691508,0.638653758936885,0.723834230025911,0.600444079366035,0.70029169065591,0.736199294065198,0.613719568356317,0.734876805533171,0.593110605312147,0.439762381618358,0.0399517931269291,0.116654520579586,0.659288472160417,0.164667688859056,0.725017621345656,0.561195820861143,0.298166768179757,0.443983681209794,0.698306506836365,0.55264015205604,0.182278176228529,0.649209916649487,0.0612667391707296,0.501394139474244,0.615606266151999,0.708965337475064,0.478667970537254,0.0486231181628142,0.649465029419259,0.329743907142508,0.724038278609615,0.741809856996706,0.770021663265909,0.75421774061615,0.74838803531427,0.737894091859785,0.713178636657686,0.680779930110543,0.564549201797717,0.617390135354982,0.627731104797298,0.344490416042267,0.498923995088767,0.375441534153473,0.687074107968346,0.0156488021527617,0.645294183312459,0.257250012422105,0.313289729720505,0.513607438260569,0.314506173865333,0.604384530087696,0.242386481301715,0.0696976605779881,0.00412452520908714,0.533062600288598,0.682166835833272
"12",0.136601931999955,0.025687837134479,0.340766050539484,0.0714087701618433,0.255588764213036,0.405814480958816,0.322383988387893,0.140049267308479,0.0760647108409656,0.371219316166809,0.58423713005251,1,0.586784910486396,0.327456092376502,0.525938956980177,0.243836264947927,0.600490286943806,0.546562429484436,0.551143912278208,0.507323455481807,0.609682098288861,0.579874484970537,0.62017777170228,0.114866417183681,0.476059855178239,0.0531348545787912,0.464581512032463,0.55405279629198,0.451126527442279,0.478721303069211,0.522713839930054,0.42105262296441,0.618614807089685,0.455033097255921,0.327143661916925,0.048087173837418,0.106679606976178,0.469419871413369,0.202328402195629,0.597905240374883,0.553777000801217,0.284450791878297,0.40869411105386,0.581069780208725,0.401347895863609,0.205418827683311,0.438567062789504,0.0510555943327901,0.43763634405959,0.492825451890352,0.622033909527338,0.333584836031521,0.0512807967257693,0.475070702386937,0.244980339691755,0.543268933612502,0.614952667825432,0.597154757918478,0.563084671706883,0.57914221631638,0.615081667531101,0.546132658837965,0.588678249115051,0.478225534943129,0.527374995670067,0.546888827101264,0.245100244606217,0.437985452336007,0.273662626521718,0.538266481745026,0.0274751594286269,0.504738921342666,0.126389603744202,0.22406899656484,0.466788775977289,0.167183797881376,0.458735852231346,0.114466727621564,0.00345859177394878,0.0250847068954098,0.496671488725761,0.527713139278378
"13",0.217806249514495,0.0843448005677957,0.530082699329456,0.217201236712845,0.251768235280318,0.63033435744396,0.428259815705689,0.111768027504533,0.0802203517363498,0.451755639108774,0.736719156002562,0.586784910486396,1,0.412286614193704,0.652266750821994,0.216599047521406,0.813902005936905,0.724938777745465,0.748511072059385,0.518370245673934,0.815000263469318,0.780811797148917,0.784663853592715,0.239887503304862,0.684335726336694,0.0173463673399152,0.655857091371615,0.744315277329457,0.581166229345912,0.743951113765668,0.828534035795982,0.530548087728839,0.750387858270897,0.551148642620675,0.45505210269087,0.0632507887890617,0.135150108364155,0.705491042370014,0.0761039632433302,0.791034255906256,0.644270373075256,0.410251306932,0.472373079938579,0.746077872135019,0.603822198714125,0.0963575245097284,0.698885510873708,0.0256638114642023,0.604611245483682,0.599537452671847,0.734841555653806,0.480152992319209,0.0519368545605568,0.642330667269222,0.370060821080125,0.78274969734664,0.784445019091685,0.789036439712073,0.711182212821437,0.757752657638706,0.79913414389765,0.705303017449367,0.70174392236714,0.615116328408737,0.681156487266654,0.66039660785608,0.25672558313646,0.504410048766202,0.40805600772598,0.724841922154648,0.036475427404232,0.716048790154156,0.162316529952152,0.374094827233755,0.577872305575508,0.363301700037577,0.657679513956242,0.267780648398867,0.0173511256374956,0.0173332346869409,0.567374910280155,0.755376504442318
"14",0.01774474991606,0.0436231807698753,0.347075233744166,0.0192892136066878,0.148978789631475,0.289281014698313,0.248442958252343,0.249854750604624,0.123264577222712,0.111539794132512,0.450804918084931,0.327456092376502,0.412286614193704,1,0.37240037329391,0.185180642319343,0.397222274483688,0.385365972458127,0.37100209821385,0.295285754768915,0.454375158030269,0.404782656928428,0.380113870518339,0.0217562545235542,0.413534475001504,0.140880885486058,0.303230593879024,0.374989086673604,0.346008323665203,0.348303955955122,0.390272226857103,0.381799567639642,0.440523873691274,0.315411497347912,0.270636773502381,0.0697049962574565,0.242085068304575,0.375567729323341,0.118625755638494,0.408531558549588,0.343626248695223,0.297048796410304,0.352677641368249,0.470957081710266,0.274319569214491,0.164151714719153,0.344856085044422,0.0547816888151166,0.195772029161966,0.310665606778742,0.412271928135215,0.159207378478355,0.0314534160301751,0.344009115533582,0.0162010398287837,0.381751008142368,0.447439045763082,0.345331895715711,0.426103739591251,0.446634301911485,0.352476771228412,0.447144216860536,0.432351269693948,0.334613241859577,0.26947419619468,0.357993612863708,0.329611020131437,0.202497120298395,0.234744032503192,0.344798814571784,0.0120934816322726,0.370003686383,0.168883748199914,0.237284177238303,0.299995835461155,0.148184998969101,0.231933244457414,0.0104761077079469,0.0196788384700148,0.112453847050005,0.201970942691743,0.378672249864689
"15",0.139536133385556,0.0107811087867676,0.401770765080225,0.162315114295872,0.265798109755693,0.47028661542731,0.353797260026823,0.117043420420709,0.123019271074811,0.444781879310748,0.630754529480819,0.525938956980177,0.652266750821994,0.37240037329391,1,0.278953815641217,0.658234929936729,0.592811315176351,0.60109568680568,0.513474737151962,0.649848034665172,0.646498809990057,0.678700325931108,0.139776397825615,0.507917262576312,0.00315546401795671,0.53998004299105,0.634265262843404,0.443026781471773,0.545161512592049,0.610806609413756,0.475209995716,0.62729670671194,0.47559701878731,0.414543984602193,0.068979103301844,0.061111103899377,0.580127685368014,0.130536219642156,0.640071511908172,0.542363698362428,0.271862149810175,0.312045367714454,0.621275844175789,0.430653603151278,0.180581120520926,0.528898872808499,0.0322620651501234,0.486902765771584,0.543426505685789,0.608232650242891,0.369603882275978,0.0595425637343769,0.516698609525101,0.333720780622267,0.653282900155001,0.673045684504512,0.639201978740331,0.553840215798539,0.658254347435478,0.646497480120937,0.622229249191782,0.632974384532316,0.474672391876094,0.605733986742945,0.523210631805294,0.273544775101425,0.424796947367605,0.321328182627019,0.587388048747453,0.0195229590398569,0.544587929367568,0.143067922633474,0.209750074895812,0.453362979595064,0.174147583776273,0.530007780215416,0.180542622688086,0.038329364301638,0.0730725722373812,0.479444642523861,0.626664635603867
"16",0.020188496644724,0.133783135890426,0.105671482007959,0.0856166300295529,0.268826373145036,0.194622781020822,0.170371259932335,0.0592926379577865,0.194822845095873,0.248347762653581,0.24453734716924,0.243836264947927,0.216599047521406,0.185180642319343,0.278953815641217,1,0.326516333418393,0.237973387225879,0.269850765211343,0.385365274537649,0.25634273054609,0.290289584879062,0.348797261182681,0.11201245031706,0.106001820939933,0.0348253969872273,0.194966191539928,0.233312146126094,0.111560938080222,0.199555749865075,0.144924595390423,0.149321907223628,0.325859733240251,0.280724430913668,0.216340548637165,0.0863065013068964,0.014854014456029,0.170052248878029,0.236870006934103,0.283347095108704,0.298783558282816,0.00608849599747819,0.0138831770982803,0.303621697492508,0.0235387424658685,0.209126823516731,0.177958030692167,0.00141381684493607,0.218735794314765,0.296096923276439,0.369818319414199,0.0117904074018068,0.015593293739243,0.200392158994361,0.0729895419816998,0.268727053049545,0.297255518109896,0.269051991484115,0.200838069636479,0.291712965695139,0.344245863396199,0.356583423419432,0.407035847337364,0.290503685632148,0.207526546614895,0.0891613861981229,0.320116227792317,0.144606211950869,0.109002437094154,0.183631339959089,0.0564363384897544,0.177399742358902,0.107893333811154,0.0459229092875963,0.193801310466211,0.0631738623498344,0.173970936877878,0.0591238642174073,0.0368459034476538,0.000759091169523074,0.269544192836438,0.265668901188791
"17",0.247598291142385,0.0280720866499997,0.514043032503724,0.200934022365825,0.312683994589535,0.68108362384027,0.510783129217488,0.114627802118076,0.135107147460636,0.523096072360673,0.798821044713892,0.600490286943806,0.813902005936905,0.397222274483688,0.658234929936729,0.326516333418393,1,0.837763194684901,0.788573876302384,0.676997281651771,0.830461675491178,0.828812749247096,0.878189610587217,0.249031171415193,0.644056589607437,0.0206249828881605,0.74451374364764,0.794777370405324,0.601486711460877,0.796633682613826,0.814720593622814,0.580077149445283,0.819624517838316,0.644461702385884,0.498193001120474,0.104206162054118,0.0470758660699206,0.698514959248181,0.115029463423454,0.80692305219156,0.673989379884527,0.24768467662306,0.401809234840748,0.784638234614738,0.617149589924752,0.190867738071909,0.716001334497765,0.0558668472631243,0.642838593902927,0.666607312097391,0.77633369715477,0.452001336384259,0.00130472390538515,0.69978034427103,0.402374604465818,0.827457495071259,0.823328353104867,0.838413600351375,0.788640762193434,0.823751479912167,0.850182417864118,0.787395182077575,0.784034197424486,0.62898992123367,0.717834861065289,0.69176979001852,0.35570602565113,0.577436388072515,0.371255896915495,0.770056630557874,0.0671903619802384,0.720258939925569,0.199719551278538,0.316575207999264,0.595676464164081,0.32943632984889,0.746559477046228,0.264788658107968,0.0573936978262853,0.0784429892880144,0.614802870119665,0.742134221713958
"18",0.177251481881046,0.0100057559775768,0.531977558481216,0.111362292059251,0.30799604399556,0.699978608304934,0.533841658311097,0.180363611388241,0.0909485770946183,0.466966995904172,0.742393350998564,0.546562429484436,0.724938777745465,0.385365972458127,0.592811315176351,0.237973387225879,0.837763194684901,1,0.711126860587139,0.634807835702967,0.73612565381569,0.764791480813885,0.79451318706738,0.376509822438159,0.563679245224718,0.146473599889303,0.704895543279353,0.761880626751793,0.670138579519537,0.81267174887854,0.808283624229526,0.700135127506907,0.782590197388326,0.622267540622,0.557733731380572,0.0930508902926706,0.0876265041356594,0.608085246662119,0.132284934964072,0.692293557861297,0.524750169421179,0.134733429463258,0.345793041491324,0.721351556525405,0.632663753582438,0.240821570377337,0.667296190402625,0.00976004892256433,0.557787823947868,0.66370505002471,0.6584482697872,0.577167124518001,0.0736716930384565,0.630736969527037,0.450254104384491,0.768265134510033,0.767621249636469,0.850743227230538,0.821835641366247,0.766136376816431,0.809116117980235,0.728852009913388,0.675546566674137,0.602645457876513,0.659108507193535,0.613990708379098,0.375015420700208,0.578711867565601,0.28669233679443,0.74908736334678,0.118298969136294,0.685533596228249,0.315291760780573,0.275491212599012,0.529724017357421,0.297745847375173,0.644739745757041,0.185540151079943,0.152222726349383,0.059412939684293,0.545168688565369,0.670067281309674
"19",0.185653186230686,0.0935100800958254,0.491104841427045,0.129795474466085,0.199854678920027,0.624322454483693,0.445695052129349,0.0891874865718376,0.0573383146699286,0.439583039452297,0.720469598761199,0.551143912278208,0.748511072059385,0.37100209821385,0.60109568680568,0.269850765211343,0.788573876302384,0.711126860587139,1,0.593066625896339,0.766690139842159,0.738436198107356,0.796806806143867,0.207102314586983,0.605663961804932,0.0318981546907017,0.6635319202299,0.735763449784627,0.507443889299359,0.69542561857465,0.748665076227526,0.504056183896345,0.7434673070929,0.543871956235839,0.444479333289498,0.147853487589669,0.00966793767342152,0.654476458065095,0.165864896761462,0.75322629363715,0.60415442846063,0.28507808117083,0.342374245123549,0.69990025724563,0.540259306091487,0.0856575660369307,0.657364222934239,0.0398636925977775,0.617437346912291,0.567626433281735,0.756123460161907,0.446543182124371,0.0534860148662302,0.640283927083782,0.325878026143025,0.708912582959509,0.779237023384674,0.763713754806685,0.697417306563303,0.779965320818982,0.761953730295522,0.674708331339652,0.684497464252691,0.536398975960478,0.643191042851567,0.647557413038462,0.313661170477213,0.507952307270677,0.324395425457562,0.695226485544101,0.0257334019507119,0.656479822700415,0.151227406398126,0.333615863611026,0.539830522164766,0.248605997756252,0.687377396965342,0.322283234939162,0.0655666983067232,0.107786603350365,0.548821968355588,0.669157994597831
"20",0.100798302294499,0.145248259368685,0.350743873710545,0.223374303862197,0.399490504613389,0.586573561960002,0.479042619614838,0.117241030765487,0.036525788173028,0.508703956491042,0.6004656917148,0.507323455481807,0.518370245673934,0.295285754768915,0.513474737151962,0.385365274537649,0.676997281651771,0.634807835702967,0.593066625896339,1,0.57506156393655,0.668976850134969,0.686662651637063,0.295564753582284,0.354505085159276,0.0492397744022577,0.582151581346294,0.664757215377846,0.473815246384535,0.509014832560202,0.545381328273348,0.522508581911325,0.640770808607967,0.509316370622845,0.420458461241913,0.107923172175849,0.0141503820208786,0.519841374578447,0.0915181819932137,0.585670882597392,0.550667094345246,0.0578552494071721,0.166219133911587,0.642259805751712,0.429270740740376,0.234088346717143,0.511845812626548,0.0247537269529258,0.506223165924828,0.596779330121135,0.581833081127713,0.434655295710694,0.0364768733561095,0.524110122311098,0.365826441861915,0.618885838146911,0.663190541207772,0.648523766597321,0.559675851052043,0.664650262088914,0.702453425919303,0.669476632310361,0.610623728459627,0.382147214628092,0.593355440145907,0.440733578466781,0.414314955119021,0.529880253985858,0.297758307904404,0.529587914170199,0.0289268896129774,0.469683474708128,0.275538030630677,0.195907446949548,0.461387880954318,0.125133394617632,0.50438299447725,0.172206894521872,0.126903759428414,0.0617401172191961,0.525060937072611,0.590702418533541
"21",0.271283627356967,0.0486717690357257,0.499992691665284,0.200710009804892,0.263698504931193,0.621728901235152,0.483429056446554,0.156175579020713,0.141201127252712,0.433340509129582,0.75772570674118,0.609682098288861,0.815000263469318,0.454375158030269,0.649848034665172,0.25634273054609,0.830461675491178,0.73612565381569,0.766690139842159,0.57506156393655,1,0.802105865126053,0.836834582672177,0.126613239219286,0.660916860662707,0.0966997985147318,0.712819565900113,0.750517931222281,0.560462968417928,0.731155681885175,0.784028996578124,0.549806262227049,0.767368389150988,0.649295315800205,0.513364293414328,0.0593117354296575,0.147320797948295,0.691107162070654,0.223838456110509,0.835999828342498,0.689824848555629,0.381333826747065,0.502261763500362,0.763511538184947,0.578852092834,0.161528686211145,0.694859674066726,0.0441657809644796,0.604472984336318,0.597011670142322,0.756833176487787,0.480697090320255,0.00444706802593079,0.693260854852552,0.340132617297205,0.775195911133647,0.826826983229414,0.784708023456134,0.755368291805248,0.800357811341973,0.829403531028616,0.704006526258748,0.787013965929843,0.604419247223902,0.702017513883258,0.68020306757065,0.357716920477004,0.512340621719869,0.31393773607047,0.756176047753401,0.0808886793621251,0.765823337367361,0.178004597181842,0.362290939545931,0.602758634320976,0.341761312831958,0.717314653572246,0.245942882423165,0.0351829108645236,0.0546899919242707,0.565530234642766,0.734594425866196
"22",0.147781914266565,0.0180071530903675,0.484170603054542,0.239344411204308,0.31141967766155,0.636735055295012,0.526401455812141,0.148910391865712,0.104044425398777,0.532540286201245,0.741620125121018,0.579874484970537,0.780811797148917,0.404782656928428,0.646498809990057,0.290289584879062,0.828812749247096,0.764791480813885,0.738436198107356,0.668976850134969,0.802105865126053,1,0.838028326169732,0.230265734832553,0.569651665764257,0.0818254478737681,0.699227113740244,0.774212562022679,0.612926594525956,0.723491404069381,0.760463899007742,0.578896733453746,0.788021412128764,0.569914754866732,0.515319350967916,0.0600587621103772,0.0865816412227169,0.669468328622589,0.101049824088719,0.792484563203028,0.692584449613536,0.258232009762263,0.384764560043712,0.755209797772458,0.58332385559584,0.247224311344843,0.687859631319978,0.0271509039075042,0.612729308100281,0.643463839556197,0.719004180485731,0.52634769543502,0.00327661812692569,0.667923801280839,0.413881474816382,0.808660656054044,0.812828899224547,0.7987408791911,0.707209082147738,0.767414319823208,0.829440171919976,0.737026855847391,0.734856927250003,0.589844560066339,0.708494368277425,0.627098866609531,0.344381430504184,0.530965079334605,0.410786494054987,0.726699714477606,0.0752042923495501,0.699140934612531,0.246371300025507,0.34347732195364,0.597004377644337,0.281102081666715,0.678285697695209,0.224396219045504,0.0422523489653918,0.100419914897758,0.597375913514673,0.748728683600428
"23",0.249754077612654,0.0115232041087372,0.490433242899955,0.164248071341807,0.291057767986655,0.691779862691432,0.560792737380976,0.111981549112258,0.0643625498315762,0.563334680911042,0.762340741406232,0.62017777170228,0.784663853592715,0.380113870518339,0.678700325931108,0.348797261182681,0.878189610587217,0.79451318706738,0.796806806143867,0.686662651637063,0.836834582672177,0.838028326169732,1,0.226495349241499,0.570801406823561,0.0392730834945423,0.773612592912469,0.784073054683046,0.553501199470064,0.763032911566814,0.784726345381088,0.552947394594098,0.812581795996346,0.599421634336613,0.574146763786489,0.152028471411209,0.0142640845276549,0.678172424584497,0.186530724423357,0.80891480831748,0.688619748466535,0.216402056637484,0.36982989361248,0.775251493425429,0.611248696595384,0.19601333893838,0.739743391835025,0.0240429281075791,0.691111944836525,0.61607575314059,0.762760358589861,0.516066110880154,0.0428940435808726,0.687757291787628,0.443578014592623,0.821123366820689,0.85085661483469,0.84783972344318,0.764332950069511,0.843826988470886,0.860721723288826,0.746917270074108,0.768308563301523,0.584497920204653,0.727170599051888,0.668506754491856,0.352978333114056,0.565235201110637,0.331528675070299,0.751718591634124,0.111128624653553,0.722440789495904,0.230674273940902,0.303126434175622,0.568574968809788,0.240260590609826,0.762814473685623,0.3191991483371,0.048992977317851,0.0959065319146875,0.626269384533679,0.724457715430406
"24",0.0503074952600297,0.0721347002877798,0.16601680041953,0.055039883856807,0.112014283109545,0.394732633946573,0.153741050816094,0.0757516061717782,0.336622669417137,0.196724277423323,0.24053952607947,0.114866417183681,0.239887503304862,0.0217562545235542,0.139776397825615,0.11201245031706,0.249031171415193,0.376509822438159,0.207102314586983,0.295564753582284,0.126613239219286,0.230265734832553,0.226495349241499,1,0.127693853410545,0.0136760981595176,0.213449357698716,0.371234847081552,0.323694135573749,0.232546612808074,0.362741073662875,0.436481252827302,0.17644005622245,0.169488870356524,0.115794802922887,0.0374435921555374,0.0879267206864882,0.251138356521332,0.357497963397483,0.127290426933638,0.0389441435349893,0.0519876587561688,0.124858717459109,0.217859477208926,0.39656166281965,0.0738811868426357,0.176012852442026,0.0162156540288202,0.189778950952207,0.336656195848189,0.118945024363682,0.411191706911731,0.0217886852503106,0.163493868777853,0.383521323195187,0.282708055490466,0.203561719994189,0.325005605369659,0.271717048857005,0.229939608089109,0.257664267468551,0.300256263351154,0.0307263757775031,0.00221398117841447,0.236379223774731,0.218625918960929,0.0601667598876475,0.280615509637503,0.282991378070284,0.239052227643947,0.0586153391169613,0.11555953060675,0.144054218663815,0.0846253782359398,0.0640230057677333,0.177044121013494,0.153909041129902,0.1761513795555,0.286161818972695,0.0778535863675218,0.173278188815076,0.269991015142932
"25",0.146829750303684,0.0989926706203738,0.474320467348269,0.116504090093428,0.15752911375094,0.442608001340028,0.309134272736491,0.200586836804985,0.114797608117542,0.232161570304631,0.636235899488783,0.476059855178239,0.684335726336694,0.413534475001504,0.507917262576312,0.106001820939933,0.644056589607437,0.563679245224718,0.605663961804932,0.354505085159276,0.660916860662707,0.569651665764257,0.570801406823561,0.127693853410545,1,0.064986445038262,0.49887619649755,0.591713233325855,0.505187068434762,0.577647548535958,0.667585824447467,0.484396363299359,0.592374342726404,0.48913669942757,0.3163122855799,0.0404441944457684,0.160101906121559,0.593785922274406,0.0963639983970226,0.639088029290318,0.443336855460353,0.482960236722872,0.569955933567201,0.616168761674267,0.516375732363059,0.101759587634484,0.556718734686047,0.0262395809354372,0.382764029139809,0.496147714042634,0.610103550034778,0.384687317259605,0.0866671374489185,0.506410818953342,0.216689827429809,0.576249081699039,0.620452877274542,0.608090123697951,0.645956478615898,0.61301547826587,0.588343087510877,0.555597746319116,0.572290968383291,0.528443920927213,0.508752779184544,0.605065567048777,0.187272464216461,0.418357824603258,0.382092445000943,0.603111335592557,0.0321685941702554,0.553279283959889,0.090292224016385,0.32836870438084,0.496836384158651,0.368473539549141,0.535345581422902,0.239210653692139,0.0756011122412368,0.000145142487021008,0.419858758109305,0.582451946208421
"26",0.0391064256450039,0.0637314352759405,0.166502257485485,0.0335877597339781,0.00238127549589566,0.0748290561127822,0.155303995359517,0.371367545566998,0.22201301418654,0.0340641619824142,0.102533542691508,0.0531348545787912,0.0173463673399152,0.140880885486058,0.00315546401795671,0.0348253969872273,0.0206249828881605,0.146473599889303,0.0318981546907017,0.0492397744022577,0.0966997985147318,0.0818254478737681,0.0392730834945423,0.0136760981595176,0.064986445038262,1,0.136571351081328,0.0729689346139278,0.279067231912436,0.110863595537731,0.112056182561983,0.278017547405148,0.0878649429089373,0.143717851510785,0.254747573521758,0.125254010049382,0.247025874880522,0.0227897113106279,0.176793851821573,0.0865172708858511,0.00808643292381664,0.135389205209653,0.103104060844655,0.111214441552655,0.076647896945247,0.170352722472473,0.0895504807167683,0.189337843176121,0.122065791302469,0.0829211904339182,0.0152606112789873,0.227588002038699,0.241273262805075,0.0682510874555286,0.00159337621085775,0.147921817840186,0.0818181152457815,0.126994819725683,0.181273493253831,0.0218188451007553,0.0789277901224934,0.0369926045944991,0.0319421449409044,0.158177314452156,0.0623703377528577,0.0425456103979769,0.204089093341458,0.0751229597878637,0.0429233033833797,0.105598972060223,0.149768107492854,0.141442631422895,0.206877065807847,0.104856336386224,0.08947806750626,0.0712335591458847,0.0233548917351773,0.214148200436405,0.0666779448693922,0.105863889266412,0.0383126439078717,0.0267699767014164
