"","1","2","3","4","5","6","7","8","9","10","11","12","13","14","15","16","17","18","19","20","21","22","23","24","25","26","27","28","29","30","31","32","33","34","35","36","37","38","39","40","41","42","43","44","45","46","47","48","49","50","51","52","53","54","55","56","57","58","59","60","61","62","63","64","65","66","67","68","69","70","71","72","73","74","75","76","77","78","79","80","81","82"
"1",1,0.0137208040120071,0.311611931945088,0.200278122793194,0.236829380619768,0.301422713033037,0.311747461395164,0.166996174156206,0.114236906011394,0.289716452729856,0.281174898556328,0.213976090042822,0.190979994281811,0.2842899794775,0.191805437471945,0.191804837168531,0.30785719924304,0.319342248232114,0.271090311769779,0.311825469861725,0.30540738492261,0.247808697363294,0.28528595910754,0.188902145327118,0.291708335091886,0.151571555458804,0.259246369612817,0.269828936275099,0.297237958689792,0.329673242831696,0.295812143726553,0.253658715921625,0.277181507531041,0.00489230657724473,0.221853792784193,0.10411100192425,0.164483083747086,0.200411701211724,0.249147677521645,0.195183348642393,0.279789658047402,0.191460551934606,0.227327765113743,0.291580460356664,0.308713060623044,0.198689908201783,0.122797464944289,0.178172628183301,0.327818069721956,0.216682668965491,0.242286627279284,0.227053044418955,0.200079801658172,0.20295510208161,0.234310640955804,0.151773235271609,0.283631823911396,0.298683749200307,0.259180700662648,0.298030063154028,0.292911027538762,0.244325395472736,0.308526616944726,0.1509434373806,0.314661381458486,0.240746432123334,0.158014849585527,0.274805428548137,0.14585686431351,0.253998394762469,0.264990039598857,0.28328060828291,0.194199818823671,0.262288645455217,0.176340648820795,0.148546921021943,0.325232841762861,0.34407329850486,0.0943245598912242,0.26965082075245,0.197491417205567,0.228833717865762
"2",0.0137208040120071,1,0.0475474690710338,0.0988580825524174,0.0759096815114569,0.0280453433229064,0.0240010905926279,0.0898498086748279,0.110890894533823,0.129596455121996,0.0715077331552785,0.0199607766270369,0.108506774601282,0.0718378521929051,0.0170050544417159,0.0286760788330719,0.0998215614358628,0.0569603410260086,0.11059905590078,0.0840195548433368,0.0841967988000186,0.0459623213972517,0.0516348299529631,0.0627418102034615,0.0287919712527261,0.076421488365587,0.0770588868586872,0.0536383584612456,0.0389939239968988,0.0269940441727123,0.0630722218945578,0.0977724266321651,0.0924932013924286,0.013692969302138,0.0586972390505233,0.0325666559966658,0.0935966513108426,0.0311416714261863,0.226586396908173,0.0756523039854277,0.101603117945066,0.0107139626347662,0.0155267286562188,0.0591151471097827,0.0286451993909645,0.107722133106843,0.123431213223007,0.0571019625517059,0.0280706886618953,0.0465770324699535,0.0215995266614239,0.0868607785193501,0.0393132386472139,0.0409578620514307,0.0257935274039488,0.0843020239729717,0.0542491272475247,0.040905584880981,0.0901080702535073,0.0266167175820935,0.0757033018321952,0.0423526650357171,0.0746493572367027,0.139221270557732,0.0640561915358369,0.0153536129859084,0.00236880852992451,0.00679942842003744,0.0225470657790298,0.0950903742782377,0.0118239713674287,0.101767758098466,0.0033606898767508,0.0791011729913904,0.165811344425424,0.268887169450397,0.0251649381981569,0.0116494719725007,0.0396603186061615,0.0888515705703601,0.0324581251024639,0.0575349423940657
"3",0.311611931945088,0.0475474690710338,1,0.414592574245894,0.661332158098353,0.760409670351816,0.713960900544694,0.445453451688887,0.195007260344223,0.706806368895506,0.78832512143959,0.654322443429701,0.644770238863904,0.719187239012394,0.574827533414456,0.659250646742143,0.793728792927576,0.810726153167397,0.707621114241181,0.806839875541194,0.781878926040303,0.65998009877806,0.766546661963885,0.577846569020639,0.698429091817,0.336952127808121,0.691684934918514,0.762090844364675,0.745428182283324,0.757614000555303,0.756663687561605,0.738706814715474,0.717323007510377,0.180808846801182,0.658770569806431,0.199567230296869,0.551251900951876,0.655283615479761,0.697930593655085,0.641301749872926,0.737272263758783,0.456048931198447,0.505879094615715,0.773660231262367,0.733753006616837,0.528176609624535,0.138186859686962,0.299368022617282,0.759155655318537,0.652858408828199,0.522379030369555,0.400458203900972,0.381794553778563,0.593960251525044,0.555476479787271,0.621456043730609,0.811870062385762,0.797906336331677,0.727290216913096,0.813526634344794,0.76899020350322,0.747357612709928,0.82303829510024,0.551755081260517,0.779143812669991,0.678118327745882,0.464621047761762,0.719948785705505,0.519905097602965,0.702591649409822,0.768268665386124,0.729016579067577,0.552234381231773,0.611907686957278,0.565192411995197,0.370865866059846,0.780575202714944,0.801453951114396,0.0981799158145856,0.438990948421334,0.265252737750262,0.717763355907631
"4",0.200278122793194,0.0988580825524174,0.414592574245894,1,0.349882892559435,0.481968879936308,0.38844602580804,0.191758401230801,0.145318469640011,0.359641305972261,0.484693152271839,0.377981253115504,0.359813584221787,0.379312427893664,0.349472024080999,0.339085821431624,0.478914370444223,0.490236687685563,0.450667512353362,0.486362927555555,0.472387295329968,0.383930822157578,0.454141357663597,0.344699264309885,0.408183587527582,0.267323956785743,0.402764639024701,0.488045133350463,0.46610879265212,0.493082585265092,0.469028360509801,0.466838465963072,0.46724851613945,0.0714127217475929,0.363648650864398,0.108518104122655,0.340800677883729,0.377638094590006,0.372880868264988,0.394868682313602,0.465694024265494,0.238670037030377,0.270598287496303,0.485304715020243,0.455095510066112,0.358107521718393,0.204640593135298,0.0937506937465448,0.388020664148158,0.427918443833714,0.329076499192104,0.233573934846851,0.207119309979885,0.347731945873468,0.465943453925274,0.377419222266288,0.492169115233246,0.470323544372724,0.460520600719581,0.484324061523682,0.485943830667571,0.475126268773198,0.470404279712182,0.386038633255391,0.467515704126617,0.354092101137626,0.248130906659461,0.477108260358974,0.318451066031543,0.428310614282308,0.409552736884792,0.446995632005677,0.3234002022151,0.363288447302316,0.338774423475109,0.317401665395301,0.367551287330801,0.441826842308021,0.0752793495762051,0.267588214326051,0.147360372387726,0.44402975935415
"5",0.236829380619768,0.0759096815114569,0.661332158098353,0.349882892559435,1,0.654359002050008,0.575989154829501,0.314932361712559,0.133465920784944,0.655396360402272,0.710887808207625,0.596517096261759,0.636235080456526,0.582918433682818,0.534113385924829,0.566302967911912,0.726921647690475,0.742913640951389,0.684776719955882,0.714893795823546,0.720582782978041,0.684317357564109,0.718970711536302,0.564499540256177,0.63487457185771,0.382535385508035,0.605161115488391,0.678240978620995,0.668665412255677,0.676508358827724,0.681925822223464,0.690012728251206,0.70534834631701,0.293412986015938,0.606258005214969,0.169307791161705,0.471093565874408,0.601997367837806,0.589883748363615,0.619173120807055,0.640882055242937,0.3945536144966,0.421524120560814,0.743433843529681,0.611010887443283,0.485244336938369,0.224500792959962,0.294198392925088,0.656369074204872,0.626931341744683,0.527895470076147,0.393466386997222,0.196631888010749,0.552706514644679,0.54551706203082,0.633932520198229,0.728944051218856,0.737360247300895,0.721639995348425,0.729556520002341,0.728019613258284,0.736450100003095,0.727347261559634,0.441066433394047,0.676993088033964,0.626677377641325,0.457016381166094,0.651188230701666,0.547340908761248,0.642020975283635,0.63977532237939,0.678371476367333,0.509514454082483,0.531538401405831,0.454774861563078,0.323835727654183,0.627068195837658,0.671581206267557,0.0571396632178119,0.320912954767326,0.170983772424731,0.695197047826454
"6",0.301422713033037,0.0280453433229064,0.760409670351816,0.481968879936308,0.654359002050008,1,0.729136728636268,0.390927555455348,0.175936640415784,0.657661725055788,0.82745784754769,0.695008860459192,0.701885671601513,0.730734901210686,0.600414462503609,0.678501640865448,0.862839556536539,0.881134960206535,0.787182725164281,0.856964123677309,0.828229883816764,0.719290821396806,0.842265273273927,0.646163495868186,0.718987644149356,0.396451817646728,0.726179329689001,0.828347839821629,0.824133163160829,0.834433838582953,0.84865625365828,0.797503160776934,0.787722048849309,0.243210660527608,0.717400194034249,0.194540256709429,0.58785763178797,0.684787527006581,0.685095637111072,0.724737972001923,0.781668030484307,0.439486516649313,0.566577788580795,0.821753493958811,0.775898186949928,0.606660996434768,0.238700873512576,0.312285924206841,0.756095843136529,0.745297587153314,0.60221224010104,0.449064748839022,0.302753862071116,0.646965302009943,0.688870051592659,0.66572331722015,0.84564799202619,0.870098061716099,0.83279664682021,0.843635770706014,0.844832691942036,0.838636630029945,0.841917158140516,0.628080856293044,0.813749209548942,0.660938935079366,0.434383523071725,0.797716603981211,0.590262065046047,0.755340977252232,0.776693375303414,0.782659987821394,0.598383558094535,0.622527322332203,0.497978580547335,0.392662510656643,0.762210437172043,0.817507665706841,0.12818135635065,0.404317000743256,0.212626221384615,0.776725608020747
"7",0.311747461395164,0.0240010905926279,0.713960900544694,0.38844602580804,0.575989154829501,0.729136728636268,1,0.382435571504899,0.176045916260886,0.612157973447626,0.754842668889597,0.607491216525672,0.645559051097628,0.679989063524413,0.553238314659631,0.656690581414457,0.782724101801909,0.77788482366218,0.68858137110713,0.781110447393842,0.731578233252853,0.599294349251375,0.746028477447991,0.550924555264639,0.646731305090231,0.286137602771335,0.742991828106981,0.727480850348861,0.722374980542348,0.710492076027638,0.742258366460569,0.717656775869844,0.648322936340935,0.149212115064206,0.660636702983971,0.148836330575173,0.485793921587063,0.62152590582543,0.653889343427478,0.647712831671266,0.718888497060691,0.479087742456978,0.510242425778586,0.729650367885287,0.729183431300035,0.491407819641637,0.19256865147965,0.277562220449322,0.734927393508546,0.60674587961083,0.534605495250259,0.422502095635903,0.343493330845386,0.589779401884948,0.580818442882494,0.544043707164242,0.773067628054882,0.764944420624645,0.725033494300326,0.766469422394944,0.763078791361644,0.735349398891115,0.785890112208234,0.477579447753692,0.72945455733537,0.649971661883984,0.383793215503779,0.708753966800668,0.474384546735953,0.660136483669258,0.719653990136374,0.702717250968928,0.602352480228105,0.622608893064051,0.519688700288684,0.349053840645682,0.704949234187917,0.740709661935083,0.164913794057512,0.450969051459854,0.196337038991685,0.684229458790303
"8",0.166996174156206,0.0898498086748279,0.445453451688887,0.191758401230801,0.314932361712559,0.390927555455348,0.382435571504899,1,0.00462170907645293,0.373179804280902,0.394642772593078,0.283802214639413,0.286889094715933,0.328136517630677,0.296667423874928,0.360503157795075,0.436047661477826,0.431872784051692,0.371044285903705,0.434729121686908,0.441585987997729,0.362547575666299,0.39939547464804,0.240107671804189,0.334008504899451,0.151218029979498,0.378479704383063,0.395775922885195,0.390386947985471,0.39743002455255,0.412298670689394,0.331017309765959,0.331961002786876,0.138183639456568,0.324398043274056,0.14473398661316,0.373067848799337,0.302658603934488,0.398361828177674,0.375546499623691,0.380791979641815,0.357482662413984,0.355983238122744,0.378919714405863,0.443436506714513,0.254779748209422,0.0236253331193462,0.211268095357303,0.477058325769266,0.272943423770495,0.110676505418455,0.165185238227209,0.271854463962008,0.254401598427193,0.25360164557704,0.260157195189883,0.42944788611905,0.411467902357151,0.305594726968871,0.419428455111472,0.407105614784672,0.354719040841742,0.410870923973804,0.253593814318512,0.4052430442974,0.352554180257117,0.179000296285496,0.376329653063779,0.231897997159612,0.395642354962117,0.407485308451917,0.380765049811318,0.286109561941199,0.384706341091808,0.29585035390051,0.169941399729138,0.474642168049839,0.468667594972792,0.0942481042303941,0.375974579919176,0.252882127616086,0.336862045454857
"9",0.114236906011394,0.110890894533823,0.195007260344223,0.145318469640011,0.133465920784944,0.175936640415784,0.176045916260886,0.00462170907645293,1,0.0733651069787376,0.163384241333023,0.0277722068285617,0.164756300832424,0.125386037458804,0.0721996389355331,0.00123300786227204,0.135320565236728,0.153283837449655,0.219102590839073,0.163795663835337,0.148904295693763,0.0128180273054621,0.0822636586936732,0.021860005995949,0.12385504761655,0.119160401889291,0.195100484563292,0.16650273156516,0.0381849624473837,0.0934897454698229,0.098170468439443,0.164498569033447,0.106257357447787,0.133802712986956,0.104658177434214,0.0828626111039961,0.073902656728635,0.0188331326476277,0.21726974012822,0.0142621479096716,0.168232539249056,0.101786377939066,0.0936519652666622,0.100102739151845,0.0512584291305987,0.143916204182003,0.0942654576235387,0.0869588123632445,0.0237850334832941,0.197005859027099,0.177279088871437,0.065580742584444,0.0104540209606778,0.143326809584957,0.251131131374073,0.00733583957932869,0.168151173738733,0.144603505286979,0.226017552873763,0.11217572917028,0.168827623599891,0.101950121190612,0.20081853553819,0.147964628131278,0.116484259177037,0.195210282900552,0.159490883626277,0.0279803011159913,0.0163453210531018,0.107653082362907,0.141913771622334,0.191344022188053,0.14681462937924,0.1096049551136,0.159603817320184,0.235447782296309,0.0643104975588047,0.0585266579413152,0.145823743811438,0.0231635099327806,0.0413692003570596,0.0966363196040738
"10",0.289716452729856,0.129596455121996,0.706806368895506,0.359641305972261,0.655396360402272,0.657661725055788,0.612157973447626,0.373179804280902,0.0733651069787376,1,0.737896518064244,0.652053550948532,0.555993650006025,0.559893809170764,0.557148975807968,0.604026543357806,0.77001790381743,0.729856492731182,0.677181453743344,0.764223404086132,0.727043526965921,0.713889558753413,0.761014885654609,0.64140541788743,0.631305222488494,0.38055274036554,0.617998369619191,0.713057698267698,0.677726656785918,0.697143237542063,0.671805508281335,0.681938172704182,0.72341903744413,0.283884914777857,0.626700653891157,0.222470266613147,0.546440461394703,0.605682741213103,0.639104805730755,0.659549568869177,0.684923418866769,0.504701365357227,0.540019170163062,0.750139776815865,0.649321149786459,0.47933266956956,0.16812701713732,0.338963661356483,0.739482294340233,0.592268412484228,0.471998695294316,0.413980199839349,0.39751277687771,0.554364946464584,0.48813728585914,0.641393347622033,0.755632055792939,0.716334585539235,0.688379209253506,0.760214663055406,0.726833124009528,0.737160694202985,0.759024773391073,0.462123422300479,0.7235717596255,0.634870585998116,0.388744192533083,0.663297509324452,0.562659747285376,0.621568281671865,0.719607963416776,0.72376448434238,0.477639654642551,0.525103358891552,0.54581439439466,0.431571564665294,0.703492245760046,0.738057119295183,0.131202312793323,0.4648718375049,0.241983806738183,0.685087029796074
"11",0.281174898556328,0.0715077331552785,0.78832512143959,0.484693152271839,0.710887808207625,0.82745784754769,0.754842668889597,0.394642772593078,0.163384241333023,0.737896518064244,1,0.708659249001348,0.735490065404108,0.726727631165735,0.683030077010232,0.696404494184034,0.917690589463468,0.905113671093363,0.828967751004263,0.913376260601535,0.880296631713248,0.795340432251438,0.884697103927515,0.719456563586827,0.754967483198863,0.452044421509676,0.738349540191486,0.860760462424358,0.838176593430377,0.868034196604249,0.867388064042218,0.851917379668236,0.858487653418796,0.244065144604364,0.749464320741436,0.195897887592475,0.589055030776698,0.720422209935867,0.730768229838672,0.785601676880929,0.832877586397201,0.512089651519774,0.595861145553944,0.871170056733467,0.797601721269205,0.614903776989343,0.228414853844851,0.362540336662218,0.807979518437975,0.749997588547669,0.61437934913218,0.505199856886708,0.38126883288759,0.61171306078393,0.69008577913064,0.729732886551967,0.903206748078629,0.896185191345801,0.846918738687577,0.883078144151226,0.89987124139222,0.883344428177176,0.887804513553223,0.603306716423647,0.844636334749671,0.705977685061955,0.488894888414407,0.834804434764352,0.6550364357963,0.777035204747421,0.799855800782639,0.837321237859497,0.628357236071609,0.678634892877633,0.587495862079029,0.43508512979734,0.774166443735896,0.837287238448838,0.149450954235998,0.462610502480818,0.229622661115074,0.84928748471894
"12",0.213976090042822,0.0199607766270369,0.654322443429701,0.377981253115504,0.596517096261759,0.695008860459192,0.607491216525672,0.283802214639413,0.0277722068285617,0.652053550948532,0.708659249001348,1,0.576307211635702,0.652302340410801,0.630087918623714,0.620787385853884,0.720616781456185,0.73860935302283,0.636856795039281,0.719936768557127,0.688676987128834,0.719906853019886,0.751476804012054,0.607041038174023,0.660326943093113,0.43420327446662,0.606381079918477,0.730776934786443,0.734309628257287,0.708394431454935,0.684185223559535,0.712229630004362,0.714318528034961,0.294396926144654,0.610833583970301,0.179781809559784,0.47340745613588,0.673007491672488,0.543615969209857,0.659514555996179,0.632782419723747,0.428705743806803,0.492844234782775,0.723036753816127,0.643503028845274,0.497294541983174,0.102492147202433,0.302953083813028,0.691366970477364,0.6834788242185,0.584629115022989,0.399367505753023,0.270257499205468,0.571855995455971,0.49848315262788,0.655448897666579,0.725026116369977,0.750122617187605,0.700200476414434,0.749959314917793,0.71528137739088,0.772970272867295,0.735692600943486,0.469599142697101,0.709577757965444,0.599363306624481,0.420568608566932,0.684672626157692,0.554026180699047,0.646792817253272,0.695920366508944,0.657893946695876,0.485203061130842,0.51079925237203,0.418759766815004,0.259787953127835,0.675524856874016,0.717430408536062,0.0964564193621491,0.337316850580055,0.117046165281822,0.688710839304477
"13",0.190979994281811,0.108506774601282,0.644770238863904,0.359813584221787,0.636235080456526,0.701885671601513,0.645559051097628,0.286889094715933,0.164756300832424,0.555993650006025,0.735490065404108,0.576307211635702,1,0.634755155643486,0.61715103178488,0.557277122524928,0.769713305932396,0.808500905272164,0.731827486834405,0.751100351352806,0.726181071234344,0.650333397967336,0.754514245011277,0.574639227481941,0.663782268080426,0.375070943318889,0.648449481817123,0.75087763081151,0.746954615968365,0.759224261070801,0.789790579544317,0.773598696943502,0.732898410386774,0.20927897409175,0.646406395088201,0.214906326335267,0.477116142107504,0.565991109533206,0.594948006887414,0.669021260396539,0.715846737057352,0.391777457311925,0.464680580212734,0.709677712230425,0.698196890454854,0.510929474101397,0.241413785069074,0.263473758188209,0.627994917944323,0.65361298676507,0.556907194828215,0.411459437423922,0.221263772628428,0.521893885857077,0.623864229760888,0.619883718953016,0.745487360138303,0.801783922073299,0.760319347129506,0.761108403156804,0.768000486107785,0.761082415715851,0.754984215444407,0.57790516367252,0.728301302639274,0.591604782177596,0.461666033478004,0.747382465765189,0.488682840911458,0.741937901381584,0.660584970385516,0.67598121180318,0.569255543502936,0.652711139653491,0.470935251412952,0.309657338200112,0.571646168117725,0.68148065510629,0.101463420890723,0.331037818370235,0.122022222046286,0.719656421619173
"14",0.2842899794775,0.0718378521929051,0.719187239012394,0.379312427893664,0.582918433682818,0.730734901210686,0.679989063524413,0.328136517630677,0.125386037458804,0.559893809170764,0.726727631165735,0.652302340410801,0.634755155643486,1,0.584905247456907,0.612088102338941,0.751109397934338,0.802294204040167,0.655772625158717,0.770439707515252,0.724415003676321,0.614090195280448,0.732385649105661,0.510704495987552,0.666821966356164,0.287289672365371,0.725614306382791,0.733542122221894,0.768496799561796,0.734546790698917,0.771629434504633,0.741798356491193,0.651920764159781,0.18525233397033,0.655028634380565,0.124177170524459,0.445896885194479,0.644383274454424,0.573330925084363,0.568421558809745,0.661318919825724,0.43676592543261,0.478592058508771,0.699255423431763,0.737452821137921,0.541568429130987,0.150468094946004,0.235383151257688,0.715869307401447,0.637684406361107,0.589898465403962,0.41142080995457,0.226910601331879,0.570412161305018,0.546611099371183,0.552667725745436,0.735477143256328,0.783560148417756,0.735813587677155,0.78662236090245,0.730230116512288,0.738544780845762,0.774238462072416,0.505625359503009,0.734732499248592,0.592505519102721,0.434816957885641,0.736557870826187,0.450282690398752,0.700814130693354,0.704416446254115,0.639156109763473,0.584302119507277,0.578110239040924,0.480762564355793,0.254069673172227,0.711981944924976,0.76935451581227,0.113595702213156,0.336520078870948,0.139638809660735,0.675382721478072
"15",0.191805437471945,0.0170050544417159,0.574827533414456,0.349472024080999,0.534113385924829,0.600414462503609,0.553238314659631,0.296667423874928,0.0721996389355331,0.557148975807968,0.683030077010232,0.630087918623714,0.61715103178488,0.584905247456907,1,0.524017503328404,0.680357883258678,0.696085899674853,0.616472531905468,0.671696093598543,0.667172269621439,0.614524725794391,0.695889867456019,0.577425053246356,0.561589779705027,0.411181132465634,0.535421160434577,0.650558922386116,0.693477581912187,0.683280344149312,0.656672329391701,0.675844883579624,0.673174760516387,0.282312387934223,0.550628547982153,0.202457465988065,0.431490003692823,0.582967908981572,0.478291966227307,0.621505853776334,0.598487943875119,0.387735797985094,0.48779731446401,0.668495682700209,0.590634672768741,0.422455737793176,0.128867106344207,0.277054652184419,0.616835076887666,0.605876693672402,0.503397855143913,0.382183497685737,0.280789933063685,0.437677831654907,0.505836968733054,0.598186744284551,0.676763515234115,0.6978567677657,0.631530447788572,0.702272424687243,0.67950037335305,0.703472310032084,0.678589478332562,0.397789038855098,0.679883257740985,0.533791812178871,0.38682836456788,0.662486239937933,0.514820160646231,0.627749960044633,0.624769585912978,0.578261826910767,0.479375942353943,0.495911357890508,0.445559811159905,0.183728077362108,0.59332881486908,0.653880971960631,0.119007201462393,0.304506332775746,0.192765105124729,0.663696437171057
"16",0.191804837168531,0.0286760788330719,0.659250646742143,0.339085821431624,0.566302967911912,0.678501640865448,0.656690581414457,0.360503157795075,0.00123300786227204,0.604026543357806,0.696404494184034,0.620787385853884,0.557277122524928,0.612088102338941,0.524017503328404,1,0.721773705962086,0.712670313032245,0.598275930024436,0.729224996777099,0.692779385052061,0.592064000594579,0.692096371593703,0.545895463540288,0.590683493855204,0.246948188947299,0.657356858253364,0.697876644111803,0.685987671932118,0.64433194842534,0.680229132705569,0.660530766663553,0.600778534731256,0.186516143966736,0.642465560467987,0.142157453219755,0.509248196164128,0.569386031323834,0.62810266007068,0.631840650047248,0.640921238636403,0.476373173606547,0.494878843210462,0.678100683780664,0.689306692809255,0.453539321529505,0.145736852260902,0.286102998701779,0.668184999466669,0.547928883174672,0.475854068780067,0.331510460341542,0.329018523463084,0.499754346166238,0.473561790481092,0.561639225674956,0.714565142678378,0.705901664274198,0.671146334934399,0.720891466109442,0.693158693374033,0.694898054652433,0.709369005975886,0.490719359212298,0.67491910049726,0.548906457485008,0.347085343039182,0.657512843360524,0.516161564917869,0.6501148223267,0.639636702652269,0.643929341488982,0.522478812191698,0.506709826724693,0.422541942480593,0.32441164305543,0.704842695873237,0.710579391946437,0.144068904332551,0.341445610823779,0.18816029879785,0.69092736535883
"17",0.30785719924304,0.0998215614358628,0.793728792927576,0.478914370444223,0.726921647690475,0.862839556536539,0.782724101801909,0.436047661477826,0.135320565236728,0.77001790381743,0.917690589463468,0.720616781456185,0.769713305932396,0.751109397934338,0.680357883258678,0.721773705962086,1,0.957470702380899,0.872559251866099,0.945782383427107,0.914846577043356,0.81837150908396,0.923427000863395,0.759640575855045,0.770539196734116,0.465651026128583,0.805526140649866,0.905161183760303,0.887257617966607,0.913165676408749,0.931443690834702,0.883980385860362,0.884427770775962,0.313897854516937,0.791648177914975,0.217994416913493,0.640721980101106,0.714551885659287,0.761561861982188,0.835970974757323,0.867416398378564,0.593692365627283,0.659700767650751,0.903150982628048,0.852250457820777,0.649311231855609,0.252327262339189,0.392815032098626,0.863400464675092,0.760474899780245,0.625708203889201,0.530463285488384,0.406560011103913,0.649335327159081,0.720759581339792,0.759429684536627,0.935337172850385,0.944446883691221,0.893281369690197,0.925103765547893,0.933696208521296,0.906843630713061,0.934636641395525,0.628403290378431,0.896853951656262,0.716466713300646,0.449486906141261,0.881911262742205,0.623682992703909,0.81580273971066,0.849498125723797,0.858245359478441,0.679465763278038,0.728398747366609,0.631852819447156,0.45769805788582,0.804995575164172,0.892834303078065,0.176886795283601,0.511240053113516,0.263695339666689,0.855941620623526
"18",0.319342248232114,0.0569603410260086,0.810726153167397,0.490236687685563,0.742913640951389,0.881134960206535,0.77788482366218,0.431872784051692,0.153283837449655,0.729856492731182,0.905113671093363,0.73860935302283,0.808500905272164,0.802294204040167,0.696085899674853,0.712670313032245,0.957470702380899,1,0.873055975208746,0.934113564486603,0.914861677811024,0.816223309648224,0.920503326678942,0.718231653658773,0.804399555344805,0.476253048908094,0.811359450878396,0.906624031334866,0.920213846553041,0.926767935633611,0.948443717051639,0.896902813935794,0.874264434049202,0.288734398320417,0.781940532120305,0.200082691583943,0.600053108048686,0.736977933280522,0.731262238118434,0.805303295306266,0.85537905250326,0.546622495843388,0.619334251244497,0.900862886968582,0.869129906735444,0.649470285046101,0.262552479926547,0.3550836144691,0.852869735202062,0.790391344538434,0.661467079614914,0.520523187558752,0.337750518821232,0.659966362479451,0.724244925664671,0.742273011002333,0.93039041402857,0.96095780755958,0.905240642925568,0.933944398652319,0.937008232021166,0.913273286126776,0.931289725023734,0.656966426375441,0.895867614843708,0.715291472168188,0.49354674213702,0.889024065776323,0.616978446614729,0.840291823048382,0.838476419912026,0.84612904536985,0.682741614125405,0.752629096852023,0.592346355305638,0.398133740339348,0.80232250564828,0.895798977711913,0.141320055766473,0.4640276072326,0.228468853423127,0.865960104699701
"19",0.271090311769779,0.11059905590078,0.707621114241181,0.450667512353362,0.684776719955882,0.787182725164281,0.68858137110713,0.371044285903705,0.219102590839073,0.677181453743344,0.828967751004263,0.636856795039281,0.731827486834405,0.655772625158717,0.616472531905468,0.598275930024436,0.872559251866099,0.873055975208746,1,0.838252766469792,0.847117041219733,0.724179508083152,0.826313538636651,0.641428190287558,0.699846982660035,0.465654917999603,0.703882995857754,0.804649753797191,0.784696524566594,0.81572368302164,0.833852774992211,0.799736612624372,0.821464377960415,0.280469226900224,0.707772055732075,0.208864559176449,0.56283763718844,0.655428630001435,0.718367209808453,0.740877402800575,0.791292132390141,0.466430607699815,0.510786376363495,0.811259996518811,0.729356960277081,0.620100014668844,0.260166353001772,0.310850861708257,0.732389432139745,0.70639672515385,0.573765681312097,0.479820149322079,0.293096489772593,0.582311513629483,0.71066062640477,0.681620798010387,0.844966864578195,0.854315801730856,0.823174992002665,0.834341228545001,0.853959752730953,0.821245901527984,0.849638392198862,0.570322781729096,0.804662050362095,0.634293794521746,0.436609693149194,0.794949423193927,0.537636902301182,0.760076380130779,0.741130554400735,0.782435553792674,0.644784534666272,0.687108512302724,0.586973966907894,0.44906783396858,0.662934832557751,0.766767414030069,0.101010622092544,0.402385350888502,0.200775665401964,0.777770782625393
"20",0.311825469861725,0.0840195548433368,0.806839875541194,0.486362927555555,0.714893795823546,0.856964123677309,0.781110447393842,0.434729121686908,0.163795663835337,0.764223404086132,0.913376260601535,0.719936768557127,0.751100351352806,0.770439707515252,0.671696093598543,0.729224996777099,0.945782383427107,0.934113564486603,0.838252766469792,1,0.8965177381837,0.797977613218248,0.897355960289509,0.724074547432274,0.780639253504941,0.423870536030347,0.821284580363943,0.89615794115567,0.865188335136714,0.890856150262752,0.904078394980839,0.868074128725494,0.844983467122668,0.257661965778414,0.773131020117404,0.213027921395527,0.614614319089331,0.73728180123102,0.746537717295531,0.792701056367929,0.85988676122314,0.55564810040059,0.626093414750667,0.889735064804424,0.843889590063643,0.632452595596895,0.27293496216345,0.373951669402378,0.845164280100763,0.762183546497443,0.647295558950262,0.527809240541399,0.427621421707967,0.651970358552357,0.712497674845123,0.727494963958997,0.929474699956841,0.921126231932685,0.886137670920282,0.910244731970874,0.914845179897869,0.892963131836528,0.921561099156595,0.633350791081104,0.884649643866852,0.719664171605912,0.456686194604663,0.855174833360158,0.663732911144137,0.798173708682221,0.846378017461394,0.854078740662405,0.673777218127279,0.686748283597708,0.600532032933218,0.443027848808497,0.821870819905349,0.869937069501875,0.160857659333879,0.497428254086891,0.260628530726737,0.858841355594739
"21",0.30540738492261,0.0841967988000186,0.781878926040303,0.472387295329968,0.720582782978041,0.828229883816764,0.731578233252853,0.441585987997729,0.148904295693763,0.727043526965921,0.880296631713248,0.688676987128834,0.726181071234344,0.724415003676321,0.667172269621439,0.692779385052061,0.914846577043356,0.914861677811024,0.847117041219733,0.8965177381837,1,0.804522496764807,0.884785912102298,0.702623461072385,0.740148856310045,0.470691210248942,0.739177573855985,0.837699160971326,0.850293325461463,0.879881144124192,0.884430094564214,0.848970493809253,0.854131002335673,0.308934928855956,0.751516546543962,0.223693703569648,0.581335365999157,0.70797056671768,0.707523392827788,0.787866883741912,0.814493251984131,0.533571647179061,0.593315991149167,0.86587089344088,0.81364086607601,0.636423092322298,0.25491603311895,0.39147599763636,0.813157741351976,0.744856017886672,0.587030552116003,0.508296498342906,0.330981266806246,0.587198633883662,0.679980673452224,0.745623592707561,0.896503293676268,0.906466587700967,0.846010335942331,0.883787118444508,0.893469988947176,0.875481765542127,0.890171296732585,0.585075395878052,0.853746449235883,0.699038217819341,0.450210374889603,0.837036173066903,0.619701487994619,0.780557466997128,0.804969866666374,0.831310920594182,0.649976354874437,0.69120710242018,0.5892059065298,0.413556012242245,0.772284479079203,0.862171353408316,0.157674703379763,0.471309351665058,0.253564348872767,0.835754016478457
"22",0.247808697363294,0.0459623213972517,0.65998009877806,0.383930822157578,0.684317357564109,0.719290821396806,0.599294349251375,0.362547575666299,0.0128180273054621,0.713889558753413,0.795340432251438,0.719906853019886,0.650333397967336,0.614090195280448,0.614524725794391,0.592064000594579,0.81837150908396,0.816223309648224,0.724179508083152,0.797977613218248,0.804522496764807,1,0.84985757828415,0.720470607958596,0.695430925755544,0.580584277784037,0.608052486445919,0.778926973593353,0.795210583651158,0.827337219258273,0.770761969328321,0.797019531426237,0.821352271379461,0.413010000759313,0.644460735055618,0.169664855124059,0.525054517387527,0.680648123674516,0.538971129049502,0.752400425518665,0.723601119191158,0.514336728020362,0.580347920843616,0.807723756622341,0.707450237606329,0.549629897995269,0.225526398811106,0.357420031940173,0.728000136671835,0.745961730305202,0.56048588993047,0.489558905665878,0.327574886160393,0.574953640019544,0.589120049158306,0.760209362345189,0.795515075621858,0.80876514759617,0.758770097809555,0.802962789090526,0.816134171077711,0.835590746316164,0.792744323951212,0.528795521998567,0.765863496162809,0.650454763675317,0.435588181708051,0.756583005774043,0.65749178388028,0.677654904647694,0.73586077951927,0.736716448751384,0.52803941340134,0.584339261586339,0.465147851888825,0.313342843225154,0.688875680483983,0.782734014688755,0.080066316326976,0.425125707344682,0.216038390988957,0.794812136255067
"23",0.28528595910754,0.0516348299529631,0.766546661963885,0.454141357663597,0.718970711536302,0.842265273273927,0.746028477447991,0.39939547464804,0.0822636586936732,0.761014885654609,0.884697103927515,0.751476804012054,0.754514245011277,0.732385649105661,0.695889867456019,0.692096371593703,0.923427000863395,0.920503326678942,0.826313538636651,0.897355960289509,0.884785912102298,0.84985757828415,1,0.772081838495573,0.757768931900774,0.539762685258643,0.724727595893947,0.867578228018954,0.876723993917415,0.898173897128195,0.883809618672365,0.871596895096238,0.896769739430802,0.354169651762412,0.756600201008084,0.224472447803137,0.598137228001513,0.740661404408341,0.696777703243717,0.829610509072886,0.823114920492398,0.548194050382642,0.648377201372221,0.891359649807846,0.808417767510801,0.645304551063928,0.235361486875628,0.382625375286868,0.823579514644075,0.78141654324144,0.634798066369323,0.490660561959082,0.347628719972426,0.633117743230017,0.671017989527016,0.785449321165125,0.901277899906632,0.907754631847809,0.852498939561083,0.905587498319966,0.900400851270437,0.920485719280239,0.896095208038103,0.596092351869748,0.867398880372543,0.726450822767571,0.465542259090189,0.852763999196509,0.672451719173799,0.799763139122226,0.814777952069351,0.826383381076721,0.621797998984799,0.67476112655698,0.582739119956382,0.394230436204457,0.770437663310512,0.866290107770612,0.15604735594051,0.464206031062738,0.251008667488571,0.855351615268332
"24",0.188902145327118,0.0627418102034615,0.577846569020639,0.344699264309885,0.564499540256177,0.646163495868186,0.550924555264639,0.240107671804189,0.021860005995949,0.64140541788743,0.719456563586827,0.607041038174023,0.574639227481941,0.510704495987552,0.577425053246356,0.545895463540288,0.759640575855045,0.718231653658773,0.641428190287558,0.724074547432274,0.702623461072385,0.720470607958596,0.772081838495573,1,0.570139828769485,0.459595828147598,0.564420718376155,0.701224476586206,0.689574302499312,0.707115707522121,0.688675884518534,0.707469178495983,0.756180581729209,0.355448224897208,0.640743644801272,0.190244612277318,0.484333709129609,0.598582539638884,0.517635107240162,0.740050290039931,0.659125573825362,0.448477395957456,0.563530815748536,0.733063238721104,0.618739955618464,0.505543445072923,0.223747347553774,0.343377507527037,0.643771356750938,0.641469793514461,0.509699249951029,0.434707612209219,0.303010189735281,0.487176453982554,0.534399393084974,0.715668279473994,0.740106082740404,0.717189211890467,0.695096331612547,0.717512045489195,0.737977014882401,0.765385386149629,0.716184604165225,0.426603411797373,0.715013557336958,0.567750015075822,0.351533422510068,0.662434034643955,0.614494853456931,0.568281072751698,0.648766030501576,0.713127871696348,0.445652133951848,0.502730114749698,0.487054744656727,0.310695178485162,0.60796653179106,0.683962680866694,0.148873626211631,0.394997479463707,0.219290045568757,0.724411190542345
"25",0.291708335091886,0.0287919712527261,0.698429091817,0.408183587527582,0.63487457185771,0.718987644149356,0.646731305090231,0.334008504899451,0.12385504761655,0.631305222488494,0.754967483198863,0.660326943093113,0.663782268080426,0.666821966356164,0.561589779705027,0.590683493855204,0.770539196734116,0.804399555344805,0.699846982660035,0.780639253504941,0.740148856310045,0.695430925755544,0.757768931900774,0.570139828769485,1,0.43766113693059,0.63918184206714,0.76832121065858,0.763065521624619,0.779960739219755,0.760732798142398,0.722741297099649,0.724584206760994,0.253953946289765,0.638108103676495,0.22967266653444,0.491699890808234,0.642423983857114,0.581456279577272,0.640999922195039,0.666179778126107,0.470290259060895,0.513307836388792,0.765009332409301,0.690381956736457,0.518801698804913,0.205968383344789,0.307817290428673,0.705210327160809,0.709873207524362,0.572596559385754,0.479310603325517,0.297511114304074,0.564845954544436,0.579424893696156,0.615173162167263,0.762870003132342,0.799207801990561,0.755246285023829,0.768188709620222,0.77358970896779,0.761306513087531,0.762596161109693,0.522577559461397,0.718495831371359,0.65009072555639,0.473368820015091,0.723562111939895,0.523147821771089,0.702395907208119,0.703310202952273,0.686836582512274,0.548200420742562,0.598014880537212,0.489883020651806,0.270977919471383,0.712056793197085,0.751969274195866,0.0701022127810256,0.369297134670936,0.205643628980906,0.709473258003738
"26",0.151571555458804,0.076421488365587,0.336952127808121,0.267323956785743,0.382535385508035,0.396451817646728,0.286137602771335,0.151218029979498,0.119160401889291,0.38055274036554,0.452044421509676,0.43420327446662,0.375070943318889,0.287289672365371,0.411181132465634,0.246948188947299,0.465651026128583,0.476253048908094,0.465654917999603,0.423870536030347,0.470691210248942,0.580584277784037,0.539762685258643,0.459595828147598,0.43766113693059,1,0.191458379573966,0.425669995168845,0.511698056213092,0.566444200414311,0.462924336327772,0.43521250622835,0.566107417584477,0.353781059934684,0.312837467398849,0.112979419092264,0.291391293274753,0.470780859595801,0.222541446272382,0.516975234817811,0.378267839068619,0.38508182736803,0.454121891632091,0.523005825525581,0.362693255975539,0.247584035475212,0.0284091234092425,0.16203583901457,0.450052662173648,0.491235747351104,0.298477126846989,0.398657853052638,0.22315459934765,0.32148825192353,0.405494746490961,0.516121933720934,0.455173622559733,0.475305488359208,0.352066094071719,0.49021233185304,0.487462394675099,0.514896122516941,0.432355475416374,0.204090078072212,0.44442102529162,0.358710057664226,0.22824128161837,0.462361523633948,0.402526222439203,0.378740566742447,0.420546224468033,0.4196013639581,0.237139627273292,0.398192150101412,0.229756453431294,0.044296412306101,0.421015813624843,0.486574016347668,0.0369276360779601,0.274434178650678,0.186801087810758,0.443627696586258
"27",0.259246369612817,0.0770588868586872,0.691684934918514,0.402764639024701,0.605161115488391,0.726179329689001,0.742991828106981,0.378479704383063,0.195100484563292,0.617998369619191,0.738349540191486,0.606381079918477,0.648449481817123,0.725614306382791,0.535421160434577,0.657356858253364,0.805526140649866,0.811359450878396,0.703882995857754,0.821284580363943,0.739177573855985,0.608052486445919,0.724727595893947,0.564420718376155,0.63918184206714,0.191458379573966,1,0.749128563053038,0.718036768093272,0.699544296343928,0.77595974966872,0.755682764757065,0.654958584465272,0.147128446760024,0.692570442076146,0.14646001301837,0.499293574824215,0.566283198080752,0.706334170403152,0.64439754523092,0.739272589752828,0.460451378170074,0.472972558151453,0.711797444426379,0.745699555633382,0.557652376164607,0.256790047594704,0.314566184680092,0.721040190394224,0.612859433411302,0.574502957700512,0.402268943332311,0.329484417999664,0.569329588382387,0.566746538146198,0.56508349628768,0.780777115688331,0.782880117268341,0.781626507448914,0.771954533351797,0.771298128455605,0.740869300512282,0.806929440242846,0.549172912667508,0.745023998409945,0.610383317067309,0.398562377451459,0.722911980316446,0.467459601797299,0.686162213697311,0.726109908884985,0.712544089872849,0.629044129652919,0.591317510117657,0.551836093854167,0.393193054684258,0.686529243780385,0.744709302158195,0.127452828468455,0.409353366025855,0.120343389237925,0.70327348531064
