"","1","2","3","4","5","6","7","8","9","10","11","12","13","14","15","16","17","18","19","20","21","22","23","24","25","26","27","28","29","30","31","32","33","34","35","36","37","38","39","40","41","42","43","44","45","46","47","48","49","50","51","52","53","54","55","56","57","58","59","60","61","62","63","64","65","66","67","68","69","70","71","72","73","74","75","76","77","78","79","80","81","82"
"1",1,0.0124077987810414,0.0342615122996683,0.193762092119555,0.101032819560732,0.0630820998633558,0.0959339472706626,0.183303724674561,0.0481415401754136,0.264727100969888,0.202897636711258,0.1792044508846,0.257133696059745,0.0840735363743098,0.164467120106701,0.0408617433036215,0.322199045649993,0.290181490744521,0.238640566367983,0.0691743370600826,0.272565162896914,0.123034741037281,0.290411067648265,0.0818608190092497,0.0327164778350605,0.129297424767767,0.313326870590584,0.128596977193017,0.314338364143329,0.26080563785904,0.363310792635821,0.251078396701652,0.172200994563004,0.281654159877564,0.173566680343159,0.213682106997571,0.29494885928116,0.0946731115123711,0.00523287432607127,0.14503430458183,0.268013820992546,0.310495240189149,0.359388089469037,0.184432009900325,0.299357162488777,0.215180007993013,0.0359727975919657,0.213416168799586,0.047687909159167,0.102517136241514,0.218309985472745,0.117969063068758,0.0216547143002046,0.106169157673865,0.15183570257393,0.21207655074464,0.272717163370782,0.192283828850703,0.272089176183164,0.198363433449351,0.230298986320878,0.221422610445661,0.192255877069462,0.193970647661878,0.270784390834099,0.251142821344958,0.0106045054101614,0.192439650385306,0.012416042476501,0.00715655513525987,0.0817979889191433,0.218954881322473,0.0733014273127561,0.0828483781115103,0.182911228090711,0.122864876774687,0.190842390460577,0.270178670188451,0.0849303364978038,0.0651336624639156,0.298612998968249,0.0293931421686348
"2",0.0124077987810414,1,0.020257588444837,0.210573926361089,0.0499989063385763,0.203321036745397,0.0860943035649518,0.100162719610663,0.0812840436153007,0.0493782118930409,0.111035044791454,0.0781545403363014,0.0255496739323173,0.12682893437725,0.0755778531058653,0.0614253649512735,0.103804395177336,0.083145297053531,0.0373600305121908,0.156386834747809,0.0972094146577027,0.055143663923676,0.11231239311251,0.0703138624950843,0.046345924262365,0.0974787214650689,0.00171513281927848,0.0342692439827369,0.0907709194543377,0.0494601968779421,0.0131546667068886,0.0190648880116983,0.124034306670497,0.19241818091828,0.0521700225225227,0.0806596005249439,0.0804544942371277,0.07497639959099,0.0239340774750393,0.136724083830794,0.0247724024530283,0.181773226006751,0.134696040904845,0.160187194165988,0.0383699443123171,0.100073237810081,0.068631584173896,0.0960041068911858,0.0887015435212527,0.0612047319675475,0.0223821675820188,0.135425352534735,0.0328423770519515,0.212165280499842,0.11569975339957,0.112573295680738,0.00763506037726874,0.0183634562365013,0.050008238407982,0.137632440758933,0.0890866509571929,0.103613987803606,0.144730589140804,0.174095988301744,0.0515435585459863,0.16315439990977,0.0953234268235856,0.123440401480434,0.12539877196787,0.104995826199853,0.0504173395723608,0.00943988607651522,0.161393799882444,0.152524248973491,0.100135754064454,0.0824711900926689,0.165333234713697,0.0711932736545258,0.124229504944023,0.0367228654267697,0.100560514547198,0.185563964107147
"3",0.0342615122996683,0.020257588444837,1,0.0339028274619839,0.230085230536998,0.0959644645869417,0.0170145378076792,0.123049780839214,0.021082785003949,0.233437478325045,0.360997718563058,0.251906285281307,0.183298457615138,0.062895673409624,0.185170212022985,0.144031663257244,0.33277834656723,0.385131134673047,0.309861843730213,0.266934007683472,0.329300992582699,0.352861622361563,0.324320089622745,0.260847778741968,0.244679121955557,0.15608057645304,0.204650814645251,0.335201815733395,0.360743772548517,0.347581996262407,0.33259002355104,0.32794988533118,0.233432920768883,0.294487972643323,0.180909858105928,0.0880177977869442,0.134521525911952,0.194269127505932,0.0850360699680691,0.166239065426247,0.232056735697514,0.260591920714242,0.213700973691307,0.238139833899558,0.225354646995412,0.18258888224812,0.00592823736398214,0.0813472014144561,0.174314568385153,0.32494492802969,0.320909124719687,0.092613044266647,0.134054163856337,0.176197604949818,0.1352190645063,0.389132052641335,0.244584108663582,0.262346972518632,0.365630195378026,0.291232768220929,0.279497655219662,0.263948571406664,0.301191388469261,0.258020321732613,0.278414406279684,0.257318712961058,0.241095329599622,0.282360117166788,0.0267515053348643,0.137399988446357,0.127861519219305,0.219955699982094,0.116734743135225,0.00471252482510803,0.168913306397226,0.0146930174647869,0.105519387315694,0.216951610821856,0.0645947533563708,0.0826422773182506,0.0376926994236648,0.185102848135417
"4",0.193762092119555,0.210573926361089,0.0339028274619839,1,0.21602236252178,0.0838907010599812,0.213415397829174,0.0835663475102581,0.0309864850873418,0.267501821826515,0.208167801839211,0.29267693493449,0.338014121468206,0.0111075951138102,0.265498094468019,0.153362965846579,0.26092634551345,0.251094854249479,0.327574151529128,0.189349381010448,0.313405755420556,0.220792971895736,0.349414143333322,0.21657942756164,0.151798867892239,0.0410791303002987,0.387322740585672,0.267631017523535,0.195869682792217,0.155659417976061,0.360839992072008,0.294017227663428,0.244584036095114,0.256376296966341,0.298854066759621,0.110040542660602,0.225391142085201,0.127417540532705,0.0665480026611861,0.288076537854219,0.297323540072084,0.256938721504442,0.273719068201533,0.246444455555645,0.274489515819525,0.313588245641044,0.00635521631299493,0.136294132537053,0.0318778098302542,0.251871329074009,0.31289919422715,0.05093901596194,0.00976113194846402,0.159309111466423,0.201728283802093,0.250145371948914,0.375578326438191,0.257314280503876,0.283989780422025,0.250640158159025,0.28822937263712,0.303379754485576,0.211225568506043,0.316434171442514,0.318625656620432,0.30048248215262,0.100021488753993,0.253514757862858,0.0342083795624861,0.00687296726717262,0.0320594397323547,0.255342127134956,0.163338476189044,0.0455215407018456,0.12030634261473,0.148902266909756,0.0927624624956164,0.305700350413807,0.0637500795123353,0.173035251735978,0.135765839794113,0.0388677526380749
"5",0.101032819560732,0.0499989063385763,0.230085230536998,0.21602236252178,1,0.391221256550395,0.294774990792355,0.272175133197026,0.0302752012798988,0.459024249521481,0.527308607273163,0.485541944908042,0.451212630966678,0.193134712120369,0.274289075615658,0.325141617666067,0.572170147484452,0.605782446109661,0.425328093910193,0.461208042831768,0.568303516053688,0.443972758451597,0.572337078443642,0.309214422898334,0.410984119884668,0.144562684784892,0.442314017929575,0.463875477788411,0.490224345462677,0.437122329960013,0.516189332125628,0.521320765410623,0.498585863467943,0.532846820090132,0.399631629865409,0.154897535800905,0.223578379871236,0.25525476120483,0.157991797324247,0.484011710229939,0.460120402820342,0.506785135953886,0.372306685872051,0.478069128956546,0.379396695034745,0.405238949160773,0.0766333130799482,0.0917356801728336,0.237793471965004,0.583989544917833,0.483035961561534,0.0949550458178811,0.0524581085601124,0.388291608488417,0.347172482276987,0.510604276834616,0.517200666531651,0.530954369246237,0.533564418122534,0.543200171026315,0.537051003751361,0.57490699756088,0.549379145785021,0.382725976773552,0.384726123978014,0.497574384465278,0.236985386509034,0.481237089699987,0.272027404390484,0.247657034193886,0.0820080019509411,0.488997167414605,0.0769033165690874,0.0749560281872382,0.299520303597501,0.0844576450392353,0.134453556723642,0.408303350553411,0.00233564330955063,0.204008957440029,0.0693857932533667,0.392277104635821
"6",0.0630820998633558,0.203321036745397,0.0959644645869417,0.0838907010599812,0.391221256550395,1,0.278399879247373,0.30171183866272,0.118191017858839,0.373114086286793,0.442762852476446,0.371205018292485,0.364574756081838,0.353624820194833,0.315424371854322,0.267456489489834,0.523567781066869,0.552580854136066,0.392035663020858,0.53993754749032,0.458231516199204,0.370088088705078,0.537834806202783,0.193785383416039,0.376357580337769,0.151940967959674,0.398696242619984,0.472269135431384,0.479721866244365,0.271570088135637,0.37807310023219,0.481444840024252,0.480938312338696,0.500436967580883,0.361054970862806,0.166316616975642,0.15383497795194,0.279451736090036,0.217234722950747,0.480513260322203,0.386297485444938,0.548226154396598,0.347139063107419,0.456766176977398,0.303415977564317,0.341569260706449,0.0628824301258048,0.0956878634492112,0.296531533770021,0.550750444938308,0.38751563645303,0.0077646858399411,0.200278643594207,0.441459263825177,0.291953543613183,0.438481863447142,0.394808786510728,0.519521657631945,0.481249669311621,0.575488823512293,0.491290995816686,0.588923951604703,0.528080875663436,0.152072311146163,0.352332954052589,0.481370871660488,0.103819066962857,0.420885771888307,0.35497787724735,0.31338362286015,0.119804373822582,0.396890794748844,0.0777979635268681,0.226407589080742,0.304274139470402,0.0427836355868364,0.254771857853218,0.382792512206804,0.0452209340195195,0.200961183773926,0.0582854234635573,0.533606782934201
"7",0.0959339472706626,0.0860943035649518,0.0170145378076792,0.213415397829174,0.294774990792355,0.278399879247373,1,0.16335708002692,0.00192700545333549,0.359676424928327,0.366976435745707,0.318785014338358,0.405766606578471,0.099059617927102,0.267326975779301,0.186098096808303,0.336818219964668,0.345438874351271,0.346692164041687,0.418708184972914,0.425063953390981,0.266487880463652,0.476504055466463,0.232737296564698,0.26136186473834,0.0624065990914669,0.405146360070181,0.439770181427627,0.234363555756157,0.120126137121288,0.326855213929329,0.389692096024494,0.439114858905858,0.378614383463487,0.329419398062389,0.0754547389651901,0.226513644297395,0.118288192119605,0.137687940724403,0.454710076964575,0.394406181417368,0.36351643403203,0.296472696181563,0.3884359526465,0.35629047468236,0.454004478652202,0.0482247204055634,0.164235333906124,0.00526782212390244,0.371899629820155,0.364283968426906,0.0150925075579615,0.0216791128822412,0.325061039997339,0.373107951942505,0.305343480298548,0.404803580284947,0.396109808137945,0.302967159095518,0.397936916534833,0.449784874406431,0.450124533864536,0.403388054625964,0.232455896828403,0.296054304859752,0.415861763271124,0.130970355188623,0.395440059584905,0.0965695618220769,0.102618365927388,0.108702700607087,0.394582975099778,0.0947620063211089,0.0521422188218935,0.345166145509472,0.212699481442382,0.110827378061932,0.281558021967581,0.0959298027253255,0.144147276284713,0.0218392689595775,0.344998729961331
"8",0.183303724674561,0.100162719610663,0.123049780839214,0.0835663475102581,0.272175133197026,0.30171183866272,0.16335708002692,1,0.00237859747247418,0.301722860407719,0.339675776355156,0.231304444186482,0.333117925674694,0.224624988959831,0.297197299703326,0.119601516700193,0.417645040193721,0.424608970321848,0.340131112140268,0.284119464428951,0.36990246557237,0.388149005988571,0.421236914856996,0.128604493976788,0.240741099397638,0.332069089922045,0.281147132359258,0.259027659086278,0.376116934756139,0.2111506655233,0.360820899426609,0.346778557615286,0.349367144225386,0.399113424262589,0.270606589092599,0.156512523299974,0.214063361426698,0.223950814997675,0.192530024848766,0.335254750225591,0.36384569666691,0.423835119763792,0.341678216266538,0.29741561335651,0.29149541194912,0.297698944053463,0.0571850981944761,0.168343474820026,0.0821203232203713,0.290261697752724,0.247191805788362,0.111109334821147,0.091066896142954,0.317733876670662,0.387142534024823,0.365175208135188,0.257900598952097,0.313434829630262,0.405704494909631,0.371851387599937,0.37354439895287,0.426312007235994,0.342248892192311,0.0867960896190249,0.272809970553808,0.417293220607594,0.0126445034315939,0.362621804159606,0.145417003732149,0.224786833583774,0.0393506202865247,0.302850801789788,0.0144771390682107,0.1280016834879,0.288148285099561,0.0965471740950148,0.24090009928742,0.31294579811343,0.0969555701004554,0.0557329597813629,0.115512237153582,0.303113269994967
"9",0.0481415401754136,0.0812840436153007,0.021082785003949,0.0309864850873418,0.0302752012798988,0.118191017858839,0.00192700545333549,0.00237859747247418,1,0.0590290525460364,0.00648168914124225,0.0605504998573704,0.0732841112062671,0.00448560015462452,0.0705378703278913,0.0394974504613729,0.152086758139495,0.109854989190252,0.151424708469495,0.0169815623254069,0.0331671740298382,0.0246257571834367,0.0375847038091727,0.183617655590133,0.0385110532916163,0.00133153150106835,0.123629157955245,0.0158372765797732,0.0849818088556862,0.146373665854802,0.0283296533988986,0.0540979960012293,0.0369480836814178,0.0576115972851061,0.125808948808675,0.0386854231468378,0.0351900680864477,0.00329449373038255,0.184014728827884,0.0674875110922014,0.0579794939279134,0.107563549519104,0.126066291977392,0.0167690297418662,0.0418331345216067,0.0351476348087321,0.0830120900587883,0.0496176601615668,0.069006196175698,0.0485664465771729,0.112877374396862,0.326987162546827,0.128731597418697,0.10728785830419,0.122460616362818,0.0261319966538622,0.0607190789575601,0.0501552326434869,0.0403608193682584,0.0241939365948787,0.00756267596498376,0.0580959365405086,0.0420346527604693,0.00241529599931426,0.0233502009673253,0.0633966045383629,0.154994399380686,0.0247495981904596,0.118616892308613,0.155052618335908,0.200673147781504,0.0399362362137375,0.298173468167688,0.0750315896612422,0.132693406510636,0.206999095290194,0.106769001842469,0.0476393123684511,0.112079830722395,0.0273822793978547,0.0339858517881861,0.0810452647651654
"10",0.264727100969888,0.0493782118930409,0.233437478325045,0.267501821826515,0.459024249521481,0.373114086286793,0.359676424928327,0.301722860407719,0.0590290525460364,1,0.60517593950452,0.518551141747861,0.574427808007979,0.152138256356571,0.413721476607152,0.266799800984069,0.643346013114949,0.616944651745471,0.527848528659583,0.502847249443713,0.664366893183757,0.503070660811867,0.682746912562469,0.312299968367583,0.376431917714503,0.167061948720333,0.571205836001925,0.557206940272781,0.580278075669871,0.420942851496503,0.616289618131483,0.588625049534413,0.579475305387348,0.630895347568375,0.485987636534031,0.281260608861477,0.371535124714374,0.332416674022374,0.247699784458634,0.573540840094206,0.613217984615213,0.59141867952552,0.588867776876097,0.592499945605647,0.49977528600462,0.546677823045829,0.0468471891094636,0.247142428109451,0.139567019176642,0.600134742491223,0.546996807382205,0.0972919454708634,0.00906445676655895,0.475381432799182,0.472286178816977,0.59098887164025,0.612560274339375,0.563099457082765,0.545992534159177,0.611932496459149,0.64000074591601,0.643516514169724,0.622379842654537,0.391325462071938,0.484938222380799,0.554841410545284,0.14488796810642,0.564224857140509,0.11484647906479,0.221207759084007,0.00640815195996758,0.597844862512853,0.0754688064648715,0.231442819010396,0.418481575078979,0.151103442060454,0.194512194454015,0.500343713375602,0.134230890247876,0.242357439070614,0.0902689458359303,0.394023706178346
"11",0.202897636711258,0.111035044791454,0.360997718563058,0.208167801839211,0.527308607273163,0.442762852476446,0.366976435745707,0.339675776355156,0.00648168914124225,0.60517593950452,1,0.603506791893121,0.621134242902412,0.159045183671621,0.47702792248412,0.360437874048615,0.739283802687623,0.690067598466598,0.662599325474061,0.615189865052304,0.746226796545806,0.533062942750561,0.770407081593927,0.374418680927906,0.501003544402554,0.140289105213118,0.614267264854686,0.641989725786885,0.65128984088502,0.463600818581026,0.678235766803332,0.680672806762378,0.68459237216311,0.760525768932551,0.522849040545345,0.278838052408383,0.359941180047133,0.336094685313187,0.337448314107097,0.625317783143171,0.646228901614547,0.665125201158221,0.573628544036491,0.642186224681291,0.585363481798427,0.624143666972676,0.0383617282079082,0.28025332039792,0.176461077860643,0.691093725002891,0.679032919412512,0.0379454468423253,0.0325355276305921,0.491311122866838,0.5481761456309,0.653686081055938,0.69509571613142,0.685000810844946,0.645134874339286,0.69370592584578,0.764491738075364,0.731076027103027,0.715498261362103,0.487274640737572,0.540202667397106,0.675588707637387,0.31517657480366,0.704536379803521,0.0708548259428694,0.263384365630805,0.0630169357334208,0.633242281415973,0.129404882941476,0.134785478218614,0.440065827229628,0.200743549062251,0.252267964521097,0.575792214616289,0.0783096604550495,0.214778376668712,0.0356134632236144,0.453149016076111
"12",0.1792044508846,0.0781545403363014,0.251906285281307,0.29267693493449,0.485541944908042,0.371205018292485,0.318785014338358,0.231304444186482,0.0605504998573704,0.518551141747861,0.603506791893121,1,0.640612739870319,0.133521015162099,0.386761630720794,0.355313571648427,0.598643324219208,0.58866383538166,0.649529141244594,0.597358326792416,0.671755510884003,0.473967107988782,0.690076852603704,0.421296235538361,0.475407156806526,0.025882053497206,0.597001040379545,0.644988450007062,0.525300002508222,0.453490967399993,0.610539603085757,0.659242875112515,0.639607527564029,0.583136234567075,0.437712697898514,0.208735032658025,0.272573761052865,0.301224535769201,0.360018913191834,0.555683916006773,0.571773774073663,0.58368188309991,0.434029722632191,0.591370238600037,0.542396172117496,0.617148427435284,0.0978874539389858,0.23179596162751,0.176324131679061,0.678111183450853,0.714735433439803,0.0942810529674252,0.0190457596649435,0.422450784064749,0.378496310193337,0.549371987370393,0.672898434997335,0.665734756325046,0.552109717953084,0.633913358231103,0.65619894320562,0.655893313641699,0.667946036055393,0.53261319927761,0.526361786900909,0.578755998839529,0.385898797115809,0.551945274416363,0.0889588279154769,0.226665484270287,0.026681641925416,0.578746414029442,0.270334477496612,0.181390163281398,0.363058947641598,0.374421262999496,0.162917755774908,0.529710962356113,0.0236632647501131,0.267363377287712,0.064554053919801,0.4208300762229
"13",0.257133696059745,0.0255496739323173,0.183298457615138,0.338014121468206,0.451212630966678,0.364574756081838,0.405766606578471,0.333117925674694,0.0732841112062671,0.574427808007979,0.621134242902412,0.640612739870319,1,0.139873966726032,0.467920494618568,0.310792310213041,0.62679494005824,0.571661184193429,0.639916968324141,0.521500464203441,0.692392242988344,0.489556505363275,0.717376057168455,0.341576546033582,0.369150864731228,0.0660478524204735,0.641838264960619,0.625353175948099,0.544168607885939,0.383035953894488,0.650292530117126,0.629151048954639,0.650273073534205,0.64616973902758,0.481776641132434,0.245500984338473,0.348737703323609,0.277046739642039,0.276605987358802,0.630417242796762,0.670631017575374,0.617864769487804,0.541778872590682,0.603837065208152,0.612494938660766,0.644500065251109,0.0892607990842,0.292157151934224,0.103810780203975,0.619623142523585,0.656176319839565,0.00838719261107306,0.0237007894873087,0.509812450374123,0.491421595915416,0.541411510088375,0.686275705438913,0.619063521944974,0.542060439943852,0.645267591546435,0.660732057451631,0.648194802744167,0.66525861186629,0.469646110666822,0.535698962477444,0.627946725981946,0.288768861062441,0.58522350946952,0.0511714671183131,0.125275993185194,0.0238508278018561,0.549217830036298,0.232569767979737,0.175533792530782,0.436371832925052,0.307294965726483,0.211477437138534,0.546161122354422,0.157376736487419,0.23023656909413,0.174951128357962,0.407157031110463
"14",0.0840735363743098,0.12682893437725,0.062895673409624,0.0111075951138102,0.193134712120369,0.353624820194833,0.099059617927102,0.224624988959831,0.00448560015462452,0.152138256356571,0.159045183671621,0.133521015162099,0.139873966726032,1,0.130281969948383,0.134391425723841,0.293105236728763,0.343771328893346,0.192406844282438,0.202613001687118,0.189976905748289,0.243748747306174,0.24029220789395,0.256416028763144,0.134593703748974,0.288542432549293,0.104588593157255,0.156987815052718,0.323623625726803,0.192878581663427,0.286163724911531,0.251101086006645,0.169317908020813,0.196517115067467,0.156471108402369,0.130195204067188,0.0946056388951002,0.256212547903362,0.0213888901507382,0.146284254878656,0.0944058990578406,0.303268517775536,0.101969097358482,0.109678162368058,0.0693670285181893,0.0639701010515646,0.067735891857741,0.0532062591150764,0.168107764569124,0.204117050389572,0.133579687558968,0.0779077925240189,0.161845267954757,0.154479146341948,0.0376885241221062,0.272304394212483,0.0820801310385032,0.187335560190371,0.37597430518734,0.305755101407862,0.186743455038237,0.310664314976798,0.241534536076418,0.0320915596069446,0.179878364915285,0.207124911258165,0.0190857214717142,0.173582068948902,0.352173816790006,0.217588224924718,0.11748683751135,0.0678858134152218,0.0608268731470591,0.105469983609122,0.0926908507673422,0.0838425377630374,0.190778550415937,0.187971882572858,0.0273911318805669,0.14883912153605,0.0616716585990201,0.188493693123802
"15",0.164467120106701,0.0755778531058653,0.185170212022985,0.265498094468019,0.274289075615658,0.315424371854322,0.267326975779301,0.297197299703326,0.0705378703278913,0.413721476607152,0.47702792248412,0.386761630720794,0.467920494618568,0.130281969948383,1,0.250007947169873,0.511905366362113,0.526964103643146,0.422284158189812,0.494156229007853,0.510106629771261,0.451766741354154,0.564496185328951,0.23158705906094,0.323422605482826,0.126503707995123,0.450351691715066,0.460526209479247,0.459501872311514,0.320723742108594,0.543119254443303,0.532949360243828,0.547293564494247,0.531951955808662,0.367686967274463,0.189502995644065,0.252862574785282,0.285279829125876,0.190491352486699,0.475136594937585,0.447994301422888,0.490132759262576,0.390805262875825,0.451662423350257,0.400455040179954,0.504041423353432,0.0743172403132937,0.226626835472333,0.083668991704808,0.497610975993143,0.465822670712636,0.0341267882889822,0.109875009060596,0.414980258204735,0.413350077543299,0.495400473792253,0.488425074778912,0.501698125170692,0.501406842087666,0.532336400019185,0.561308323225145,0.559533239933317,0.504496874424307,0.352848070666241,0.42506936571403,0.486772547873616,0.130384881091339,0.501082044799693,0.0466119847759446,0.15753358275224,0.039169552153758,0.475014048673296,0.103034557559049,0.0308222693207441,0.379933489134582,0.130599372997565,0.171102817281763,0.363411425958981,0.185996862068559,0.154153604392206,0.0332389438116762,0.386562182136807
"16",0.0408617433036215,0.0614253649512735,0.144031663257244,0.153362965846579,0.325141617666067,0.267456489489834,0.186098096808303,0.119601516700193,0.0394974504613729,0.266799800984069,0.360437874048615,0.355313571648427,0.310792310213041,0.134391425723841,0.250007947169873,1,0.356326148490419,0.304880187261369,0.381858017628006,0.268412814804831,0.383252672182062,0.209303507475526,0.379458763275612,0.189025110467518,0.283137430713279,0.0729651589799239,0.299807092342073,0.356201472758845,0.332442674027821,0.209007142919826,0.296504069981528,0.285942213394125,0.30320483075645,0.410945388149162,0.270821029486221,0.184911321714519,0.12183859880693,0.127153759819644,0.285645811576944,0.291586068157597,0.344865350646092,0.397700054582487,0.326348764532295,0.328377672544724,0.25384147742749,0.301693712102329,0.010306972401509,0.137780256498412,0.183022990584303,0.352882338314375,0.359929658228072,0.027835339667724,0.06444898840517,0.212029278134471,0.122534482044337,0.299583837537708,0.374451622820946,0.327431729332125,0.268697569511012,0.350232844339504,0.331052405118717,0.387290503153089,0.41767611678919,0.284732587129123,0.255333465633976,0.339350306431891,0.193110839002875,0.281581560040429,0.0686485227524686,0.0686108583203871,0.155631896123333,0.268065422269327,0.0822784058232879,0.196137796099535,0.176960855837119,0.138415503251104,0.256754864481463,0.35229470862439,0.00419571413990032,0.0939278432319434,0.00498622715329156,0.222354010506049
"17",0.322199045649993,0.103804395177336,0.33277834656723,0.26092634551345,0.572170147484452,0.523567781066869,0.336818219964668,0.417645040193721,0.152086758139495,0.643346013114949,0.739283802687623,0.598643324219208,0.62679494005824,0.293105236728763,0.511905366362113,0.356326148490419,1,0.855498582634079,0.689950189603118,0.60830625726392,0.788781931029672,0.626300385564491,0.846321650167444,0.396856558983437,0.493535219254345,0.283908581345996,0.707923039351884,0.628122473546274,0.823004931094594,0.646706060583939,0.796434516917083,0.76467087968679,0.67262092253322,0.821547558782505,0.575446814882822,0.359110655079458,0.404316080483738,0.388482730229426,0.223184974974238,0.618934864183049,0.717543251870911,0.796053800043778,0.685787160957109,0.678416354237367,0.647514533851343,0.607100197792857,0.0388900746865209,0.305551130105807,0.241014793091285,0.707996650505865,0.662984305978608,0.127708753093465,0.0125672105159474,0.528242467244745,0.529794060157363,0.728437506888716,0.725157909909243,0.695555548148381,0.805756822949949,0.755385890861408,0.75884519838899,0.778169099957424,0.765502326607957,0.509384604186565,0.557897374930591,0.738779415180498,0.245522450364386,0.680072985371552,0.25364417532697,0.336767767596126,0.0518778227006243,0.634335019406188,0.117538103163534,0.200871430841251,0.527330750219286,0.141644236355047,0.371929073900631,0.669886013447561,0.112464521177908,0.188508305601443,0.154855272102937,0.452261986516827
"18",0.290181490744521,0.083145297053531,0.385131134673047,0.251094854249479,0.605782446109661,0.552580854136066,0.345438874351271,0.424608970321848,0.109854989190252,0.616944651745471,0.690067598466598,0.58866383538166,0.571661184193429,0.343771328893346,0.526964103643146,0.304880187261369,0.855498582634079,1,0.627943155685911,0.620497418734937,0.763340746360472,0.70826810681835,0.812491513875554,0.450562538305447,0.485870379595989,0.357263098940906,0.61450411013724,0.624840218114276,0.772614205153561,0.679866252506726,0.816455401189927,0.789530540207033,0.699236409251953,0.723353959588867,0.537945363904405,0.260157670117523,0.382886045616829,0.450863180527472,0.179045975337529,0.626529825008291,0.63253115049871,0.735652587066556,0.555903318138569,0.628381773212793,0.567392890983518,0.558391654180047,0.0161265876934701,0.242725283658742,0.264188691627841,0.757594599615633,0.640633322179661,0.0921362441675013,0.121391837272522,0.570272862886523,0.503296613810331,0.763105749712912,0.661277946113142,0.717141543086226,0.825660739029324,0.780101475270512,0.751056366025852,0.792981175247322,0.746938786041538,0.488323393599098,0.605689710703128,0.703418418729279,0.230505549670385,0.651344742003328,0.279354482861619,0.405725195097949,0.0448472474012711,0.642841295644117,0.126515211354851,0.113986908914359,0.481454774889431,0.0561536864783477,0.290245423353979,0.607311214618951,0.033610716388489,0.220909237400908,0.0921948088871941,0.534580603171408
"19",0.238640566367983,0.0373600305121908,0.309861843730213,0.327574151529128,0.425328093910193,0.392035663020858,0.346692164041687,0.340131112140268,0.151424708469495,0.527848528659583,0.662599325474061,0.649529141244594,0.639916968324141,0.192406844282438,0.422284158189812,0.381858017628006,0.689950189603118,0.627943155685911,1,0.536842458227207,0.691134545182088,0.482332363693004,0.769619069434712,0.432256803460483,0.480496050466822,0.117780904215924,0.639192495355526,0.641839387875969,0.675212115877397,0.43993938110408,0.664304463630494,0.647896379352374,0.595167386417765,0.729437176950272,0.462464703901825,0.387257943883989,0.356164855749129,0.354720373155996,0.405927263807382,0.532550121059122,0.638293187467665,0.722872597418758,0.578420929383497,0.570690240913508,0.584343606836162,0.60023699150965,0.09031546375887,0.261168211438901,0.197550511765811,0.615050498146707,0.712320813995812,0.14406514787295,0.0799501711269469,0.394289439804326,0.373522436920302,0.569884167768101,0.733297344978744,0.592491561405903,0.624844105329281,0.650814742014467,0.65336082730314,0.661710639397473,0.719481176786949,0.500221302922465,0.595193222744645,0.68030354902677,0.323129698733935,0.616532506187358,0.0968662718717038,0.113975147283899,0.168960685501349,0.487525332879626,0.333041864021125,0.271147701950775,0.420318977894944,0.374068194648478,0.38262613605996,0.650138309833039,0.0985326226939217,0.232822804778371,0.227950199921585,0.34565521689246
"20",0.0691743370600826,0.156386834747809,0.266934007683472,0.189349381010448,0.461208042831768,0.53993754749032,0.418708184972914,0.284119464428951,0.0169815623254069,0.502847249443713,0.615189865052304,0.597358326792416,0.521500464203441,0.202613001687118,0.494156229007853,0.268412814804831,0.60830625726392,0.620497418734937,0.536842458227207,1,0.653314488762174,0.492523708170312,0.692641240235306,0.379211260720383,0.43270915747552,0.169609772269907,0.575314297005404,0.666343465890196,0.532169487667606,0.341779530108752,0.538138721031512,0.630031468057094,0.664222266034745,0.609196887865801,0.409168372838747,0.169646624902124,0.231338535315995,0.332944080173109,0.280632087721656,0.629587013607892,0.553952070354504,0.583856781303298,0.415278093267779,0.629234133935564,0.499926330807227,0.589762073213161,0.0814369315640903,0.20222708806264,0.204128904148118,0.678483713540271,0.618038125419685,0.140529582661078,0.0696151824562305,0.496888768322155,0.482421765327738,0.561940646796255,0.593278670586627,0.628474071389141,0.578804849499087,0.687336168921427,0.671575280666559,0.688667897218006,0.668437931212223,0.343028103203234,0.516605055648397,0.594460840658078,0.270887201511458,0.644994849210297,0.239260726421767,0.305106150495962,0.10114976903123,0.529997533383432,0.208613699434729,0.148599424914716,0.400780137974859,0.203817990681163,0.226730410994781,0.445818216217504,0.0542479477853481,0.271352541869572,0.112655797634394,0.5762312402765
"21",0.272565162896914,0.0972094146577027,0.329300992582699,0.313405755420556,0.568303516053688,0.458231516199204,0.425063953390981,0.36990246557237,0.0331671740298382,0.664366893183757,0.746226796545806,0.671755510884003,0.692392242988344,0.189976905748289,0.510106629771261,0.383252672182062,0.788781931029672,0.763340746360472,0.691134545182088,0.653314488762174,1,0.596025167158251,0.853546965645893,0.407271720660867,0.551594182722491,0.155054770085129,0.702639526841661,0.710851391370007,0.698991481051223,0.530472300786404,0.723277530110738,0.736300196982772,0.728792345801139,0.811738192194666,0.620199391699464,0.295613104356425,0.3890863112638,0.357288984902176,0.329468892725112,0.691654773596309,0.729785581747456,0.730349175075842,0.663199154940929,0.715056386670427,0.6293262517437,0.685216250852479,0.0598239051345819,0.309611966442683,0.221222129978256,0.77716039679719,0.736383578287989,0.0431738539830361,0.0228041394039321,0.561896680630345,0.543221682498245,0.687998192298195,0.768928716158972,0.72046768206831,0.689032523763248,0.773884262735751,0.797262538619026,0.800693592084916,0.792063928917056,0.527820730046467,0.632397926820932,0.730885368126918,0.281423050221792,0.687539413191544,0.169456389867993,0.257964233237642,0.0382658924144193,0.694404638006043,0.16427065597129,0.215068673638832,0.505486012972493,0.29445094427114,0.259761075838907,0.643291954446293,0.139276954124553,0.276440836671882,0.0333130576969333,0.517243939874751
"22",0.123034741037281,0.055143663923676,0.352861622361563,0.220792971895736,0.443972758451597,0.370088088705078,0.266487880463652,0.388149005988571,0.0246257571834367,0.503070660811867,0.533062942750561,0.473967107988782,0.489556505363275,0.243748747306174,0.451766741354154,0.209303507475526,0.626300385564491,0.70826810681835,0.482332363693004,0.492523708170312,0.596025167158251,1,0.637794100377158,0.304905792321989,0.3538334285996,0.290344016746422,0.436705411087699,0.47546223068573,0.567428841904243,0.519607578578665,0.631876990407267,0.651328673667622,0.561713062330315,0.53527813883517,0.387969631109717,0.174054136004584,0.254050166847739,0.363224304405673,0.133687830211492,0.510150233928009,0.49059806967216,0.519466189214923,0.378073641843581,0.483043771582434,0.490617121787128,0.421980796560261,0.0787775026198989,0.185806244462662,0.214833897076988,0.575755888847388,0.48843898393051,0.115543050891851,0.113172511045668,0.46732656470957,0.444105671883157,0.639036284492678,0.513744953751332,0.582098461668537,0.625241683062781,0.63609202797863,0.596029873521201,0.650925393698545,0.549821626445097,0.388758644183311,0.467646348921193,0.528892642965971,0.177628222551943,0.534541539381526,0.190838817370328,0.330084270384396,0.0926476967817485,0.504182188016756,0.0955768205245583,0.0704435183794742,0.394672888010453,0.00130142719897797,0.158671797067826,0.45324934255482,0.0529344214118636,0.132098515769118,0.0581037642180651,0.434198943962143
"23",0.290411067648265,0.11231239311251,0.324320089622745,0.349414143333322,0.572337078443642,0.537834806202783,0.476504055466463,0.421236914856996,0.0375847038091727,0.682746912562469,0.770407081593927,0.690076852603704,0.717376057168455,0.24029220789395,0.564496185328951,0.379458763275612,0.846321650167444,0.812491513875554,0.769619069434712,0.692641240235306,0.853546965645893,0.637794100377158,1,0.420798891388652,0.553193105860541,0.190089393983997,0.76538574792079,0.762354036915007,0.723973335043917,0.537399231228922,0.780883949373718,0.805848940321928,0.769159104141029,0.850662791112223,0.667809133605815,0.369783581617462,0.417259708598543,0.390251984097005,0.318525104062868,0.749117614162914,0.786897375697722,0.817092364563124,0.6912534395108,0.73949614805599,0.682955908309541,0.713110202763105,0.0244103002264833,0.326767516723639,0.221658773632936,0.783017831357823,0.751703219540873,0.021615047095506,0.0248305409934342,0.586467907179154,0.571784143173483,0.740469244385185,0.809578116992476,0.738464849364183,0.751961869794448,0.821148672945862,0.818344928928954,0.84864865499624,0.817085770816242,0.516400608152236,0.665365112115077,0.806021848129516,0.28338279558094,0.75269288500608,0.194314796155529,0.290158942517215,0.0551652874968725,0.714157581995081,0.17446982575468,0.231705179140766,0.572257874117042,0.258235040879974,0.343453960284134,0.703598762291835,0.164617287501115,0.272324949811872,0.140795610215508,0.530308631291556
"24",0.0818608190092497,0.0703138624950843,0.260847778741968,0.21657942756164,0.309214422898334,0.193785383416039,0.232737296564698,0.128604493976788,0.183617655590133,0.312299968367583,0.374418680927906,0.421296235538361,0.341576546033582,0.256416028763144,0.23158705906094,0.189025110467518,0.396856558983437,0.450562538305447,0.432256803460483,0.379211260720383,0.407271720660867,0.304905792321989,0.420798891388652,1,0.266351221214373,0.164178297982386,0.411448697284787,0.409837714084119,0.353415164060048,0.295509605470021,0.45837658798499,0.423473517892344,0.319931616781426,0.349363917492278,0.244341866769201,0.128149934751759,0.102237017377734,0.200632927339746,0.102869271312327,0.278485750967589,0.316890664611424,0.304983800897498,0.232845468199294,0.306427080088538,0.309907621157471,0.296045002983677,4.12438508616367e-05,0.0876682648938598,0.126530342660009,0.391591861978361,0.392896965489962,0.322356690168986,0.0235829726924292,0.185489895340523,0.130631052921041,0.36861875056286,0.400417262709942,0.398726915692815,0.497751946657998,0.398507653850088,0.386414144426767,0.398177415036593,0.389361080227486,0.325198235134571,0.351761672060668,0.31401296815031,0.185586822807885,0.377627145980134,0.0795636152127867,0.219418511262152,0.120962930881638,0.320653599127223,0.379500529938693,0.0255706547289779,0.195580438412411,0.120622547432036,0.107168775624327,0.281872448738163,0.108590746339088,0.145621945674523,0.0723187215276287,0.226201295143756
"25",0.0327164778350605,0.046345924262365,0.244679121955557,0.151798867892239,0.410984119884668,0.376357580337769,0.26136186473834,0.240741099397638,0.0385110532916163,0.376431917714503,0.501003544402554,0.475407156806526,0.369150864731228,0.134593703748974,0.323422605482826,0.283137430713279,0.493535219254345,0.485870379595989,0.480496050466822,0.43270915747552,0.551594182722491,0.3538334285996,0.553193105860541,0.266351221214373,1,0.00386679142879775,0.402606866549916,0.546760630276754,0.45848888824194,0.379950726817319,0.418577929811695,0.448292208016814,0.515877962094714,0.538243673394881,0.411279895880265,0.180162037091478,0.258108326375621,0.183876544030666,0.359749179921197,0.435649593971872,0.492559947543955,0.499932415377441,0.35935334065514,0.503917327122221,0.310094023574315,0.433511727426586,0.0046629215909838,0.162189117164849,0.129524688404465,0.588334328784102,0.545964596078304,0.0906466382045607,0.0509185778812457,0.38719740509144,0.288900033143168,0.424995243950796,0.489682661603852,0.513443128432821,0.434238218189727,0.50103890136249,0.521575113534317,0.540682708988562,0.580062185944415,0.349436140257634,0.429945327483005,0.507478374813563,0.267493511737785,0.473367021552415,0.101053018274491,0.184692063472698,0.097888518707105,0.42420947643623,0.138434510617254,0.157733102924003,0.274771833324552,0.239429306980923,0.113619435500026,0.389300888949121,0.0328514935248056,0.164586064631449,0.0391998018199283,0.39116220768521
"26",0.129297424767767,0.0974787214650689,0.15608057645304,0.0410791303002987,0.144562684784892,0.151940967959674,0.0624065990914669,0.332069089922045,0.00133153150106835,0.167061948720333,0.140289105213118,0.025882053497206,0.0660478524204735,0.288542432549293,0.126503707995123,0.0729651589799239,0.283908581345996,0.357263098940906,0.117780904215924,0.169609772269907,0.155054770085129,0.290344016746422,0.190089393983997,0.164178297982386,0.00386679142879775,1,0.0608596046507126,0.0274429316855501,0.281450715151535,0.166194604559928,0.271940644956427,0.217530198478829,0.16255653541212,0.154953917029094,0.073684336019754,0.0731227777690774,0.0936600774472595,0.221145455289313,0.109972761309707,0.0863309723503723,0.121495747398944,0.191177455368879,0.110459969217042,0.117541005408839,0.12126550892033,0.00319890122569797,0.0425518703546834,0.0431783304790384,0.0632705550781323,0.11125763310267,0.0688503855911083,0.0160122664616696,0.0562994611560241,0.148431276256057,0.213698120689331,0.231168869257623,0.0357481332164677,0.119215373626796,0.340512724667291,0.203152612132576,0.195091754898391,0.176351469729,0.127252024005713,0.115151308836577,0.127641807524241,0.193625576168324,0.126437070103217,0.229764469083827,0.19151268718695,0.154626981175679,0.0226395096171001,0.097865894792866,0.0147850400129004,0.0624827828064547,0.121640950762267,0.119781008058241,0.0753773335524597,0.174413532441549,0.0475742832384897,0.0501457313661537,0.10881007842286,0.0882009605754941
