"","1","2","3","4","5","6","7","8","9","10","11","12","13","14","15","16","17","18","19","20","21","22","23","24","25","26","27","28","29","30","31","32","33","34","35","36","37","38","39","40","41","42","43","44","45","46","47","48","49","50","51","52","53","54","55","56","57","58","59","60","61","62","63","64","65","66","67","68","69","70","71","72","73","74","75","76","77","78","79","80","81","82"
"1",1,0.338501873842976,0.252019597153176,0.15535533413547,0.344326411471332,0.456594635553224,0.202019749345505,0.325058665118042,0.0155557190503333,0.426010945504946,0.488315254771055,0.379907087518358,0.347814305050057,0.391064690803451,0.0721228287262784,0.197866600323414,0.457603457795477,0.500959029553806,0.221704262085199,0.492819223492772,0.46376813473321,0.411479659962634,0.47702761851005,0.381775167955079,0.320138513079522,0.120231575083243,0.408195875998385,0.533788498275908,0.481325791354295,0.353919690980955,0.452356534069621,0.503842891297955,0.471773640226384,0.432138116097178,0.488063851777389,0.0752075101754445,0.227659489050231,0.337257999934132,0.0127244689934184,0.44698328061677,0.376574210741112,0.204022856814402,0.331391160898341,0.480093026291058,0.349078395429845,0.388424881383676,0.403682239713877,0.2401106013127,0.398007465083291,0.478490981083607,0.516107806433214,0.428669431054591,0.160836526820543,0.450111187690012,0.334954292000729,0.431556745565047,0.499632955420476,0.493509544641993,0.448407589927728,0.505102786274574,0.471532395665477,0.497134898380386,0.426112744436651,0.41011128670634,0.449929456103491,0.300131167652264,0.317495149706924,0.482758652152575,0.418877963380009,0.2862016705459,0.117908011390915,0.428111819186538,0.313463686262156,0.158594019277044,0.27689693918632,0.02880199128036,0.0956595661556452,0.363389695151161,0.169194930045776,0.232514817488582,0.332772784276823,0.515840015659026
"2",0.338501873842976,1,0.184915192803809,0.212687799850292,0.140546635792971,0.598846223253481,0.207357123705978,0.560051964167581,0.196668129098009,0.589534371119865,0.5738095066342,0.634559978892489,0.434132214477212,0.305753515531322,0.211081167734289,0.163810228912988,0.539968081667845,0.557169240078296,0.312750749657464,0.592437979353425,0.551825640146079,0.483615047386135,0.628789729793908,0.317256641064042,0.23157630192719,0.0713483023782573,0.608804416065984,0.472073488697095,0.594975863713702,0.478800324458997,0.508916182802465,0.572472833444726,0.591275588295193,0.425456364980567,0.578657998579495,0.209861471101783,0.317427419930229,0.371237392375767,0.0874026045312255,0.619305080211662,0.588132125845909,0.338819617933067,0.249888870218173,0.444623293209404,0.521729160994437,0.438996179426051,0.539232312534245,0.513074112476068,0.593795602864651,0.467423174463186,0.592489690837418,0.462428702063932,0.406529873123526,0.546162369949217,0.315725640885372,0.604448676820868,0.670577815786228,0.627140280352083,0.535954318480292,0.502490899568004,0.574671018918956,0.616045344806764,0.543751616584345,0.311569075044449,0.631971212524256,0.13723674637279,0.186221587946307,0.499404791769131,0.632293004821873,0.0444773635699446,0.0229110389827932,0.350505226118873,0.239600374549525,0.0536450395556256,0.492684180504153,0.132156813911725,0.135150509720369,0.324641127446452,0.082038564364883,0.400702289467563,0.170464730353189,0.595550276801298
"3",0.252019597153176,0.184915192803809,1,0.103860768178779,0.247385067589331,0.283930981818365,0.20932419916031,0.239766602636458,0.0591116428027939,0.286303867569653,0.309340284607117,0.27231222067228,0.273055055960362,0.353540588836605,0.0692894130449546,0.155933062105509,0.453910571447372,0.424389903209049,0.262152819160949,0.310240967978638,0.327042403044282,0.460552730696308,0.320964313084095,0.349589655657964,0.2582700122776,0.300204555081762,0.309199349616651,0.413726984466452,0.283296017937235,0.377762593708924,0.350551245437856,0.445008131336877,0.374367469420566,0.340760471224333,0.345835164062908,0.12099305987017,0.138767860792757,0.361506428582423,0.0707752068828783,0.311233113784834,0.214279949164274,0.195922279112788,0.357008198446008,0.176239731253385,0.320735501129046,0.455482638124228,0.276880644883631,0.144614445457627,0.185941843235413,0.436862140844841,0.411902027668724,0.222528569374403,0.0754746461067253,0.252311156466313,0.277209760015522,0.427696801025858,0.359665615325352,0.377215222768321,0.384563896641194,0.410246307391227,0.342676579138978,0.326842930273923,0.490118224245425,0.276845221111094,0.399834657010884,0.259963890531423,0.32039813418356,0.316538730358718,0.175107604909619,0.25701210622843,0.0951332576625035,0.266292543225017,0.269498645077317,0.471131660067418,0.171047292346366,0.127584158048289,0.130820084606137,0.0641424441924827,0.227229136028589,0.0463123071560767,0.449042916588945,0.376080616989319
"4",0.15535533413547,0.212687799850292,0.103860768178779,1,0.0880374527304308,0.469357102179076,0.000615795207097329,0.401224507482921,0.332015497666737,0.42596726399186,0.466465222505066,0.532534175497814,0.40799872131006,0.131668071977745,0.102330218669405,0.257888495759002,0.472425013062735,0.514673722989122,0.37751767334199,0.507450272804745,0.508970742241209,0.464699706357497,0.52715569576637,0.359499680801167,0.0653858273609506,0.184118850862155,0.471236054136593,0.458288873981282,0.47931917638168,0.500318958397094,0.436930104267677,0.499291862772061,0.465384890948482,0.386703085569261,0.439033094570922,0.176479142338184,0.323505911166243,0.280008243066497,0.0870972291535589,0.46344036737836,0.503452842240198,0.460026644432655,0.03332834299322,0.362657958598845,0.491442034883283,0.365854518510841,0.335403039666712,0.230898350042487,0.384413062583966,0.458660733243456,0.452827199841342,0.359540036676196,0.437118512051952,0.421760069729417,0.206596472167542,0.512480336959738,0.38596253627558,0.503364457766748,0.469175205721964,0.469921891840964,0.486419293850445,0.504240096346187,0.446062620789583,0.300938360834675,0.472136882506526,0.165403324109499,0.319656277217225,0.376080714934109,0.443802248071721,0.0516399258852516,0.0697335922087824,0.304263680370055,0.24656163909199,0.14825077214201,0.389830649440167,0.00420272770791505,0.0729174087746233,0.40913468123855,0.0896879625871801,0.32403192338545,0.192537378923885,0.436414149311388
"5",0.344326411471332,0.140546635792971,0.247385067589331,0.0880374527304308,1,0.37934361726281,0.140942789134308,0.271855019856688,0.0731236870081656,0.337438506813456,0.422661629003668,0.310212026604257,0.315095785928569,0.311120958139968,0.0235513516755333,0.303100105272505,0.465822244115896,0.468977191261911,0.275895288850088,0.402401140513595,0.403483397209274,0.38824008939647,0.396338792440227,0.365405163294949,0.348834761977844,0.0798129952636494,0.301286702800539,0.501546472789986,0.387040955704887,0.411068847278799,0.441661956007026,0.441631507702878,0.408374054775692,0.411835523012963,0.318319047288571,0.0525521609583054,0.164650477962828,0.283979339155965,0.0211373795337054,0.341628711716168,0.256960443717367,0.111615914642763,0.409244306222277,0.440694432902425,0.298482340610444,0.28937485460254,0.302599766491359,0.176524871933083,0.295559422302921,0.464777245915887,0.459695588908358,0.30656646532139,0.0608703505798321,0.33473831759089,0.184539289624966,0.372050008443638,0.367373590612292,0.415074510399209,0.46165518493907,0.441227988371381,0.454479640467562,0.446540144460513,0.419208197628574,0.395987360488755,0.33983000765299,0.436536991189243,0.39736086014194,0.330426799182283,0.287465819269415,0.331479463546336,0.158357313416987,0.407425432309442,0.286479013067104,0.146363230965723,0.229361822483661,0.0536002110010009,0.0284286166904891,0.265436434727411,0.205873997557109,0.152005809242206,0.351075089662633,0.432455016098455
"6",0.456594635553224,0.598846223253481,0.283930981818365,0.469357102179076,0.37934361726281,1,0.164919418800955,0.800406450443434,0.343361305801895,0.842564844316913,0.827463227726945,0.858509984839742,0.639068071353244,0.320119484261424,0.26480659708098,0.383184456524004,0.802727321835195,0.853611678002084,0.574347800626951,0.851129795155369,0.828153523530879,0.718613171018625,0.896457422689004,0.477252718908834,0.357398543410838,0.0533985857305417,0.83382435278535,0.736150908387502,0.839255396620818,0.751596683049697,0.804323136136372,0.827947174948925,0.843201761680361,0.630644084560244,0.788989311218878,0.233628551440192,0.456092777166573,0.456134087557068,0.196751029545933,0.837076465343323,0.809570174801484,0.551951176255185,0.408431393858851,0.666043148532401,0.734559193091632,0.615738742051279,0.738082335796284,0.596803684141568,0.760149733236412,0.724049652460939,0.845977026351452,0.694092105999796,0.552439811496834,0.797404430966822,0.391233812357463,0.813264952876307,0.862462656893348,0.866336292134866,0.852408455428055,0.761431990970672,0.870522761170189,0.872416882216677,0.758937109793518,0.509151707002094,0.832487977009342,0.395019267910858,0.386620305363235,0.677075817181681,0.832680883059618,0.143404677401438,0.0504283705873241,0.535416362591652,0.402630948529562,0.00909160878337513,0.725583020837278,0.166026408163592,0.106190919400561,0.578663184322722,0.0267223203247564,0.586666330647791,0.2909176743152,0.828906282709127
"7",0.202019749345505,0.207357123705978,0.20932419916031,0.000615795207097329,0.140942789134308,0.164919418800955,1,0.0959147883066208,0.0713814775103651,0.187886479011814,0.190338540108961,0.159527712911387,0.0927231892922362,0.368958708379874,0.0137390641219705,0.0650680045286577,0.245455814801189,0.223290655792784,0.132254016543437,0.165598267714595,0.204474499485333,0.217941345758079,0.173565312297453,0.224515877614247,0.207029299217776,0.146213905961832,0.175033137281593,0.244466367692556,0.210234609917219,0.156040271712668,0.207620941447296,0.211958353887775,0.186684526007905,0.216687258620696,0.171603756244996,0.0228887420250354,0.0437395248588699,0.203634558721616,0.0875007359543128,0.203877862217067,0.127827243786175,0.0512384442926719,0.171279722048364,0.162903864568147,0.16574574105371,0.153074804940186,0.144117828572807,0.00381377016868039,0.186702600608334,0.239184299290276,0.230285957971852,0.0838540417882697,0.107524924461045,0.134012913947397,0.149815635191725,0.19270844878156,0.236480255943515,0.199219572294163,0.202459314077031,0.235870645005769,0.18180793191346,0.223639322493804,0.249421936767545,0.153020300455404,0.170409892094308,0.0980185819661727,0.214474543004752,0.199074625947196,0.153513173860365,0.23281756008204,0.0915376922325291,0.199565530131286,0.12330549839918,0.211968549896436,0.0439343907151156,0.0642738643381506,0.140951335737908,0.0325403913704437,0.226783468717502,0.102449594067111,0.193920259506653,0.224492716374454
"8",0.325058665118042,0.560051964167581,0.239766602636458,0.401224507482921,0.271855019856688,0.800406450443434,0.0959147883066208,1,0.417290430432499,0.775514636976611,0.752958564146347,0.826411262447453,0.630779106248472,0.190404338524791,0.283830569438549,0.365407923935622,0.716136631928418,0.76627004487765,0.592607742470408,0.778700281175138,0.740849600224547,0.689513193383428,0.826578779768541,0.280728377117711,0.321053409229124,0.0110164432047889,0.754456680164415,0.594218079822964,0.774481158299022,0.730953419528486,0.75374842861646,0.722744779941216,0.77212759654034,0.524604599638253,0.689876266781365,0.230178963044439,0.432264944835456,0.388581845746514,0.238714040504364,0.780910349543681,0.772742518513266,0.523737578206719,0.303156727130949,0.576139225433717,0.677285389624817,0.585607088366298,0.686301007238686,0.606773557468132,0.678897878659122,0.613044876108405,0.760378558874772,0.573790681649303,0.607324419597509,0.741872504368905,0.28106056327639,0.749732520359366,0.78604154816123,0.774580619796326,0.8198641668145,0.671193219088323,0.817956841861154,0.79480255633377,0.710099953216481,0.414382409795566,0.803615800572193,0.267637086468408,0.279416044618888,0.53429718681301,0.784872800743029,0.00377195608848462,0.138982609204897,0.462191622110976,0.323341785662615,0.0709425697339967,0.747728721615349,0.25296555494244,0.0740298699521102,0.541047831322247,0.103764620042356,0.553380011277934,0.120618525707868,0.719799135914091
"9",0.0155557190503333,0.196668129098009,0.0591116428027939,0.332015497666737,0.0731236870081656,0.343361305801895,0.0713814775103651,0.417290430432499,1,0.352903914843884,0.302597248618513,0.471510224766757,0.412475328044245,0.170220421545252,0.0445168397614941,0.209310688678457,0.366527785732372,0.366387212891825,0.632948188866725,0.312634267605341,0.40846430589887,0.413965492497399,0.423363073859263,0.179279321995284,0.142536669636766,0.159191697019676,0.317215179860586,0.300510783025494,0.425572746536348,0.461338396247182,0.418855612962862,0.353619617981756,0.388112938729084,0.227553948454995,0.220737928444709,0.0935082898454733,0.209899688799701,0.200096271246506,0.0913141851933485,0.318009384636773,0.438695317147874,0.319429422065656,0.0740798326762789,0.279585078576335,0.401174518084668,0.306370881141494,0.277436727614709,0.159617833793224,0.348653194165207,0.420836071709438,0.400149471017282,0.244577919612135,0.264583355310735,0.228060920202854,0.112213868610462,0.404416649039892,0.292254620601464,0.350752218611605,0.430517827627523,0.389295120922718,0.3373141326863,0.379401375159669,0.408863587138545,0.0146424335835579,0.390849797569549,0.112713077540616,0.290528330254987,0.117205993370103,0.315306819855096,0.0291109424422477,0.0244849774670416,0.127944465685647,0.0261930042228915,0.0642501924291621,0.330946258894103,0.154196067667947,0.033418566640282,0.305914599793341,0.0684354692855135,0.317348118822948,0.0745558973621464,0.275264915380674
"10",0.426010945504946,0.589534371119865,0.286303867569653,0.42596726399186,0.337438506813456,0.842564844316913,0.187886479011814,0.775514636976611,0.352903914843884,1,0.801668166634716,0.829499340563949,0.630814928882581,0.37359274519328,0.277818664406202,0.348127342910395,0.772256528083154,0.81350587925051,0.550008886277513,0.834259685990276,0.800653086253255,0.682854350456262,0.864882514368619,0.440590051487873,0.372592998042928,0.0492015518640165,0.797524171452431,0.721517273547729,0.815784424603896,0.738804056681548,0.788697716009673,0.799336970910256,0.801656355105407,0.59039423369106,0.747214650053905,0.26515732290061,0.466259581048333,0.441964295175396,0.17589974710005,0.816801552273563,0.76413926634419,0.495006321052915,0.40064116317321,0.650408065005565,0.726443897437664,0.605609634414103,0.732205956692014,0.599956337830793,0.73596564932886,0.698284783333774,0.811488414151246,0.639642281168135,0.542012237622926,0.74441865425504,0.358726682738208,0.792307713544641,0.84471080753696,0.836962376290422,0.810384587889184,0.730329642267991,0.829476000596374,0.838741093643837,0.731519883177174,0.521548116663466,0.817797276839164,0.356557754055321,0.373561219763894,0.653973104590389,0.81408120784929,0.131529699884251,0.0579041847101908,0.498462358943866,0.378127211367561,0.0460405935865261,0.675635838520577,0.185001788656276,0.0709339169179369,0.534032681102956,0.0339559219836668,0.574789864702177,0.266708600836608,0.793901901108538
"11",0.488315254771055,0.5738095066342,0.309340284607117,0.466465222505066,0.422661629003668,0.827463227726945,0.190338540108961,0.752958564146347,0.302597248618513,0.801668166634716,1,0.832784619975611,0.695732734250065,0.399830446237539,0.210044822701418,0.413878231966925,0.820787276755537,0.876426956329463,0.57171911351993,0.859359925059018,0.843810073589618,0.743360582266872,0.884286295837312,0.525397734863401,0.36107437596974,0.0416682111574657,0.778560694508782,0.811887929871607,0.838008966913926,0.757725294223456,0.833334298024502,0.848694346360888,0.853205656721201,0.693589688139018,0.791190186116173,0.276572013514282,0.429640924388801,0.467175726688834,0.0776486350482464,0.832804559636389,0.772736246795707,0.60838887100091,0.368416891063807,0.728032161992365,0.711311201542681,0.607894385405874,0.721685527970873,0.55143362663509,0.715514010948557,0.758477255044419,0.847758220245331,0.701941339348819,0.518654062375432,0.795607847368664,0.474330430295357,0.809128231473895,0.851437798500545,0.900228338854373,0.842920085916922,0.807738130241965,0.87803440805111,0.89344531275656,0.757972223271055,0.629412785502569,0.823765100096551,0.418427674800206,0.465756406712053,0.75687005466033,0.785632445356054,0.301040796891308,0.0111179780773828,0.608991376955694,0.389361305951347,0.0405078095538175,0.680079991133026,0.0487647503863726,0.0315788970276151,0.610321019667859,0.0682715427860627,0.556764905135312,0.362575241366542,0.848690465272114
"12",0.379907087518358,0.634559978892489,0.27231222067228,0.532534175497814,0.310212026604257,0.858509984839742,0.159527712911387,0.826411262447453,0.471510224766757,0.829499340563949,0.832784619975611,1,0.70184707564565,0.350127710299781,0.29669688478708,0.38477034323931,0.814385996521355,0.840789272679851,0.705596358764587,0.84823014979592,0.859553919242322,0.750480341342298,0.918959609697599,0.485828103771571,0.355652224613444,0.193431430704528,0.857614901536797,0.761349825570118,0.840713963199983,0.799096018125365,0.835174945700334,0.834404203319234,0.867487187080724,0.671775026544522,0.806830607661025,0.260131509574628,0.4705195349706,0.494684926359969,0.131562630465923,0.87199688691812,0.872446348685655,0.56254403735466,0.326385496554832,0.660281085345323,0.814756350192588,0.638896662577251,0.754739625627268,0.627608505205935,0.754164417470274,0.77318990598897,0.846209271518467,0.657593488809842,0.638884754385707,0.779660494120253,0.382439035969925,0.858830754946493,0.866796048590644,0.890576378492506,0.842413416884956,0.774818752934966,0.870062173066194,0.885214443323712,0.792482516062238,0.504850302371996,0.869750688281914,0.299454344075098,0.385913973189189,0.710258965051379,0.804555903764047,0.0669579813131609,0.0625847680688328,0.520253407040806,0.33117745980358,0.00880346744477297,0.717378034653431,0.132047798158425,0.0625961401086021,0.573516746800164,0.0131496468689438,0.617330753739201,0.325307549515382,0.813202717308019
"13",0.347814305050057,0.434132214477212,0.273055055960362,0.40799872131006,0.315095785928569,0.639068071353244,0.0927231892922362,0.630779106248472,0.412475328044245,0.630814928882581,0.695732734250065,0.70184707564565,1,0.280654636908807,0.138247576895951,0.334846464556883,0.697081456346065,0.693248354800518,0.57757418272968,0.68069283324382,0.693495087079642,0.655297396654277,0.730794341375528,0.397205950036294,0.270671503544305,0.0839496570259056,0.65438549445139,0.624555015022884,0.679534388347582,0.664226057089591,0.707660976211275,0.672798919971517,0.70769759435797,0.561274515849035,0.60188872080395,0.125027011095341,0.332446576222972,0.389834240004537,0.0304543634906807,0.65030282154739,0.669033149898586,0.450951582226751,0.366281752354383,0.570531508587593,0.673574068959803,0.510727745881619,0.577208733287594,0.427383219251594,0.54230223780732,0.65378327525838,0.692552590503354,0.472846985810829,0.444026704285319,0.59784371315724,0.317382321214956,0.675033889491771,0.646893735069795,0.730073300349717,0.716443448173499,0.661768029525906,0.689115812323119,0.704935099032881,0.666078688263388,0.432011777849946,0.683724533901872,0.305731705371313,0.359239026744869,0.552823304964104,0.595118136987233,0.0879931267802999,0.0224893161174703,0.440858588634353,0.227443813381204,0.066198002737153,0.573892667203849,0.0254374833359341,0.0193049028603143,0.515243763263,0.0360523863980924,0.478394950769524,0.307869965413715,0.634364154865456
"14",0.391064690803451,0.305753515531322,0.353540588836605,0.131668071977745,0.311120958139968,0.320119484261424,0.368958708379874,0.190404338524791,0.170220421545252,0.37359274519328,0.399830446237539,0.350127710299781,0.280654636908807,1,0.0593902132987391,0.27963486725307,0.477581938963164,0.465616011015983,0.363763426368667,0.37326648874647,0.399351652807485,0.39284887269647,0.398838961606169,0.589010707657207,0.334070153383602,0.0620346966484147,0.338071380428315,0.580718114882573,0.429582551788224,0.391850673490169,0.484235478121039,0.472346190720716,0.392871149522537,0.430111027487276,0.393091791077981,0.0795457125467461,0.156651386248783,0.417798671505037,0.155784195675912,0.342444442492999,0.323153114005138,0.0216644260230741,0.347810786911825,0.380550345966734,0.375361830470168,0.345267554791789,0.285633786848991,0.0693260677716306,0.304797650739462,0.558103070163909,0.508997317705729,0.317243447201627,0.0518202418782028,0.280078615740646,0.323668086253877,0.438170088874129,0.467451852287449,0.448305092054212,0.373696181266406,0.511190314141597,0.375979405041615,0.458992039029452,0.488162734644954,0.369915794818354,0.385236257109328,0.30039142439933,0.437135209700293,0.49636662479142,0.276365167600623,0.373969963503886,0.243376364516387,0.307422561758784,0.356920315831918,0.333550298757738,0.101651338800369,0.0903992822212856,0.118321808672627,0.216666682784592,0.335627278632992,0.182318667114751,0.538455372985805,0.450002574163606
"15",0.0721228287262784,0.211081167734289,0.0692894130449546,0.102330218669405,0.0235513516755333,0.26480659708098,0.0137390641219705,0.283830569438549,0.0445168397614941,0.277818664406202,0.210044822701418,0.29669688478708,0.138247576895951,0.0593902132987391,1,0.0609926674093153,0.0658249859465969,0.122822881069534,0.0436989686753594,0.223244476137178,0.202287375986682,0.0131742742079667,0.259439950872984,0.109768270326465,0.0144112501189904,0.241227047357469,0.249560824339326,0.0754979758592538,0.183899991134178,0.0943751652040694,0.117943692295009,0.0960744033927748,0.140725236662816,0.0388629619844207,0.253789457824884,0.130138159607506,0.172128517407725,0.121923637089001,0.161583677840572,0.260647620724453,0.255219713743282,0.292407255708702,0.0576506246323151,0.163108289490335,0.210167910520322,0.0878264451956158,0.282562211818331,0.389935089220581,0.286491111463259,0.0384910516929697,0.143632072680784,0.171440491222142,0.423358576702927,0.281876078690412,0.0238162614880959,0.197771486211277,0.283184114075993,0.22370276271023,0.142651995102724,0.0319070167917108,0.197984354611384,0.163580742456727,0.0637277851333522,0.121785031258227,0.20840647319474,0.0308337515676053,0.135988112693107,0.180754368679069,0.328055735406987,0.230094169874724,0.166494799069538,0.108308892057892,0.126516738790948,0.110711014486367,0.306529122484543,0.0385705955018273,0.000892605600378735,0.191212426718747,0.244026578593842,0.27837660985458,0.175185125798225,0.14984223169732
"16",0.197866600323414,0.163810228912988,0.155933062105509,0.257888495759002,0.303100105272505,0.383184456524004,0.0650680045286577,0.365407923935622,0.209310688678457,0.348127342910395,0.413878231966925,0.38477034323931,0.334846464556883,0.27963486725307,0.0609926674093153,1,0.426373328102775,0.436924393587551,0.438072487365066,0.394829491713029,0.419070499966293,0.413620347398508,0.411230333126605,0.331293253317228,0.166582682770296,0.0869659520567036,0.329368424288449,0.467735974014433,0.386880827526134,0.409921642568677,0.457150574082236,0.393506275136594,0.438083514413078,0.334194036848099,0.353657971704905,0.14951641822001,0.189149639333889,0.170062097225569,0.0158531116400129,0.358110469944971,0.360192624349522,0.209322632383873,0.196570235888527,0.347016792735442,0.366354043621002,0.344244153525903,0.265886026607383,0.130197614345019,0.300889489441521,0.459204159430559,0.407322997169923,0.276251072134251,0.181444096847392,0.342541465495089,0.236026874141295,0.390115322514281,0.369486341986848,0.416167984853779,0.415226807074566,0.430635969744243,0.439565457195154,0.447698676329406,0.41744538723432,0.35084912777717,0.377313534800452,0.205246288019901,0.241666872898492,0.374164309059985,0.272901178662274,0.20870988674103,0.0932799669454935,0.255537544028012,0.282389814200285,0.0163710344454327,0.267296829239813,0.0556745708917783,0.0332934828801606,0.353307382540236,0.108563481941064,0.216372515733731,0.312228311896087,0.366001774833689
"17",0.457603457795477,0.539968081667845,0.453910571447372,0.472425013062735,0.465822244115896,0.802727321835195,0.245455814801189,0.716136631928418,0.366527785732372,0.772256528083154,0.820787276755537,0.814385996521355,0.697081456346065,0.477581938963164,0.0658249859465969,0.426373328102775,1,0.922428059171189,0.656312765529446,0.848721724948912,0.86241200379337,0.847665583780952,0.873861727928189,0.594924666557517,0.44897822916626,0.0927942826238624,0.814608786513535,0.837637620797085,0.845744334014565,0.866452615468902,0.876488800249138,0.884704468297902,0.881546966184411,0.745188604552449,0.729391634730937,0.173817293268415,0.430116098330347,0.526793417280892,0.0813188225015549,0.796320656164444,0.76516357413558,0.390343470909469,0.464154261220366,0.69282909333138,0.742842877407986,0.710632598239773,0.693712059092873,0.455919716371773,0.685510100243656,0.842088710748184,0.876917560326482,0.621859790850221,0.384515043299447,0.71564380050907,0.420699206225467,0.839802760333203,0.813159915398785,0.873687425382355,0.903311893858415,0.855077385163109,0.875535654874544,0.897239132131944,0.865258259970192,0.596449245340242,0.850316358928911,0.472639280430581,0.543593992560135,0.69365184735657,0.731051307862759,0.297371154006875,0.0682505751989544,0.589697444757599,0.493767693932096,0.170564462434292,0.627984029171404,0.191371585641453,0.110777464296446,0.563376940375519,0.189942993011197,0.452029157742411,0.45330017178974,0.8188531068916
"18",0.500959029553806,0.557169240078296,0.424389903209049,0.514673722989122,0.468977191261911,0.853611678002084,0.223290655792784,0.76627004487765,0.366387212891825,0.81350587925051,0.876426956329463,0.840789272679851,0.693248354800518,0.465616011015983,0.122822881069534,0.436924393587551,0.922428059171189,1,0.639098041639866,0.879413391524384,0.864251229924779,0.867482071483123,0.903484272961193,0.592062053081844,0.420796461644243,0.0977554046970381,0.818408879482222,0.844470632349706,0.882602213618787,0.860421197392717,0.892010867790758,0.918886484587932,0.895534104320971,0.729439686550543,0.773084733264303,0.234821045007684,0.459247304356507,0.517069703038579,0.123476094328103,0.852747809125258,0.797680295601134,0.495229426694826,0.415955989138509,0.728526745009285,0.745440795999735,0.733588183725069,0.709388740074299,0.5032108920553,0.712447727033902,0.840726760723115,0.901803762708018,0.697346249479987,0.42019202749085,0.770897042557345,0.456097708930179,0.870851551317628,0.851608700841046,0.910697122296297,0.928679343462704,0.879395535438291,0.912064647270714,0.930654283827276,0.866834994567087,0.609733721014388,0.878679210917372,0.457359586502346,0.566341031157815,0.698362415554239,0.796177767345992,0.336379601023529,0.0529860488049266,0.615784880215601,0.491978066251991,0.068099405712768,0.681382713353303,0.185782931585961,0.117941561748352,0.578037621278027,0.169101491546385,0.491195367625281,0.417792483675684,0.867968869456614
"19",0.221704262085199,0.312750749657464,0.262152819160949,0.37751767334199,0.275895288850088,0.574347800626951,0.132254016543437,0.592607742470408,0.632948188866725,0.550008886277513,0.57171911351993,0.705596358764587,0.57757418272968,0.363763426368667,0.0436989686753594,0.438072487365066,0.656312765529446,0.639098041639866,1,0.555585112930595,0.668932964434123,0.667462030805749,0.664520929081849,0.464540943764134,0.318688174468616,0.177474110126798,0.564736254233507,0.622421122674576,0.617742598318848,0.695313448115898,0.711789356247375,0.620082806595748,0.658891862857645,0.564440664464543,0.500849227269294,0.133439200812401,0.275954351972935,0.306375321669354,0.0446657215944009,0.553097705751593,0.643673584885207,0.333668829335579,0.275115106739714,0.488070389440528,0.610197710305988,0.555729322423601,0.486953123608483,0.29054815790764,0.506213718440901,0.727067191539435,0.661016671631225,0.440940747484801,0.31156827445717,0.45805145638968,0.322525023521941,0.649584563105646,0.5458071081765,0.633805665965513,0.676448272271813,0.678159420228998,0.654761920586993,0.671112279767449,0.679153860770713,0.350687294311964,0.626553322738786,0.278338300178458,0.434660474188294,0.453076592683739,0.447125410315177,0.14954151135332,0.105642251622496,0.409724681203344,0.247451109440217,0.0693029285774046,0.475204288228262,0.134857864647486,0.0405860969723861,0.451499175557976,0.179929174230988,0.391612655804877,0.386322314310863,0.535824221910745
"20",0.492819223492772,0.592437979353425,0.310240967978638,0.507450272804745,0.402401140513595,0.851129795155369,0.165598267714595,0.778700281175138,0.312634267605341,0.834259685990276,0.859359925059018,0.84823014979592,0.68069283324382,0.37326648874647,0.223244476137178,0.394829491713029,0.848721724948912,0.879413391524384,0.555585112930595,1,0.864281019907618,0.729244095431503,0.910104036734694,0.504661126283862,0.371387267068003,0.0491418973915502,0.832898578889979,0.792070727861004,0.866846456995531,0.80456935109965,0.835465385971324,0.867335137413523,0.859757060843097,0.704454837740534,0.801891358918294,0.269558887152319,0.49923036080392,0.50056446374442,0.148159096255013,0.849005192281826,0.813579636422816,0.595057324836102,0.393798966446713,0.726825653391558,0.746447289232068,0.603931085143448,0.728259972821835,0.594113516556026,0.731573319154845,0.765521848583422,0.852757901725704,0.693190236387283,0.569305324526423,0.827922288029245,0.406872241083344,0.825077903280169,0.858781363793562,0.894119297903551,0.863888250578635,0.807260340614835,0.893469052480791,0.900744993960136,0.767628493637329,0.615324728750604,0.856243098783461,0.438443924065999,0.42998464320624,0.748303415965639,0.834945053897887,0.198548796166128,0.0486265229497222,0.612964912167766,0.433262500312251,0.0217296146937894,0.719845980252927,0.137769406888716,0.0572266115204688,0.656594572101279,0.0733266577790126,0.579044938853348,0.325551308278498,0.854929031364427
"21",0.46376813473321,0.551825640146079,0.327042403044282,0.508970742241209,0.403483397209274,0.828153523530879,0.204474499485333,0.740849600224547,0.40846430589887,0.800653086253255,0.843810073589618,0.859553919242322,0.693495087079642,0.399351652807485,0.202287375986682,0.419070499966293,0.86241200379337,0.864251229924779,0.668932964434123,0.864281019907618,1,0.764786099440713,0.897761970962587,0.533428187085074,0.401166936077638,0.0867927413116113,0.80060675053441,0.823023354325376,0.845293832959258,0.80705837560847,0.846691997598884,0.851013070485467,0.861198692870465,0.699535273525491,0.754141272145737,0.218440943297118,0.457913463842738,0.465334455062858,0.0817376429349316,0.818205668345508,0.801295990908216,0.55420073684828,0.43673592129076,0.717802955122446,0.75128167410222,0.64068889467038,0.711300112657578,0.533396220170725,0.729176157774943,0.815097321148371,0.841405130476678,0.675048914886548,0.526907714874817,0.756366319464232,0.436478052167491,0.831510993770846,0.826399085177254,0.886522139095894,0.853217197873753,0.824207952369345,0.879291832750558,0.893056072777036,0.802145329531052,0.580400503149036,0.834634005973936,0.421568501747566,0.460531094798715,0.709437177956492,0.768806359025839,0.228467386808866,0.0032951985231494,0.602087028972737,0.397542651108147,0.0557419850388451,0.69206359984447,0.136599457429514,0.0643306521217358,0.636266517390887,0.112141698038403,0.538647730028123,0.389721181749629,0.804573809103528
"22",0.411479659962634,0.483615047386135,0.460552730696308,0.464699706357497,0.38824008939647,0.718613171018625,0.217941345758079,0.689513193383428,0.413965492497399,0.682854350456262,0.743360582266872,0.750480341342298,0.655297396654277,0.39284887269647,0.0131742742079667,0.413620347398508,0.847665583780952,0.867482071483123,0.667462030805749,0.729244095431503,0.764786099440713,1,0.785201309068434,0.536597509141715,0.408851393118157,0.105487462189141,0.708415514933318,0.737865428206409,0.7628790654601,0.812690624240339,0.773003076378752,0.828756151920016,0.824352963012103,0.649303385176703,0.659224878301552,0.124402503581591,0.384632469148668,0.475901459444164,0.0844401355026391,0.733180599496811,0.707457036695574,0.31178344539599,0.35272064937182,0.591176767363771,0.68380673291955,0.737002626124866,0.602843635026799,0.382025340964128,0.594202942101482,0.786556674767727,0.792417203642617,0.535750907656365,0.294176492801246,0.604361252226602,0.424124102570459,0.819660749177313,0.722029296226959,0.793098802137733,0.835303162842682,0.798429924007918,0.788895599711591,0.816439983005855,0.839950267847861,0.43662330438828,0.802810109318331,0.36342409582809,0.505755374523485,0.544049840877964,0.637393106883353,0.296645247079576,0.0720715198832408,0.47927573511046,0.413377409329849,0.184206281597504,0.579598560606634,0.20187671658269,0.10331600020677,0.42930828534766,0.178887177407439,0.368183477840549,0.430138491023453,0.717809244263784
"23",0.47702761851005,0.628789729793908,0.320964313084095,0.52715569576637,0.396338792440227,0.896457422689004,0.173565312297453,0.826578779768541,0.423363073859263,0.864882514368619,0.884286295837312,0.918959609697599,0.730794341375528,0.398838961606169,0.259439950872984,0.411230333126605,0.873861727928189,0.903484272961193,0.664520929081849,0.910104036734694,0.897761970962587,0.785201309068434,1,0.543779900375985,0.391796387465712,0.0935163296332666,0.880450650076283,0.830456854044497,0.90833067789639,0.836682589590601,0.876735542848157,0.894174228552501,0.904703256828444,0.710300361829667,0.82607668887717,0.268121509559886,0.480628479357783,0.492042101787921,0.151669340393439,0.882281844556476,0.865214182201217,0.565070808831597,0.434269003954616,0.736291799813527,0.806903265497373,0.661732378099504,0.773398866239097,0.605433078243156,0.784270057164018,0.819037726636656,0.900086599013771,0.72036811514767,0.603150439081697,0.832261587729475,0.420374549544948,0.883334742218254,0.894031303468482,0.926797886667919,0.909288688813119,0.848583033875555,0.924928920228747,0.935808243093748,0.833459342394519,0.58495314227365,0.897527392828791,0.434879428261833,0.466649149336638,0.737739714022184,0.855646832753663,0.164396617687282,0.0480663770418417,0.595451476097858,0.405836365605687,0.0250653188445338,0.724297070901534,0.156293767600988,0.0773316078203076,0.649971255235538,0.0694095486801691,0.60775323765667,0.36358486698542,0.863211837294631
"24",0.381775167955079,0.317256641064042,0.349589655657964,0.359499680801167,0.365405163294949,0.477252718908834,0.224515877614247,0.280728377117711,0.179279321995284,0.440590051487873,0.525397734863401,0.485828103771571,0.397205950036294,0.589010707657207,0.109768270326465,0.331293253317228,0.594924666557517,0.592062053081844,0.464540943764134,0.504661126283862,0.533428187085074,0.536597509141715,0.543779900375985,1,0.208870542815974,0.0734721902839999,0.490478985483749,0.681479092843786,0.505938534387796,0.500357879891706,0.544609281533489,0.627451818275806,0.594536428491593,0.564575673466776,0.511031865805885,0.137046838834798,0.232150959246332,0.389140584411299,0.113876333848095,0.478816645570121,0.448239395285255,0.126519859477605,0.374073379557294,0.43196408380052,0.5167362767238,0.441441751226594,0.378269611068218,0.120629058841706,0.423124978727278,0.67137970635402,0.608125288222297,0.474410664460263,0.0261538808834195,0.376825070014093,0.39988537685345,0.564211391872885,0.499400986301555,0.604735194438433,0.510571620051044,0.616278408601385,0.527279810020545,0.609053029190634,0.581251867712385,0.453349559870952,0.490607411738444,0.266417904406178,0.536696622756626,0.632467135297999,0.347057099550136,0.410323861323854,0.163720101740597,0.422232048724058,0.424941086819194,0.314549898105415,0.218015725633239,0.0936054850530574,0.0610159082174448,0.305849356072461,0.333450011005336,0.213151078329752,0.680456670407455,0.570615975330289
"25",0.320138513079522,0.23157630192719,0.2582700122776,0.0653858273609506,0.348834761977844,0.357398543410838,0.207029299217776,0.321053409229124,0.142536669636766,0.372592998042928,0.36107437596974,0.355652224613444,0.270671503544305,0.334070153383602,0.0144112501189904,0.166582682770296,0.44897822916626,0.420796461644243,0.318688174468616,0.371387267068003,0.401166936077638,0.408851393118157,0.391796387465712,0.208870542815974,1,0.0969300209122756,0.363963776618472,0.433210079836773,0.414384232109078,0.354710372014572,0.428745248816396,0.405784626594676,0.378892402130505,0.390686757877568,0.321288565436055,0.0852876359318654,0.155580983653516,0.281864339427888,0.0125067348212056,0.369249565821692,0.297254778226989,0.0403572832006912,0.295821197260627,0.376121481039948,0.325539625816508,0.317158305704807,0.348934376517093,0.20091327329144,0.312290716638639,0.439590240423138,0.440616954856004,0.250216899749924,0.112977777676105,0.290297160834,0.196163163170097,0.386385339279866,0.421054103918829,0.406998944659703,0.448103947828739,0.415295894692538,0.396948594542072,0.416388513499455,0.417096287710381,0.278251654184745,0.382067244763284,0.336219514222867,0.254762916686284,0.263276549295318,0.338388103928225,0.22359980129547,0.129237208408201,0.298013083033773,0.221365289945931,0.184544974681576,0.210882469958717,0.237000044854582,0.06474288386944,0.170589999239668,0.143859731612998,0.191043120841862,0.25445477938246,0.370984537872836
"26",0.120231575083243,0.0713483023782573,0.300204555081762,0.184118850862155,0.0798129952636494,0.0533985857305417,0.146213905961832,0.0110164432047889,0.159191697019676,0.0492015518640165,0.0416682111574657,0.193431430704528,0.0839496570259056,0.0620346966484147,0.241227047357469,0.0869659520567036,0.0927942826238624,0.0977554046970381,0.177474110126798,0.0491418973915502,0.0867927413116113,0.105487462189141,0.0935163296332666,0.0734721902839999,0.0969300209122756,1,0.102060988360204,0.0305267568128624,0.0117582995251645,0.0200669644827503,0.00931341894080336,0.0196900151930583,0.0271472385285488,0.0538429734809758,0.101229123178265,0.188255982160391,0.0308047222701435,0.0701914780864838,0.0284692896947098,0.0604452644244707,0.167845864059028,0.20113337384691,0.119676530803654,0.0330281029456717,0.177830277149293,0.135177533697215,0.0600927332893363,0.133948459235644,0.110818090374161,0.0515564554304514,0.0191356975458247,0.0405101547020751,0.318679817387148,0.0452541834667551,0.00200205221189923,0.0328363671955566,0.018360368556,0.0786107506300318,0.089193254538825,0.00453308337256976,0.00201944962133239,0.0438046418073378,0.057394133357756,0.0463777158607286,0.00961038811976307,0.114983153994123,0.149820800587493,0.131891134772456,0.00931212679157254,0.289354631736271,0.123523168303043,0.0478929325400401,0.258749366336444,0.1179477195449,0.00653586608892198,0.315890938194193,0.0905635305877883,0.151823827989558,0.0915443437671843,0.228943735850242,0.0270733206324266,0.0247507152994239
"27",0.408195875998385,0.608804416065984,0.309199349616651,0.471236054136593,0.301286702800539,0.83382435278535,0.175033137281593,0.754456680164415,0.317215179860586,0.797524171452431,0.778560694508782,0.857614901536797,0.65438549445139,0.338071380428315,0.249560824339326,0.329368424288449,0.814608786513535,0.818408879482222,0.564736254233507,0.832898578889979,0.80060675053441,0.708415514933318,0.880450650076283,0.490478985483749,0.363963776618472,0.102060988360204,1,0.727884657779989,0.825967688401824,0.749154451813491,0.79410390202875,0.812520676418565,0.8317100113976,0.645452672607698,0.781454132605148,0.236406401813001,0.438110204320345,0.462835832313681,0.165001629697542,0.827389459252145,0.815327673192881,0.464204077035392,0.357537980643804,0.634038338608197,0.771758433326802,0.600717989358886,0.719261330593634,0.599249154698493,0.698535594512006,0.721234148837385,0.809289144668655,0.652051600131699,0.561692750599577,0.744244473221388,0.351824237895423,0.803379743240013,0.845531678873465,0.834810994663919,0.819923643375317,0.752615438312772,0.835386681337223,0.846925331894642,0.755784713558802,0.508569371447835,0.839164992679294,0.335113221121201,0.361108422687434,0.693658579189069,0.788065288874493,0.0888677719349124,0.0569956246553727,0.465733581560808,0.386848809219099,0.066326442861681,0.663501307068505,0.161053747246901,0.101085235715947,0.534695596231475,0.0206651867768207,0.528602730468558,0.324480789954379,0.777283003957491
