"","1","2","3","4","5","6","7","8","9","10","11","12","13","14","15","16","17","18","19","20","21","22","23","24","25","26","27","28","29","30","31","32","33","34","35","36","37","38","39","40","41","42","43","44","45","46","47","48","49","50","51","52","53","54","55","56","57","58","59","60","61","62","63","64","65","66","67","68","69","70","71","72","73","74","75","76","77","78","79","80","81","82"
"1",1,0.11562087193518,0.391648196782625,0.229560967735968,0.332337180756988,0.371987140270997,0.388610848352346,0.154903759885798,0.111418431968712,0.336383823771498,0.423003997406593,0.331570637536422,0.271088730356422,0.351982334728131,0.493404803490148,0.159714554089955,0.470910633653219,0.466709628751857,0.351162284247586,0.461027321609796,0.451131563768719,0.468339255401966,0.397688730924705,0.185255539236437,0.26862964630556,0.254545546639555,0.290950184364821,0.410051755949004,0.448035363507125,0.451357108408099,0.369697085906283,0.464546929661736,0.300059156291903,0.317248682261224,0.417141368769633,0.0996840191077926,0.289785920013685,0.0796486189560917,0.203583051669157,0.340591315450938,0.323361982321751,0.0815750955030315,0.243961670519501,0.346898675396289,0.0860773127309774,0.283106242033062,0.303985354280185,0.102008256631161,0.0949256920200781,0.466368044366707,0.361480793029287,0.090312448318592,0.165266099722036,0.313369080831624,0.234606382123958,0.253033749999093,0.360475123454234,0.45801949962045,0.465341520937682,0.514527940389848,0.413077598460719,0.499748555468685,0.530442072627046,0.376840114376973,0.399726055666538,0.329148190203437,0.381684936573246,0.395484134939157,0.0913746694328222,0.420976728168547,0.371506502869223,0.462493249881816,0.329713707234979,0.0176463136187139,0.210186614598904,0.117925985631971,0.00870222693297738,0.349634561602348,0.312728414768141,0.0115048545538783,0.369954367593293,0.455829435578729
"2",0.11562087193518,1,0.419614091467731,0.258918476271162,0.2908976807661,0.350038110094325,0.318263809895262,0.176277004814555,0.00841490789674593,0.248550093004273,0.402321362049503,0.144090769785586,0.328607768897608,0.0465699546694357,0.127392483847483,0.0615411387862059,0.409176846451932,0.410067283732934,0.430611429401827,0.371879331265679,0.39908560128561,0.386453439451673,0.237185514629477,0.000739494018943845,0.397214236599463,0.247396410464652,0.30655174747156,0.269246418132948,0.199563544837868,0.294525758290683,0.47570899487781,0.216702267588569,0.337011374800363,0.0707986935134689,0.331149186735276,0.211205588315566,0.357200450342988,0.385211774319562,0.335548733363019,0.424884855575292,0.381604990063981,0.384237945809487,0.240744510702231,0.407632911353702,0.292787950580787,0.396281271194968,0.372974969385481,0.133912884377306,0.0254733670415201,0.206722520237825,0.269089577323235,0.042380715775831,0.091903732676309,0.357542489547634,0.309205497392991,0.195349097147659,0.382781378443757,0.348659615635756,0.295042007805874,0.30157973540071,0.31873102278776,0.174555256648637,0.31398743498244,0.218199022297078,0.440236931053985,0.322971092353631,0.00356005250793746,0.227388505274744,0.0206473916471079,0.095275816958004,0.235337342461357,0.378690897853387,0.178089300474385,0.0714531615589042,0.293418000258338,0.128495416112945,0.0150302687137852,0.226455491908799,0.302377347333241,0.0638199695197265,0.0745098924258739,0.263206927130414
"3",0.391648196782625,0.419614091467731,1,0.280732406642762,0.533753720928017,0.60426267600782,0.60293013460382,0.212987822593974,0.142786925355849,0.413450843834136,0.691584440025314,0.40240044769677,0.47665056382327,0.355803721891299,0.458346585341099,0.0312302995868434,0.755798524433106,0.758251104101039,0.754645133851717,0.64595862114904,0.67381525324672,0.621858929886783,0.505436186762442,0.0134156759009485,0.612235427079415,0.455383124189836,0.487299010731277,0.527537110578671,0.440172040455428,0.632846637059943,0.727168212268107,0.447797773472349,0.554548724488588,0.0914000485095094,0.557240147763686,0.23747518025227,0.632969268825315,0.286709678864852,0.364866925626024,0.598082757460271,0.64951422450609,0.549153536629176,0.353399108425584,0.625394406060129,0.385107525355676,0.589008651754322,0.575405311725523,0.147459925738808,0.07686178290385,0.38419813429384,0.554215341761974,0.088766771483983,0.0421147125790695,0.580125148312821,0.425545229605825,0.31066267623327,0.549615102494063,0.654293778790529,0.578610344040572,0.670813342982925,0.572110425951811,0.460003035096569,0.71852085087881,0.545514579195398,0.649993739018671,0.655674829476583,0.134285378462608,0.48826559074393,0.0513861910967314,0.337061745558382,0.465066717236027,0.70604315947228,0.381809704011836,0.252637497825255,0.421957418638009,0.0279873895071555,0.0680101243683293,0.398335554498597,0.547467563213164,0.0985447357176257,0.229638967844646,0.472951200618303
"4",0.229560967735968,0.258918476271162,0.280732406642762,1,0.257903931623757,0.289547153639062,0.358874412385479,0.247368569974775,0.0786542922058721,0.222106742737798,0.43246078676425,0.268670346488831,0.261177228804006,0.0207429630735658,0.291208458022285,0.0411135528026257,0.423798457179281,0.418983329524257,0.358711454688024,0.373927560626665,0.411875450454603,0.404118625101385,0.33698464934123,0.0647025871782313,0.295396346550303,0.261018519024999,0.21435654072921,0.343189115856147,0.209747231880842,0.368231483530568,0.440668871151921,0.391488181016681,0.358601971318343,0.164547929588428,0.454521627122592,0.122442012707013,0.276991453455531,0.245751900186888,0.244977934720145,0.441982758955159,0.400343095933845,0.209025081243289,0.0676230714200509,0.349054761441446,0.361415450564755,0.424358917003737,0.431176125168,0.126310170129649,0.0894486551812893,0.371007186838502,0.238398151575877,0.1831614719979,0.0347601945606877,0.353895986078674,0.392623964740015,0.373216923734773,0.398881198411656,0.435629483127902,0.325975165551351,0.298543679269866,0.362399110059366,0.348582732100492,0.319152634306139,0.248961994508133,0.413045129926888,0.243061199762871,0.109492809611643,0.337089073865026,0.074517712999828,0.193616436098707,0.25713191582363,0.42512513550118,0.373021194604224,0.135486188999333,0.25834447191916,0.158625280018647,0.0833371148396065,0.431769280247645,0.379277839829285,0.102189555396628,0.193068486911972,0.384632653798327
"5",0.332337180756988,0.2908976807661,0.533753720928017,0.257903931623757,1,0.620351915920916,0.39391175787716,0.119423965078709,0.0588234795287802,0.449258044802929,0.62591732048304,0.485762527558023,0.482411132397183,0.334225229120861,0.373825950554015,0.181371033436274,0.6808807647435,0.694214752595328,0.569056007673663,0.65012341037292,0.646012478858857,0.635716104002822,0.621038857492248,0.302000217137576,0.566332174943965,0.301199650322701,0.401829043466349,0.635804774960287,0.56065882083945,0.556489024924756,0.634736419315935,0.638696086550445,0.669791992872918,0.321527994047786,0.519504312918796,0.136659481343354,0.435323931430694,0.382505442980016,0.363113787297756,0.518769348141411,0.499378246219117,0.277693907889562,0.400345854906761,0.637450413327346,0.318079885519481,0.474962327936732,0.35101087904193,0.147077236511376,0.236443563499827,0.577297115493094,0.535752361007413,0.198312906234288,0.218872640077859,0.533238749747687,0.417370944857224,0.470066329221585,0.635898680864182,0.653224145792077,0.630445447103188,0.62315314313219,0.649558044617319,0.601609186748203,0.601681630776897,0.473177523421715,0.593833882071275,0.571478124379069,0.330349974614532,0.46760019821626,0.21821363974288,0.427235780351296,0.437507186418158,0.62463129546479,0.394994089973121,0.178957909866445,0.345747829914982,0.128354223184256,0.0412561189267872,0.401650801201889,0.438277624354343,0.0078431622737801,0.386115929176946,0.546384251422864
"6",0.371987140270997,0.350038110094325,0.60426267600782,0.289547153639062,0.620351915920916,1,0.527793168409566,0.140848326835341,0.126514116079826,0.443200854356559,0.712590944553871,0.600273745487852,0.491724996347191,0.425851263844958,0.431807822804687,0.227979419269364,0.74850257883857,0.775171591899249,0.662842050622051,0.730953242948978,0.708556914437375,0.696727022730284,0.722950279476853,0.309969403462734,0.599821700340795,0.391626659838978,0.459957586051453,0.693708041244981,0.600752342790214,0.696990211355392,0.700195306596671,0.683566796970798,0.730976745540323,0.360322777841049,0.626198098537994,0.107871488287022,0.430084703132327,0.404965406768815,0.389536173881544,0.575396700829428,0.598594776314868,0.250669139839984,0.349873157676766,0.674668235861142,0.464434411453282,0.566578943882058,0.468239635970884,0.239364861120071,0.236672888702053,0.608756391619967,0.687376737976444,0.207933219629359,0.21042555150077,0.62779992924962,0.507054052730732,0.523188072010547,0.6524836265016,0.764380224443802,0.728933350537366,0.712034624138667,0.721236609204477,0.70108849792989,0.686518958129533,0.603638918274459,0.682871167535745,0.570143343504068,0.367786733551503,0.563443276131107,0.209332720928559,0.50814711066578,0.567769713042355,0.660592393916139,0.515403378878111,0.125716485334205,0.413401689777699,0.114175518540452,0.00454645197631536,0.466706399292331,0.436548247453362,0.00797511223208752,0.496231704082791,0.637532487282266
"7",0.388610848352346,0.318263809895262,0.60293013460382,0.358874412385479,0.39391175787716,0.527793168409566,1,0.27381246546243,0.282937962971832,0.373489061296753,0.659060425656459,0.417086214572569,0.334850981985001,0.23194571713787,0.42180407277497,0.0671784730260723,0.665809798243242,0.711514929048528,0.592803299782506,0.575498632597257,0.620825418240443,0.585459908960596,0.440981257570742,0.0347084552779015,0.562698148511115,0.546918528104803,0.500177118086995,0.473988318300639,0.378955244904843,0.596720230760904,0.674283055374973,0.444023363088388,0.502306399373761,0.11323885610581,0.587436034392202,0.137851154980601,0.556419565643698,0.2821202644401,0.253011918523872,0.633209747789302,0.619711674048436,0.474110571401983,0.281575279869375,0.544585462105451,0.464589895445655,0.570985815740729,0.598811718012532,0.167900984687081,0.0302995896040296,0.387774845862638,0.526771759086043,0.184796246355561,0.0756790194374821,0.494423119239562,0.528172531315176,0.386378523119218,0.492962853299611,0.624053550272134,0.514024744693778,0.608494170432977,0.541032311094903,0.434319000169324,0.601205494175935,0.429905342305433,0.641630934130805,0.504511527723605,0.175223678931474,0.389832021601491,0.0230357955651101,0.286191729416337,0.387697775168573,0.669019866987415,0.493194504732811,0.0131130163394943,0.344683727746291,0.0864301457680521,0.0191564795564357,0.46563741940803,0.541477439804855,0.140790984835248,0.232040866663088,0.45622270597187
"8",0.154903759885798,0.176277004814555,0.212987822593974,0.247368569974775,0.119423965078709,0.140848326835341,0.27381246546243,1,0.10699885875797,0.14558298237968,0.20587708056531,0.0347053766544472,0.0723394146575389,0.121839815491789,0.184570502662272,0.0937836214606006,0.225042010975057,0.228866409163499,0.181636978038613,0.183551279411286,0.228305213214372,0.212649387911905,0.102187794936317,0.0064495267401419,0.149806456621857,0.144194254029034,0.272265691052668,0.108394832152229,0.0283714948030802,0.0764461833479685,0.247213018905623,0.133475880363116,0.114070442205472,0.00514010189058592,0.316202966525579,0.0543189654913923,0.212107243357112,0.113823848719066,0.10440490374813,0.348267166123306,0.23348077347488,0.29847739724354,0.0871807037172991,0.223109548788942,0.112655966622018,0.224851156353659,0.313972084786922,0.051952089550388,0.0345689466382887,0.153471546888735,0.0330361333086427,0.0961382435833476,0.168287885905017,0.190597767764153,0.274584695168412,0.121741183779302,0.236605815472064,0.132892927547075,0.0909501421378619,0.0672722480056017,0.213003645170581,0.101459021402133,0.151036466233679,0.0572125188261482,0.233749292069453,0.0953750412257324,0.0235796963718644,0.168634384192956,0.00417502922135456,0.000222765428987609,0.0997143914855188,0.308114534458322,0.251727787866953,0.142692763760807,0.265761790781073,0.00789358310288606,0.0280808735337388,0.400811908928151,0.136295746180498,0.123999283829856,0.000689929598913642,0.21234675625781
"9",0.111418431968712,0.00841490789674593,0.142786925355849,0.0786542922058721,0.0588234795287802,0.126514116079826,0.282937962971832,0.10699885875797,1,0.107369684405708,0.209649587324192,0.256493253890557,0.133867766331156,0.221053564264723,0.192938077058465,0.0832058431215308,0.0839060641707007,0.133845802388709,0.137536446986339,0.0313127015180671,0.112256501503681,0.0118492944536563,0.0584982222349315,0.345050703667022,0.172348668856597,0.21541077650442,0.0589946996433494,0.0910766496389221,0.0338138653180656,0.230204985771082,0.0506538603700748,0.00915264462863506,0.0486910538767813,0.0921763460615978,0.0780643592351072,0.0279263064174028,0.113065273113921,0.172555648417593,0.128617279524267,0.0760329102551955,0.243142048073908,0.0155932021215798,0.182619350979903,0.127473765407563,0.18721710542833,0.166785083926165,0.157830777379312,0.0604870246510999,0.012133443391823,0.0382248206954343,0.353804934575642,0.0711159139226901,0.128345061752208,0.0325852629244366,0.0823430730937293,0.0169575334219116,0.168648141359358,0.181266874540623,0.0497766326714972,0.225145421204651,0.0355018243360011,0.140907134572029,0.258088627485046,0.0850176577415075,0.0985947376814868,0.0187530775080905,0.0421229538715739,0.132285010454941,0.174829440201661,0.121681241131582,0.0616558835172285,0.052110700328543,0.342836378134201,0.00920283432868844,0.100677394022681,0.15901911790062,0.0217603636778861,0.0337236249843753,0.160695904659822,0.128182827200894,0.0769814467621268,0.0268534000512776
"10",0.336383823771498,0.248550093004273,0.413450843834136,0.222106742737798,0.449258044802929,0.443200854356559,0.373489061296753,0.14558298237968,0.107369684405708,1,0.502011055960357,0.334120600450053,0.5024889033291,0.267189605612498,0.36107421147891,0.102256913990882,0.563514401730435,0.572751066495677,0.450281104981292,0.546664741303837,0.497857305414326,0.534953402670974,0.416309904450886,0.336454688281879,0.442721522312724,0.21248592523907,0.433915099976727,0.46623524686326,0.478584312604284,0.451253846668163,0.554155649680747,0.467304331832462,0.492228091170581,0.17024925594602,0.456477239970911,0.144609757150522,0.426088979099756,0.283131257506439,0.305987726756736,0.428642907275109,0.353573229101297,0.256398741588178,0.354256513208109,0.551458477499277,0.220421930059315,0.323959214171739,0.337170943852187,0.101670954153795,0.132135521347408,0.453976177026949,0.39628497015027,0.188675360453298,0.177849039007202,0.38032070818621,0.357450803125466,0.329098320455114,0.512290614614068,0.511156994904924,0.56550623393024,0.503730990126738,0.533019701094391,0.439550121795229,0.488584877364511,0.427964770305792,0.495155963086796,0.46791784646554,0.31866315980896,0.366028486649039,0.0688083187201981,0.375399184764324,0.3760764940593,0.55890978168756,0.247177098270676,0.0571524747280992,0.336900617995208,0.0590122705494072,0.0509363205326507,0.345143659753083,0.330463371656313,0.00991644673876195,0.333250273439454,0.471484169467839
"11",0.423003997406593,0.402321362049503,0.691584440025314,0.43246078676425,0.62591732048304,0.712590944553871,0.659060425656459,0.20587708056531,0.209649587324192,0.502011055960357,1,0.623584687761627,0.571216832614654,0.424029168939839,0.563550950515488,0.179076402568763,0.8732310658076,0.882069443829493,0.770609535976772,0.81319998318935,0.834444482678263,0.783235571337101,0.709792124666595,0.223888209905773,0.679380025723873,0.512258542354061,0.492756947006615,0.72311868175512,0.610647820543685,0.761712558181306,0.848693652337047,0.715768132688011,0.76629270513003,0.306211887826897,0.764192641488283,0.173922434099193,0.601450565859159,0.427144658648502,0.429240963272587,0.73932483097826,0.736185407997775,0.398856834361884,0.333332633369118,0.731182728211069,0.543038613374614,0.697589942546741,0.631609933053774,0.198153864884872,0.19354111484027,0.634457042122723,0.72359568565845,0.266696017253661,0.193456496234243,0.681938648973111,0.591097178412753,0.598683889797253,0.707972180942454,0.853218832420335,0.782218894996111,0.789297208077184,0.763660386483637,0.724400569289658,0.795702546677969,0.633843912037143,0.806509773759318,0.646764143303885,0.375447993458105,0.617850875962039,0.168111953239535,0.510275543062916,0.585084162244054,0.799156959014452,0.609396540984417,0.0927525614228393,0.465173171376242,0.129271473289913,0.0687702096729589,0.564848856474282,0.613921498723915,0.103033498704722,0.458706150607056,0.702224082690472
"12",0.331570637536422,0.144090769785586,0.40240044769677,0.268670346488831,0.485762527558023,0.600273745487852,0.417086214572569,0.0347053766544472,0.256493253890557,0.334120600450053,0.623584687761627,1,0.346743052617797,0.38489736451145,0.415630727296739,0.259747774984657,0.604697216912875,0.683606344858007,0.447410636747289,0.607425366478109,0.622338563670877,0.599756601441566,0.645836146533964,0.249014156737103,0.549695370313351,0.29413891940906,0.325982335062092,0.670208919588482,0.566538442187778,0.640893668685707,0.563948327130672,0.674143086138524,0.62233411384064,0.4976762650757,0.529748546768874,0.110647764247906,0.379548015763446,0.284312131872383,0.257747706286683,0.492368376491917,0.497150493166417,0.0980587346950635,0.263628602696327,0.497707497048994,0.455220706280568,0.430708488291713,0.348035598307582,0.21626144679661,0.224275745214452,0.59319734500783,0.683705497804684,0.225718167896391,0.315015870869004,0.504530504295721,0.440860598531229,0.563134923436955,0.473922545314366,0.716411172758339,0.664055311618876,0.688878758467596,0.629649508710481,0.705481221604412,0.593736134910246,0.43409252652827,0.604579063167126,0.45559577989949,0.468655400492782,0.483669761278957,0.26373191871068,0.462688776809459,0.471552610947966,0.534356829810893,0.516382487494457,0.0540236863245505,0.22868867858511,0.155941881978443,0.00316837229471916,0.446314537402501,0.36861747887536,0.0630306558184401,0.515178103007157,0.589716758648628
"13",0.271088730356422,0.328607768897608,0.47665056382327,0.261177228804006,0.482411132397183,0.491724996347191,0.334850981985001,0.0723394146575389,0.133867766331156,0.5024889033291,0.571216832614654,0.346743052617797,1,0.347405577126464,0.410409575641789,0.105054692704308,0.656024319873229,0.608567295518719,0.552722171611956,0.600650870127125,0.571080945367907,0.638064083242872,0.564373316770347,0.429872102378265,0.430131213735117,0.272108396691212,0.364924273775501,0.517181504644258,0.561120597087366,0.538019121737336,0.650719903128247,0.523018538271701,0.579163398057859,0.19108835648113,0.489504214326091,0.0857999498950622,0.385103924915703,0.421151413557698,0.437084332392917,0.478904629214319,0.471375714425434,0.222178112409314,0.358910064281199,0.64151360048777,0.312957301307668,0.439994750549271,0.378229678015358,0.129602366290136,0.219132658716115,0.522280711279291,0.450407613213556,0.12748995061112,0.0911053587173424,0.492174773563288,0.300889421057931,0.372306891645705,0.632454584952535,0.579191209459404,0.655174010320208,0.492636121478691,0.617561391880261,0.499153986332949,0.572567308267925,0.565725861040146,0.555319863609069,0.504029852574587,0.283946313022285,0.52239172886354,0.0724058573719624,0.461343343829852,0.460992421494195,0.574815674310029,0.233556732503544,0.114976186021282,0.402857422940017,0.0752429352894388,0.0158848836778763,0.338298586347279,0.348632827669675,0.0344136956311324,0.324385736776236,0.532802661863002
"14",0.351982334728131,0.0465699546694357,0.355803721891299,0.0207429630735658,0.334225229120861,0.425851263844958,0.23194571713787,0.121839815491789,0.221053564264723,0.267189605612498,0.424029168939839,0.38489736451145,0.347405577126464,1,0.399769690178302,0.27268003866276,0.447186264097507,0.432959761473621,0.340983754327246,0.446005580453329,0.408899153980603,0.403900664276173,0.47963563830298,0.237432692721499,0.308915962347971,0.178278927452672,0.274675703275857,0.395623429183896,0.567599482784543,0.49986885274127,0.317703645198893,0.411953164040567,0.317749695517509,0.318880684620317,0.28731115200278,0.0763791973335838,0.184107959300683,0.0583579958184128,0.159065353590192,0.193708657223026,0.27935336068941,0.0404150453680187,0.14683072634606,0.303117835671408,0.0423191776959136,0.209532699102314,0.138937433271558,0.123315445333581,0.288700806226388,0.362855230577817,0.454712649992966,0.0171776485727273,0.189132671366241,0.256378411352335,0.118163030461862,0.189610069329058,0.284796104697658,0.437224965687626,0.491312537057089,0.491639878181204,0.389677229522222,0.487644291668831,0.561152177982711,0.422389905814525,0.3254859902782,0.350237026127718,0.326957562334505,0.412016450042493,0.0538986107451806,0.492204454005213,0.335823900452072,0.308066105531651,0.246459157123798,0.124128764522387,0.116906313280418,0.24424621173337,0.046029763631281,0.144697045475769,0.278795362070924,0.0535583612120478,0.409596159152242,0.301572023953493
"15",0.493404803490148,0.127392483847483,0.458346585341099,0.291208458022285,0.373825950554015,0.431807822804687,0.42180407277497,0.184570502662272,0.192938077058465,0.36107421147891,0.563550950515488,0.415630727296739,0.410409575641789,0.399769690178302,1,0.190541219341261,0.588615259687413,0.570857175036111,0.507619445841989,0.543563798006678,0.532963687626171,0.540656849349677,0.532629295639458,0.240495408526006,0.372230935900278,0.326579649687153,0.397345065512442,0.475862879827594,0.458613805333787,0.569405338400876,0.486445969783189,0.535820657684408,0.401950688561164,0.40320605338641,0.496262513926331,0.0848303136718571,0.310770292793171,0.0698687209374569,0.252302643679099,0.435702474114874,0.495291475869148,0.0739111618009175,0.122795582946475,0.39854187277919,0.189057025055063,0.382358511281407,0.391814086301569,0.163506741613239,0.158772228758755,0.478338835560419,0.446755973293726,0.211109219029864,0.182792932034607,0.358843929372567,0.282583824920972,0.321251494408728,0.41507625744632,0.581194421121328,0.570513693191688,0.580746778157673,0.5143604062239,0.603764914775655,0.669289121850636,0.519587821664324,0.487499087465522,0.352693165250332,0.374360330270422,0.540218983241002,0.0581253520555294,0.506389701733029,0.41682261389693,0.511500197865634,0.445782278913333,0.0441853728464708,0.27797702194636,0.197302792163774,0.0902605193871959,0.431469895141893,0.415459030192273,0.0431311495352445,0.422908412059876,0.555223799803651
"16",0.159714554089955,0.0615411387862059,0.0312302995868434,0.0411135528026257,0.181371033436274,0.227979419269364,0.0671784730260723,0.0937836214606006,0.0832058431215308,0.102256913990882,0.179076402568763,0.259747774984657,0.105054692704308,0.27268003866276,0.190541219341261,1,0.188754798713019,0.19467789941928,0.0931012208150549,0.234818955744944,0.171854154594409,0.220967673059838,0.309835392846893,0.253907487559965,0.109324433493219,0.0263669260542558,0.00383924754024226,0.266842654072769,0.335720007559038,0.279785094241071,0.116749970711492,0.304247577204642,0.192967450802365,0.368852753046565,0.112419453545965,0.061562594219499,0.0245190242065324,0.0445247019147583,0.0475656069517773,0.0714962727995248,0.0663356432870191,0.19787189772588,0.0336636488686421,0.165901185969334,0.0540877323283158,0.107960235931299,0.0425641476308914,0.0626422355955446,0.129671176281457,0.270717675411663,0.245062323768271,0.00278139538603881,0.110019393659253,0.208657022123299,0.100185814826496,0.198641992864449,0.173237321420923,0.229721309376715,0.268265724516239,0.248175640663053,0.226893353796347,0.336403098960418,0.222025045379023,0.223709244320043,0.170573889006922,0.103985175939677,0.23600259760832,0.217827219617352,0.197559237640135,0.289618112378363,0.174449403370148,0.132270053234149,0.176960478822845,0.00253875285724262,0.0716601608475756,0.0784087613995496,0.00332435589387871,0.173825420250412,0.0491843665765964,0.0425341382753901,0.295162370049014,0.202917014657708
"17",0.470910633653219,0.409176846451932,0.755798524433106,0.423798457179281,0.6808807647435,0.74850257883857,0.665809798243242,0.225042010975057,0.0839060641707007,0.563514401730435,0.8732310658076,0.604697216912875,0.656024319873229,0.447186264097507,0.588615259687413,0.188754798713019,1,0.927716336323427,0.816677335488685,0.858202827171659,0.840436066630898,0.840598119617267,0.75497028232682,0.293960172514239,0.69885487365577,0.507970641903634,0.567105788541939,0.746784247752044,0.681566623618343,0.821677427982441,0.887665249565457,0.738374218934935,0.792465698946409,0.329782727537473,0.768917607677656,0.167651333947575,0.6255431448782,0.414430919080113,0.448952275336107,0.743820916079854,0.740595378970161,0.421014905542172,0.408998551615026,0.81486960561903,0.474722566381812,0.707806817730259,0.652891473229209,0.225338013594591,0.210268508745394,0.694077023206373,0.705010550356498,0.26584048834289,0.148518739215022,0.695303771048075,0.587640597851005,0.56187476220005,0.778404040703624,0.878694189742384,0.832547072113939,0.81129273131579,0.816535975317012,0.739111659726175,0.845667521264851,0.714611025141864,0.823365688237955,0.695606575061428,0.37604592714579,0.643436472927583,0.127141926995498,0.560335390230021,0.602618359929801,0.856803389380326,0.553095851650069,0.110198145727343,0.514441608028624,0.0510966193751969,0.0153162856381956,0.587450076424755,0.603988559622988,0.0868576215414816,0.464991944281479,0.712886360027944
"18",0.466709628751857,0.410067283732934,0.758251104101039,0.418983329524257,0.694214752595328,0.775171591899249,0.711514929048528,0.228866409163499,0.133845802388709,0.572751066495677,0.882069443829493,0.683606344858007,0.608567295518719,0.432959761473621,0.570857175036111,0.19467789941928,0.927716336323427,1,0.790606493133807,0.86817911242986,0.875238489105925,0.855023687930327,0.77044166114911,0.277796385857401,0.757759578735448,0.515179522553975,0.606114331251565,0.796275821171325,0.695374617698491,0.83194226088138,0.895050992806572,0.774902370339014,0.817839707249823,0.356617645571303,0.772032283914127,0.180239136126285,0.659817424169988,0.440186372779501,0.422844076680824,0.767767764103142,0.751535336749761,0.423162392855378,0.417361982144771,0.804744369433715,0.533841777236985,0.704400450741216,0.645871871703996,0.24773840552007,0.225933462626165,0.712432959989679,0.756199433348859,0.284944673039554,0.218411531506816,0.703873265946448,0.64270080739523,0.622062126860393,0.767263393489584,0.895964704345035,0.849050576263352,0.852565634186924,0.827955346326185,0.763353258231566,0.826022464784315,0.674604235230609,0.849635719319503,0.722104363419727,0.403880965871825,0.617755734880881,0.165661898459319,0.544417901998698,0.616457055489598,0.857600311267803,0.599760028134848,0.113770945563067,0.493267218086875,0.132928683603042,0.0228085137317665,0.606515392412527,0.615189479819547,0.0536525972468258,0.497923752601357,0.733949557877374
"19",0.351162284247586,0.430611429401827,0.754645133851717,0.358711454688024,0.569056007673663,0.662842050622051,0.592803299782506,0.181636978038613,0.137536446986339,0.450281104981292,0.770609535976772,0.447410636747289,0.552722171611956,0.340983754327246,0.507619445841989,0.0931012208150549,0.816677335488685,0.790606493133807,1,0.703082307266073,0.72401446584181,0.670276774988152,0.595566134944309,0.150549284625967,0.601256715150798,0.48105902555755,0.485700037139118,0.60662431309272,0.525948297026074,0.681683750012914,0.783712809474936,0.542702919618891,0.659021668112454,0.159500055134465,0.639186400353498,0.176302302072039,0.578392547684988,0.374820690753089,0.423021508023202,0.631449382200129,0.678277130605926,0.472122471967572,0.311931428916278,0.701899249902174,0.45900381726116,0.649846838749593,0.635834854037192,0.207000066615347,0.175201617909433,0.482376000404116,0.607349877342318,0.218320597263326,0.0573302173661649,0.620840837126405,0.499906887941796,0.426834989507326,0.629292814661226,0.743983315500003,0.66668178777642,0.676142623080904,0.65596339891115,0.546654789664456,0.749406014969615,0.646528925413529,0.695280049979175,0.627652226838001,0.209658119680563,0.557360095574428,0.00123762545415438,0.426715685047535,0.533028847838775,0.750735224854939,0.456725451890899,0.145293685769505,0.458486750567543,0.0267567884585651,0.0607280079568544,0.462074060247045,0.517155837405484,0.10884824963208,0.326717558232417,0.572553902710475
"20",0.461027321609796,0.371879331265679,0.64595862114904,0.373927560626665,0.65012341037292,0.730953242948978,0.575498632597257,0.183551279411286,0.0313127015180671,0.546664741303837,0.81319998318935,0.607425366478109,0.600650870127125,0.446005580453329,0.543563798006678,0.234818955744944,0.858202827171659,0.86817911242986,0.703082307266073,1,0.793415579828259,0.820864671273621,0.756007604874102,0.36588698227836,0.646976446720596,0.440152981442424,0.533133137731363,0.750965077705511,0.695932658910831,0.776444873171228,0.828263451852054,0.773594043005318,0.792449208834384,0.370166599348169,0.743740360344221,0.158346428571301,0.542314581795084,0.472976178014599,0.460680536234802,0.702179827549924,0.657577088667479,0.333343747510509,0.397240889286102,0.771704873870062,0.463021827720085,0.614362052861002,0.555220322267935,0.245632716185745,0.266771382129939,0.727504038334633,0.698281695966438,0.221543986022306,0.199695868176367,0.694246780808722,0.545102948128781,0.589043472554044,0.766017271902474,0.839372482574503,0.840289776152024,0.773442160525474,0.813599500385477,0.769536221853516,0.754893343123962,0.650298781980637,0.808149865433639,0.674750499782634,0.423834854218749,0.627671663306605,0.178284633637011,0.57924204818868,0.588808910668868,0.766663011973165,0.523573114081934,0.115227743073311,0.463387130809466,0.103287816990495,0.0112488307829955,0.581196935217218,0.557596425323032,0.0138294408142279,0.51792817637821,0.729069860582112
"21",0.451131563768719,0.39908560128561,0.67381525324672,0.411875450454603,0.646012478858857,0.708556914437375,0.620825418240443,0.228305213214372,0.112256501503681,0.497857305414326,0.834444482678263,0.622338563670877,0.571080945367907,0.408899153980603,0.532963687626171,0.171854154594409,0.840436066630898,0.875238489105925,0.72401446584181,0.793415579828259,1,0.783849319472819,0.727300598013073,0.254686732105621,0.66587387107865,0.475958115781075,0.480864676386345,0.738073195500814,0.626367301345524,0.758680951760184,0.823049566437148,0.745725373542502,0.743546513514479,0.3258425175986,0.730623432066279,0.220584168311453,0.586748289524454,0.420257960477151,0.42460918352968,0.723322958115185,0.701896502834876,0.363464640698422,0.359602794757546,0.734261306030652,0.509350149193744,0.668665188671528,0.566550754408777,0.228627846213189,0.276277972975132,0.680337564600656,0.691423572709748,0.294086588505434,0.176775457170705,0.667654789553711,0.614543209479237,0.625048641185295,0.735220417600784,0.836531924507766,0.776410725563666,0.776789800091641,0.759048297030987,0.74230090216956,0.763111363052374,0.616139787850226,0.786344783045335,0.641904818626008,0.386912218945031,0.592463168244519,0.19255792808949,0.511017817212516,0.591863633296702,0.778616867334059,0.580772456627977,0.0927460343603791,0.490018828280203,0.128626209496804,0.0356850003431781,0.593331247999921,0.56423572814232,0.0493314136684643,0.458301952317464,0.684164579183829
"22",0.468339255401966,0.386453439451673,0.621858929886783,0.404118625101385,0.635716104002822,0.696727022730284,0.585459908960596,0.212649387911905,0.0118492944536563,0.534953402670974,0.783235571337101,0.599756601441566,0.638064083242872,0.403900664276173,0.540656849349677,0.220967673059838,0.840598119617267,0.855023687930327,0.670276774988152,0.820864671273621,0.783849319472819,1,0.746750609960244,0.378003403994057,0.622797068215249,0.459082137412969,0.519684961081307,0.742999164286377,0.681249010345018,0.726423805954802,0.815230132214618,0.746776061434886,0.7691768415652,0.353015104144706,0.711646569059774,0.147452602806111,0.566578133500434,0.467429499698956,0.446480682271642,0.72058049183188,0.66038553876574,0.337299546384886,0.397441108407904,0.781129451771428,0.464814069391131,0.648181720027733,0.555360096199838,0.198930119981792,0.242194295732719,0.738209814633457,0.659236913867347,0.247753181886738,0.185443401062976,0.661031612307649,0.581079342261219,0.614077723763081,0.78200843033039,0.804210279485115,0.818046460044051,0.734417661461671,0.806151934903764,0.750198390763359,0.731999351540319,0.603241989916895,0.805538620008644,0.605337675952189,0.432403138714555,0.633139538584766,0.222393057907529,0.522061189008393,0.563141631415282,0.79251185049471,0.480097532782015,0.0571102047472653,0.472039894884465,0.179596314954318,0.00818719397128473,0.597111945540167,0.525997949712613,0.0194053979744381,0.485465102199971,0.723768708014374
"23",0.397688730924705,0.237185514629477,0.505436186762442,0.33698464934123,0.621038857492248,0.722950279476853,0.440981257570742,0.102187794936317,0.0584982222349315,0.416309904450886,0.709792124666595,0.645836146533964,0.564373316770347,0.47963563830298,0.532629295639458,0.309835392846893,0.75497028232682,0.77044166114911,0.595566134944309,0.756007604874102,0.727300598013073,0.746750609960244,1,0.529591695135002,0.560496707794007,0.361885076832884,0.404399153841478,0.79770683695812,0.726256122081641,0.75332391613931,0.687675111881885,0.814460228662637,0.788558832576766,0.553036937772277,0.664960277038499,0.0441083231693672,0.325723349416525,0.403625053032736,0.368990776770793,0.545077296071031,0.56610328534875,0.0491179175600728,0.262612399131254,0.671071637004836,0.442570518286075,0.55471026753941,0.374058553981049,0.275173695780238,0.34818398886907,0.779815375449272,0.703273358457414,0.263660029463967,0.235314083734359,0.621612517696145,0.496607332601398,0.633847141043057,0.712614706611806,0.801139838269458,0.810039056638806,0.725023906839477,0.774211263864379,0.846726018545903,0.722160583193603,0.65737031840081,0.6930434858362,0.54311684127893,0.534433952871473,0.594130587822024,0.319674933685707,0.641288298896264,0.566793401220885,0.649430011831606,0.584661127610669,0.0807657865099435,0.438937251863384,0.116125480346459,0.0645011621518898,0.579328959674352,0.405007342280166,0.0502635173474235,0.608265509878618,0.705316574079223
"24",0.185255539236437,0.000739494018943845,0.0134156759009485,0.0647025871782313,0.302000217137576,0.309969403462734,0.0347084552779015,0.0064495267401419,0.345050703667022,0.336454688281879,0.223888209905773,0.249014156737103,0.429872102378265,0.237432692721499,0.240495408526006,0.253907487559965,0.293960172514239,0.277796385857401,0.150549284625967,0.36588698227836,0.254686732105621,0.378003403994057,0.529591695135002,1,0.104599018903127,0.0179542687323883,0.172077937478615,0.367019737904452,0.52898521340441,0.300761717319116,0.228738536760473,0.514580345493047,0.434953397344464,0.444747066547486,0.263511927240195,0.12836179634234,0.0784358374651853,0.228624968127019,0.251906023448932,0.102712263503177,0.026552500129683,0.267956885839849,0.182701759242957,0.365902831556268,0.0320660178859706,0.0482256859504005,0.0786812027646984,0.157934233985642,0.270392747524182,0.547661633642187,0.193917515664861,0.139147810180056,0.166378143014246,0.228208250355149,0.149438921921183,0.340555502110144,0.447424886459069,0.311058596326334,0.508707886230691,0.233179010495733,0.47800577792302,0.493916686455343,0.250209757832337,0.36756267184549,0.2575015230749,0.186473004125397,0.510833080003266,0.275036585688833,0.336955047624269,0.497909084116895,0.28391763824969,0.219654341782247,0.0952207713892715,0.00402793416144092,0.193611300036703,0.0623241416218771,0.041714845087369,0.26006928766047,0.024037587016438,0.15387124980255,0.501904136099457,0.421050935926392
"25",0.26862964630556,0.397214236599463,0.612235427079415,0.295396346550303,0.566332174943965,0.599821700340795,0.562698148511115,0.149806456621857,0.172348668856597,0.442721522312724,0.679380025723873,0.549695370313351,0.430131213735117,0.308915962347971,0.372230935900278,0.109324433493219,0.69885487365577,0.757759578735448,0.601256715150798,0.646976446720596,0.66587387107865,0.622797068215249,0.560496707794007,0.104599018903127,1,0.455530376855458,0.49376217632972,0.621020847267496,0.472778081853015,0.600562900826878,0.688561705925426,0.564036659700949,0.669563838051637,0.172379866328252,0.549815361216543,0.213170832433489,0.5797371331108,0.344880200331881,0.314261460181399,0.631325916178973,0.595588833023379,0.447473548620601,0.411617080009973,0.614738418019071,0.500083092886864,0.5506928673696,0.525699427199252,0.148994778384258,0.107887741894263,0.507447953116782,0.641254626444107,0.204348595805009,0.244022590575687,0.546391687093811,0.536141026896012,0.470516808990143,0.574699507760045,0.696397783579066,0.642301088138255,0.676457135514533,0.609469468783848,0.541414324095121,0.606747028297551,0.456949248555929,0.644159148793013,0.594051087489714,0.294571545978775,0.393842357714619,0.130813129337416,0.361874257524417,0.44098539157027,0.665215606444949,0.50038076960712,0.135855923604755,0.346696488220454,0.234492628993158,0.036833796813932,0.385343789294894,0.471277062147031,0.028861539909595,0.347945897967144,0.521042551219908
"26",0.254545546639555,0.247396410464652,0.455383124189836,0.261018519024999,0.301199650322701,0.391626659838978,0.546918528104803,0.144194254029034,0.21541077650442,0.21248592523907,0.512258542354061,0.29413891940906,0.272108396691212,0.178278927452672,0.326579649687153,0.0263669260542558,0.507970641903634,0.515179522553975,0.48105902555755,0.440152981442424,0.475958115781075,0.459082137412969,0.361885076832884,0.0179542687323883,0.455530376855458,1,0.313417898871783,0.396306564836254,0.275128956223127,0.455814212744315,0.476116176775095,0.355551429788732,0.435567886222102,0.114552938887003,0.446478678099409,0.117038942834765,0.404849263003856,0.204503287105652,0.162483939857904,0.500234806231357,0.457540568885029,0.345260391419924,0.159061142628332,0.391080959419866,0.431983543577256,0.473907963876694,0.458982596174258,0.115159482182975,0.042767096382206,0.353808520393932,0.468650862047415,0.190212074018333,0.110091613011544,0.39239876634785,0.431293868039973,0.291389699152029,0.351768174342643,0.469267690461664,0.393334238091426,0.473960503043928,0.427543039336938,0.378526725547727,0.4743215179001,0.326315237958085,0.46202028443891,0.386746840910881,0.101827851338233,0.271340280533249,0.0669793972163308,0.215998464194114,0.368490116054594,0.455707314200371,0.374347292932715,0.0809632105744563,0.244167716651847,0.233511358174808,0.010407333815976,0.368978850473999,0.384993400574113,0.0585654964208238,0.158063846187235,0.344859893523387
"27",0.290950184364821,0.30655174747156,0.487299010731277,0.21435654072921,0.401829043466349,0.459957586051453,0.500177118086995,0.272265691052668,0.0589946996433494,0.433915099976727,0.492756947006615,0.325982335062092,0.364924273775501,0.274675703275857,0.397345065512442,0.00383924754024226,0.567105788541939,0.606114331251565,0.485700037139118,0.533133137731363,0.480864676386345,0.519684961081307,0.404399153841478,0.172077937478615,0.49376217632972,0.313417898871783,1,0.408386410419093,0.369938537007645,0.463436470905312,0.55423029776914,0.435871733892103,0.452051628341907,0.141096606907349,0.475676241794891,0.114193593062134,0.430626762747759,0.240675965457227,0.297395394693878,0.494164807466276,0.478313197812858,0.349513771418033,0.312175496635536,0.515105447284475,0.174561689585031,0.40835274845821,0.397946995217459,0.121269261419356,0.0726824237917944,0.365975124633812,0.410089670045467,0.238123998009567,0.091596974712949,0.372172092045732,0.350155266312898,0.253857311653063,0.416874957848186,0.494427688108338,0.500947007029873,0.515366592129024,0.512746426724944,0.386499283757801,0.523904190023377,0.35638807583884,0.485090764080141,0.412382015651019,0.246066353285219,0.359167017938104,0.0484585045892112,0.350850466148751,0.327784641189444,0.536323360871957,0.356003678877034,0.0915236523648186,0.341015788290046,0.0225038903760396,0.0295531308974384,0.367232296200496,0.354163881101174,0.0508539977441433,0.317500263646468,0.451851531796479
