"","1","2","3","4","5","6","7","8","9","10","11","12","13","14","15","16","17","18","19","20","21","22","23","24","25","26","27","28","29","30","31","32","33","34","35","36","37","38","39","40","41","42","43","44","45","46","47","48","49","50","51","52","53","54","55","56","57","58","59","60","61","62","63","64","65","66","67","68","69","70","71","72","73","74","75","76","77","78","79","80","81","82"
"1",1,0.0316203935110767,0.328280997346456,0.0835266370130265,0.134109431941089,0.210180134642757,0.2462283527876,0.00337371956176789,0.0354423863605507,0.0820998893655361,0.20629834860788,0.134667977054148,0.217499461308762,0.245808990957827,0.0809898484090947,0.118797232403075,0.282408688638049,0.274317743891738,0.264912058429038,0.221544534080926,0.217885768727788,0.217561485949268,0.226500174063255,0.114205900877546,0.141713192455405,0.114101603466687,0.17867342183563,0.217908531887922,0.212072944932053,0.27388510468333,0.216038453857718,0.224273188791344,0.246916546535766,0.197930399461868,0.162127105791142,0.0357489227692633,0.0404706130908547,0.114243262169628,0.090907449359796,0.160506827035814,0.107669622925785,0.0749261156124516,0.043426475138487,0.237237323662954,0.221943973046845,0.197562768073162,0.209379965993097,0.109895474549522,0.120889174075973,0.217351136098877,0.314951500699887,0.0733723168651055,0.0078922185471334,0.167191689323202,0.151888909708875,0.237130711857028,0.207118764732421,0.226495925736394,0.208567016184834,0.23413204905015,0.208169946283965,0.235245961575517,0.159976174776235,0.0727450573532204,0.237053252714342,0.233707314530292,0.167563047317827,0.255915529472535,0.233537736412912,0.147942240812935,0.221873675154621,0.227939961073974,0.211356077538743,0.0480345874383291,0.0156259899113836,0.0486153645226422,0.105343301829403,0.235760757509919,0.181156940150756,0.000312063340819667,0.211374653842581,0.268085745252311
"2",0.0316203935110767,1,0.167668179202607,0.0865336448852861,0.306756248144979,0.0639445983663727,0.02156117722502,0.224039874599032,0.128619146545624,0.0485958662019733,0.123406519406758,0.375477321928191,0.27173432345518,0.246784660016004,0.276365571164599,0.0359849149147185,0.312238563855071,0.245859399394509,0.348948027271526,0.268720575878789,0.356474822776899,0.341491141088209,0.311284996747837,0.156319802222303,0.0311988894816561,0.108876054568134,0.260226435914082,0.363575576748854,0.280734135236652,0.295056468345818,0.408920993584101,0.228827423971822,0.239739539303818,0.283656651702233,0.18658985761953,0.192372057424282,0.398332930897924,0.212549242977659,0.307252103825367,0.224516350457011,0.379920861567674,0.270177979813289,0.357672912020671,0.306889486403295,0.320284653316229,0.318878726825409,0.197378280195836,0.103271503101021,0.124740572676974,0.294987153042735,0.0960713993934498,0.212343157091739,0.00872706025659165,0.102575785868971,0.341102949518316,0.266595187943598,0.298382471998011,0.276288019318582,0.09672513082744,0.280171997964969,0.294061794167045,0.287398950956582,0.380488217231762,0.343584457755274,0.28246015326371,0.267336852273153,0.139525146767432,0.166670761693403,0.0324871495586638,0.339715796242665,0.196826742822903,0.175238810997821,0.218361722242644,0.370772443807375,0.197950355470727,0.0589503949856087,0.157317525521913,0.0802768055365918,0.0763219109719227,0.121910605289854,0.247559851807334,0.116904826815149
"3",0.328280997346456,0.167668179202607,1,0.0159225798434762,0.416980054146919,0.427635489604008,0.34182736032861,0.156889405363785,0.150741010213482,0.0959049828971535,0.46660567816984,0.47532995449509,0.605869082846843,0.568200094798874,0.382096238697912,0.375690854610068,0.637037463021483,0.586290306856991,0.527283963714913,0.582748606971033,0.508678592744211,0.590232605756486,0.606197431698587,0.108601451799984,0.40725878608439,0.215488172651422,0.144805633915569,0.550636261047578,0.631757342605174,0.590448842581771,0.599981471608582,0.578178302186362,0.612044223501803,0.564220345677356,0.448044514750161,0.322751928276806,0.450574594590761,0.462969706806607,0.280809662328874,0.52366205085288,0.495342883111143,0.132724697295891,0.123556045610105,0.584833703045167,0.533972289867546,0.469132667052185,0.420043009466435,0.162647660393254,0.287193166194404,0.6409447933744,0.481240713219665,0.154137078915251,0.101339204661837,0.34511254895624,0.474269404515359,0.496894683472747,0.518131630482815,0.591145191924125,0.457157731890908,0.570552262546832,0.521887353071973,0.602893685417253,0.581088269271508,0.388283249402782,0.569361841616724,0.603164569501413,0.550931769448073,0.54191370296002,0.452656640211565,0.486537388287155,0.553172643398505,0.535466228102453,0.370431796990004,0.431328163112014,0.322668427772767,0.0400495358998429,0.15011710549619,0.236230118622873,0.368374266201045,0.0914206490670882,0.44922394777307,0.466798218559024
"4",0.0835266370130265,0.0865336448852861,0.0159225798434762,1,0.0130296526198438,0.0280866434048086,0.112908141621073,0.282960715928271,0.0792892673106414,0.117544600549368,0.104704815219426,0.139746250249048,0.00415342078338528,0.190124169326234,0.0416033136543587,0.0971698716023033,0.0346505207944686,0.0561493863853764,0.113274590168078,0.144111212484739,0.13925395097478,0.0254877964847622,0.00586028119847042,0.210801377304073,0.0814654698101895,0.0635632673122081,0.098526794259282,0.0857759259348408,0.122934971103857,0.0563404095261241,0.0185368098256819,0.0901863722009259,0.112216782169845,0.00733107668959044,0.0807059999434657,0.241000481137973,0.165372577693144,0.102380723249264,0.020991378333746,0.0266029880212369,0.112461370592124,0.0307090055798366,0.199525917199631,0.042896851816692,0.0105901847758573,0.233762237501891,0.0250278329818764,0.256677333867615,0.397222371642083,0.0713265164455535,0.108749577786629,0.0313481885492542,0.194866485612755,0.207279179866127,0.1197232914254,0.202977186257812,0.111668020428614,0.0489700364023706,0.0261507195954451,0.00182222166491492,0.0660396751971704,0.00726125233507563,0.0934082102518364,0.0303997456617691,0.0583969883645041,0.112582369884895,0.0862789326680002,0.153088592948774,0.0732473379065515,0.119863949191836,0.0648488968660236,0.042885492790471,0.0778723317151198,0.150642046288675,0.142768629888569,0.0907730079305691,0.189725439535807,0.372449507062244,0.0433030127621712,0.124140758968517,0.0534493622187671,0.141247970712936
"5",0.134109431941089,0.306756248144979,0.416980054146919,0.0130296526198438,1,0.308069686982399,0.268481275254922,0.0134809713503673,0.110395727509158,0.226644890159648,0.383367419580551,0.495266949209254,0.536734883974978,0.453366532136709,0.326287413940447,0.186567270266652,0.531657009787557,0.642767125235577,0.439546604835887,0.474206840546419,0.541557818000907,0.629817350280782,0.524632322912304,0.165448137432827,0.334502259791113,0.138327368595937,0.367397980881431,0.596753637550013,0.550256466401055,0.548697836923354,0.604463626884676,0.498803467291477,0.512258216402623,0.536223939828094,0.47811264932963,0.226383120800651,0.328465385833748,0.332647789161702,0.379050078677977,0.312151525647946,0.467747731483872,0.0290632675641355,0.105933435630293,0.496223358912009,0.484784059469501,0.354739625421192,0.268145603824306,0.147091319035389,0.274649235907031,0.511315828561739,0.346946655083389,0.402933349200624,0.23054277439271,0.30367897240802,0.386946957335188,0.553211949681312,0.5395064604184,0.516479414245373,0.310588466010997,0.507224947563373,0.597339035498259,0.616158464733847,0.554466463586344,0.38434232311281,0.471055335575324,0.472194898427307,0.433677364819184,0.333614002920441,0.359612235481698,0.433223539378082,0.344841037255517,0.284735497875929,0.377226049827355,0.418154619607945,0.245493172584944,0.0654705682099188,0.0902601312142484,0.268168745762351,0.33924118247832,0.090286165659273,0.36421673991271,0.4805747755975
"6",0.210180134642757,0.0639445983663727,0.427635489604008,0.0280866434048086,0.308069686982399,1,0.372921299773808,0.107367844148757,0.0868090435172513,0.22136171065601,0.42437846648506,0.409060469175836,0.602738491663426,0.509352956798794,0.39355771764729,0.424260131908934,0.549644518917886,0.532993125510803,0.449705612189591,0.533363152759642,0.431392806365115,0.551070708049749,0.52372146702889,0.310653854310652,0.380462913034267,0.0689611663287487,0.151285926458634,0.513640332949258,0.574212878257609,0.488162033046374,0.479139987039038,0.613243774050255,0.639295228418628,0.592889578346165,0.397237242561522,0.148568652127765,0.371804623146924,0.41862286715727,0.12518393657117,0.426897929047226,0.457973026204702,0.238596670202018,0.14231535857403,0.463430009039377,0.453604967634616,0.411723743582986,0.396810476618272,0.0713523372504365,0.267504139679198,0.598224920139557,0.536119529213006,0.105815244503739,0.17587830719342,0.377261090431988,0.387187557021512,0.430793803220603,0.507422519485444,0.568160683936569,0.473118303190899,0.564768041902349,0.454618316945154,0.586369656518533,0.467660430810018,0.24670384297443,0.494332734934178,0.532399812651577,0.545357199949061,0.474722760300666,0.379822372518469,0.422049593985632,0.547824412656815,0.527046170830094,0.257630371705255,0.413879451264087,0.220888965324017,0.0377776113533072,0.108076289922129,0.116586737026178,0.377667306623394,0.221795611220102,0.462115843773712,0.534594031170964
"7",0.2462283527876,0.02156117722502,0.34182736032861,0.112908141621073,0.268481275254922,0.372921299773808,1,0.055697383431616,0.117728434735523,0.132572096583844,0.530901531089541,0.255559029779016,0.479404306646355,0.406332082508655,0.273220922976458,0.356461221966081,0.466802097442902,0.556762890999761,0.45440606691778,0.521665619227308,0.500584259472212,0.559977592618228,0.519767953224755,0.107811623120686,0.31865481218856,0.309999134172496,0.0572726714399077,0.444063871134387,0.443195277157653,0.405150199858058,0.471012025134149,0.485495983782817,0.507560955969825,0.406221792572384,0.456248206510542,0.154041874485074,0.199407466297189,0.485747866356514,0.159283080593881,0.453954116768399,0.400569225153275,0.0832579403852186,0.0286489317902947,0.524610031343048,0.52259514085432,0.261729686254926,0.396860161436894,0.226154983689216,0.179174499803593,0.494490392524083,0.438967594207811,0.0986740656097099,0.114961404830211,0.317694131727544,0.460885623674579,0.369699495102933,0.415525349312669,0.42426349781362,0.237755234951542,0.442075570958247,0.522398035026447,0.503181923623583,0.437218141257681,0.343538170160389,0.479435952401299,0.454787228833214,0.443675617165649,0.425723687181388,0.452843895393502,0.361851020928019,0.495085567399776,0.513545757122982,0.328007264565902,0.351332385140664,0.124772202099788,0.18088765010322,0.0839431831289614,0.28869733929143,0.226239431184678,0.0844241392767779,0.440280506775469,0.447660249799929
"8",0.00337371956176789,0.224039874599032,0.156889405363785,0.282960715928271,0.0134809713503673,0.107367844148757,0.055697383431616,1,0.0742929977636847,0.154413768731044,0.108546207038033,0.325403638470018,0.231155934167547,0.358468220830503,0.28743718762987,0.282917163684836,0.271269721553741,0.0908924285635432,0.156471821572222,0.150125626352909,0.121065945172895,0.217502852465676,0.282637468098868,0.386300258815864,0.116547910516048,0.104244771947476,0.13260046240493,0.261700999005087,0.309546446246017,0.216578334917776,0.212991662899779,0.225575682860038,0.2883845849088,0.214197610989566,0.0957167319919305,0.0303890177624418,0.466770807940877,0.207965944171067,0.0663901151838004,0.409626950274691,0.429840248486596,0.370103110166548,0.246278319996471,0.227047644785836,0.228671005481189,0.448654328578523,0.252186847411765,0.125257098025071,0.340519445011888,0.353309391748572,0.174991934894973,0.074094579986184,0.100775899805143,0.156490613058644,0.461366681545495,0.0314442560927551,0.240748225603163,0.23474975537124,0.0579920794586983,0.206683378436634,0.202595274620051,0.143831230027334,0.374833832950523,0.320977433763985,0.286919189048985,0.35935080043921,0.246442989999411,0.268265964172001,0.117515211496164,0.44818866857927,0.301027869590056,0.400575322183796,0.0430538110263784,0.440237749818594,0.369034782020833,0.00476998229482569,0.350543910858614,0.355555123476451,0.0120640130639322,0.119653295203123,0.278022274148193,0.104558745084357
"9",0.0354423863605507,0.128619146545624,0.150741010213482,0.0792892673106414,0.110395727509158,0.0868090435172513,0.117728434735523,0.0742929977636847,1,0.0147736803158548,0.185328667825511,0.0301402204127433,0.077143632939985,0.0422362078679288,0.0538738813902276,0.206305414995321,0.0298522398602239,0.12563414260845,0.0603054859784809,0.12785346369482,0.0409192473373131,0.080638297201799,0.0418589982627178,0.129523370524975,0.221112222817717,0.042402739322807,0.136752933973035,0.00278858052715097,0.117256246235142,0.00479878804750818,0.0705852854188495,0.0997210268470171,0.0870962510129609,0.0167569036532001,0.136131223848109,0.126001990038955,0.0816359475804524,0.138158616667454,0.0742506994959084,0.0358573235883922,0.00586260544041911,0.0996229584064449,0.183746422907062,0.106729030917107,0.0610822242120084,0.0576526797972681,0.0584596646459106,0.00935897594976526,0.0436848902594858,0.118093476693986,0.0018138177473361,0.0370499737041166,0.22331588356676,0.0542073601034024,0.00677321989188833,0.0524534163496254,0.0652959613140867,0.0502142205408356,0.171648645555171,0.0309055792313517,0.107157385123113,0.0803486569683617,0.0312290428553928,0.0172898403490562,0.0243648105917073,0.0656102634922486,0.141928015598503,0.0353759354468683,0.150189550451012,0.0519245497515181,0.0939970262104514,0.013216275191114,0.0506029074217481,0.000519637477220083,0.0504020923815887,0.00902045151667462,0.000207868809018126,0.114396373562136,0.0236524012967895,0.0207856821012109,0.0489150390226338,0.0601973514218801
"10",0.0820998893655361,0.0485958662019733,0.0959049828971535,0.117544600549368,0.226644890159648,0.22136171065601,0.132572096583844,0.154413768731044,0.0147736803158548,1,0.0902535688280388,0.187976654882832,0.257002163948782,0.0890222750114044,0.129818132290789,0.0522577715388397,0.17840106484597,0.256958889122297,0.136704666522141,0.197115633994588,0.139163180119947,0.201779126216982,0.16877708344661,0.345019339804494,0.146464177661183,0.0726157842140676,0.236805121456205,0.173046480645834,0.195997865266801,0.234707175124915,0.176264604349275,0.250545574088762,0.221493029531412,0.304718105011664,0.0519839157643537,0.0653605319999448,0.06701451771107,0.0886642862442156,0.040810269906773,0.0219270278242573,0.0650310446956618,0.0130793561783847,0.0151336548273428,0.102449750210911,0.156842101906371,0.0423571049868879,0.127066575236648,0.012285527586201,0.0845446393686989,0.18434257177797,0.224600443947861,0.220509533226965,0.0624583078708159,0.141489432732956,0.0229499617237741,0.268968920037446,0.150278516332695,0.252437091810547,0.277344295894903,0.211024313026635,0.136905448474056,0.2694927017143,0.134329503186719,0.0186870615733899,0.134121725279729,0.150672878728768,0.133937807172422,0.135498800357182,0.0419540065138838,0.0678221032058349,0.173400692518911,0.0573569073312181,0.096608651368135,0.10070348661912,0.07235454027051,0.00215948169793533,0.0304929079673293,0.116862109949877,0.218640068648511,0.0552134061738658,0.2347652356584,0.317228982942784
"11",0.20629834860788,0.123406519406758,0.46660567816984,0.104704815219426,0.383367419580551,0.42437846648506,0.530901531089541,0.108546207038033,0.185328667825511,0.0902535688280388,1,0.376837655191038,0.597684865803978,0.518152378298738,0.39427463354802,0.470963135638149,0.633338344120891,0.693644362683112,0.62858488401768,0.737384636301936,0.681280217703893,0.637242629677503,0.697613588452487,0.111812156192681,0.449449204469224,0.423953606417447,0.111784063004026,0.584775646400007,0.581588245372693,0.556918801873814,0.632572876837873,0.65332761231424,0.585165022180849,0.454265445561564,0.586102592805117,0.238641841604608,0.256881483103201,0.610704429076268,0.197602040567349,0.58892716496049,0.533355483666749,0.0515677319935979,0.244104362553028,0.672772882223799,0.621120981471343,0.401868125990791,0.543423411054506,0.275418204004546,0.131659750813585,0.657933291768043,0.550064234174554,0.218392363891331,0.124066058257578,0.420249315826902,0.598162611075055,0.529437720578487,0.509230210892008,0.594070345541017,0.375859113691889,0.600541252191314,0.652542184623917,0.637213634842221,0.624324616756399,0.513613699299963,0.639229782097296,0.567326644089448,0.591837425949058,0.534303558227673,0.566534805193453,0.502047105473485,0.535045599309002,0.64083650251276,0.473661703441569,0.432591640437686,0.180501847376692,0.217011952489743,0.157812989016378,0.295755066371825,0.256454205870348,0.0463367288972243,0.478878790221303,0.49837176754869
"12",0.134667977054148,0.375477321928191,0.47532995449509,0.139746250249048,0.495266949209254,0.409060469175836,0.255559029779016,0.325403638470018,0.0301402204127433,0.187976654882832,0.376837655191038,1,0.655789405885383,0.674052565450998,0.619341100979569,0.305217453960858,0.728071530104406,0.633402437435333,0.551938596073289,0.582673166481926,0.535114995040774,0.630355996330679,0.680593555137374,0.0518581506823129,0.406909454345411,0.250551675091944,0.369222728425526,0.735972155569805,0.703737519176188,0.728628638477752,0.704572243997465,0.626205128585476,0.695600114250751,0.612391614253881,0.405776145930716,0.147088386557406,0.633849956962194,0.418646753909476,0.355477700620743,0.561670485507212,0.656311920973152,0.324662591249008,0.181404624005086,0.54821357589761,0.564315363091509,0.701515216609165,0.482679117267469,0.0268745877889669,0.416367453185668,0.701097942727436,0.593252366711777,0.363757064973031,0.177605422865852,0.305856811253665,0.550386029747518,0.550638775587794,0.684757990512587,0.715518377407264,0.413443052086192,0.69797329932911,0.638806604693012,0.730216120277152,0.756837346558223,0.522418387244466,0.634022076333906,0.647861704231984,0.558913660601047,0.542362373455304,0.356248350051757,0.67164008309717,0.527795268241789,0.494704162483811,0.307646706601773,0.642566503609057,0.50451477550521,0.0664363333641016,0.371712407376885,0.0331961999754988,0.386552323521486,0.132709282678424,0.630583238755723,0.467506079252978
"13",0.217499461308762,0.27173432345518,0.605869082846843,0.00415342078338528,0.536734883974978,0.602738491663426,0.479404306646355,0.231155934167547,0.077143632939985,0.257002163948782,0.597684865803978,0.655789405885383,1,0.747215706922718,0.591575900361961,0.52171767556916,0.809768137175178,0.771443018646075,0.65033860435949,0.756457989459276,0.676754810388959,0.816569159409961,0.779779182042316,0.18887743978177,0.484764674524227,0.296400937648883,0.222656316655068,0.775982548508052,0.845881840781623,0.774578328225418,0.800215276681931,0.78340629827364,0.845004902060669,0.741617186294865,0.613879872431614,0.292822315200612,0.647818850284288,0.589223562399862,0.290722080992478,0.676688440661401,0.749781138247117,0.314604467355744,0.174505940107743,0.71993780082133,0.724640979931386,0.643455938445129,0.581317249515795,0.158930405935815,0.409268053835664,0.834084863968059,0.690445825514219,0.285499771365628,0.139305532212988,0.463334869823829,0.677619712361331,0.620217202481133,0.742628576576945,0.779444713103035,0.508937314004015,0.797498181567562,0.707548934701546,0.835003773688558,0.786104082868283,0.520973800405497,0.754673506075305,0.786381601706742,0.732339775456081,0.672672496293261,0.517249619563801,0.704154185700887,0.714487772142713,0.729478615497057,0.420449511495404,0.691320442402512,0.432852678365719,0.0878965437009318,0.355098140098013,0.162442418789684,0.478623155276331,0.200266835651436,0.673712775323176,0.62341617844811
"14",0.245808990957827,0.246784660016004,0.568200094798874,0.190124169326234,0.453366532136709,0.509352956798794,0.406332082508655,0.358468220830503,0.0422362078679288,0.0890222750114044,0.518152378298738,0.674052565450998,0.747215706922718,1,0.611786676973347,0.506718323184966,0.787661311349647,0.671471979028573,0.601980065983996,0.663658936831403,0.588713083700325,0.730505660431253,0.760897163478058,0.00855579219543036,0.464872955906183,0.270692216476393,0.1895850908174,0.766603815148633,0.810380781547186,0.745453989465945,0.732877963103898,0.707182642899763,0.811634826651619,0.664813197995375,0.516127839186064,0.227547547501203,0.663490926840837,0.51423665790246,0.304166001900369,0.686292313674075,0.759274981237492,0.303203363184258,0.122176601340389,0.666671374181415,0.634992182735588,0.701389080101316,0.571840167943674,0.0752334495569426,0.488362291568967,0.793921434826869,0.691652616623482,0.237374605886742,0.21923653867423,0.320672373920962,0.661951254019268,0.51909846200058,0.707788110052516,0.736278463977927,0.430153141159974,0.72970122201212,0.663304845224651,0.759042703867978,0.779104721967342,0.536300144308111,0.722463605753309,0.767758442856299,0.730429380912932,0.693988033482302,0.499930304707066,0.682345969608395,0.667503536579964,0.664357440543084,0.354218143195981,0.72876175856841,0.489840023366583,0.0847185579178933,0.365744057882139,0.0331958953031873,0.421926454640249,0.195085526945273,0.649356557677335,0.501113341178612
"15",0.0809898484090947,0.276365571164599,0.382096238697912,0.0416033136543587,0.326287413940447,0.39355771764729,0.273220922976458,0.28743718762987,0.0538738813902276,0.129818132290789,0.39427463354802,0.619341100979569,0.591575900361961,0.611786676973347,1,0.350393338984045,0.636147058592526,0.544846053401025,0.503149998443324,0.56049785110188,0.487660795515816,0.569731704945511,0.597668160266042,0.0765730803137221,0.370297518265257,0.23411045219328,0.261465124598118,0.626082112524738,0.60628969406933,0.648262745449158,0.598410979115198,0.563890196795992,0.61658263431864,0.517404777399017,0.401697651638548,0.138447210384885,0.568611811795489,0.44850543794701,0.227941910782947,0.551385990603176,0.580243995432101,0.324134884111373,0.133340493758627,0.486706562428275,0.51565202256158,0.570169121623293,0.483162935221617,0.0282397209713286,0.35128409534994,0.635697426678909,0.528797949320605,0.302206285751423,0.100846676612939,0.306094663720557,0.499585155545961,0.445450049031696,0.573648052881552,0.597396368903766,0.348706954959455,0.640580088736992,0.53457112865817,0.626696346781974,0.645477564528766,0.432247944457652,0.604548097341754,0.560289419905457,0.5236586516749,0.459988776435265,0.424656157044571,0.617201570885862,0.455174431716036,0.504093202725998,0.30864665483067,0.575480233241384,0.431733460195396,0.0260368690238002,0.395922752735145,0.0450929191341962,0.332045243531997,0.177184384394824,0.53524782912481,0.453707618295214
"16",0.118797232403075,0.0359849149147185,0.375690854610068,0.0971698716023033,0.186567270266652,0.424260131908934,0.356461221966081,0.282917163684836,0.206305414995321,0.0522577715388397,0.470963135638149,0.305217453960858,0.52171767556916,0.506718323184966,0.350393338984045,1,0.436108900012702,0.383995612867276,0.368518388110734,0.495416947425612,0.344472515224362,0.488582563234771,0.457179015225729,0.0258369416187282,0.354552946920141,0.203770552797918,0.131979799329488,0.386539834252878,0.546756328322882,0.367163319034856,0.392988596487196,0.496590298843892,0.562103140668702,0.401252437833676,0.384418916911816,0.213011939841846,0.387915125775379,0.469869093057797,0.0355039924747249,0.485073331644703,0.503802987677616,0.247468084357497,0.0282675935798774,0.468794919714745,0.474189570671817,0.344462527840524,0.364395903328479,0.0435979721787963,0.286859622568215,0.614999508587274,0.389618325802326,0.0406349646946419,0.262138058670453,0.0910898119557837,0.483900493646037,0.201091494777049,0.465819049014053,0.449652560732333,0.314544657923444,0.404200703825437,0.4165105285386,0.444606793954901,0.450447061928341,0.279030068841745,0.441612393018725,0.497585052727077,0.534103583223196,0.493550542694528,0.45700072837562,0.421108450710502,0.544696029497633,0.573273848713751,0.190381866079554,0.464669167175663,0.301062047700646,0.0282500100380715,0.317033429668518,0.0928472047339293,0.244276356169827,0.200306224936672,0.507275492324989,0.267775682503678
"17",0.282408688638049,0.312238563855071,0.637037463021483,0.0346505207944686,0.531657009787557,0.549644518917886,0.466802097442902,0.271269721553741,0.0298522398602239,0.17840106484597,0.633338344120891,0.728071530104406,0.809768137175178,0.787661311349647,0.636147058592526,0.436108900012702,1,0.822433911343909,0.786232158654506,0.799814025330018,0.741757616921362,0.796218416820562,0.8833796689007,0.0867153674047842,0.566421046141446,0.434101661882917,0.350996841175904,0.846987295032129,0.832537776002053,0.862353849795579,0.869644314395951,0.823114451035694,0.834715928372873,0.739420510969727,0.606737297779361,0.346312372985865,0.658754470009664,0.582121438358577,0.403644150656599,0.767949404922026,0.747351602742616,0.261764922591392,0.264066031422544,0.787812482173827,0.736002708663299,0.76368696704857,0.708694472694971,0.249007054603458,0.417908970881723,0.863777048577719,0.797543364042651,0.397361164358802,0.0988014529749201,0.514985480265547,0.701313288681503,0.695581279992484,0.736920486782988,0.853559662394125,0.532666291757463,0.855831324849868,0.760931350156775,0.873754275802983,0.881153636793278,0.626163046128017,0.803180615306603,0.825292565634231,0.730371325847402,0.722255501527204,0.559394378074754,0.783473982306185,0.67993861410503,0.746442490615767,0.511867361777268,0.703636519209845,0.473646885687657,0.142074168903105,0.295475199326226,0.266783778775296,0.468756640561347,0.0787536438003702,0.663596590550211,0.652363943751229
"18",0.274317743891738,0.245859399394509,0.586290306856991,0.0561493863853764,0.642767125235577,0.532993125510803,0.556762890999761,0.0908924285635432,0.12563414260845,0.256958889122297,0.693644362683112,0.633402437435333,0.771443018646075,0.671471979028573,0.544846053401025,0.383995612867276,0.822433911343909,1,0.743892886966405,0.817058829106756,0.800809375479797,0.817732145940254,0.832022280567615,0.216747586807016,0.604826884474073,0.443211199547987,0.405161554861927,0.837880988352737,0.740684867765635,0.796393585758562,0.842041902166348,0.770869297307447,0.777457142514794,0.656109230423569,0.663796833213378,0.220338060135555,0.402804948264604,0.611856836749701,0.397630913735312,0.62547386622388,0.663420362517644,0.127378243477061,0.128903498032791,0.755002897744535,0.748429488084081,0.575058636399925,0.600574623387177,0.307946776503523,0.298884932692124,0.784983110300074,0.688435839926378,0.467252106686138,0.176004359572327,0.550055249290382,0.653691354246413,0.731766594815376,0.726775132927657,0.779588962722179,0.49297919599069,0.819730764870092,0.822735274074291,0.877101630410996,0.795115096210067,0.605109816980515,0.76296470197462,0.699348209052514,0.689125907687799,0.602546573514889,0.58374358540021,0.663078011813453,0.627344505268515,0.624807331153877,0.553505649376487,0.567832259388881,0.316800473535716,0.210630686790564,0.211345208992025,0.402784801495714,0.457403147243452,0.00429753903652333,0.600066832766109,0.714425901475283
"19",0.264912058429038,0.348948027271526,0.527283963714913,0.113274590168078,0.439546604835887,0.449705612189591,0.45440606691778,0.156471821572222,0.0603054859784809,0.136704666522141,0.62858488401768,0.551938596073289,0.65033860435949,0.601980065983996,0.503149998443324,0.368518388110734,0.786232158654506,0.743892886966405,1,0.757914549226825,0.717801389671839,0.713008053661798,0.759814348374156,0.0613747393553883,0.476764605161169,0.455237958142247,0.396858755283698,0.736558442392265,0.684842416550849,0.692534327915967,0.784456874475223,0.667929584438397,0.668685877495698,0.530855344172327,0.559764649192297,0.344550258617444,0.47990393466997,0.590796634015377,0.313582577072274,0.626112691175319,0.626337100986964,0.148883360850332,0.263362709874909,0.737860872250832,0.719596574809717,0.620800260237179,0.643931340909964,0.273036061816564,0.237550998144407,0.741837673104504,0.593716111340268,0.319051923432504,0.0267210889568101,0.467173517747595,0.638868962997233,0.622847319609157,0.630629341445116,0.696746790435536,0.335456981249495,0.723981278289303,0.675889132767453,0.730665443923131,0.743549536879218,0.596896366057127,0.732543221688154,0.670148905871932,0.602368312609388,0.571884055915711,0.539970147645841,0.65576399220302,0.605423135397978,0.626040642962218,0.475710642831301,0.573104180973547,0.346091901133606,0.179652921254581,0.273411713552091,0.39423505232607,0.30435134653014,0.0176075338446716,0.522704669151325,0.544513590885967
"20",0.221544534080926,0.268720575878789,0.582748606971033,0.144111212484739,0.474206840546419,0.533363152759642,0.521665619227308,0.150125626352909,0.12785346369482,0.197115633994588,0.737384636301936,0.582673166481926,0.756457989459276,0.663658936831403,0.56049785110188,0.495416947425612,0.799814025330018,0.817058829106756,0.757914549226825,1,0.75373773574313,0.773311069658252,0.818474617521758,0.125492178770688,0.565444090184276,0.423778281994491,0.26842832190729,0.767946158168044,0.727903420063657,0.741099967704196,0.805562590789354,0.774780366301262,0.758839981043523,0.580659992520166,0.643324238196915,0.319394120474381,0.462567091795301,0.676596542329122,0.281776741989138,0.694567194980967,0.687475830901371,0.183667072797588,0.240577895517859,0.75696008004233,0.757397985562606,0.599352161189222,0.636844036156048,0.295291699343126,0.249105730159393,0.819703127944151,0.650511488741027,0.286190360224938,0.103852444393544,0.513958348075078,0.691700562748395,0.668633153626714,0.671349833040336,0.748162207146687,0.420680716593934,0.776163887703407,0.737389886633305,0.814976747651842,0.776543040100388,0.594974009275086,0.766373020286244,0.71887455987956,0.678896235406973,0.61325748863504,0.601643943322301,0.694701165758886,0.651629953628931,0.711079704676663,0.513128008874886,0.592641230204109,0.353184368614949,0.233512507521737,0.281084045957843,0.314742877872885,0.377437847123337,0.0724538950444198,0.596446737279916,0.626052980882667
"21",0.217885768727788,0.356474822776899,0.508678592744211,0.13925395097478,0.541557818000907,0.431392806365115,0.500584259472212,0.121065945172895,0.0409192473373131,0.139163180119947,0.681280217703893,0.535114995040774,0.676754810388959,0.588713083700325,0.487660795515816,0.344472515224362,0.741757616921362,0.800809375479797,0.717801389671839,0.75373773574313,1,0.766582219196874,0.797696893876976,0.0429641944106833,0.464428607181987,0.419881388445813,0.311262348787314,0.756759780968944,0.668917578985044,0.675973562484931,0.778680698375966,0.687600839930558,0.649931727302671,0.587351187036562,0.627595536076573,0.234088623874026,0.411937331632884,0.602926926309791,0.310387675857429,0.613907933998482,0.674632052800491,0.20990072825217,0.247693981162163,0.735717616842979,0.7070872128685,0.534836409116091,0.572884050511904,0.305301739083426,0.195928962733313,0.708004917257379,0.571105050286399,0.370444632137937,0.054886808102955,0.538330267178136,0.687004827042399,0.65131291586667,0.632285599114186,0.679841920066656,0.280386937932449,0.75108412751767,0.767113873207512,0.754536628472648,0.736425778499675,0.628247033727195,0.721813272120252,0.624631758051896,0.602391774507938,0.531671198216102,0.518144771457944,0.656602514554583,0.576459637743548,0.645374485608448,0.541222391104445,0.568739270862227,0.300264411378208,0.247284152137879,0.233390468911311,0.364600249934705,0.361552533254115,0.0241731248382444,0.54054160868112,0.58540975738023
"22",0.217561485949268,0.341491141088209,0.590232605756486,0.0254877964847622,0.629817350280782,0.551070708049749,0.559977592618228,0.217502852465676,0.080638297201799,0.201779126216982,0.637242629677503,0.630355996330679,0.816569159409961,0.730505660431253,0.569731704945511,0.488582563234771,0.796218416820562,0.817732145940254,0.713008053661798,0.773311069658252,0.766582219196874,1,0.823860300928341,0.0842445678488769,0.517975046032858,0.3821408802879,0.298621766217008,0.841776468080397,0.849889166678821,0.749316397370135,0.851064161869666,0.758853288536388,0.849975698856079,0.693612383313012,0.646909186723553,0.290287492901042,0.58373603849519,0.630992368613387,0.351633390732991,0.651266358416831,0.791782659634365,0.272877247472941,0.162817966428994,0.773881782347232,0.799111813660303,0.62868612145895,0.567479944923333,0.200691045912657,0.400732499050487,0.825955889314759,0.660238855121457,0.311818905475781,0.188656383775587,0.480901325666219,0.73131975367952,0.661318670318021,0.814030927073924,0.765464712616917,0.365052944166296,0.780648062702863,0.813247833398485,0.83932974754339,0.81754207473657,0.605673455121359,0.794313595006849,0.743158177149836,0.718011838046711,0.636713707210662,0.562846349658339,0.699336759675066,0.740918636744074,0.687820289494551,0.462866694067867,0.701632665550464,0.36887750885983,0.150642160370834,0.327001018208913,0.234552082427114,0.414930537433138,0.120558109256783,0.665129540193296,0.625779500849322
"23",0.226500174063255,0.311284996747837,0.606197431698587,0.00586028119847042,0.524632322912304,0.52372146702889,0.519767953224755,0.282637468098868,0.0418589982627178,0.16877708344661,0.697613588452487,0.680593555137374,0.779779182042316,0.760897163478058,0.597668160266042,0.457179015225729,0.8833796689007,0.832022280567615,0.759814348374156,0.818474617521758,0.797696893876976,0.823860300928341,1,0.0108622556753344,0.564890625451787,0.447885363764252,0.280822126448713,0.857630992139481,0.814718765372569,0.8149399236228,0.865493438937548,0.793615368530762,0.82174462459291,0.669207014318303,0.643997779425864,0.295240784220695,0.59201649797946,0.645968597465517,0.35356320732797,0.754834065876384,0.772690974196751,0.249880593685995,0.242644878057986,0.802659793757047,0.782190891758635,0.734301554677989,0.671914089910327,0.264818832771438,0.386955775904893,0.855907616082167,0.732504781520506,0.342011649222038,0.104757357217335,0.505123890739021,0.771551882106455,0.674121215185067,0.737438550742707,0.815944420232737,0.453689161642422,0.837884724270171,0.805833882013307,0.860038838814514,0.869625819889906,0.68183014631431,0.818026564764749,0.80814581740919,0.73161494062821,0.707251648459031,0.578226617265819,0.778767626842108,0.697668725973784,0.7467441704596,0.522382406628567,0.703410450031994,0.422749181941564,0.20904943277433,0.32317104210229,0.254975082459357,0.422161351327306,0.0792934156720698,0.652462591150816,0.61204367718352
"24",0.114205900877546,0.156319802222303,0.108601451799984,0.210801377304073,0.165448137432827,0.310653854310652,0.107811623120686,0.386300258815864,0.129523370524975,0.345019339804494,0.111812156192681,0.0518581506823129,0.18887743978177,0.00855579219543036,0.0765730803137221,0.0258369416187282,0.0867153674047842,0.216747586807016,0.0613747393553883,0.125492178770688,0.0429641944106833,0.0842445678488769,0.0108622556753344,1,0.0894217789036024,0.0915786735839595,0.247243390733681,0.029797586082781,0.114803272690829,0.196486466820042,0.0625955552584577,0.225829377767899,0.125757070615661,0.254816465845166,0.0591518503951614,0.0690489959855231,0.0977377042089157,0.0456188102647773,0.0260489346837383,0.0988579985347738,0.128516019164745,0.0710793113140676,0.0343831749810412,0.0576290099270658,0.00689509566274695,0.169764212935193,0.0293764490018907,0.0897495314421959,0.103633107621755,0.0687512967260927,0.183882252782464,0.230144083603045,0.0504751989557624,0.254126543261549,0.280388921850992,0.273214952032291,0.0791750072426697,0.200352348061624,0.529056920109624,0.154124903125092,0.0484864685023295,0.218858998857014,0.0341084870698622,0.211544099663071,0.0119599842616027,0.0400742777425141,0.136716152494476,0.0682447228705226,0.0972057338424708,0.122427692294658,0.0144931053341363,0.0330113839691486,0.0955808779339257,0.10654321672639,0.107852828115712,0.137536398328673,0.247145291872114,0.305726828294581,0.229342082595954,0.0673504840343722,0.153859642612539,0.447517890836153
"25",0.141713192455405,0.0311988894816561,0.40725878608439,0.0814654698101895,0.334502259791113,0.380462913034267,0.31865481218856,0.116547910516048,0.221112222817717,0.146464177661183,0.449449204469224,0.406909454345411,0.484764674524227,0.464872955906183,0.370297518265257,0.354552946920141,0.566421046141446,0.604826884474073,0.476764605161169,0.565444090184276,0.464428607181987,0.517975046032858,0.564890625451787,0.0894217789036024,1,0.314359128628777,0.143788639582158,0.53494494576511,0.514168229804644,0.510750430935137,0.55220434507366,0.509479248615533,0.565122630500541,0.366499521227419,0.452209996577288,0.124682130640749,0.293721360705553,0.429695351876201,0.298173789757022,0.45653291035817,0.421011390561796,0.0890406855667767,0.132286678095773,0.487579734966629,0.489999054148289,0.473698706693229,0.43410125144486,0.127067203265668,0.281991831494472,0.56671994834482,0.487246596891821,0.158523565922604,0.195519469876878,0.293870962711209,0.456126316267929,0.423071295684867,0.426616005782272,0.510052311274533,0.425068038972676,0.493280102398359,0.490978781737516,0.588292481003458,0.516427432970445,0.414652242771013,0.504227862555036,0.507511329716057,0.495360163258455,0.391293049021624,0.391980031123572,0.445541092107056,0.498795043853407,0.409936440183328,0.237227425878622,0.343184426941619,0.27373137704037,0.235885039143529,0.230875659495764,0.177564520304082,0.26177652534787,0.0328446002530884,0.351198417351536,0.419638267046043
"26",0.114101603466687,0.108876054568134,0.215488172651422,0.0635632673122081,0.138327368595937,0.0689611663287487,0.309999134172496,0.104244771947476,0.042402739322807,0.0726157842140676,0.423953606417447,0.250551675091944,0.296400937648883,0.270692216476393,0.23411045219328,0.203770552797918,0.434101661882917,0.443211199547987,0.455237958142247,0.423778281994491,0.419881388445813,0.3821408802879,0.447885363764252,0.0915786735839595,0.314359128628777,1,0.247322993030745,0.418364142081432,0.303092027376256,0.362607760203941,0.428158077666986,0.320287175394345,0.321664287199441,0.164885686296331,0.382553513765443,0.167470296784123,0.110520260892338,0.359622929287902,0.214552749318807,0.363259235857599,0.302685884203073,0.00256012827469244,0.11067607320632,0.399863774292834,0.404712631473366,0.27659958580108,0.387430805727146,0.25108477583834,0.0482299550366038,0.354974428340467,0.407980395050388,0.371623979377925,0.0280686178014842,0.295328928569153,0.387432879175553,0.328945928592889,0.358020753021507,0.380810195076912,0.158043018774033,0.390439617764135,0.387047308829663,0.397423588640501,0.416993651234139,0.462387695992358,0.391172969772207,0.288086874875744,0.301451581113092,0.281297334733327,0.332795766898138,0.33464403155578,0.269549097447853,0.365855419688904,0.348804628015626,0.247974700558604,0.0905796176972879,0.243429656494556,0.105834898795226,0.233746517928512,0.0605036905584683,0.0867501994147724,0.288544575120063,0.30461089940549
