"","1","2","3","4","5","6","7","8","9","10","11","12","13","14","15","16","17","18","19","20","21","22","23","24","25","26","27","28","29","30","31","32","33","34","35","36","37","38","39","40","41","42","43","44","45","46","47","48","49","50","51","52","53","54","55","56","57","58","59","60","61","62","63","64","65","66","67","68","69","70","71","72","73","74","75","76","77","78","79","80","81","82"
"1",1,0.00341327313723085,0.223291971948944,0.287509776033371,0.334379639351988,0.441070626544981,0.246818626251674,0.32949976807011,0.0301857258758729,0.429830852619457,0.412472546855721,0.332935769675608,0.440658647626246,0.157945914816687,0.218368164483844,0.311363850677741,0.469794265698698,0.436705514786745,0.424488470681925,0.451001900289391,0.443320803163615,0.468571126685425,0.454646115796281,0.212148641986602,0.301114347782967,0.0395614705322322,0.400058450106686,0.440054096290008,0.39663747118931,0.352094288031765,0.437436535586937,0.429309183025062,0.471280188209405,0.238697318059498,0.461295618402196,0.313139322595417,0.280704218896928,0.191638329454581,0.293205869495488,0.480478663779699,0.406281454033336,0.134326357904994,0.163088824440357,0.382723915010635,0.38017437649292,0.327056983409868,0.365787685376634,0.191213789913457,0.36886469062654,0.374363497741945,0.426924118388251,0.0392151637367629,0.305465814932252,0.278245171247093,0.437292860414531,0.454613922630988,0.433428483631552,0.358936180742509,0.387109478621839,0.42439541613443,0.46010779252749,0.465405558649695,0.477862546125466,0.41404757942028,0.385461946163792,0.422971009320032,0.0899637499430497,0.459679608816889,0.303608316606653,0.443948101294893,0.414424733649246,0.103289461499011,0.305399899773285,0.218167050085964,0.25814277656496,0.171968576093366,0.1625453041093,0.279030703479078,0.341352586916129,0.210568273734517,0.050367008240982,0.458843843760117
"2",0.00341327313723085,1,0.0579538866633529,0.110379835707275,0.052783665263338,0.0908790243667287,0.101130139230204,0.0811030211097946,0.0582077958822043,0.182259827847193,0.174098006493343,0.150154588731319,0.116128195369627,0.0994960640370507,0.127195918210059,0.0956843998707345,0.0923694783647569,0.0491075617529016,0.100477429535185,0.0185765380164143,0.113805204918254,0.103039903406129,0.113209976308606,0.28259777067053,0.105645323431222,0.146903823870318,0.133864846732249,0.100154119936519,0.174304048017344,0.0467165918284424,0.113910201523721,0.0294271999199424,0.117384173970206,0.208052674355394,0.103783434477551,0.112555711205424,0.227087271063345,0.133737466571824,0.0931822693129243,0.0717721665144443,0.107826139060464,0.0937847786837619,0.022203527177288,0.148805490755944,0.172124610775855,0.154106197616627,0.0291326466419129,0.0890608581069857,0.189961739036149,0.0758992907502926,0.0950186186994609,0.076952572758407,0.0115874012181638,0.0329722359974652,0.116854033686036,0.123983004007058,0.077030694099472,0.18203793278271,0.166073152319691,0.0746795743183395,0.0571019003612649,0.0589886635588616,0.147670290989766,0.0911227635245018,0.141701321310559,0.207457450098144,0.0300026618781544,0.183397602905567,0.257743445007029,0.151142536097405,0.0700298790683456,0.0900097939307497,0.106980708405076,0.13249596268227,0.00275861987283291,0.0892008647137364,0.096638303149582,0.241248523966156,0.0472176332242549,0.0847947396599152,0.0888052938551709,0.151393759192843
"3",0.223291971948944,0.0579538866633529,1,0.134815484902025,0.284523719162197,0.384134271587888,0.135705305828566,0.165750940015675,0.14815429177329,0.202834242898922,0.277939472193771,0.31289395071359,0.251291015917317,0.309497919785482,0.0831884934702506,0.121347836340319,0.341419169067471,0.387052101931332,0.32491539949208,0.410829491651853,0.321940262166975,0.378991794493278,0.322859314662417,0.102392924779484,0.256516470468363,0.0919271344252148,0.236476218743783,0.415274272548812,0.313609323374681,0.393422081128557,0.325999625406489,0.402371107227573,0.338898549800729,0.355395269704087,0.311072523813372,0.0410111871303089,0.0214686347681571,0.158691695044072,0.270247036098837,0.302256658386777,0.333960705163612,0.275508513356757,0.0670271952644497,0.268835774136963,0.240030347089585,0.0903972725422482,0.265060345724418,0.176122564366288,0.177784840654751,0.341661311117807,0.360659501868057,0.17476475306339,0.128950299408524,0.291534607745259,0.191495739749314,0.361163710066278,0.329217507002256,0.386649062206012,0.269845998811274,0.405762769635945,0.311727933059203,0.335692146900474,0.257818647331609,0.279283463368129,0.272934230948836,0.242071330470059,0.0825327562663298,0.252002604043782,0.0665424808399049,0.314967067199586,0.3326057536477,0.163065345905698,0.360798764192012,0.0960482460498476,0.251120009679881,0.0248902577550841,0.186147555993904,0.00986254383250607,0.145567654026155,0.121794899884069,0.24527047612287,0.239270356096623
"4",0.287509776033371,0.110379835707275,0.134815484902025,1,0.466084715743507,0.623336656603564,0.327740508492851,0.527509562502856,0.0816777216937001,0.571363064056521,0.56881986183167,0.439524449023702,0.700704925326798,0.293235553897401,0.153070338831906,0.540432733827721,0.660452994756974,0.595784130823168,0.654321748993078,0.486521995626392,0.589463641843657,0.632808592007852,0.682498149774325,0.27617517833687,0.495986574199789,0.0790997616578113,0.568919642915934,0.606379992173505,0.506478141930926,0.498190206320242,0.629593588474177,0.46109209203376,0.63862523482535,0.22120305919475,0.646187685532545,0.318321163059484,0.453256189591794,0.237724697881702,0.26861120428553,0.675826367332404,0.625764273663053,0.225189417595823,0.45050206899209,0.553861643488644,0.577723565175227,0.484506454021863,0.562219587912766,0.254335393458113,0.528373302789593,0.399653815675642,0.54781655850568,0.267342987808081,0.383857979111283,0.399731974631261,0.566428197367598,0.628741893180113,0.653259357244874,0.531255747360265,0.54896051789433,0.510128334745415,0.581924098916892,0.575803016548916,0.647743903624918,0.52655980051547,0.617166226984221,0.499817952840908,0.00954432342900696,0.532389182555047,0.593965471518965,0.581763835607629,0.602690330842754,0.193015312787839,0.477880669849748,0.334076960761624,0.389419091110659,0.289348126302761,0.281987700131006,0.3262845334141,0.347853037939104,0.270027051758673,0.0254071903887965,0.574218256760888
"5",0.334379639351988,0.052783665263338,0.284523719162197,0.466084715743507,1,0.725743630469486,0.425594155360048,0.571744921086183,0.169808037258651,0.523983595184383,0.740400146572904,0.570986333379623,0.669848002917838,0.519080351078242,0.367041414791279,0.59063338544636,0.775183192771504,0.75977153250025,0.686454586716183,0.713454000073666,0.745954033861609,0.710319796328254,0.735921622089272,0.432412473063815,0.551270312151306,0.0546002463177797,0.636300545925727,0.743598025090532,0.67610922428568,0.749814793490117,0.743375937095831,0.690434398522778,0.725866824618019,0.44365457584031,0.699384537071944,0.252027856285584,0.42844457652364,0.420811441659313,0.360092618847773,0.689580302798916,0.683400374441326,0.330130318028686,0.257523924288381,0.707815172135725,0.636036978015057,0.588274174318275,0.565887820774463,0.200987734931335,0.59027955873136,0.650198608365712,0.730425875579713,0.0555808218659356,0.200001656456893,0.437956392427042,0.568728501648945,0.726363500444576,0.722470212788963,0.743221854792195,0.743630813364016,0.698006836215548,0.749451229643911,0.799199243597325,0.727942745492553,0.638534312775638,0.714900088516654,0.677930048334088,0.230653847967807,0.667755061573645,0.536020241281256,0.686673417679231,0.678251123517626,0.290185307588051,0.559322839800138,0.241204380207127,0.402615526123017,0.167929113131231,0.343460575175499,0.409767634728372,0.401493247264829,0.279395136726522,0.189524340829051,0.66661172538067
"6",0.441070626544981,0.0908790243667287,0.384134271587888,0.623336656603564,0.725743630469486,1,0.555480322258501,0.672383900185549,0.202360810476182,0.723082056866814,0.833980215178703,0.707144466525947,0.80814801381256,0.482763348493834,0.279578019527851,0.599930709119982,0.897281720174155,0.855272487452275,0.85761411764353,0.803431685382979,0.840863319060063,0.868444295316288,0.891407182242556,0.471268303071807,0.683688763907843,0.0116866170072086,0.781295772994964,0.854196619875871,0.736538639674814,0.745355022682225,0.868967276585736,0.788238277453131,0.84748798105169,0.45370743800675,0.842902627495154,0.346243168895249,0.509944694704335,0.488892906952685,0.50935977775729,0.834680431328631,0.845723567615023,0.402927226258155,0.355600461165102,0.794124513175541,0.76488686613759,0.599848089214616,0.7128432502508,0.286184175278858,0.690024349371729,0.676706362073728,0.858391072661812,0.068340073100181,0.466854001256047,0.618876813027425,0.705918360126835,0.8321626042298,0.835665660091447,0.828286428361945,0.810439471323276,0.805471985810309,0.824801884375469,0.840598046340329,0.842969850102631,0.722655226481215,0.782131403138588,0.74455796992157,0.1569738328191,0.770779314123178,0.709350547934138,0.825024420849385,0.830703687184251,0.315676117420947,0.703481520572574,0.291006086835071,0.491550140457315,0.255574058722996,0.356538936973846,0.457702207046417,0.507254182133751,0.378228258483013,0.162060830559943,0.830069296326824
"7",0.246818626251674,0.101130139230204,0.135705305828566,0.327740508492851,0.425594155360048,0.555480322258501,1,0.46074000649137,0.121730624448263,0.53636645873326,0.566179218666205,0.498219882257399,0.468032676834845,0.254907641648914,0.269820776474085,0.388559506806441,0.525997253768884,0.517782394938221,0.530796282110628,0.492471218992589,0.53716242605839,0.522583955551504,0.559267604642484,0.476556646280322,0.445734237484849,0.144908709630066,0.539393015231351,0.515520274402025,0.500323181556748,0.405680288804146,0.520543376967759,0.511478299165555,0.536580032176397,0.226717525197963,0.526961182325059,0.244081931359819,0.3595080690832,0.346931007573639,0.291349663548966,0.493411785003658,0.497391973363362,0.165553413426871,0.197236207421119,0.499215041365932,0.47490321093839,0.385708507938246,0.418747206657329,0.0508183215958752,0.432046044556932,0.418332049850514,0.558943678379805,0.00720262738392501,0.316139618632898,0.419932547887323,0.462158535353137,0.493266147372632,0.480674806830501,0.534080285388893,0.558248717595289,0.500453751047703,0.536312545863837,0.513610239106272,0.547488192957018,0.442128651920475,0.488226146397266,0.526302284392731,0.173563686964798,0.55847475347647,0.518991804555535,0.544105084863809,0.487893118170326,0.236993705625649,0.478773871255215,0.26377797042088,0.247172111784038,0.131405759681079,0.154509700032411,0.378389618846893,0.327538681628885,0.205905396166094,0.174143528983884,0.577628137882827
"8",0.32949976807011,0.0811030211097946,0.165750940015675,0.527509562502856,0.571744921086183,0.672383900185549,0.46074000649137,1,0.0364107883297665,0.612223719704866,0.741377838066574,0.588396942341315,0.698459466338991,0.442688897536286,0.346941221425251,0.599679951784531,0.738927716276762,0.716873080581424,0.721983933039175,0.638956585606271,0.692391107130453,0.725437001348908,0.749518214744174,0.466420485314869,0.580108407921066,0.0560556400730027,0.606407038618941,0.672369206951725,0.658866398003124,0.644400870955349,0.757863704179717,0.644513809085873,0.731980473348901,0.324008469345595,0.709486421616306,0.336402095737379,0.541243676235077,0.31768808876919,0.344266091526019,0.698022459364058,0.666241136270877,0.321140631640438,0.391435114706296,0.702844857975841,0.638825411791542,0.567742895195106,0.556814303859245,0.153831607981583,0.627608799321203,0.515760701882442,0.70735646630596,0.169722531427166,0.293095893261665,0.426226305684253,0.57688468822685,0.680742041438812,0.707911024377067,0.671032492052893,0.72285526994516,0.606181308573923,0.700309138331562,0.68110932874219,0.750725125489858,0.649072075433045,0.699431205859954,0.593643300982854,0.147826813063779,0.676039163469369,0.632148964666251,0.647398943979542,0.669383968203308,0.221180605801703,0.552300825050467,0.339785083690551,0.418927391582947,0.263829855066333,0.289976723722971,0.456439098682502,0.391717634157416,0.354520737256948,0.116215802048476,0.693755755144803
"9",0.0301857258758729,0.0582077958822043,0.14815429177329,0.0816777216937001,0.169808037258651,0.202360810476182,0.121730624448263,0.0364107883297665,1,0.095391116472264,0.133217249772549,0.18902961093918,0.203596999530425,0.3378969326304,0.00578079411158525,0.107889703142831,0.190046487227865,0.156114915312249,0.288727419602463,0.115351617787889,0.195360115910602,0.115008844761279,0.221335453959804,0.289484213141601,0.478232140543924,0.18052865077739,0.385653744881241,0.353562890371293,0.174486108753983,0.097045528968196,0.206909388072478,0.154513592078431,0.0568569652590776,0.00024481383521749,0.202021723066382,0.0825557046229497,0.140768020460947,0.183198038753846,0.0952921053758221,0.159466477950041,0.224092336342221,0.163141763768991,0.0220393154183592,0.0376601368782152,0.328496387901527,0.0308268166888922,0.0872357316981725,0.0714858928636526,0.0806332907079842,0.348183645578979,0.216255243241641,0.255044911190474,0.0646129799272957,0.213875219218226,0.126232098560232,0.154044507541372,0.196456181436006,0.255396386552316,0.222444067486975,0.313353061806543,0.0946163647493649,0.179985862903469,0.0889810506419957,0.0140190386496984,0.108309142208596,0.186969635117457,0.262761087723725,0.102283608634356,0.142626888178197,0.217472585980121,0.248554582362864,0.114440503022651,0.416445140396865,0.0536916134587444,0.0909209558241638,0.107485531093621,0.10169861761459,0.0470763940410051,0.0649498134838448,0.0217649089751841,0.0990915787319975,0.0517108597569927
"10",0.429830852619457,0.182259827847193,0.202834242898922,0.571363064056521,0.523983595184383,0.723082056866814,0.53636645873326,0.612223719704866,0.095391116472264,1,0.742875308693,0.625527982927799,0.779186555290244,0.348768435949584,0.270282537800299,0.569890120777363,0.776219109834097,0.713675099817899,0.771571204678782,0.63283447367071,0.731090897997357,0.769447547163856,0.8116742553215,0.532924447541545,0.605620647024113,0.154958686299967,0.71352953298841,0.692985558689747,0.686271377318684,0.580707158185117,0.75594010264581,0.631316168536235,0.76711220201538,0.252446622111676,0.741279857758768,0.359645571725843,0.556592414435832,0.3565457037509,0.336361954177841,0.756204597089201,0.735258318190884,0.208102615826304,0.329140125687798,0.705976794905791,0.706431626975998,0.654489863205654,0.578851879698587,0.189375200016099,0.67888441788234,0.533413469136944,0.709532849481045,0.232381461859202,0.443243477584908,0.451220815669401,0.728376567382271,0.767500865043926,0.754278746159486,0.654779830400456,0.735545977635019,0.65063434568916,0.73869113670894,0.69612600996096,0.795797369797422,0.675316113576279,0.719331213649768,0.633641270435483,0.125381960084966,0.715439358891691,0.735993207451477,0.724331768553299,0.671955149375741,0.247821147723291,0.576662340833535,0.509536606255909,0.384802635178824,0.293339187750912,0.203411369431161,0.559853896422949,0.470108619461407,0.316093002662469,0.0569480865544804,0.790766239220828
"11",0.412472546855721,0.174098006493343,0.277939472193771,0.56881986183167,0.740400146572904,0.833980215178703,0.566179218666205,0.741377838066574,0.133217249772549,0.742875308693,1,0.714643183722473,0.822474125280589,0.481791314146177,0.445646915065626,0.697357972351932,0.908203075327521,0.854786899267857,0.863570752450815,0.797215254737686,0.874524966908195,0.875730065463636,0.90612782979145,0.55441676188599,0.665455951158816,0.0155473317584263,0.780504669298764,0.841982424563887,0.784525676358466,0.79991686930769,0.884636013464273,0.7990695450549,0.873740300329933,0.437752118103663,0.826778906780671,0.387655764444428,0.58750096204469,0.502717664602106,0.468430105598958,0.816299077335546,0.838875529162237,0.366777722275441,0.357989790225271,0.853598819449306,0.775956046695868,0.724114521164693,0.651100224844658,0.20955676402533,0.733120786321877,0.670751758469467,0.849480780590948,0.143315218153725,0.372619619803533,0.550894125959354,0.705348450821551,0.852263811948533,0.84068097671382,0.846315867714869,0.864188840266877,0.788802238694865,0.862169075925477,0.868112344952205,0.905922370650555,0.757220514698711,0.835671556372025,0.765806102367751,0.211736654060323,0.824893623021456,0.744856068917318,0.825754158891888,0.804853494988831,0.287661699283363,0.678270631340675,0.364753354566735,0.494310859583567,0.205150412662419,0.310707460759745,0.55983645132349,0.469753271751869,0.404176970850348,0.204991295754247,0.850095805338981
"12",0.332935769675608,0.150154588731319,0.31289395071359,0.439524449023702,0.570986333379623,0.707144466525947,0.498219882257399,0.588396942341315,0.18902961093918,0.625527982927799,0.714643183722473,1,0.661870476359701,0.436489232841747,0.353760891587659,0.491961786101172,0.72771844395443,0.78629338573567,0.709751737553698,0.71336784457939,0.670844586898977,0.738630324581058,0.721723051681722,0.555036792690332,0.584549742826753,0.100387530343001,0.622662802068228,0.724658967138757,0.690076258747274,0.653558021897036,0.756510768016874,0.722675557388794,0.71676893133407,0.446735891157615,0.681518561014349,0.214464371301076,0.449403101640685,0.40899698900772,0.374375204731186,0.660483800757328,0.63570295498115,0.298598600670797,0.183698955760186,0.693450654140708,0.623347255860225,0.543753953072103,0.570633810410121,0.100518236291886,0.544749438617083,0.67661129754053,0.732509181409928,0.00529652880854117,0.314039338225906,0.597429445265211,0.577800912267962,0.689406307225295,0.694674802084302,0.727852130674755,0.746025615996717,0.708184326658604,0.726894455375499,0.72886932214099,0.712428067061158,0.650192818557399,0.661392281591327,0.581577840409144,0.284512434670866,0.651583872512392,0.615617190605896,0.684327523168041,0.642779963969604,0.325739078682333,0.585213478755301,0.332130702652748,0.419252782157863,0.190988258607726,0.261276148428651,0.394634648288668,0.482909483081459,0.25231391021163,0.341837788944158,0.693126818116036
"13",0.440658647626246,0.116128195369627,0.251291015917317,0.700704925326798,0.669848002917838,0.80814801381256,0.468032676834845,0.698459466338991,0.203596999530425,0.779186555290244,0.822474125280589,0.661870476359701,1,0.46881763987993,0.314192738444793,0.680629281275787,0.888980018276292,0.824656382765811,0.88849595827283,0.71226912679181,0.825354758940021,0.853801517814112,0.90463234158769,0.496029065892622,0.705145147344351,0.150658280149742,0.772898835426546,0.820958828757934,0.756463930876848,0.717535201645117,0.873627927921585,0.712105555405948,0.853809866227111,0.33196837589745,0.846514255194864,0.369462434301724,0.583062755057356,0.352416617547642,0.349145819662591,0.868369448153281,0.827203132043373,0.31792466845054,0.419784702265243,0.78820803300748,0.808892366719963,0.709246307507693,0.670303873108505,0.247818656084711,0.749894186435841,0.633131845059468,0.78415732179364,0.274694539950017,0.419098089513372,0.491167654552005,0.76616141397496,0.848931966512828,0.866494350684476,0.752385205581942,0.808860828971278,0.740008350712616,0.802420134498881,0.802504541984763,0.883235648230445,0.732417017203277,0.815950115645011,0.71788415519602,0.176490062093947,0.772022384746553,0.76898380881986,0.800860839279397,0.795739981050034,0.284133651060387,0.649949213456484,0.465596505485682,0.497844816841052,0.337081725152442,0.31459673093559,0.489310501364063,0.46145196217129,0.360990574371402,0.090737850475893,0.800832370454776
"14",0.157945914816687,0.0994960640370507,0.309497919785482,0.293235553897401,0.519080351078242,0.482763348493834,0.254907641648914,0.442688897536286,0.3378969326304,0.348768435949584,0.481791314146177,0.436489232841747,0.46881763987993,1,0.255330470378423,0.336394137144781,0.530997371813121,0.554662809264505,0.508751299779766,0.487502307270236,0.496869865919221,0.496255398505124,0.51410131148345,0.438450058081536,0.566372605961461,0.064213464865224,0.454031896101837,0.627591969717353,0.552622285545167,0.574472554978153,0.562200259085573,0.484409913425391,0.474097069506123,0.255662007444359,0.507943227783176,0.0562980001897512,0.277593257088627,0.29016750480275,0.136540397816783,0.476192884331654,0.46566474064224,0.263923834462265,0.175709875516805,0.454403238486656,0.555736608010521,0.352933709230117,0.35111363830292,0.083352496989832,0.445130787333013,0.526943042117422,0.510391532409664,0.0352369009186788,0.0329466877031625,0.31763503913057,0.349268506593424,0.505560569126253,0.546546807826308,0.586615581857871,0.555645775840915,0.557812651477798,0.469512303999185,0.554921490508264,0.480392977708272,0.414710735793259,0.485060919326775,0.405715523127918,0.344784218783768,0.432408929851473,0.397126228408867,0.510569273515695,0.502463186291867,0.304810410402491,0.486095922757427,0.0692070637924415,0.244543607221247,0.0622040360459823,0.352445788829852,0.220020393006947,0.154870505368875,0.184155385273504,0.342905413655425,0.37826385122801
"15",0.218368164483844,0.127195918210059,0.0831884934702506,0.153070338831906,0.367041414791279,0.279578019527851,0.269820776474085,0.346941221425251,0.00578079411158525,0.270282537800299,0.445646915065626,0.353760891587659,0.314192738444793,0.255330470378423,1,0.39769240469315,0.37519907574346,0.401220739966192,0.305198209012026,0.378658855295983,0.394546006644504,0.372058273081129,0.359539025475437,0.351547653288294,0.221255432534601,0.0016158223709406,0.278805948949204,0.36813802505695,0.387008323297947,0.436476678605096,0.367773055610401,0.387502181022802,0.393221768319414,0.237706110034966,0.293597111776961,0.173838616861094,0.317956597292448,0.240208356344933,0.113636144270102,0.304985099646314,0.307048009238221,0.141909396223544,0.081497551894793,0.398559003325535,0.308665802679868,0.400784029366317,0.24730304734517,0.0229326451787693,0.282304822143035,0.353820323508735,0.340745952432091,0.0676740187197038,0.014688123532353,0.228664554691336,0.248140783853385,0.374756890601737,0.333777955322586,0.386039272979514,0.4380153701712,0.366922066466916,0.402817539912858,0.44711805008084,0.429129879945916,0.3911798571862,0.373453269587754,0.358690834545538,0.204184842277663,0.378568982864529,0.298789203072087,0.337009256854817,0.302247475484923,0.143986503030116,0.240878450298575,0.165434292908453,0.208956489146512,0.0095940166501538,0.0949572189107965,0.311340364291279,0.161183858398436,0.198734724632763,0.267102273781456,0.388531218815635
"16",0.311363850677741,0.0956843998707345,0.121347836340319,0.540432733827721,0.59063338544636,0.599930709119982,0.388559506806441,0.599679951784531,0.107889703142831,0.569890120777363,0.697357972351932,0.491961786101172,0.680629281275787,0.336394137144781,0.39769240469315,1,0.702085965792117,0.686503604917197,0.650157622501719,0.596489168747723,0.664558036997461,0.690208634105849,0.699405092003015,0.354706452063111,0.386522337645668,0.0197469402486163,0.483887887333552,0.565636102673026,0.618310481323623,0.659504069891241,0.685339733512935,0.552679736317936,0.72348758354942,0.327155312853809,0.642636537075235,0.333223940391072,0.438449242034263,0.250834770666269,0.228848088301353,0.656537672795905,0.612042142012756,0.203426810747347,0.371903702336581,0.702503786626865,0.563895655958933,0.67269845297353,0.533608531058717,0.14457835203854,0.586977883134488,0.408232849234856,0.590766683185326,0.393991713394641,0.233386596543746,0.335307154370816,0.537621444370278,0.66343536351887,0.694738349426338,0.603741030631687,0.67997755512939,0.514995126335031,0.683474221664147,0.679299544163917,0.737592276106257,0.625144108354171,0.704143014594165,0.553616844514361,0.0933340891710959,0.600905601056456,0.600405855244635,0.579939156723696,0.603551569492966,0.230887257838312,0.371274705191944,0.418031903488532,0.414555516040039,0.265817350482628,0.294884382436985,0.498238895458698,0.412008746120249,0.317891223190336,0.164577070880128,0.633606847209732
"17",0.469794265698698,0.0923694783647569,0.341419169067471,0.660452994756974,0.775183192771504,0.897281720174155,0.525997253768884,0.738927716276762,0.190046487227865,0.776219109834097,0.908203075327521,0.72771844395443,0.888980018276292,0.530997371813121,0.37519907574346,0.702085965792117,1,0.909494995436889,0.91701523253918,0.845846688532646,0.911903582507403,0.916760674788987,0.9487883958666,0.533488642414047,0.734641168460519,0.0195950873630726,0.819801442755881,0.908876497975194,0.821195330819922,0.833524369575805,0.930178014247124,0.84575072401686,0.902405507967958,0.494581643299729,0.896697869154238,0.381196251990032,0.605377635716359,0.509845040599318,0.49907723345051,0.897261144567608,0.891158456550425,0.382794727158962,0.393808057044374,0.866586341674989,0.817140823484221,0.734780051046073,0.721487056038415,0.268662377331114,0.773681853231552,0.740396020810712,0.902563999186093,0.158078798987777,0.409983237030264,0.614709714205163,0.75846606387517,0.902170512927448,0.904998490162241,0.867106149252935,0.892440201207822,0.858030672486445,0.895135952023915,0.913619736156736,0.933689476730666,0.792877273035691,0.870361359069219,0.78705193233068,0.209683631065761,0.84565061097809,0.746027299170439,0.871689374388561,0.871411932116002,0.324920343104145,0.718174928499891,0.398519543616751,0.526481498278325,0.241746758197065,0.375027604413048,0.525472938314735,0.513889997051583,0.39061304392205,0.193631114220853,0.872932075199307
"18",0.436705514786745,0.0491075617529016,0.387052101931332,0.595784130823168,0.75977153250025,0.855272487452275,0.517782394938221,0.716873080581424,0.156114915312249,0.713675099817899,0.854786899267857,0.78629338573567,0.824656382765811,0.554662809264505,0.401220739966192,0.686503604917197,0.909494995436889,1,0.843126748034038,0.854141457953882,0.831495448020249,0.894778289083156,0.87994124665902,0.552627486279168,0.683035801319382,0.107342416926587,0.706463143630707,0.858031618242394,0.832894045258041,0.853433587781262,0.904736464731788,0.848311585699327,0.886441265486604,0.596299698381892,0.820205508014266,0.300146506843063,0.497297263525269,0.444246496107233,0.435064225863416,0.823648842079607,0.778155053191452,0.390511932935282,0.283853645701571,0.837967307231991,0.757220108174003,0.690127350383243,0.683759286497142,0.206344044693242,0.670423946054577,0.75677379618732,0.854140072862908,0.106971333100488,0.31052449068505,0.638592380023799,0.696511971664303,0.847575791111143,0.864189173095325,0.856821539936709,0.885034801030887,0.823895368947265,0.874659733231736,0.910297794423722,0.871781905586123,0.813206222623748,0.805380860570564,0.735332945407147,0.33502215774663,0.768383148622062,0.679095327725485,0.814021073495673,0.800477298577679,0.397366675264493,0.647350554122878,0.384091339385359,0.51040156431288,0.267983182542946,0.389961679370143,0.433542682064799,0.569689074983095,0.298764798307666,0.332993104511215,0.809883375837885
"19",0.424488470681925,0.100477429535185,0.32491539949208,0.654321748993078,0.686454586716183,0.85761411764353,0.530796282110628,0.721983933039175,0.288727419602463,0.771571204678782,0.863570752450815,0.709751737553698,0.88849595827283,0.508751299779766,0.305198209012026,0.650157622501719,0.91701523253918,0.843126748034038,1,0.759116259661175,0.878626544726499,0.877695189831578,0.936819882216879,0.549942787936604,0.781386614515662,0.113099378883052,0.856829782049332,0.87692448989132,0.766247890137327,0.743163815833479,0.897332931090502,0.791465365840346,0.840043013726237,0.387206641900324,0.877353348343068,0.392733462183829,0.595526419459714,0.462829178621449,0.440846345259368,0.873448098828225,0.872207044229523,0.395272650257024,0.409333231252203,0.800842778174781,0.827636131755427,0.675799937966673,0.679993389029475,0.255299983898474,0.742512623097093,0.695718358620728,0.848173177730965,0.137405217405629,0.435297295144578,0.548537261146533,0.765681509214693,0.85685608434137,0.885689854699092,0.809903864420335,0.849454843036821,0.815373364492249,0.838783131865889,0.831945407169734,0.888971288983312,0.732228574118682,0.831974564493068,0.753225576608499,0.179025077028499,0.802849638072049,0.756708754648948,0.835374107578431,0.839238830040032,0.321001016719,0.735224982041207,0.409861252382731,0.519511277933102,0.240229959384695,0.333622777122136,0.533581391804765,0.456381895569068,0.388503838117887,0.157289464646791,0.830548144576901
"20",0.451001900289391,0.0185765380164143,0.410829491651853,0.486521995626392,0.713454000073666,0.803431685382979,0.492471218992589,0.638956585606271,0.115351617787889,0.63283447367071,0.797215254737686,0.71336784457939,0.71226912679181,0.487502307270236,0.378658855295983,0.596489168747723,0.845846688532646,0.854141457953882,0.759116259661175,1,0.778349883870614,0.823198913647939,0.790267859130729,0.483993065254019,0.603501813659164,0.142438860346852,0.656180659150668,0.808372649995977,0.750003698033751,0.780305264717617,0.806367903103836,0.828842693128046,0.797089615779765,0.598578805194103,0.760059216715401,0.270790233939261,0.435633224759744,0.509256842318509,0.488799840233323,0.754810911073757,0.733410190394204,0.369621657075171,0.238506065141081,0.795145918826227,0.668705172180039,0.590142415880813,0.632493162034069,0.218211985773431,0.613902309700396,0.715733936874738,0.840050247054644,0.0413464862732468,0.271836546606898,0.60031323142996,0.648207319347542,0.781700500996488,0.766419767910003,0.791776741622003,0.786476384202134,0.793744928813332,0.822198604806199,0.850414136206657,0.804588946231538,0.732203523108728,0.74323173196733,0.700806288640722,0.279511555627013,0.734596631782503,0.579794509304365,0.767483804435595,0.748553864474875,0.346319912767034,0.598374240932637,0.286186281681599,0.476600532068062,0.187625497836013,0.351555807286742,0.391927691153943,0.509827687324612,0.306116077772529,0.325089072813003,0.765134774575391
"21",0.443320803163615,0.113805204918254,0.321940262166975,0.589463641843657,0.745954033861609,0.840863319060063,0.53716242605839,0.692391107130453,0.195360115910602,0.731090897997357,0.874524966908195,0.670844586898977,0.825354758940021,0.496869865919221,0.394546006644504,0.664558036997461,0.911903582507403,0.831495448020249,0.878626544726499,0.778349883870614,1,0.869377774798019,0.910729613377368,0.543747078929495,0.687710468735807,0.0942064713323511,0.812692996106235,0.856509227600649,0.762149045964051,0.774258425177394,0.877107479057917,0.790400072370708,0.850308859329916,0.419397358055141,0.850735492880628,0.392755351332314,0.595170329327777,0.488575906916272,0.450725975538323,0.835692797429522,0.864914181737287,0.391280645920557,0.404653803368276,0.824477565735478,0.785245075143332,0.694660309054644,0.663933046944213,0.246672005473052,0.746727174511212,0.684904539604354,0.859341943625069,0.130823082052606,0.367807942226468,0.536597133886508,0.719242456290547,0.844698358393634,0.840073951755275,0.833590448843918,0.846105713971891,0.803811485357017,0.847885885278703,0.848223856941725,0.900239649304157,0.727263194601639,0.841447498574192,0.770176574197421,0.20181027552052,0.814879956362829,0.727623468331174,0.838814081862432,0.803919269518816,0.275004595552239,0.711181384375622,0.35684787283363,0.536607106586902,0.20614683524582,0.317263179437754,0.569016167033453,0.462177634256031,0.386473293045648,0.177519205928735,0.827065126181197
"22",0.468571126685425,0.103039903406129,0.378991794493278,0.632808592007852,0.710319796328254,0.868444295316288,0.522583955551504,0.725437001348908,0.115008844761279,0.769447547163856,0.875730065463636,0.738630324581058,0.853801517814112,0.496255398505124,0.372058273081129,0.690208634105849,0.916760674788987,0.894778289083156,0.877695189831578,0.823198913647939,0.869377774798019,1,0.916025726739814,0.509842956986137,0.675932984685722,0.0178471737364729,0.75894020604426,0.853854661401253,0.810724738498896,0.809911613524635,0.908393203915881,0.816298252011761,0.899391572054691,0.489513620177541,0.861558717965632,0.358994478259927,0.538734635683812,0.455560565797249,0.453237090910765,0.85609329843268,0.836068860902602,0.372723974136472,0.358702374873012,0.851881806412935,0.7839128635683,0.706691595602926,0.68383009323246,0.213470617868186,0.745099279356304,0.677484487247262,0.858408824190569,0.173362269517259,0.408289191370083,0.573859863961438,0.733272285268051,0.864827961518575,0.875123211890854,0.825607502069892,0.86214557784794,0.808490307237651,0.8624936954257,0.869954050275109,0.900789056355745,0.80864926503301,0.841848334261167,0.770163516220588,0.210607767069955,0.808039312022524,0.713953773151745,0.83426765232041,0.825581155582693,0.325137341553665,0.674873212770477,0.396159097294634,0.523250368403812,0.288710661497752,0.349736555085076,0.50658289125382,0.526207118581722,0.368948666361574,0.220061207690183,0.851610119042514
"23",0.454646115796281,0.113209976308606,0.322859314662417,0.682498149774325,0.735921622089272,0.891407182242556,0.559267604642484,0.749518214744174,0.221335453959804,0.8116742553215,0.90612782979145,0.721723051681722,0.90463234158769,0.51410131148345,0.359539025475437,0.699405092003015,0.9487883958666,0.87994124665902,0.936819882216879,0.790267859130729,0.910729613377368,0.916025726739814,1,0.558654390643807,0.764574508453272,0.0920426060726189,0.84963996604616,0.899159153666718,0.802110229999159,0.787718948017321,0.936840185745191,0.804391680141548,0.894673125087417,0.397737946839201,0.89891464242348,0.403273913222056,0.616399864609328,0.471512987871084,0.455781412526794,0.901291842982678,0.898392982527554,0.378093370384483,0.437730129408164,0.847901432244474,0.848039561758935,0.72931301605242,0.71715789416112,0.262716841691308,0.778855924688912,0.695935980488317,0.873293335352309,0.182182459308314,0.444169948943835,0.58283189571449,0.778191348235809,0.901841411418843,0.918229713115176,0.845677034256875,0.883996989185789,0.828208995508143,0.870422157567444,0.882969744949118,0.935966092310097,0.765662695397238,0.875219530380273,0.779166127420667,0.186715332671443,0.828668063122764,0.790414787652527,0.863785596038514,0.863537291066345,0.299194337544046,0.754137900455316,0.403265765228041,0.544342155885911,0.28290699707215,0.346604039708934,0.559542096450659,0.492715393479744,0.427093972999878,0.148985957947415,0.87464400145799
"24",0.212148641986602,0.28259777067053,0.102392924779484,0.27617517833687,0.432412473063815,0.471268303071807,0.476556646280322,0.466420485314869,0.289484213141601,0.532924447541545,0.55441676188599,0.555036792690332,0.496029065892622,0.438450058081536,0.351547653288294,0.354706452063111,0.533488642414047,0.552627486279168,0.549942787936604,0.483993065254019,0.543747078929495,0.509842956986137,0.558654390643807,1,0.605921945487264,0.0962912646309472,0.580409672927049,0.580668706070259,0.616625626059745,0.467809515395964,0.589652578126335,0.567961099825506,0.508014408413953,0.163721930393196,0.517496890079611,0.201343611376242,0.501552067527295,0.396960131808254,0.128976560467939,0.467985786454038,0.468180243554948,0.136237254548276,0.106101665827705,0.523897266610178,0.615348727290414,0.507232553910529,0.342027351564303,0.048593886799593,0.50904879104832,0.562793574720067,0.549477845466541,0.0692251703134938,0.0300069015725528,0.329848123439286,0.528057247797893,0.536473034265595,0.512093936125894,0.59808632151439,0.680201482927671,0.534530263581908,0.565788964280043,0.563135659208697,0.586717209886878,0.492942224427761,0.530743413096463,0.550008293675292,0.338022170689358,0.583735664251555,0.572486984356302,0.587079686170033,0.457155985876056,0.375720207564202,0.552423607168992,0.339651005920337,0.181193483023069,0.0588721756014681,0.151868824386586,0.563116167147367,0.293503127161502,0.217010966444395,0.337789437169259,0.570029628362482
"25",0.301114347782967,0.105645323431222,0.256516470468363,0.495986574199789,0.551270312151306,0.683688763907843,0.445734237484849,0.580108407921066,0.478232140543924,0.605620647024113,0.665455951158816,0.584549742826753,0.705145147344351,0.566372605961461,0.221255432534601,0.386522337645668,0.734641168460519,0.683035801319382,0.781386614515662,0.603501813659164,0.687710468735807,0.675932984685722,0.764574508453272,0.605921945487264,1,0.112605070496806,0.790810048679501,0.790321832857492,0.633814064634746,0.565845602849344,0.751559316686947,0.649103547774995,0.612607029931558,0.268293047111495,0.724390816195798,0.233918262696706,0.534829802187378,0.447200050386497,0.301349933590589,0.706767005468163,0.713860494745675,0.337194232690807,0.2606515948355,0.612943478678868,0.76550589714275,0.505505171248805,0.533571777991766,0.12989149944943,0.618161111653078,0.665929865913136,0.69740339132615,0.0428876228544675,0.252254313848049,0.473221247038521,0.626921709820848,0.68135444439228,0.717492662993907,0.688899923538729,0.732591903856703,0.713099174020296,0.659047549333716,0.665650792517551,0.690008160077639,0.543605365812608,0.654169473765122,0.629235327111786,0.261061043247445,0.641249809485065,0.64642624336371,0.7119430524446,0.69256040849982,0.301112824409008,0.72364778979615,0.266836602035083,0.390873959026347,0.195815338265848,0.311814680815072,0.434907760819298,0.327534019574688,0.326773107458856,0.183274852685181,0.611071369856998
"26",0.0395614705322322,0.146903823870318,0.0919271344252148,0.0790997616578113,0.0546002463177797,0.0116866170072086,0.144908709630066,0.0560556400730027,0.18052865077739,0.154958686299967,0.0155473317584263,0.100387530343001,0.150658280149742,0.064213464865224,0.0016158223709406,0.0197469402486163,0.0195950873630726,0.107342416926587,0.113099378883052,0.142438860346852,0.0942064713323511,0.0178471737364729,0.0920426060726189,0.0962912646309472,0.112605070496806,1,0.196541256153602,0.0291814367511763,0.0651356010982132,0.140173537161205,0.0111756733586225,0.122606256793882,0.0304695907525424,0.329087999828503,0.0589090927555892,0.122115330788575,0.14674572231761,0.0225718149406104,0.066163770260941,0.0407063031709913,0.122787397352507,0.0302721809669439,0.145942208181348,0.0409593914802159,0.144361504030676,0.0885875534203718,0.0160400328607722,0.0157319405039901,0.0740748113457256,0.0501068185082132,0.0295976867096611,0.134684350358876,0.160834344634227,0.047917348559264,0.104524155141666,0.0538732777215478,0.0273520738594837,0.010979328441781,0.0039964501005646,0.0081786982715603,0.044608573210549,0.0882571231774757,0.056202498620226,0.0715233061416538,0.0222338288766336,0.0776243364302902,0.118484982155138,0.0671346695528574,0.177747464149085,0.0480303587482925,0.00141937940621173,0.0852611987627018,0.113151948675228,0.138436822752223,0.0408701212588141,0.0151497230989149,0.13407819034297,0.201475905393002,0.222714374014146,0.0780756821836151,0.206757269834608,0.0291827693072748
"27",0.400058450106686,0.133864846732249,0.236476218743783,0.568919642915934,0.636300545925727,0.781295772994964,0.539393015231351,0.606407038618941,0.385653744881241,0.71352953298841,0.780504669298764,0.622662802068228,0.772898835426546,0.454031896101837,0.278805948949204,0.483887887333552,0.819801442755881,0.706463143630707,0.856829782049332,0.656180659150668,0.812692996106235,0.75894020604426,0.84963996604616,0.580409672927049,0.790810048679501,0.196541256153602,1,0.81568719845584,0.668286011448995,0.596232789084726,0.794853327126528,0.700982022719356,0.705650167045281,0.26023443238565,0.805403920658748,0.333209441718495,0.585661924161153,0.535750000255027,0.41829032770382,0.789030289459574,0.81189160068415,0.352330793402835,0.350776299475943,0.706364526321983,0.804537863866109,0.601614690254137,0.593543452037181,0.224477902665299,0.660943928089224,0.652315482488838,0.795540731219239,0.0242597997388639,0.412299940429892,0.517911857235824,0.723282445089833,0.768714369088124,0.768471476850645,0.738015368693099,0.779198389455405,0.744188425299603,0.756027972168595,0.73026621949883,0.791691333994354,0.591613184052003,0.723284498377276,0.725612292115986,0.173615731630443,0.760455795084537,0.725343002575035,0.783492648490939,0.754063356943741,0.272188201884113,0.746841697160211,0.349513594792885,0.432445278201142,0.168852121411053,0.273550034732419,0.535922373958839,0.379033417545915,0.350062358607538,0.0736907335202968,0.763013238089156
