"","1","2","3","4","5","6","7","8","9","10","11","12","13","14","15","16","17","18","19","20","21","22","23","24","25","26","27","28","29","30","31","32","33","34","35","36","37","38","39","40","41","42","43","44","45","46","47","48","49","50","51","52","53","54","55","56","57","58","59","60","61","62","63","64","65","66","67","68","69","70","71","72","73","74","75","76","77","78","79","80","81","82"
"1",1,0.0404590674932296,0.146807814713765,0.594156790534325,0.535364234770784,0.551244066110759,0.493277208251089,0.170711721826607,0.146758371783647,0.342271454544857,0.543598792685758,0.426048043408938,0.465433949208346,0.138613076536694,0.326910975689687,0.147638343244944,0.651143289240576,0.569114779687224,0.527425403653126,0.57928116457442,0.601257635768967,0.543762650486198,0.585357461243385,0.422923489886795,0.552579302292355,0.281963672697531,0.625020823922032,0.515454752852122,0.463199207381083,0.58450253239363,0.591811091223389,0.594276379898621,0.560713644392337,0.567974674631697,0.579620800324296,0.329925193650372,0.461776063145685,0.617124377676812,0.416878768310865,0.585100466296716,0.484371440689978,0.175716782535635,0.259303810727506,0.598979460398667,0.562269967012487,0.556582732889582,0.337901891933652,0.100242263127321,0.318062839028423,0.562359825974219,0.507406843733087,0.40633341499457,0.358173826352244,0.455755318680373,0.403707172112463,0.538268439964988,0.617589894974532,0.605514778691021,0.579906701733501,0.499042113424605,0.627094975563405,0.550837894057095,0.502304354344928,0.49360046335311,0.598011660052451,0.537460994387932,0.293855321420709,0.506264919230931,0.323386681132719,0.515182120548102,0.221453758952291,0.513709036064304,0.528931647218206,0.248071718500314,0.533840454785659,0.108149760099968,0.300779559390417,0.454060899427316,0.400838953708661,0.437132691667852,0.304973268396126,0.533003116490306
"2",0.0404590674932296,1,0.0367219281758962,0.0286527769652304,0.0511873847055959,0.152654329839423,0.0120970661135046,0.205836181482322,0.266638261956288,0.0300844658761184,0.0421724214889755,0.0721216832689955,0.0135393492952011,0.12942780236769,0.0803732810622069,0.06763783093531,0.030599839043802,0.0393013171114585,0.0873427339842365,0.00816281011783996,0.0176788849525945,0.048142430638936,0.0310863347601099,0.0210903899899752,0.0263232421870802,0.189133009657072,0.104997199451976,0.040325645585892,0.0608192806283887,0.0612003025539748,0.0191222627800432,0.0285927910904533,0.0269399914205523,0.00602033768944271,0.0150519977840776,0.00718438761199786,0.00612462347590229,0.0258346652455788,0.0300146751396307,0.0760992880897817,0.0905032379979814,0.123793469047642,0.226690845628281,0.0208642387904533,0.0905741543707519,0.0382013823705074,0.0179778867814506,0.102902571598551,0.0150324925327377,0.0766112092037761,0.0392244967017954,0.103595788231193,0.0823527268215489,0.0197242865730891,0.106971984913671,0.0434567031025474,0.0208697924422204,0.0234359614726088,0.0528415942640136,0.044179369523794,0.0235507023175116,0.0461492309053171,0.0306967030368916,0.0881568430465493,0.102832728459665,0.0308937800081109,0.144315037573965,0.0683205121639049,0.0514426199765212,0.0405051429285343,0.019880244610208,0.0320120073333446,0.0755304527841168,0.00657204041248991,0.0221202732391639,0.108295464776259,0.0299987228231402,0.000461203180468568,0.0832407382599219,0.00422151144055639,0.0135001991457622,0.0991976327205303
"3",0.146807814713765,0.0367219281758962,1,0.355520538291842,0.316781088864525,0.253353287842747,0.251264263416784,0.0143619854121914,0.0972791415432097,0.173148761696623,0.364617865857532,0.347450863422662,0.404840529024753,0.237586935388237,0.20498583897723,0.0432141140231313,0.332731067975346,0.363657026231303,0.339595867083712,0.364089318462367,0.376005357477176,0.369469385952333,0.3195268866742,0.211116670811077,0.308967014350745,0.165551275609743,0.272334253803099,0.365852562263646,0.389610047589708,0.356587027438706,0.360693093671733,0.375885268079253,0.334329556317697,0.349180957027557,0.342882152837905,0.187267170643769,0.246303754176282,0.301837787892767,0.349920290818318,0.324241041731059,0.211740260306943,0.170599922052733,0.196822148877319,0.316338367393014,0.164425698537968,0.305034737233215,0.209533261890352,0.105426539050338,0.145070522026147,0.358743224060064,0.378759929093651,0.149536500812825,0.103366362739908,0.208343241527984,0.0857930501287306,0.311879558294913,0.315580346887306,0.357748424346378,0.387918756803269,0.385108066684224,0.291976203920779,0.37299386052541,0.404514960701067,0.328513287492062,0.365275607458809,0.373019085836181,0.331477408685404,0.369902912706331,0.173662666871252,0.346855698521829,0.29035399326061,0.336758907045302,0.250441002454513,0.17908768808582,0.313532730457712,0.175709786626286,0.164744570871962,0.350823082686249,0.108202582096351,0.294173061485631,0.296409779659101,0.296841478774847
"4",0.594156790534325,0.0286527769652304,0.355520538291842,1,0.783519487568743,0.72609764186549,0.726854965378448,0.090957975369462,0.292361491518718,0.508060343502378,0.826152734767458,0.692478234227839,0.73613750253481,0.273313196393047,0.53102081843522,0.218288047661917,0.885435255327084,0.804351911696112,0.768351170686943,0.842135792507221,0.86873010365341,0.849029790987779,0.809804739637074,0.552815380810355,0.776884997723376,0.34736681696619,0.840664338845927,0.776237326048937,0.771909086230841,0.822239141083641,0.854595986419691,0.860637716246796,0.821164516981781,0.852851536445167,0.838358939999335,0.423174772773822,0.660584846321308,0.858824023301754,0.670624425998873,0.866932091071902,0.570238762498913,0.488855263502817,0.0290544901666441,0.850640043751405,0.624385616978607,0.807100145920713,0.528622953982716,0.288270514864673,0.359446353413301,0.828888514700439,0.796468359172605,0.534824547681316,0.481947750568447,0.640449469597968,0.477825668616952,0.756689645497814,0.850232525201135,0.839762927785431,0.865397506932257,0.818241024367055,0.845486143236605,0.831530946219924,0.793620636060916,0.756589794585228,0.84954201520563,0.813603864300328,0.514177738326161,0.764328281974676,0.383655234567742,0.814272975521113,0.496410967528877,0.781521959720642,0.715530265907507,0.38611986643428,0.76886702657716,0.228533983417765,0.608341570067901,0.744046688473207,0.604605201311718,0.63456758341047,0.513759822138532,0.816199211130457
"5",0.535364234770784,0.0511873847055959,0.316781088864525,0.783519487568743,1,0.753741625182753,0.65645252419432,0.0211285648083428,0.225428538381619,0.503726687171885,0.788509299265307,0.66624903421156,0.68267443099042,0.303947457325485,0.534793905045193,0.0340912897338795,0.816340405843198,0.812951408789717,0.717824365546304,0.824262623686194,0.805631024984454,0.810802640541785,0.805747964662601,0.585911465334714,0.721435121311487,0.292743709952416,0.782439645553048,0.772131683537523,0.718832666082749,0.770904340897594,0.794259185571599,0.827138651271269,0.769953056934435,0.795824339621556,0.791367582897708,0.38974764665629,0.578811208816336,0.820308159089952,0.606090592274796,0.751166841893759,0.55170970247805,0.472784307101981,0.0229648198388699,0.801714412605515,0.646970636765828,0.750060877805915,0.487341653798292,0.248709952090785,0.294967059176139,0.800959427822501,0.729947262420191,0.561729554543874,0.362454631501451,0.601987051477,0.510355547103788,0.745860466623346,0.789183263483025,0.818909327301835,0.802446250416231,0.791376346567594,0.840368265865835,0.830018083327898,0.743408714807884,0.645812637692012,0.792412253029042,0.75200874144519,0.43947836814395,0.711998117668667,0.468857296393654,0.743196931549345,0.424508440547727,0.713142951161117,0.700122964750183,0.330755849875555,0.655590013756149,0.155308409348654,0.590161781985773,0.669968855111668,0.467296804870545,0.566548201278849,0.490103094308554,0.807544613291345
"6",0.551244066110759,0.152654329839423,0.253353287842747,0.72609764186549,0.753741625182753,1,0.673398601337475,0.157983795235083,0.095971230770519,0.466411675845039,0.755328672595768,0.685841879631703,0.673620887171835,0.350096030713241,0.571335774887577,0.0784643902190204,0.823314514300452,0.827363816925659,0.724477875183569,0.797862263302494,0.797379247275142,0.757312586119789,0.802229271502516,0.559105598952316,0.744111752269806,0.37028082897568,0.812747171658115,0.776933239801788,0.740576694268145,0.806259967284335,0.800583446268686,0.787928606791162,0.7359894423322,0.798824554670819,0.788072084296119,0.353151715212718,0.612519048366234,0.770862302047496,0.570593968844308,0.793172207902787,0.596243832053682,0.439058282174513,0.0682904586103273,0.769045761851553,0.660400842158038,0.692843132990035,0.465936195471013,0.191683833784508,0.345179135255697,0.834053809588042,0.71605443401666,0.5050212004358,0.354425220127108,0.593407322491613,0.552074252529856,0.692927066300479,0.797593757462381,0.787027813048001,0.821264163603373,0.787540809409701,0.814793766426472,0.798756898119042,0.738889694523714,0.686571383406726,0.802487543172389,0.683691926806707,0.473766927189118,0.706119884788939,0.451704016557014,0.732735698572879,0.429783568772325,0.702518116372912,0.652960294259566,0.294693582755304,0.670024407794994,0.20253716478857,0.554793088120026,0.660265585312164,0.414592678825912,0.532451975805607,0.421925535848207,0.719239572675789
"7",0.493277208251089,0.0120970661135046,0.251264263416784,0.726854965378448,0.65645252419432,0.673398601337475,1,0.0484254519641286,0.312303256806592,0.448065582130168,0.745884948058981,0.587457249712877,0.653983012524594,0.201380928761293,0.432799036866703,0.190468158816935,0.775231797822452,0.709855828905436,0.667999535031356,0.743243716234758,0.769518627518057,0.728790009352252,0.708046519257077,0.465173585754346,0.728264650659795,0.317391234807451,0.680942002095224,0.714284483675412,0.645026821196115,0.738417594853281,0.73018942326805,0.75641863983571,0.725784083676908,0.728146360707113,0.691445814428146,0.35966344031506,0.536538625963288,0.72550020710505,0.656188473639868,0.757695473368049,0.50446600604748,0.444364396956271,0.00718029797327132,0.762849307688947,0.54420990398118,0.65462302553118,0.468931057864578,0.219004771608919,0.386930890669479,0.760163717660734,0.731549408019503,0.450261494390788,0.450035436896251,0.58047005569583,0.445780485323411,0.687545005871336,0.75284499947769,0.740644848061342,0.763687866216936,0.700744232882074,0.73956152100861,0.744244120011982,0.710566297071033,0.672935591513931,0.73606839010791,0.721459346587877,0.442809613681949,0.673317451847052,0.37889182865863,0.738998743335193,0.426167017681679,0.696825954651927,0.621687967844719,0.305506659614415,0.681822209377579,0.22850074605898,0.558363894508995,0.616558620067963,0.443818558069861,0.561055317690125,0.440308813517661,0.680680628388905
"8",0.170711721826607,0.205836181482322,0.0143619854121914,0.090957975369462,0.0211285648083428,0.157983795235083,0.0484254519641286,1,0.159100548649854,0.0961544973231298,0.0389037315645302,0.026762756100347,0.0660924998367088,0.0345790607203977,0.115941059186342,0.0626924974030191,0.127944583790473,0.121913951740491,0.108936533584692,0.111907335865764,0.11202366068793,0.0131728424805172,0.0899525342663418,0.022944457639119,0.0903452025362997,0.151500188018871,0.210701196296641,0.0860416154117116,0.112507611189646,0.0834028170310798,0.128155009975207,0.0853870221190289,0.107420589209805,0.105431267760454,0.154248121674294,0.0115915281651007,0.0288580351868383,0.0888300289004466,0.0387705573521324,0.143010256512583,0.224676559313628,0.0965596686947759,0.279102731579822,0.032216607602465,0.222924279700096,0.189155776289343,0.0113606836179878,0.000333430190841156,0.0137137306345967,0.103815666586665,0.0150331952956292,0.0042321132002683,0.0306918714269722,0.0291048236570802,0.25392639456345,0.0222985626699277,0.153289513269008,0.100561125165368,0.109625336621484,0.0321619765293762,0.11699686040568,0.076687639445118,0.0660361258887611,0.184325719602035,0.128188179250731,0.0231764782429676,0.10296062170721,0.151738995387531,0.0447639111824588,0.0930955713065855,0.0509895677644349,0.161294414300737,0.0319195453215285,0.130219786241692,0.114360947347443,0.011477937225589,0.0442799263971867,0.0945076448271279,0.112719617573036,0.0396690352851619,0.0138701016136641,0.0215218830278744
"9",0.146758371783647,0.266638261956288,0.0972791415432097,0.292361491518718,0.225428538381619,0.095971230770519,0.312303256806592,0.159100548649854,1,0.189079445627158,0.340121654843695,0.176169745289518,0.248737351827294,0.11116068824482,0.139775383979755,0.200076000447496,0.267087964039025,0.20933180811992,0.204197588589155,0.272451838293746,0.272552004094979,0.303787882841658,0.232797282521655,0.142716616776205,0.171400363994599,0.0416428996406963,0.0858989693014867,0.246058246221217,0.104495074676326,0.271094693258325,0.245075134829907,0.269648213068887,0.325405245827258,0.245553745886164,0.152969480706664,0.155800830284768,0.239995450340762,0.275235635188992,0.301693934668925,0.235233453865219,0.117993792430084,0.16107359873459,0.0668821694625253,0.350921124662511,0.0604433705160351,0.247041858633203,0.14538875871027,0.160019660515123,0.185259691980688,0.224469304164493,0.313710509828982,0.13262878319068,0.178683891067742,0.280908419026716,0.14578400223178,0.336023842062398,0.270744031285314,0.288971187723627,0.186691860161283,0.223148478531844,0.22283193089667,0.267045790917204,0.245877142708807,0.220599611144382,0.186508951626818,0.293190102684781,0.0832926199645801,0.162901105381303,0.0920177315031084,0.304903809048161,0.165024822050307,0.277031428388544,0.243854189418501,0.0536142970659368,0.280059123328215,0.0469202888504012,0.295960126765651,0.242425623034812,0.30854187257171,0.237810683530797,0.182367531178431,0.335739513512218
"10",0.342271454544857,0.0300844658761184,0.173148761696623,0.508060343502378,0.503726687171885,0.466411675845039,0.448065582130168,0.0961544973231298,0.189079445627158,1,0.529077782768552,0.462297184921299,0.522764071958,0.0682994057992983,0.488780351461517,0.0128861936007415,0.552502431536144,0.563232594015799,0.5116001571493,0.548671387856681,0.552834554179817,0.537924295832423,0.552071678338172,0.457212902839413,0.427573530955783,0.202614737932988,0.503102559196496,0.545036729039247,0.475647221050803,0.509439999753789,0.535495471311314,0.55762194176614,0.591156976563917,0.535629785597779,0.512278768928282,0.217945266787988,0.341690287175872,0.528900359988631,0.397804336654772,0.503853513984375,0.454960613024475,0.271163359696832,0.0166683949406112,0.529098195140855,0.418327968716977,0.548099964000664,0.365539988015721,0.12010411894309,0.211412352040872,0.530725555310861,0.531619495905755,0.332581007473212,0.197511550026793,0.426870651985015,0.476318870215487,0.571725830982137,0.586601843695132,0.562563362598005,0.52046108974987,0.520196415696961,0.566519964910979,0.556730641634114,0.54314164109618,0.448744736623979,0.53507749347257,0.476091621257187,0.419026305134753,0.478891451226288,0.355187637257953,0.495693165425984,0.304711705183415,0.531196368885308,0.447263140596831,0.273297269948014,0.430152147829185,0.158467809536685,0.377833211446125,0.412823165179675,0.333479797462502,0.38580863556216,0.398462341133489,0.583502379594327
"11",0.543598792685758,0.0421724214889755,0.364617865857532,0.826152734767458,0.788509299265307,0.755328672595768,0.745884948058981,0.0389037315645302,0.340121654843695,0.529077782768552,1,0.730779709396285,0.783293309129007,0.30914281074505,0.589064724629726,0.140883710227056,0.88874243920284,0.857754189583698,0.799415465537909,0.878950495406448,0.870526859981761,0.880450576288152,0.861729224736029,0.600049063935328,0.788633198078512,0.351189704253049,0.791099234930378,0.848417169559749,0.774321370315696,0.851479398399935,0.867935873500899,0.893738904608753,0.872386871716689,0.845365502691818,0.809948128106192,0.417682793037337,0.633468554404212,0.834478039795826,0.689707106746987,0.842130012796182,0.6096436861417,0.478543263677882,0.0159442241684053,0.867549935888039,0.681597232503903,0.781931618786242,0.48541705378518,0.2653045014649,0.414058809455199,0.872868830147287,0.846788183831492,0.58290491483962,0.412297949676593,0.681634635688706,0.572366138815992,0.822995556864772,0.870409882972,0.875506710979598,0.8671867854608,0.850436233644595,0.867841501952238,0.879997709353723,0.830578817489404,0.754448772184371,0.850712481953617,0.792171467678654,0.54928129919153,0.789800538765852,0.467654702997985,0.843177419316942,0.541343469510256,0.780415416651751,0.752971291019728,0.353160630326024,0.749582387915155,0.238529312031792,0.581712123881274,0.740186570218585,0.499437330563012,0.601628345981595,0.562337057198656,0.838049357134004
"12",0.426048043408938,0.0721216832689955,0.347450863422662,0.692478234227839,0.66624903421156,0.685841879631703,0.587457249712877,0.026762756100347,0.176169745289518,0.462297184921299,0.730779709396285,1,0.690196450772507,0.371802344511664,0.557655593418732,0.0837156047262944,0.760482317303893,0.780187558459472,0.725003999083011,0.744129547404849,0.74178135055666,0.75246213821174,0.758119762645602,0.559391283178741,0.68743518710995,0.360550988348699,0.711520390499729,0.760661758868656,0.710183917530316,0.756241167772321,0.746601888726693,0.760639048936243,0.719766577576198,0.745963202946709,0.706508798361769,0.346205937457035,0.574878576230407,0.702763869248467,0.550008709555435,0.720271538807108,0.538179124614282,0.426183666626424,0.0805224663667653,0.723613854374178,0.561243581216552,0.681225288534269,0.435676024516661,0.170589732845039,0.348978703922418,0.76543018676309,0.714735551564342,0.45974910892579,0.299215089916705,0.551976604796003,0.453493147495606,0.674553696139421,0.730511337081194,0.742549255508082,0.776283973917738,0.765086660204994,0.736838118139594,0.747113277720057,0.733755837886357,0.636540952418066,0.750837544804579,0.689776134433202,0.543734023171879,0.694546986625983,0.380203114756178,0.685871950021281,0.47115156656103,0.670528985541478,0.62632973205121,0.359780074397092,0.575663127824806,0.253344366191576,0.526556516153118,0.644085764597245,0.439670471184658,0.536816407473922,0.547942061610048,0.704476157160698
"13",0.465433949208346,0.0135393492952011,0.404840529024753,0.73613750253481,0.68267443099042,0.673620887171835,0.653983012524594,0.0660924998367088,0.248737351827294,0.522764071958,0.783293309129007,0.690196450772507,1,0.294199691493009,0.545753921580437,0.146990034335143,0.815328439209461,0.806124511168378,0.754845040774685,0.796468373129116,0.806567908202094,0.810237324277738,0.800267150698743,0.531746300272193,0.723410106052452,0.458610003054538,0.69187991862081,0.765543683390599,0.726892361587292,0.804562426806115,0.81806812585391,0.79204722371362,0.809961664757501,0.775216904014384,0.734340126650549,0.362450818571929,0.583971503420245,0.712183627501387,0.671351235040237,0.776388367545281,0.599187862473761,0.381119144594712,0.031866527743726,0.772244158159688,0.532014851101373,0.724817321710171,0.488103569299706,0.303456096245903,0.387282575192321,0.81579461584758,0.801709152062291,0.467876908082907,0.417780658710144,0.640995274985216,0.495809629583898,0.735051918261953,0.795510789249083,0.785843417351123,0.816959068710432,0.801816425560366,0.778867492033115,0.811324415357822,0.825516275516997,0.760619983910119,0.784171835344505,0.694358354582608,0.542343241717391,0.721442430661171,0.423246029218036,0.743938657363722,0.460762217769572,0.782920095742139,0.650934163021224,0.34938827250155,0.720898438751065,0.330239352480565,0.476256846427227,0.689137327145464,0.446423592912651,0.557520908238467,0.5018134909137,0.74655529293493
"14",0.138613076536694,0.12942780236769,0.237586935388237,0.273313196393047,0.303947457325485,0.350096030713241,0.201380928761293,0.0345790607203977,0.11116068824482,0.0682994057992983,0.30914281074505,0.371802344511664,0.294199691493009,1,0.185304511642501,0.0929855425820675,0.349975562841068,0.39251422761262,0.315796679114234,0.335001069783186,0.301540049156208,0.357936377900523,0.357935425266321,0.182018725563672,0.365832725933303,0.0928082442490569,0.387054743952195,0.372606251221015,0.475290671091495,0.397586123080451,0.38933414449492,0.33675819302391,0.19995156289329,0.379069620595154,0.349019391645902,0.194204696181211,0.21108999968509,0.273958247696917,0.157267034740324,0.334112448757546,0.146716001177169,0.278258156881564,0.12222308982759,0.312193481644887,0.295075546534899,0.220144653642235,0.0777743563512499,0.0330841228015309,0.156713032163823,0.3515123521411,0.294703149930638,0.21393130263953,0.0970694045619472,0.182148807464402,0.0437826464878558,0.174396076912778,0.254812638248857,0.299730205166798,0.432469525616016,0.41690275928409,0.29460263953228,0.299601074821373,0.316150758446678,0.265784946129938,0.358651838979165,0.299379313974347,0.17509325575422,0.3742841257574,0.0501155719220242,0.309326233548269,0.190509742620657,0.193749447591867,0.247096950643515,0.210862097583781,0.218681940563895,0.0119348430739629,0.134413650309863,0.288196815754644,0.0158922529038702,0.150877446080705,0.210459843057622,0.19591902964221
"15",0.326910975689687,0.0803732810622069,0.20498583897723,0.53102081843522,0.534793905045193,0.571335774887577,0.432799036866703,0.115941059186342,0.139775383979755,0.488780351461517,0.589064724629726,0.557655593418732,0.545753921580437,0.185304511642501,1,0.0233313404786207,0.617447962562518,0.64316472318422,0.597852380238912,0.608344038917099,0.620365338532705,0.597625069810004,0.641383259535724,0.50288192275152,0.489969191583129,0.26567964318066,0.57878442374902,0.621393193565398,0.558272201974804,0.618713087075071,0.633350954224051,0.607938178747343,0.637768179682772,0.59183310674687,0.591653678472292,0.189525647311307,0.473744370841604,0.570604192473193,0.440629311463365,0.569379844952612,0.582622711982394,0.310753359657955,0.0324085285415534,0.556494606524992,0.459778543445669,0.612110721245353,0.356341799777891,0.231005527395158,0.175953974502871,0.6248010340296,0.578387766575464,0.338832785477727,0.237786016486217,0.421074655374191,0.522549157611702,0.576884657564456,0.64031069437273,0.600632220979562,0.600955980666673,0.613487808936227,0.622710430510882,0.648055006712863,0.614619224082204,0.531252483720369,0.601222590721625,0.4915285365054,0.468701769906504,0.513685356494358,0.351287341718762,0.587679212061299,0.382561718010618,0.620230089378546,0.455484648037212,0.242211637029629,0.497724087980162,0.139899214220377,0.402262737610062,0.569542747883979,0.390269367717411,0.3536028348993,0.445801571392245,0.619784179302921
"16",0.147638343244944,0.06763783093531,0.0432141140231313,0.218288047661917,0.0340912897338795,0.0784643902190204,0.190468158816935,0.0626924974030191,0.200076000447496,0.0128861936007415,0.140883710227056,0.0837156047262944,0.146990034335143,0.0929855425820675,0.0233313404786207,1,0.162919097679415,0.0395370659075168,0.120055306422143,0.114893298358325,0.138351407921708,0.131672492643721,0.0615416448525271,0.107788192924553,0.140669787089815,0.0951061874131423,0.0951586115466126,0.035472479626368,0.0677023072769639,0.144536741302214,0.124286361801179,0.123129219923871,0.170180525489333,0.138477463539837,0.099089836783467,0.118960044286317,0.151653781081042,0.0926770021073852,0.209327176360605,0.176921433555348,0.0294044889373222,0.0109870148469214,0.0242201140708985,0.174000936633233,0.0631433236746936,0.105123124356109,0.0437161701573886,0.130384716469351,0.149898291153447,0.120995780687615,0.158263161246646,0.037705223358309,0.26299091302285,0.174505465595051,0.0158353644730781,0.0927372392689255,0.133362596371948,0.0709929977846737,0.131558171552014,0.107927758159124,0.0863892639759042,0.0746516677123518,0.150527150026244,0.255282383138792,0.130548928075553,0.140773631912051,0.0287308009557981,0.13951365592322,0.00735137535927409,0.129017815061159,0.0842026578802288,0.0986702395641825,0.0936760277740073,0.0317045057201274,0.214103333565458,0.218422738608583,0.042912389752529,0.163427132036525,0.174152719481669,0.162194248543095,0.053955991033374,0.0805845576290087
"17",0.651143289240576,0.030599839043802,0.332731067975346,0.885435255327084,0.816340405843198,0.823314514300452,0.775231797822452,0.127944583790473,0.267087964039025,0.552502431536144,0.88874243920284,0.760482317303893,0.815328439209461,0.349975562841068,0.617447962562518,0.162919097679415,1,0.934829650229381,0.854589944493056,0.92756773382752,0.936408435827771,0.901487792801523,0.919512769025777,0.633258934791146,0.871416430932676,0.415422468596107,0.895146567962144,0.886692867253105,0.830737313464292,0.931446365220801,0.953210808150885,0.93412047988077,0.893178815186703,0.92547749171027,0.89962073776641,0.450892268433401,0.68744064734383,0.88913243415711,0.71356128888514,0.923875752633877,0.70350683346026,0.466599939859658,0.0983687916565625,0.919348227365625,0.756242314139769,0.85314225355227,0.520489191409896,0.241721041934334,0.471265386356718,0.934372565143638,0.855650166728113,0.61018607363326,0.48536005111112,0.71042310380091,0.60200714342382,0.841173644379166,0.940801905681789,0.92730098154749,0.950133668217933,0.882854295979832,0.929292612353133,0.916378423752285,0.874542191738077,0.82576415237166,0.931178120638377,0.842529089690273,0.52951879238283,0.830929643234447,0.453794224247979,0.868946997360633,0.521544621272385,0.846874237271968,0.78539772600995,0.416465252122202,0.822995510195685,0.236809398974064,0.57798818713254,0.777003693650489,0.546851095385042,0.627701402841056,0.541289666868034,0.860159778030923
"18",0.569114779687224,0.0393013171114585,0.363657026231303,0.804351911696112,0.812951408789717,0.827363816925659,0.709855828905436,0.121913951740491,0.20933180811992,0.563232594015799,0.857754189583698,0.780187558459472,0.806124511168378,0.39251422761262,0.64316472318422,0.0395370659075168,0.934829650229381,1,0.842421114983117,0.902587552530989,0.901906106460448,0.879470758972264,0.923464453340011,0.676669843425316,0.812603596109219,0.386698399777108,0.859346377092406,0.902623790452608,0.836313829385663,0.917299877704307,0.935232219826144,0.901886891599429,0.867854653059456,0.894130622994795,0.870919234103613,0.399222703841225,0.637895283134537,0.855682114537986,0.671935232827189,0.872388755686218,0.723962470560986,0.46718301950557,0.0195881653481084,0.874853438292567,0.705618349611661,0.831058036593257,0.500983595221925,0.248350883132105,0.421214645402349,0.921259497543012,0.824121458367158,0.586550801730536,0.35922895717395,0.667218582368011,0.617857854824389,0.826138501062727,0.900785199683046,0.916146965487104,0.917591811002462,0.87782912943436,0.91269604284606,0.918917116243418,0.865465449214147,0.776830200003794,0.897023284918009,0.79121283828479,0.546861362892686,0.793742469294115,0.47286045719929,0.842721073783839,0.530142613382014,0.838880143487765,0.732453630050137,0.425377466377971,0.756396959100185,0.200097757542672,0.582449391305042,0.767830595368305,0.483310755719495,0.568079894596226,0.569843782348663,0.850758002104395
"19",0.527425403653126,0.0873427339842365,0.339595867083712,0.768351170686943,0.717824365546304,0.724477875183569,0.667999535031356,0.108936533584692,0.204197588589155,0.5116001571493,0.799415465537909,0.725003999083011,0.754845040774685,0.315796679114234,0.597852380238912,0.120055306422143,0.854589944493056,0.842421114983117,1,0.828215502126813,0.844346098490197,0.813288520426426,0.832112524095831,0.578379844201235,0.760206607861742,0.419631131724833,0.781230583242265,0.804972395875344,0.758669712343958,0.831647421017623,0.844881842615106,0.821071868695475,0.828298023086236,0.814472591849104,0.779488456987527,0.377355083305477,0.594150584698405,0.760011634231272,0.670720676549662,0.817103342259261,0.658732098809509,0.391054033429359,0.0236183640830312,0.808053359271181,0.60279089952134,0.781348683826645,0.491041961022561,0.258150737249871,0.370827671556397,0.841033800826645,0.788801685090584,0.465932913590829,0.41065543940242,0.641601291175162,0.548262866606141,0.771901373535368,0.826339158690591,0.823338758448112,0.854996801300771,0.804261402727416,0.820012977119837,0.829072297591187,0.825075250943758,0.767757236480586,0.828812677154184,0.717821218042084,0.530102495555469,0.748235724742029,0.415022360762884,0.771035598061591,0.464970689685621,0.799685653393869,0.645526425187787,0.384481426136641,0.713691468492127,0.277329836702795,0.487288566589246,0.721145701251618,0.43182451727081,0.562516849870735,0.529996861710172,0.751303345647448
"20",0.57928116457442,0.00816281011783996,0.364089318462367,0.842135792507221,0.824262623686194,0.797862263302494,0.743243716234758,0.111907335865764,0.272451838293746,0.548671387856681,0.878950495406448,0.744129547404849,0.796468373129116,0.335001069783186,0.608344038917099,0.114893298358325,0.92756773382752,0.902587552530989,0.828215502126813,1,0.906812408402776,0.898861830606283,0.889558710488555,0.609526189512276,0.804115730511359,0.381547608343613,0.856730453636695,0.870798788840533,0.827680893197281,0.874412138235934,0.913628057646752,0.897479283014134,0.876597859720814,0.883034579455127,0.865781723497314,0.4226576723099,0.668595908898563,0.861995376626074,0.662913831257577,0.870062309927599,0.689010980799138,0.483013434366865,0.0299135337267181,0.877734497213613,0.704220717547706,0.842103177720616,0.52887058683834,0.272937571878003,0.396900636799993,0.893423571109437,0.844537380248065,0.541660582279108,0.434455817866624,0.694146002279307,0.586872444309354,0.842132154888009,0.902963825381093,0.907776014367591,0.903901264370068,0.872665042716207,0.89734898283471,0.907357078235888,0.834654520955276,0.774011081899748,0.88729546486761,0.801967179600181,0.556720043386237,0.839590542036578,0.462567368593402,0.854949246622894,0.529389235479996,0.839982691289764,0.756696197918762,0.370151124153469,0.765100956654298,0.218866468207076,0.577579581929546,0.762342674515307,0.524645425189984,0.630196472685311,0.541232480054775,0.856973402996485
"21",0.601257635768967,0.0176788849525945,0.376005357477176,0.86873010365341,0.805631024984454,0.797379247275142,0.769518627518057,0.11202366068793,0.272552004094979,0.552834554179817,0.870526859981761,0.74178135055666,0.806567908202094,0.301540049156208,0.620365338532705,0.138351407921708,0.936408435827771,0.901906106460448,0.844346098490197,0.906812408402776,1,0.887096960162368,0.895439131270956,0.615628720688039,0.828671195761733,0.389671833108265,0.852575662453724,0.874292615788478,0.819742085110786,0.896487151873068,0.915522298255277,0.911647500915471,0.890121157848278,0.896706438953511,0.873146727967229,0.423801056033764,0.677651969122793,0.870226782480908,0.707103115184938,0.887866718302679,0.690983113803293,0.474222702085263,0.0197298260311095,0.886749352973634,0.664740315829457,0.838083807272022,0.553572024389079,0.270014106479568,0.419203570304625,0.907836835817701,0.852437382211264,0.574155296453857,0.446081009134119,0.697211241176425,0.581774869345109,0.830807132265839,0.913935869631845,0.909833560653375,0.919078722435216,0.871359757929144,0.901859446365752,0.906024610344074,0.868857097931175,0.800403552391204,0.891069747724476,0.825373300441827,0.542516384208857,0.800639619688689,0.416428745578311,0.866693001018824,0.520096081179685,0.844417233912066,0.759681854579844,0.390845291772506,0.80679014916166,0.255786288211382,0.599806573547701,0.788182481410123,0.539352536600603,0.621481192205787,0.551907323270921,0.847986562639515
"22",0.543762650486198,0.048142430638936,0.369469385952333,0.849029790987779,0.810802640541785,0.757312586119789,0.728790009352252,0.0131728424805172,0.303787882841658,0.537924295832423,0.880450576288152,0.75246213821174,0.810237324277738,0.357936377900523,0.597625069810004,0.131672492643721,0.901487792801523,0.879470758972264,0.813288520426426,0.898861830606283,0.887096960162368,1,0.89467325566871,0.615021588583959,0.790553600164268,0.374996474098216,0.808487744091076,0.85143520776712,0.808352428176845,0.875624426186211,0.901296195540664,0.892207736822176,0.878378984834821,0.858964028603812,0.838169032558996,0.447264251334091,0.645577256099179,0.849602072948983,0.687770659869619,0.858797647691891,0.635290126918159,0.50189960953232,0.056822218878276,0.87590664956589,0.650367165192247,0.831434029582784,0.510914770109079,0.323890120841103,0.372898456282999,0.880270773769958,0.850543803267167,0.571358943833538,0.452258486683952,0.698817112102915,0.524189993550232,0.826248650099862,0.875818475189571,0.894888109957019,0.891123090449768,0.881184945405449,0.88622040740756,0.894081005093886,0.851952927948304,0.739864044317395,0.862563969609642,0.805448605267876,0.526507067866026,0.793717345729618,0.463444200675833,0.83623523426129,0.505991469316071,0.796625735460867,0.764346423777621,0.385087304011085,0.753608858298018,0.240509405531137,0.572268716820931,0.767448449037323,0.535712384542697,0.591950814628348,0.570148646735694,0.866126345358703
"23",0.585357461243385,0.0310863347601099,0.3195268866742,0.809804739637074,0.805747964662601,0.802229271502516,0.708046519257077,0.0899525342663418,0.232797282521655,0.552071678338172,0.861729224736029,0.758119762645602,0.800267150698743,0.357935425266321,0.641383259535724,0.0615416448525271,0.919512769025777,0.923464453340011,0.832112524095831,0.889558710488555,0.895439131270956,0.89467325566871,1,0.700547260118133,0.797223558863263,0.388534429948799,0.845972145133202,0.872032134472533,0.788802446745083,0.892694207308863,0.92033560851581,0.904867967154998,0.877264183700417,0.85494677261224,0.858996228785961,0.41195132242221,0.650377928413642,0.858155790379234,0.659942408567776,0.851092300465461,0.735448077940787,0.451423630082034,0.0554210494680835,0.871462100066048,0.712353919516939,0.846426269875289,0.47829456497818,0.239062575033584,0.369298750580567,0.907325288936778,0.812670513104094,0.603246229479126,0.428376129334418,0.678666775610697,0.642185093114355,0.842568038002535,0.910316091515106,0.903955745716799,0.892505029660156,0.866328255081006,0.912021032459573,0.910607789443179,0.852132305438854,0.752598462671588,0.880567325475136,0.773890555176892,0.54468983394902,0.778311766976738,0.496161452043684,0.822673407179374,0.456743139016794,0.815743746291064,0.759656591776821,0.376454862453524,0.753525316239995,0.18322255222201,0.548531090918268,0.755070588644355,0.516636288025899,0.59391739316292,0.548338152200683,0.876065347676259
"24",0.422923489886795,0.0210903899899752,0.211116670811077,0.552815380810355,0.585911465334714,0.559105598952316,0.465173585754346,0.022944457639119,0.142716616776205,0.457212902839413,0.600049063935328,0.559391283178741,0.531746300272193,0.182018725563672,0.50288192275152,0.107788192924553,0.633258934791146,0.676669843425316,0.578379844201235,0.609526189512276,0.615628720688039,0.615021588583959,0.700547260118133,1,0.521325060825612,0.291563563193525,0.59277631686805,0.674180728698976,0.524968180515394,0.590390409755127,0.624439179884905,0.674854818746523,0.629600849599637,0.59241383336243,0.607750189839958,0.254226112172049,0.465138165042572,0.647496199072061,0.411248722076786,0.549248827063162,0.53164302996192,0.324051595857032,0.0416599069835882,0.621496039243133,0.529039657758877,0.598109689755307,0.399153620305632,0.0584426877093655,0.247984412023519,0.617638366277684,0.533872876145884,0.529292433384914,0.21116483215752,0.417455737870295,0.546347519189456,0.662414028636721,0.667368953477895,0.686975021481618,0.590183185326352,0.577953015024724,0.69351215244885,0.675107953926877,0.591131332839311,0.430228147036728,0.602523719965254,0.544472179755476,0.433474748441244,0.472158652663148,0.418868068843948,0.561862660429472,0.29747880724116,0.54248107454787,0.571653615787234,0.220037922616309,0.4705276716277,0.0103740383456675,0.423765165855886,0.477969561419409,0.421579622033138,0.402140844757854,0.484830766638759,0.679596125584416
"25",0.552579302292355,0.0263232421870802,0.308967014350745,0.776884997723376,0.721435121311487,0.744111752269806,0.728264650659795,0.0903452025362997,0.171400363994599,0.427573530955783,0.788633198078512,0.68743518710995,0.723410106052452,0.365832725933303,0.489969191583129,0.140669787089815,0.871416430932676,0.812603596109219,0.760206607861742,0.804115730511359,0.828671195761733,0.790553600164268,0.797223558863263,0.521325060825612,1,0.394704803500791,0.806536196165267,0.775404004310757,0.765144440201432,0.811641699680667,0.83219223409605,0.836268689589136,0.749582838851489,0.845675359447719,0.807553069001507,0.433573764741835,0.609560776214666,0.778955951407854,0.628394052765096,0.833290154876728,0.551811496518642,0.485940528399944,0.0386435652148848,0.819795777217574,0.686864405439172,0.708007104219228,0.458208088956147,0.167870318632112,0.476911380984944,0.852384130362185,0.748340355179305,0.595961561192805,0.410970319297651,0.61928029338443,0.480324454829234,0.714073167648191,0.837682527691795,0.817332260886867,0.875652392445251,0.783748555042074,0.82983436016445,0.817384956581412,0.767830424523294,0.741346756419412,0.835631548615459,0.764667212772164,0.43597754276818,0.772823390216031,0.36963140046348,0.792697153513447,0.480883559178527,0.73066346205596,0.705120791767466,0.355587684555028,0.72040609666116,0.153517179623615,0.530782141320916,0.688041772362242,0.419055035938232,0.566694007849095,0.445421780332857,0.733355011268993
"26",0.281963672697531,0.189133009657072,0.165551275609743,0.34736681696619,0.292743709952416,0.37028082897568,0.317391234807451,0.151500188018871,0.0416428996406963,0.202614737932988,0.351189704253049,0.360550988348699,0.458610003054538,0.0928082442490569,0.26567964318066,0.0951061874131423,0.415422468596107,0.386698399777108,0.419631131724833,0.381547608343613,0.389671833108265,0.374996474098216,0.388534429948799,0.291563563193525,0.394704803500791,1,0.419194286940407,0.364603590215486,0.35026346085667,0.35319481216689,0.374329526388792,0.371459947739998,0.376499221268614,0.34229799427761,0.358393944799019,0.184795142511965,0.325631898035884,0.303232574945022,0.349507289066121,0.41796599908316,0.358063626514878,0.126877328811953,0.0638070831661084,0.349630855664582,0.343399545790599,0.386141099772686,0.224758280341693,0.240087696774102,0.193210311922834,0.415529497563534,0.323720778579026,0.179957812326792,0.289570998230145,0.307892960611282,0.325805130800426,0.359769393414592,0.401469544621548,0.355721138155457,0.449433848574323,0.394473056380321,0.406965691914654,0.3928594532178,0.438520556356429,0.40810931923319,0.434171287113496,0.318697459332638,0.299486960884593,0.423720533006129,0.238336876864947,0.298120785167477,0.117592194894591,0.408366491296262,0.29156256505028,0.161007309722195,0.335403952626632,0.242200386960396,0.128493085611641,0.299300170181469,0.146959719947697,0.30691061840673,0.221305087237428,0.299792935781715
"27",0.625020823922032,0.104997199451976,0.272334253803099,0.840664338845927,0.782439645553048,0.812747171658115,0.680942002095224,0.210701196296641,0.0858989693014867,0.503102559196496,0.791099234930378,0.711520390499729,0.69187991862081,0.387054743952195,0.57878442374902,0.0951586115466126,0.895146567962144,0.859346377092406,0.781230583242265,0.856730453636695,0.852575662453724,0.808487744091076,0.845972145133202,0.59277631686805,0.806536196165267,0.419194286940407,1,0.811020358169826,0.799960136141731,0.817045236754645,0.86820424174986,0.861108147548933,0.770375470705183,0.866107856325268,0.889218385184148,0.418162297558581,0.653417835551223,0.834691481707724,0.57294791816092,0.856503587799073,0.661999605958278,0.466034156925125,0.0675407174621736,0.820452813082192,0.785819983018193,0.807788833427138,0.484584579911917,0.212794511237687,0.360204419607567,0.857570199402742,0.710229723272202,0.588291391078781,0.40862733365904,0.602468176644636,0.597980687346776,0.767016211340749,0.86225792454667,0.834801683799411,0.881661525213067,0.816547484048499,0.885942375540605,0.846185970136305,0.763303857327693,0.721838265020873,0.876059198767601,0.752383689845567,0.484146783790717,0.79210342007359,0.400696126586647,0.7791472980076,0.479178774353651,0.771677867089975,0.684992796695949,0.373197914416059,0.709607091722408,0.177589895047176,0.568285024941145,0.724715172869924,0.528172694757101,0.578438245860264,0.457607001973828,0.779025531517072
