"","1","2","3","4","5","6","7","8","9","10","11","12","13","14","15","16","17","18","19","20","21","22","23","24","25","26","27","28","29","30","31","32","33","34","35","36","37","38","39","40","41","42","43","44","45","46","47","48","49","50","51","52","53","54","55","56","57","58","59","60","61","62","63","64","65","66","67","68","69","70","71","72","73","74","75","76","77","78","79","80","81","82"
"1",1,0.240882884713753,0.0828560289819942,0.321964014457119,0.35683058859047,0.175237203276847,0.0629941126280017,0.204809537228819,0.451670805225987,0.0362142752128127,0.344479664663439,0.336526066963053,0.462662874555621,0.374252255278578,0.409914850980369,0.183270002133845,0.484074429101379,0.436208878273912,0.382425731057059,0.167217441277864,0.253153772756008,0.460515610381006,0.437373541955104,0.185147859324026,0.398692074873648,0.00073410565704852,0.409076532997902,0.441150249614972,0.276816139735353,0.429339357581513,0.427275129988007,0.392494557493067,0.294603864058706,0.218534635056445,0.2868811512102,0.35224031514114,0.0547732546754866,0.205998406876744,0.0713379670787438,0.495875535837076,0.28752208183012,0.381515595473465,0.194151264587636,0.228754032352878,0.437269252820828,0.0110651063446119,0.320124557346614,0.380581598095487,0.507417954908343,0.298013596053478,0.398255568017025,0.0543387467815165,0.18968902400849,0.299672792691544,0.445414957819343,0.447431475726361,0.276235643026858,0.328687472184779,0.4533807260394,0.472366576853002,0.423473001329767,0.484536179903111,0.300604529127599,0.359752346881949,0.212052457596277,0.414157549162106,0.424268100093319,0.486934912091364,0.414091975505517,0.381635346956107,0.20908867652898,0.423011248145426,0.373250330000101,0.420213631053719,0.187997581300643,0.161263836915098,0.282999684965011,0.0732666322229864,0.304875250182138,0.246646353204518,0.458572511131799,0.208154200245697
"2",0.240882884713753,1,0.13599307603438,0.425058883661451,0.240731926476493,0.217532965315362,0.236492823464567,0.288803126107472,0.578708471541989,0.035145466829992,0.46881378374213,0.459707963541802,0.490429500050728,0.542938078741102,0.485396323305214,0.0591563152374465,0.55466767392775,0.550266345612103,0.579001338195879,0.15538030543129,0.353201180963844,0.602676779207708,0.558135429936588,0.064450402573962,0.551030309112957,0.0901492922690255,0.578598914752915,0.598544218198756,0.424437378858473,0.546151392631672,0.54586762853761,0.355719311151524,0.366840122317652,0.122081150328112,0.168188632655192,0.467272928597596,0.388384529232376,0.107044082112394,0.0715538389614837,0.49101934688528,0.512608489281654,0.302602588715888,0.415381701122768,0.379534329071214,0.575915261200706,0.238387685132141,0.491319416917562,0.523766825757021,0.524247338543481,0.428463358555975,0.502905498691902,0.19138051575053,0.377441271475575,0.618811127049006,0.575338736631783,0.453571805312713,0.495364800218439,0.482962622932152,0.528506867223807,0.582809737295896,0.525941602069884,0.564178797147766,0.520788140675521,0.543912218172599,0.222742563257031,0.355923442532505,0.605319372686942,0.591943157702023,0.514789386253553,0.447244968912424,0.0291647388489926,0.256312216809477,0.433129112956394,0.452601383765064,0.452203505418114,0.322763860989894,0.516528698297078,0.286260999639663,0.274568516094248,0.297142164799729,0.539215956757331,0.140215559547187
"3",0.0828560289819942,0.13599307603438,1,0.0339248565374075,0.0248253471858316,0.0633057733929795,0.0329830373559756,0.0217147298189051,0.102686417351337,0.235847102401373,0.215907312723703,0.024308325388077,0.0756053315655957,0.0672106033933742,0.0227409462635291,0.0365211515086641,0.0275379800769519,0.0433103247691339,0.0534322728911646,0.112531338521021,0.0204857513413302,0.115187773177781,0.049613414547344,0.193061138376905,0.131309816144188,0.0561895435121982,0.137754337558838,0.0117011943340535,0.023253848329748,0.00839971054828912,0.0967854112537791,0.0613093006319,0.0968069025093745,0.166203899165969,0.000447972708487197,0.0397709318295383,0.199042592295537,0.00393140849483943,0.0265781564207439,0.131627494059329,0.0627531520256414,0.0308309095632565,0.0704727990838919,0.0960536128833012,0.135142952559754,0.191507800367041,0.0299435394251391,0.172630707765351,0.172986309061734,0.0554513194977545,0.0608289082371888,0.133207863522702,0.0140109420492077,0.0728886186218727,0.118693964901549,0.0197536622929664,0.0229469159360662,0.0491596803467403,0.0918925744161289,0.0153549346645313,0.108891722244153,0.052275821550534,0.102090346845684,0.0565290401133279,0.0580247365026995,0.00456622724977867,0.056544847054347,0.110330084560039,0.0296543672452769,0.0243597934913295,0.314573916234639,0.0253365085611846,0.108675488713343,0.0993979852838114,0.145303713911894,0.0202032124831358,0.128021833822146,0.0335192811618553,0.162850032244607,0.0423982915441397,0.00961640987530661,0.150235090653687
"4",0.321964014457119,0.425058883661451,0.0339248565374075,1,0.214950998678514,0.195090270294962,0.134722372535963,0.287863484475102,0.533659907174491,0.0311656028602761,0.364389682465784,0.441712617842048,0.489533575703257,0.437190156745189,0.460955908865031,0.107934796751124,0.524676960016051,0.50254601773148,0.519373774585385,0.152402416234941,0.380141480129278,0.508813232183085,0.485770714907136,0.0993105925241718,0.435005983658028,0.0987698478892901,0.51108943770233,0.53131228627875,0.349764947129034,0.507757710648146,0.461580683964401,0.384247822323794,0.389680022819406,0.0901515973765375,0.309479039302896,0.378358373132514,0.151071864308459,0.176100696430239,0.0719964848382447,0.503675828042911,0.531790570333641,0.267011075673,0.390664387862127,0.306019795843422,0.519841674484342,0.117560272329081,0.42844262230388,0.454044923403041,0.469640134899818,0.3858808667556,0.440163210680576,0.194382746522074,0.226385054004677,0.450521524937153,0.551597224269254,0.473209229217535,0.433560005182474,0.441651417570502,0.469692105916688,0.552148723451979,0.517460174870312,0.507238687940005,0.446126262318555,0.501144681929562,0.258464902233935,0.395241221768856,0.490008181025295,0.525752428213964,0.435066878723787,0.412364472866831,0.114057889139721,0.399368764986931,0.389349425736643,0.364475121609432,0.274923484717406,0.32879710099267,0.421828319187776,0.247998809671741,0.27274221288032,0.310065348774007,0.522096603053426,0.130373656465539
"5",0.35683058859047,0.240731926476493,0.0248253471858316,0.214950998678514,1,0.23454055445473,0.21415410112508,0.111162327648552,0.453197148858543,0.0924771307088956,0.318524169405449,0.348358053693219,0.378506105523451,0.40870537316895,0.393387785547634,0.143675004905372,0.486280686253659,0.478433213756252,0.363595422554684,0.22933620471383,0.214380020028726,0.447570513215069,0.413579729078266,0.262207503606684,0.287592995890908,0.00535005179455798,0.38371631893402,0.449756374160552,0.334513143124138,0.440066609675909,0.45249443946546,0.368762705181293,0.263270285226365,0.259584491560567,0.278398391043253,0.270959744448747,0.168720640408411,0.167201903628574,0.0948502077165527,0.471765851463654,0.346549369430406,0.307029750536186,0.221379751029649,0.336935569387166,0.391552322053313,0.115708464094038,0.420217598249932,0.390466398917614,0.427351030711229,0.389557049628546,0.403653546717184,0.0379388539397302,0.365043856231274,0.315265041126491,0.443674240910205,0.456055607754148,0.293578660556141,0.401317989106915,0.430672136958441,0.476354811685507,0.400003126068521,0.483502701824439,0.327969751426158,0.385053756378206,0.181507719309011,0.470637642685736,0.43332570849482,0.422430903958693,0.455658319526662,0.336354741970593,0.103922774129106,0.399372858957778,0.392815642510239,0.301573536080824,0.136702240555017,0.22196885430657,0.19554060560434,0.132787399107311,0.323556451826888,0.247392445962779,0.437247531828281,0.25482027799338
"6",0.175237203276847,0.217532965315362,0.0633057733929795,0.195090270294962,0.23454055445473,1,0.18829917676383,0.0636272286875544,0.186553980798191,0.114408255131293,0.461161064520626,0.394171377682762,0.403801465701923,0.290475684533419,0.28229292138599,0.102717168073006,0.465336850021874,0.487475499655121,0.313499733865757,0.381126713070029,0.348647679585957,0.359740050686738,0.351601953536483,0.22974425314973,0.447967602948811,0.265904353927465,0.388332463785823,0.388845220914813,0.48925201070961,0.353031921050076,0.475641075576959,0.487988269548164,0.39858690218809,0.246873156071414,0.171303201310236,0.0818569508805371,0.100586414910427,0.323462618117948,0.124305065055201,0.238237908896111,0.302147317100559,0.0537757529195213,0.126854452390019,0.235405070371818,0.313334355768673,0.212068752935496,0.185461419848263,0.171797449986108,0.181540581522937,0.443685455096489,0.438183491716725,0.264537938813783,0.161248172145896,0.262691074213,0.249281338152769,0.381278751664529,0.469583872145162,0.442799847106937,0.474365892076834,0.342344719997275,0.458679931427497,0.475695242930039,0.345697891305887,0.197684863680335,0.31547764664228,0.244128619011341,0.31457590631945,0.345634595770487,0.184889433380202,0.418527695610848,0.203864642162652,0.329566544055546,0.402208402582405,0.151720008821964,0.278085234115921,0.177107126153147,0.0497597716447409,0.284120898283275,0.313954756454356,0.165469220653078,0.333323649536104,0.414580959110358
"7",0.0629941126280017,0.236492823464567,0.0329830373559756,0.134722372535963,0.21415410112508,0.18829917676383,1,0.113315023548898,0.236227596760219,0.0905489582909525,0.317997257659731,0.325040089550061,0.253850722907563,0.257810330604586,0.234672936786116,0.100301583454493,0.326487568128936,0.357263789452576,0.335606999323676,0.213377452720745,0.27911110033725,0.34352684003725,0.328846185401985,0.151941470624066,0.227767156696426,0.0721572013860387,0.362012640969124,0.296630554689265,0.338335000163869,0.30192664179106,0.337835368924473,0.216041130602891,0.33448687429732,0.179884883622791,0.253361150036201,0.0798051250326366,0.227079743386529,0.070338024455098,0.00363441361611197,0.251086972276592,0.289757064387765,0.0818725923502284,0.166993738870955,0.245966708451585,0.273619401796744,0.256948824558611,0.211150470423477,0.19263531380862,0.210514138379668,0.283393622321549,0.281176735098583,0.0145473225820976,0.0811296661974271,0.313765556097713,0.288161347314267,0.272021786439919,0.287125532270872,0.349368591888755,0.2466636975779,0.302077587772749,0.393805316379789,0.341730877861202,0.3927256661368,0.267079699355765,0.287112430263481,0.182502842555892,0.248069160139821,0.236228755150379,0.27982970509536,0.270490419238743,0.0394695359176671,0.203422416485868,0.277980878405021,0.181595779689275,0.282747315104234,0.150125006964127,0.18438928418045,0.305271644199295,0.256157771654457,0.157942462681832,0.271062907979918,0.248981937562335
"8",0.204809537228819,0.288803126107472,0.0217147298189051,0.287863484475102,0.111162327648552,0.0636272286875544,0.113315023548898,1,0.439751373056142,0.156216335181485,0.0954840281517595,0.177225057392674,0.234109941587155,0.277638349218023,0.281734700975463,0.0126822419298823,0.272220283184607,0.243943727314925,0.355057795872205,0.127420513510602,0.0996788552203185,0.307622400176317,0.319900852850346,0.0754687566220889,0.248143863579458,0.226709270046865,0.309223323720865,0.350582911335677,0.112220614382762,0.34052616649496,0.194337348122983,0.114205331960464,0.158050447629168,0.00193590052814276,0.1297670236245,0.383877160359603,0.180990307648971,0.0308620673168273,0.122085845439353,0.44189435041003,0.382376515921952,0.241782153045311,0.297062962460109,0.107821196400159,0.401463911853646,0.0293286534627245,0.386498392199802,0.400172642330537,0.480995070226909,0.145415166732499,0.223790558837258,0.332163837666893,0.18698453708574,0.371523573705827,0.453816361264009,0.253091423036695,0.191952068642815,0.229660562918643,0.253073270835471,0.337719144352017,0.251593665110512,0.244304537682197,0.271840828383634,0.467211641669437,0.012889237273293,0.279618261772636,0.35643440734842,0.364544324064354,0.320199119672918,0.183268194932175,0.260609360501884,0.241053648648965,0.152100932827999,0.359173475252419,0.149482751939262,0.274112353310644,0.412815749778659,0.0956280933181132,0.200589545892059,0.186129569825864,0.354469931211746,0.20878130036542
"9",0.451670805225987,0.578708471541989,0.102686417351337,0.533659907174491,0.453197148858543,0.186553980798191,0.236227596760219,0.439751373056142,1,0.0381864322489272,0.382366795754907,0.572764018106698,0.682948390757787,0.688683043244452,0.706713805531462,0.106577809579727,0.744566200934366,0.69741073403859,0.740041278686016,0.113035665221348,0.330215213312021,0.73287487318271,0.745763849384047,0.189949987294435,0.58199189985701,0.244933832268399,0.690845921575737,0.787527404879814,0.421513406979103,0.732955248492672,0.630064660014774,0.510720384956588,0.479951605772182,0.170641319471541,0.315834290180538,0.656485605998551,0.352283620188797,0.0739953585893822,0.0794309967238725,0.750332667585158,0.682877128728236,0.514067399615576,0.627365384668117,0.434010746988105,0.771833892189792,0.233019675282622,0.709420505955877,0.726648826984548,0.809011751446249,0.545053763613256,0.661634043085767,0.41835459361521,0.469112481228461,0.695321165164611,0.766129985652625,0.673305298338469,0.52160738231182,0.639855353893529,0.712803672962381,0.833771746774159,0.657757120999074,0.727019996357115,0.62932538958407,0.810631392548322,0.217279499021804,0.63318496772321,0.81771203732379,0.823158828873202,0.76105514526039,0.552484653740091,0.188485096734326,0.474862148331044,0.501590852942262,0.680357044238141,0.315215792585871,0.44959518436012,0.66228051435929,0.242981512751544,0.376436145960118,0.472465641939933,0.8029836637666,0.172524256976071
"10",0.0362142752128127,0.035145466829992,0.235847102401373,0.0311656028602761,0.0924771307088956,0.114408255131293,0.0905489582909525,0.156216335181485,0.0381864322489272,1,0.0127805292028106,0.202898748590182,0.189637299147655,0.0146638479105763,0.134408625779041,0.143417579576691,0.153798349664933,0.152553271111716,0.0709712599235097,0.200277530747391,0.0475768320629346,0.0801996026695709,0.101017953457939,0.443875857917968,0.0794351779409628,0.0750269195172421,0.0412245018901736,0.0717963811377259,0.0918292823163872,0.133591462946155,0.111722816983568,0.18899117991712,0.245281364941611,0.178381732552036,0.203945337436991,0.0875996660424257,0.0947016910532164,0.0558663792710005,0.047098249655135,0.0220555473480012,0.0155786609171262,0.125776051886964,0.113637415586151,0.145284347503874,0.0289711068860309,0.174538049312653,0.0144961843266234,0.111386994297081,0.0863276931096574,0.149373629615469,0.142315179391829,0.133791289890426,0.0741871454822911,0.0606573653004183,0.0407212992766053,0.166149098127422,0.056073041009914,0.150124574512207,0.0380963822530335,0.157677473046756,0.0806517759095282,0.172695073876536,0.0823383793987367,0.0283654936703529,0.207492937866906,0.12996387538694,0.0617071440409402,0.024208033166276,0.163210674545185,0.172443183811891,0.197284257372168,0.144103623912008,0.105773980919326,0.0264646724381544,0.0403140838351381,0.0351116883426819,0.00709287314301436,0.0536555852444058,0.112729169104587,0.000806137678928541,0.104605896185712,0.382767109048187
"11",0.344479664663439,0.46881378374213,0.215907312723703,0.364389682465784,0.318524169405449,0.461161064520626,0.317997257659731,0.0954840281517595,0.382366795754907,0.0127805292028106,1,0.546841197816345,0.513142718440977,0.549993416695978,0.42694275385869,0.252993336321174,0.656447001045734,0.695283336672635,0.527725992195627,0.477820601458224,0.550189083614012,0.647964367132596,0.584143927887281,0.125057381480744,0.656360959680287,0.22000028865911,0.628429251861263,0.562154416477754,0.664810662956666,0.551320525652267,0.706028800802446,0.530247764330709,0.510629616304804,0.225448393860034,0.353642704449597,0.24576726827558,0.275560010432139,0.397454442796647,0.132155463320844,0.486096709310969,0.458342338000527,0.187975176057984,0.275592675711496,0.374872176748453,0.548599238534478,0.234813011935902,0.335066345531447,0.39578047416975,0.456172062015027,0.509259726555848,0.551554506333358,0.126269052021777,0.2630432746855,0.519660972185592,0.533754883620853,0.498746369784791,0.660893623755331,0.599782026987396,0.640724720363485,0.532888477977483,0.703335611262137,0.698297924494599,0.595523488763855,0.389286463068054,0.457695573796472,0.389212496927141,0.50034710030779,0.578189298987645,0.382800482466933,0.477080708953795,0.0564024254524648,0.367045404839296,0.580964602178811,0.350209038853153,0.523013080464422,0.242151986652347,0.300674957425441,0.455268794523649,0.355406448178591,0.238500556791249,0.492326078560358,0.439235909612778
"12",0.336526066963053,0.459707963541802,0.024308325388077,0.441712617842048,0.348358053693219,0.394171377682762,0.325040089550061,0.177225057392674,0.572764018106698,0.202898748590182,0.546841197816345,1,0.591359441061303,0.580517604915515,0.568693200491462,0.252604475272528,0.733516307482093,0.724514829588825,0.661181120814862,0.457609852125357,0.542405349585106,0.692106045085722,0.675086384071025,0.303743575982335,0.546095357338806,0.0187618694933757,0.652381518988198,0.691767358315038,0.582600765164998,0.695495130875967,0.671991017110276,0.548746402953649,0.660553565499169,0.252199662629445,0.442104480099979,0.378595472119718,0.246164275613953,0.260623394630068,0.0571988014190258,0.574032431707884,0.57828505024819,0.325750681968083,0.44736038986176,0.515618386329721,0.606454963218019,0.362004139443249,0.470061540907653,0.462581968722757,0.511973186192532,0.619424600987426,0.673977998711535,0.127137624023521,0.338756179703044,0.562823087244513,0.611617336414637,0.676214451071778,0.614832288272305,0.644988302393518,0.631089581454632,0.709059773917217,0.671552776694472,0.71115971446621,0.636521560959771,0.604167157889877,0.475206231890563,0.554559137888241,0.653094138815151,0.628731510487722,0.578417133158714,0.563258049102204,0.0209448035873521,0.498182819586853,0.51722286494036,0.422584798552335,0.410259701638012,0.389376206763069,0.434368661647955,0.414852676878888,0.453932868748114,0.258040760131504,0.628347342149885,0.43387437361026
"13",0.462662874555621,0.490429500050728,0.0756053315655957,0.489533575703257,0.378506105523451,0.403801465701923,0.253850722907563,0.234109941587155,0.682948390757787,0.189637299147655,0.513142718440977,0.591359441061303,1,0.613083068275482,0.627780293721328,0.233247710835346,0.775773579374688,0.738924871783346,0.682599735088577,0.373701216084254,0.459010366976803,0.718211568235074,0.751466776837316,0.290996919646495,0.662781523767582,0.108973459692364,0.660171480348324,0.75026094605925,0.542022760400875,0.764361416480865,0.676112737881688,0.721569488922726,0.619772864978633,0.275477162741516,0.367589084745576,0.47539806118584,0.157983482009256,0.27995279611927,0.0262054757034031,0.657589574447613,0.6347717580607,0.456279457109805,0.523217115795004,0.445968337769078,0.674918492369783,0.2927932727893,0.532347819408086,0.581372572000041,0.648981984622854,0.638877315152803,0.739128647802801,0.0610276466696405,0.33545508569549,0.599825629498966,0.677500244465262,0.672164713775692,0.650220834733794,0.689763867137636,0.720797779574553,0.774840578373517,0.68804754846482,0.784695832252263,0.628436006632658,0.650275866714866,0.436305327273346,0.563704818516523,0.694713239661754,0.723234370306228,0.631608384522306,0.622222300373596,0.0381546603520432,0.534386758606275,0.561550992168263,0.520589864095096,0.319982503412357,0.388829489273571,0.429256941279502,0.298504624653488,0.491103114250823,0.361229465175614,0.769527141587482,0.400311265912038
"14",0.374252255278578,0.542938078741102,0.0672106033933742,0.437190156745189,0.40870537316895,0.290475684533419,0.257810330604586,0.277638349218023,0.688683043244452,0.0146638479105763,0.549993416695978,0.580517604915515,0.613083068275482,1,0.634653175390338,0.160719429419617,0.705521289016656,0.712800113997852,0.703760828704935,0.268293676009783,0.433527061443934,0.706252849177346,0.697595780989776,0.158563385824081,0.572187726406679,0.0711574183898222,0.696013595954265,0.702185758141955,0.526222462051167,0.67400853055837,0.668389107313259,0.536961611946925,0.548062567073979,0.228356270720917,0.29869959660745,0.516213225200964,0.349121348230613,0.211997482745149,0.054305452606127,0.64784698736375,0.578119280074745,0.471745533326005,0.458491967963991,0.477204475168386,0.693288920822704,0.271623386158277,0.596826902284208,0.595410351182954,0.671947098358878,0.532657049289138,0.641784918165887,0.247871363309673,0.469148689054787,0.634406118723128,0.663174603162227,0.628816494729999,0.598810254706026,0.617285636306966,0.684982837892825,0.74657137804754,0.645915687428626,0.726826344819269,0.62685508399671,0.6848622522904,0.31394625142635,0.576695347139232,0.769249123525011,0.736870988568425,0.63225135619848,0.556497670081799,0.0783694479329251,0.428607213754468,0.563840067771806,0.590399299795943,0.398850912398962,0.353823970724305,0.543459805630316,0.256594621177423,0.393283473206913,0.384147851276395,0.7051912082009,0.340017049846427
"15",0.409914850980369,0.485396323305214,0.0227409462635291,0.460955908865031,0.393387785547634,0.28229292138599,0.234672936786116,0.281734700975463,0.706713805531462,0.134408625779041,0.42694275385869,0.568693200491462,0.627780293721328,0.634653175390338,1,0.179281015016918,0.702441522154964,0.633040252596765,0.638020280435574,0.204582184102985,0.294281027414646,0.64855159949931,0.661636014860693,0.248062093746465,0.55948467780927,0.179735807370177,0.613359366476631,0.674381212111062,0.402023853236004,0.686128601903405,0.607139711066525,0.527112746442614,0.497241233056212,0.168576651441165,0.339761792841432,0.536690671931966,0.169803768401071,0.1660332941036,0.00392396506038486,0.639797051098047,0.559137886133508,0.450271525865341,0.471310447592758,0.423883943254576,0.662064091888948,0.166499118208804,0.588606773111399,0.591561546583046,0.677651452605087,0.487297868609817,0.661852798719561,0.297749054350502,0.439096698282214,0.556068172069375,0.6241270289903,0.613540135906332,0.506767916802026,0.564022528247354,0.640341423208959,0.738896622290854,0.58393348524141,0.685631260072517,0.522460892297856,0.687620026705071,0.25854369890727,0.554455695970732,0.698496744634463,0.684854785957819,0.63941560876926,0.566228848811246,0.10254828649467,0.505762445259372,0.456743242447326,0.565417062879454,0.272224963077911,0.397453548714087,0.526931783800739,0.176889467664736,0.329472002180107,0.37645703716481,0.702694757663025,0.283476177002196
"16",0.183270002133845,0.0591563152374465,0.0365211515086641,0.107934796751124,0.143675004905372,0.102717168073006,0.100301583454493,0.0126822419298823,0.106577809579727,0.143417579576691,0.252993336321174,0.252604475272528,0.233247710835346,0.160719429419617,0.179281015016918,1,0.269445984967255,0.312124675514144,0.221326691034746,0.329245480445628,0.29322107113912,0.241936973731663,0.252143277048328,0.281793958620286,0.113848134961084,0.0148824204581487,0.184713757513128,0.186505195099409,0.240387541733407,0.27340192167899,0.275423637434785,0.222220710613144,0.31514053895528,0.146286952881466,0.333192761857441,0.0425476230509881,0.0247041889883973,0.267667590821901,0.116707373562943,0.240524951765037,0.172791303650482,0.103501158784442,0.076194301728133,0.193613138719733,0.176556996353229,0.141535729987614,0.0664778691609703,0.0949840328297633,0.144347696845396,0.238195682961274,0.203772082807094,0.0595680238212141,0.0468080326664829,0.0888404029232939,0.203420300020454,0.228816679930992,0.193886017463411,0.23865529999277,0.162010726406158,0.241153206890303,0.255790018492896,0.309193878825252,0.272384320746338,0.191433723931713,0.252021221294559,0.212607472312115,0.122579299080536,0.141103272109179,0.213354194138738,0.226747116356314,0.0573070362899754,0.246352963801451,0.201290270595607,0.0621198635168767,0.118995383413042,0.116234623576552,0.0339731025584772,0.209799340940713,0.225169911163173,0.00464130707551727,0.192265203364594,0.296997599235782
"17",0.484074429101379,0.55466767392775,0.0275379800769519,0.524676960016051,0.486280686253659,0.465336850021874,0.326487568128936,0.272220283184607,0.744566200934366,0.153798349664933,0.656447001045734,0.733516307482093,0.775773579374688,0.705521289016656,0.702441522154964,0.269445984967255,1,0.895131817227062,0.81571516007776,0.413429520177553,0.598175239667987,0.854656328581426,0.838348215391708,0.333363354318523,0.710212821664772,0.00296725159791855,0.780255426884772,0.838079151241368,0.672912438994483,0.831494729812871,0.830635059840085,0.715344124844283,0.700131748898655,0.36747833727828,0.477432730802914,0.478779439592664,0.298460920168636,0.324090666200077,0.0328438568190694,0.743733167282668,0.718623533033191,0.406568308456134,0.553018344651144,0.550774439680499,0.775375681725789,0.381643656150076,0.581522940446974,0.622126110966258,0.724334593424077,0.73028012325548,0.802377961835632,0.114732290836835,0.383975702749206,0.695291563089504,0.773102620848539,0.764817346149535,0.727128766296772,0.800519503270509,0.804768395033074,0.867449410639717,0.834665080123094,0.890079987204903,0.763424206468458,0.76147805163286,0.48234232141426,0.663137769303642,0.781635108885875,0.808326141831603,0.695515285084587,0.679029547993471,0.0446102474318218,0.608872316654098,0.649600113745385,0.577171180573235,0.454071535067217,0.457511299888591,0.494712485785264,0.437920926248134,0.547181502464383,0.414659391517091,0.822815933817077,0.452240444948084
"18",0.436208878273912,0.550266345612103,0.0433103247691339,0.50254601773148,0.478433213756252,0.487475499655121,0.357263789452576,0.243943727314925,0.69741073403859,0.152553271111716,0.695283336672635,0.724514829588825,0.738924871783346,0.712800113997852,0.633040252596765,0.312124675514144,0.895131817227062,1,0.831656767192793,0.503901570267972,0.671771941571287,0.856592768384941,0.838510521115315,0.311597479697334,0.715334853624734,0.00539543934081591,0.789369881657601,0.82563379658297,0.757937970925464,0.816606031402718,0.852678579960711,0.727771733087706,0.718225459940946,0.363824488721541,0.496073987498453,0.426589170623177,0.369927640957532,0.35686654812724,0.0635024499154575,0.740544831268307,0.720016715999814,0.342115930117432,0.533458208532043,0.567191535506196,0.758440103232452,0.421670284912027,0.577552527294027,0.599827251313071,0.692261383458544,0.78388300372295,0.782967565318933,0.0797783613906619,0.366102447751361,0.687137757746806,0.758002028181816,0.716742334274827,0.758197958629756,0.854961656796884,0.781693191244249,0.827558042634085,0.83937487968691,0.902685965115096,0.839299331777945,0.735530284134811,0.543609573760257,0.637734385840962,0.752128479468118,0.778930523607695,0.665554023735479,0.639287532740276,0.040384902103652,0.579846247324958,0.691027897130514,0.535119709764679,0.508648262075292,0.439164188612586,0.451200093750744,0.531750433628275,0.565280474679024,0.36804453789214,0.776070447871669,0.485035762409297
"19",0.382425731057059,0.579001338195879,0.0534322728911646,0.519373774585385,0.363595422554684,0.313499733865757,0.335606999323676,0.355057795872205,0.740041278686016,0.0709712599235097,0.527725992195627,0.661181120814862,0.682599735088577,0.703760828704935,0.638020280435574,0.221326691034746,0.81571516007776,0.831656767192793,1,0.324011051527616,0.602214116915031,0.818512495478601,0.838910220287818,0.180958446346287,0.667547141014343,0.122965276265019,0.785561858956862,0.820994786621351,0.606827040464339,0.803894684621735,0.763056826986568,0.60538916156777,0.666272562202848,0.245505177557432,0.447905999138428,0.518515406184031,0.394471926361629,0.239825430266017,0.0434138899596457,0.737052144936062,0.752802968293136,0.390841621020538,0.54771377269658,0.536506641977411,0.775173020540673,0.411034994602554,0.598799130016879,0.64561501859688,0.74433061786426,0.693392873566328,0.732461758237681,0.264996506599311,0.381725715895433,0.729181199035437,0.795436402984473,0.663187484567549,0.713575869464376,0.772890888496827,0.698679516796561,0.81048681524252,0.736441213773222,0.809257873862409,0.813309050210063,0.818695748647452,0.423185401591006,0.581219477189786,0.773457166557593,0.765228638509122,0.691334467902621,0.580596705515207,0.0820043563171474,0.531733726081847,0.561647809917703,0.609475550912077,0.517716047806895,0.470684783866524,0.594598551779481,0.426455280577894,0.504740194174087,0.369865998186844,0.787526892833276,0.290445066678396
"20",0.167217441277864,0.15538030543129,0.112531338521021,0.152402416234941,0.22933620471383,0.381126713070029,0.213377452720745,0.127420513510602,0.113035665221348,0.200277530747391,0.477820601458224,0.457609852125357,0.373701216084254,0.268293676009783,0.204582184102985,0.329245480445628,0.413429520177553,0.503901570267972,0.324011051527616,1,0.528789342602023,0.422210973422605,0.411921672027315,0.347847681832449,0.279833296563667,0.177476528351816,0.348577329388146,0.348168995626197,0.543073531567209,0.420600792663057,0.452149601676156,0.464892653712589,0.558021105661158,0.304773525484697,0.368678385029345,0.0498341303169817,0.116282840074339,0.363230969921834,0.139747115124607,0.243043627998512,0.272754603088362,0.0820278287634082,0.155585855398633,0.374556752987937,0.214485155666892,0.342552955132466,0.125520947050175,0.118755737603001,0.0908904532545527,0.470226615206208,0.402265452301869,0.211042528302179,0.059780457561603,0.258846418443472,0.27691708860399,0.379492131213828,0.424005888457387,0.428618542129966,0.302042394439991,0.331043268734322,0.434405120841785,0.468148458702327,0.44961190949697,0.196934149677437,0.506527360979475,0.215120149723645,0.248044054968505,0.228681974224167,0.275201519943093,0.365201260412204,0.164018812455573,0.289272015766518,0.397903757987776,0.0497397057509313,0.317651076169521,0.205921970112057,0.0121548450362351,0.407905549516606,0.396749696153006,0.0338933409868756,0.280149734085228,0.53725078191868
"21",0.253153772756008,0.353201180963844,0.0204857513413302,0.380141480129278,0.214380020028726,0.348647679585957,0.27911110033725,0.0996788552203185,0.330215213312021,0.0475768320629346,0.550189083614012,0.542405349585106,0.459010366976803,0.433527061443934,0.294281027414646,0.29322107113912,0.598175239667987,0.671771941571287,0.602214116915031,0.528789342602023,1,0.635015709622181,0.635590592762217,0.129237853976773,0.478464080525947,0.0671353792741085,0.59811112790941,0.541483499750318,0.644951779089243,0.579627397915758,0.565145402896336,0.564551425286921,0.613344330178598,0.257650779790208,0.378596134808874,0.155845958369973,0.287179441543057,0.364645241264269,0.10557286074447,0.487228439538822,0.563126859644188,0.0313202502829412,0.359026759690907,0.451715165008152,0.459303751159783,0.486498135248544,0.325358584502449,0.367380055919684,0.372515090333214,0.683502668166222,0.542510058750884,0.0701213706949384,0.137681007990053,0.481741490180044,0.516771796640861,0.437597206709726,0.588288588012586,0.628371596815837,0.442016010841187,0.509969453424659,0.605149753554074,0.602134341294079,0.711097093274416,0.439050955694232,0.578474552192088,0.327069123135985,0.428342454084954,0.432564689048405,0.332839297920353,0.42310163667419,0.0542224760465488,0.350597702985629,0.502516875531418,0.272099207098724,0.496076935008822,0.387118267804946,0.20795446520084,0.595258900152626,0.48563960828065,0.152122689516175,0.461965373585768,0.383166473682161
"22",0.460515610381006,0.602676779207708,0.115187773177781,0.508813232183085,0.447570513215069,0.359740050686738,0.34352684003725,0.307622400176317,0.73287487318271,0.0801996026695709,0.647964367132596,0.692106045085722,0.718211568235074,0.706252849177346,0.64855159949931,0.241936973731663,0.854656328581426,0.856592768384941,0.818512495478601,0.422210973422605,0.635015709622181,1,0.844013328393536,0.216081234571815,0.693231875529299,0.0131629971823339,0.809422202419756,0.811642611012628,0.65445019545974,0.81290741494178,0.809005735792369,0.660783333571529,0.691487848359133,0.266119940443547,0.491738433643001,0.50111277371284,0.373927278844616,0.303640280848404,0.0356433076377455,0.755990873028811,0.758877362395888,0.385879659650817,0.51948641702951,0.558323487103517,0.78387325272778,0.390093651792836,0.574113559773899,0.641432754191301,0.73177566336806,0.676364781395465,0.737936058146943,0.170216762805332,0.338443719414826,0.72858700237945,0.797246515537353,0.704175503883018,0.696607555672468,0.778952888552532,0.733196511279992,0.821036164389857,0.798193472885865,0.861762270919418,0.80721987460782,0.778733760364254,0.498355452074748,0.602336709595304,0.770178593969811,0.783147772824935,0.71089922778864,0.635074459896907,0.112996609367993,0.571036336602741,0.661743133469028,0.58879350892261,0.543216291883728,0.495362808416246,0.538576016668491,0.478662853589138,0.476143070343858,0.427202630294096,0.776227343707293,0.368825023863427
"23",0.437373541955104,0.558135429936588,0.049613414547344,0.485770714907136,0.413579729078266,0.351601953536483,0.328846185401985,0.319900852850346,0.745763849384047,0.101017953457939,0.584143927887281,0.675086384071025,0.751466776837316,0.697595780989776,0.661636014860693,0.252143277048328,0.838348215391708,0.838510521115315,0.838910220287818,0.411921672027315,0.635590592762217,0.844013328393536,1,0.216148733833673,0.672895213332505,0.0834349474123018,0.820557155990038,0.821517838132048,0.616038619152257,0.847179628116455,0.767675454471564,0.697816748160676,0.699192988643404,0.295516209311338,0.448247970896838,0.530044839127937,0.37160807570422,0.301483611260931,0.0135493643106678,0.771561887804474,0.775088557139573,0.423513444918621,0.593600752430383,0.551665376619007,0.781436119299985,0.42673114977767,0.607255292424714,0.668877672321074,0.741964599902433,0.731107726397837,0.788325719611649,0.20137080577436,0.320601625585494,0.730877618402297,0.790573129556334,0.700251240667848,0.698962434376354,0.801321974964298,0.72758546287832,0.822435567471851,0.761604255577367,0.838695549889244,0.800320393537056,0.783084681089197,0.478470457537218,0.601592948140915,0.766957384826744,0.779403346859335,0.718464080599541,0.617230006757571,0.0764538965620978,0.548532402311795,0.616555843773419,0.593379223961636,0.47678313509818,0.500257385820586,0.520244245912165,0.432299490266262,0.503602369105289,0.386687216236051,0.795093063660252,0.358090582855195
"24",0.185147859324026,0.064450402573962,0.193061138376905,0.0993105925241718,0.262207503606684,0.22974425314973,0.151941470624066,0.0754687566220889,0.189949987294435,0.443875857917968,0.125057381480744,0.303743575982335,0.290996919646495,0.158563385824081,0.248062093746465,0.281793958620286,0.333363354318523,0.311597479697334,0.180958446346287,0.347847681832449,0.129237853976773,0.216081234571815,0.216148733833673,1,0.023987770013197,0.0931403968300801,0.153651806019501,0.172824168096462,0.181622268034001,0.288753711431674,0.264862410117682,0.310023914572536,0.419463359818756,0.240674460588322,0.369408177436771,0.00583252220049702,0.150686668767917,0.0998589230692981,0.0676632950778385,0.16771484832592,0.0703295764246738,0.157199879161502,0.112032910769722,0.226978525401959,0.12944077385414,0.0711376186903297,0.0465958170022672,0.0369202075615804,0.067716387034344,0.28935473575715,0.26757148607078,0.0818612849804777,0.0240064889995737,0.0187580860119003,0.0826044855821309,0.362135032072591,0.141585662379214,0.292140153011688,0.199088789361945,0.304432455600173,0.25468585315225,0.344921628963637,0.202025802940573,0.183832675329745,0.292897267378562,0.263272710337218,0.114130948954784,0.130729627813034,0.290968681948561,0.28668817530938,0.0627246892248906,0.364371621570969,0.192365500780313,0.0483890919411954,0.00095899004490364,0.092975213974944,0.0123303440125053,0.0897514393006831,0.28558212935047,2.2834922997421e-05,0.267648935631513,0.501754583982659
"25",0.398692074873648,0.551030309112957,0.131309816144188,0.435005983658028,0.287592995890908,0.447967602948811,0.227767156696426,0.248143863579458,0.58199189985701,0.0794351779409628,0.656360959680287,0.546095357338806,0.662781523767582,0.572187726406679,0.55948467780927,0.113848134961084,0.710212821664772,0.715334853624734,0.667547141014343,0.279833296563667,0.478464080525947,0.693231875529299,0.672895213332505,0.023987770013197,1,0.0356527915833216,0.676859062444325,0.72429060746415,0.592661056897485,0.650418868235199,0.682418661752633,0.627128299071368,0.487333394342952,0.201502039624147,0.190151088482235,0.424045174014188,0.294106205660351,0.326623764037617,0.00999939913620404,0.611253531600493,0.602029861696811,0.289668613173406,0.420358594191396,0.369269031059251,0.652394471109671,0.246915766305901,0.455213441370802,0.624423735596718,0.65475793727278,0.596238902936248,0.702859840280875,0.00115501871303758,0.301758821058678,0.617784877527797,0.62655840466394,0.527191249030529,0.726326050666469,0.67021595102696,0.782458062670537,0.640436313314705,0.70629078055943,0.717553838497088,0.648153080620647,0.569936735901524,0.340470947172949,0.49176297294132,0.646685643603244,0.700766525609811,0.458148390320732,0.535017448410526,0.0481636140786285,0.368061411141412,0.565945817653317,0.515411582812799,0.485777932161968,0.31219957062894,0.402380150643181,0.354404566411003,0.363650407956597,0.365905534338516,0.658351534749997,0.223615581760256
"26",0.00073410565704852,0.0901492922690255,0.0561895435121982,0.0987698478892901,0.00535005179455798,0.265904353927465,0.0721572013860387,0.226709270046865,0.244933832268399,0.0750269195172421,0.22000028865911,0.0187618694933757,0.108973459692364,0.0711574183898222,0.179735807370177,0.0148824204581487,0.00296725159791855,0.00539543934081591,0.122965276265019,0.177476528351816,0.0671353792741085,0.0131629971823339,0.0834349474123018,0.0931403968300801,0.0356527915833216,1,0.0224879323748675,0.134837851413419,0.0754065011136038,0.139477858721431,0.0868405532447111,0.0217977168254842,0.065650991745045,0.0549594500041017,0.0836480564351193,0.205148914764874,0.00558338779008065,0.137681159035924,0.0298222682902252,0.184734339031245,0.108830716261835,0.189438589691653,0.254148966171255,0.0949475521255819,0.072807094448039,0.0311398168727381,0.259943692977301,0.216327021134702,0.235875456191162,0.0338783806856128,0.100271753433825,0.381674963259521,0.172779406442452,0.0889893181341218,0.121098640839952,0.049865702882069,0.0272168956923217,0.0508729313829837,0.00462628584032649,0.138394348390463,0.0138943772360776,0.0230632730496542,0.0528094939886773,0.216304561418726,0.134623486173944,0.111999329497605,0.158242028977151,0.113179897897464,0.143862462509802,0.0157205706380576,0.117980860196346,0.0591317655139235,0.163871689145071,0.186705164112089,0.105027269482745,0.103245467954106,0.177169033901601,0.133047931724712,0.0843063352814669,0.0981613956841808,0.146190546940868,0.254812838951159
