"","1","2","3","4","5","6","7","8","9","10","11","12","13","14","15","16","17","18","19","20","21","22","23","24","25","26","27","28","29","30","31","32","33","34","35","36","37","38","39","40","41","42","43","44","45","46","47","48","49","50","51","52","53","54","55","56","57","58","59","60","61","62","63","64","65","66","67","68","69","70","71","72","73","74","75","76","77","78","79","80","81","82"
"1",1,0.291703804092257,0.406006871282516,0.317276139966513,0.371329237790595,0.33995209439292,0.336045743093632,0.394938800799948,0.0252405933371662,0.359257601616527,0.343840735323098,0.113580471645236,0.432070863847894,0.113558596992162,0.351520987583728,0.0424660987841058,0.407622091792214,0.38161077822035,0.400091031716365,0.396210686830416,0.382765424090139,0.38069739823435,0.435313659580381,0.399618386411102,0.0566512706969651,0.147404181139942,0.396940656041168,0.444380401217178,0.260251044187229,0.361671235770416,0.384727237516574,0.4222986342446,0.401167171489675,0.240545498372387,0.319678374757419,0.182285738458216,0.329638871561168,0.321718860060287,0.29951999251281,0.410020409144399,0.413272780515114,0.103295873090342,0.0484351457536397,0.376240225765875,0.392255291414837,0.0487014654644672,0.240488703311197,0.14198544455356,0.0692568830459575,0.403473923373972,0.445430646744607,0.310735383905984,0.325132177307595,0.383177028293717,0.361138605753609,0.397945665204351,0.440018518767995,0.392215876472132,0.390754430166125,0.428603785728368,0.409931182667834,0.462790154736496,0.400102801491431,0.328240833062709,0.409652609506839,0.430096324935199,0.141954651009889,0.342411290097474,0.359253853847124,0.268082166929771,0.346083666816815,0.327080559667273,0.28603784375679,0.179433881145668,0.331244168173131,0.325256013497099,0.327408243797927,0.288259939423363,0.266814383490101,0.0884820827959343,0.364201637888625,0.24419993332751
"2",0.291703804092257,1,0.657976250438751,0.594244915214082,0.578813433150421,0.570823621650114,0.583277439585871,0.571223499128759,0.0689880152892936,0.763347412662806,0.7578761907932,0.398898645647946,0.677818640374196,0.0207707091268222,0.644702344854984,0.372324383389924,0.756429802351193,0.660164627982424,0.686343651773311,0.74797771877966,0.743798159509829,0.69256791898793,0.747892344260282,0.716150591676408,0.133896549205988,0.293170746625536,0.669688061390504,0.704741443850615,0.355239502180071,0.66066270435494,0.723301576426875,0.725119849968241,0.756915066793346,0.366848019836428,0.720779929263432,0.370685651680286,0.569400087923863,0.666699740397665,0.539063380049288,0.745517541183661,0.738550631339806,0.0228033259828077,0.053594896304225,0.659281136523821,0.626473674645098,0.267028051499184,0.375053933088231,0.143277472826548,0.203627077222022,0.761200519927263,0.666661825756524,0.670325091458297,0.728098522542978,0.68265728095354,0.61762871354568,0.735737216565248,0.71305306821777,0.70043300388065,0.630581383863482,0.754764730577494,0.747842676764174,0.708276850455582,0.598194562807671,0.7104288344514,0.699973313449181,0.661752498263967,0.0746409654027539,0.608845736828728,0.641686452031955,0.512471062339961,0.458401297570677,0.734517150202887,0.465390256729112,0.32202273367837,0.471002719673637,0.506838665743399,0.441874867670404,0.503428950985561,0.361368641897578,0.187380899383751,0.37949801367235,0.390416737626726
"3",0.406006871282516,0.657976250438751,1,0.565014990177849,0.624106946905297,0.648303923736034,0.613822812554735,0.538720400590002,0.088709528804511,0.756618366224084,0.780276149767187,0.356177987546453,0.722854843238676,0.115751790128802,0.665489805187867,0.307823931756679,0.806292289322462,0.756027782067437,0.790781289704065,0.790071134567716,0.772811372027627,0.736499598553513,0.800668842863006,0.737492010186892,0.176451765928066,0.33140786952171,0.72028353565345,0.786998444062275,0.468466386667142,0.720439653723514,0.786323781554034,0.770625012824884,0.804241044660531,0.492495544992431,0.739945347802584,0.415593515751175,0.5192604390701,0.703454578313363,0.544193948226158,0.738989415769688,0.786249538209045,0.0597514857802187,0.0317365254214453,0.718561730655001,0.697378086622064,0.316217379586065,0.407136103410784,0.176919371618633,0.0393285817891549,0.793969501291712,0.707910618295705,0.690105675983484,0.731520232916489,0.733798886857598,0.655704606667854,0.763340344353655,0.769608287772563,0.756159079051019,0.676276663551896,0.785920033323425,0.797574427798008,0.771990372562466,0.720939370719645,0.723295330280314,0.757163887573101,0.673507203729487,0.191000735221271,0.65202133776125,0.65999007083931,0.59111434701848,0.543342019225291,0.722334058907696,0.535700427452737,0.290799922326686,0.543791646657476,0.474175826758242,0.497626465105567,0.583255027186056,0.372955711858569,0.112373281349524,0.445316215770675,0.454641390293716
"4",0.317276139966513,0.594244915214082,0.565014990177849,1,0.494555320287392,0.580469360240531,0.549840958850863,0.503718735380982,0.0415183094597248,0.67165141159148,0.626300510056043,0.468918168810541,0.674906614812262,0.145904801902846,0.531596244727793,0.355454645456626,0.719394878836792,0.63136284801554,0.68222137008704,0.679474750694085,0.692311775488125,0.6108825682218,0.693078167166159,0.697339368855961,0.0311027513181284,0.368584992395449,0.638538070077879,0.700560188290272,0.357736379876257,0.664086229891991,0.684022615699206,0.693427309479723,0.686048377630032,0.21690035502252,0.663036719997962,0.34208823797469,0.58280260862649,0.643948666125682,0.427145738957438,0.643463174990555,0.72425339454181,0.156179441768527,0.285390764978241,0.600713216175423,0.608172531691932,0.25245980168065,0.431327629356894,0.169014873252,0.122340575792796,0.70585311638701,0.629345064146245,0.631793299073122,0.69760579507296,0.586892920673147,0.525779691033619,0.637488223179943,0.668080213142522,0.667321895680379,0.617129227236427,0.743795493064131,0.682799862307791,0.623297106836889,0.604409327533095,0.699356921067052,0.712623228246864,0.717605627733087,0.0285951913914701,0.465895223839801,0.515795973168153,0.392433221225219,0.481839370059396,0.649360409550665,0.4135046182006,0.346736004334042,0.481487524534859,0.501851813711256,0.422299656348906,0.514154834738064,0.425726533953464,0.240424464859385,0.313920828872261,0.235209510566808
"5",0.371329237790595,0.578813433150421,0.624106946905297,0.494555320287392,1,0.706152428405336,0.613432567441754,0.540891729195468,0.103862043422566,0.723829808026028,0.747396013560798,0.23612438446061,0.685866561005215,0.186722589030474,0.640471051448592,0.306958550408518,0.763426050853152,0.754807226868897,0.711507565734687,0.74059216052382,0.731687663647817,0.722783839127078,0.772523082324516,0.693723715210972,0.254509675786098,0.353737048069006,0.654812074199466,0.758321530424403,0.479806707553165,0.713556550304557,0.767053621148537,0.769838703223406,0.760127183422744,0.548203605098518,0.718213386145115,0.393485561768393,0.473884039168727,0.625788950343145,0.538065714803865,0.704318714639996,0.725917463256355,0.189785873497409,0.0721526618879961,0.730258636498112,0.645791346757636,0.169330568370265,0.389905499557814,0.149294355202726,0.00141327220219759,0.774373972911277,0.733779217527154,0.589846104097858,0.637864292995969,0.67188170000219,0.650315353404209,0.731625308171345,0.734551788305663,0.754771749383337,0.736348951159811,0.752833900497916,0.764692409372871,0.767679252726195,0.719388299341085,0.700025896512414,0.676342305062698,0.661597112404187,0.221639527140298,0.646141263668905,0.64769110799402,0.590083798093351,0.539633478863956,0.732696078139393,0.519433979903164,0.213955782105024,0.523093329462936,0.431217422848776,0.509454690935161,0.575253684596046,0.445696202369432,0.127225937156091,0.402800342293482,0.570158214034557
"6",0.33995209439292,0.570823621650114,0.648303923736034,0.580469360240531,0.706152428405336,1,0.599042037240701,0.474065395344152,0.100190898987887,0.719865911472957,0.757462303471265,0.261439182232165,0.67593633550424,0.280370013613176,0.602153613575212,0.357893284410292,0.780389955128789,0.794974269936044,0.720642234531209,0.740656367619468,0.76092253480751,0.741025538873692,0.752551223201097,0.716684300908711,0.295613921110221,0.353330362329038,0.63823577297006,0.768637944079937,0.52328485032263,0.753489134959037,0.790046827555324,0.76807476119841,0.7818914170135,0.537604124926815,0.727002001161529,0.393785869196838,0.42598394879995,0.648659416880418,0.574145502404888,0.674042022549248,0.71144241993406,0.146931524676429,0.0400520483816314,0.730046889990483,0.633381148256149,0.240021555152,0.416050760794673,0.17500325642922,0.0830643400942592,0.791969414752522,0.722752173625201,0.618439999843645,0.652540704491132,0.641921358463534,0.629661497909673,0.712093427743244,0.743543065568688,0.803893067345351,0.743598059068778,0.761822343977147,0.779736968404035,0.741908109393184,0.725610224445054,0.697185983544223,0.702860515522289,0.652935625659134,0.194118305253013,0.625518825540524,0.615758051102095,0.591462815417614,0.511609621513203,0.705099341065179,0.526051733991069,0.172845337018092,0.503492363566251,0.417825864335821,0.583250084613258,0.61880018552419,0.435362112776279,0.161334246572426,0.344965274640692,0.588605918322575
"7",0.336045743093632,0.583277439585871,0.613822812554735,0.549840958850863,0.613432567441754,0.599042037240701,1,0.476576991680793,0.0348553136652809,0.692625032745125,0.696085389468419,0.299651880785778,0.669466415566034,0.095353542755982,0.53340357731597,0.21500301877755,0.749899940007575,0.691071371478567,0.700554767732088,0.717130838007966,0.714697390545667,0.71654253032027,0.728518214091233,0.706182997232266,0.191889030152309,0.28426346745546,0.703090740096159,0.711194422975124,0.365230461599407,0.642002138686473,0.722722748351874,0.730943783363154,0.734549099222566,0.424790456968045,0.695304211915887,0.393018791629586,0.527483100101955,0.641392257437611,0.580955950132006,0.706220691059836,0.72311531522544,0.0907820016301955,0.0286931017552414,0.698005139311214,0.630658560125891,0.228121654779748,0.329953578464625,0.197437191590625,0.0486181838990388,0.744343567613626,0.672970833682443,0.638583318970159,0.688111391449038,0.675009409216295,0.665942182187351,0.702416164475093,0.730080464462613,0.70844056291785,0.652207052494845,0.730478963554444,0.73950568842019,0.728527441952534,0.669661989545606,0.626090426782271,0.658524594752147,0.640769069778835,0.183584632516924,0.597154080656073,0.630721757725643,0.468477141752613,0.479051648496489,0.685835671663779,0.464406852404589,0.205250236223738,0.501493247142648,0.549340950172643,0.503031585328559,0.54787206328336,0.38851896527214,0.155389418543627,0.411188344390146,0.452719335941381
"8",0.394938800799948,0.571223499128759,0.538720400590002,0.503718735380982,0.540891729195468,0.474065395344152,0.476576991680793,1,0.0317115924865021,0.618668505843794,0.610332964860553,0.321315131485854,0.676931445347162,0.100245572407393,0.640642401659412,0.224824207969131,0.635104204575346,0.583475936053363,0.65928363577809,0.599374923191586,0.625058814285001,0.561453457686546,0.677773834122449,0.595922478051153,0.00397465707913684,0.391565495296312,0.584845582068727,0.666774416488538,0.386454895363241,0.588880728441747,0.656918357174723,0.629523729190431,0.646360581184597,0.303086477029353,0.611869213957687,0.271147774575997,0.522448071427674,0.480971488309427,0.436639855478283,0.659756665441638,0.681081568991076,0.0609317006872135,0.0080604280304947,0.597362280087924,0.607928011251125,0.136157670022333,0.407356431105094,0.18287890927194,0.148938893583635,0.641487206352624,0.668056837515051,0.498978585227421,0.584609048514431,0.5976260908167,0.516521421702276,0.641215062008354,0.666882318504811,0.623175780537665,0.573784408155562,0.684452573927428,0.656378397794804,0.653165859150321,0.600981681297443,0.621771359030037,0.618339076716675,0.640601264520049,0.0899434057729969,0.575386687370719,0.537297890320574,0.397144473551594,0.507811059978644,0.586373398168373,0.435406475625345,0.279445740540186,0.472038326392367,0.439497061611601,0.437797805679739,0.420703787923094,0.33641538333389,0.146020117861577,0.384698686686623,0.363263245902317
"9",0.0252405933371662,0.0689880152892936,0.088709528804511,0.0415183094597248,0.103862043422566,0.100190898987887,0.0348553136652809,0.0317115924865021,1,0.032767870831553,0.0233292447435979,0.119978663219763,0.0196631752172455,0.22003006514,0.0373423672752186,0.112575436633432,0.0399648135951138,0.0653913541825511,0.0156515739299361,0.085064371160918,0.0460570146211537,0.0123057912426833,0.00931266871947924,0.102944946677154,0.0355893987841902,0.238066322977347,0.0640693088444096,0.00303518599892293,0.19748723527655,0.0593626367303944,0.0487677062409909,0.0121613516044306,0.0276397801867356,0.0383533568910785,0.0172359791562559,0.016831862138261,0.0970642694829692,0.108891245164247,0.0381243979203143,0.0645031815716399,0.0393659113943787,0.0452614947017759,0.11281377502553,0.0107183568923658,0.0243476817488965,0.0348197333014693,0.0474721238285412,0.124727074342715,0.18165275483713,0.0138464079832797,0.0863928848451221,0.127260110747279,0.0635311162786432,0.0906523515654034,0.00222246845259332,0.06050645147782,0.00787766029883532,0.0421767911640397,0.109143709900895,0.0231342884014157,0.0264147348031472,0.0640092650965629,0.0985472813298298,0.0297438864661264,0.00934931856690308,0.0505809137136894,0.0599172486674871,0.00349491657992611,0.115380897538082,0.088573010703752,0.0117859840342125,0.0275853371735576,0.0748757852718359,0.128442236380529,0.0518777826499191,0.039054743694884,0.0425077221887864,0.124594491216384,0.13907440474897,0.0017940242255978,0.0920601526034995,0.0417650387763718
"10",0.359257601616527,0.763347412662806,0.756618366224084,0.67165141159148,0.723829808026028,0.719865911472957,0.692625032745125,0.618668505843794,0.032767870831553,1,0.890971565241924,0.483624499439965,0.822723071725616,0.104274543661753,0.764294601304419,0.370193153625103,0.913680144357201,0.843097596570197,0.86741333535304,0.87996401082748,0.918622681804728,0.830160262810204,0.904820938878369,0.869209970512414,0.189862073798236,0.376521445410436,0.77805836687007,0.869546599432719,0.416116177090813,0.850850625618394,0.898143911699717,0.871789256268031,0.925730094485395,0.40913411046473,0.896597945486101,0.448209170681911,0.623473844762897,0.763889313819635,0.671728012222962,0.90343451475475,0.892352224780119,0.103749897958276,0.0532506403402193,0.827698566520539,0.786065029936281,0.244304641610479,0.507612154526464,0.172683369226675,0.180451258150985,0.933661386025744,0.777116157153467,0.823715923587777,0.875149635661645,0.791224348418867,0.76680445745054,0.895179120178595,0.888236063730607,0.88163010708582,0.76806111256289,0.909796874121637,0.916525308277351,0.841027000304771,0.759842560051526,0.88875378094888,0.828250076565833,0.770404632560631,0.0807709775897511,0.717342464696055,0.777856942803269,0.642816294156271,0.582538739689954,0.881398965274999,0.557087091538252,0.295409336212473,0.589191332071794,0.564745803761056,0.637705239817726,0.653344424415658,0.409216941520129,0.201497290199632,0.39610625168665,0.519525653643286
"11",0.343840735323098,0.7578761907932,0.780276149767187,0.626300510056043,0.747396013560798,0.757462303471265,0.696085389468419,0.610332964860553,0.0233292447435979,0.890971565241924,1,0.373717327447246,0.78581436717527,0.154347222343332,0.742430809038098,0.410774968958031,0.923442504432718,0.889497161473082,0.849222872245659,0.887632148209762,0.898532316533555,0.875912368943394,0.900006489438735,0.853462743759386,0.289659422332087,0.417695085989612,0.762870391972991,0.85616585278755,0.528673524881677,0.846339036702983,0.911910691222517,0.890944968300254,0.917317466731924,0.527084445448236,0.886685660876834,0.461938388948896,0.579676296133362,0.749686279602685,0.684140429503921,0.853742237764777,0.866957722706274,0.151693421809067,0.00029728171262687,0.853365259213391,0.768435944732579,0.338496481564617,0.44340636618538,0.14107360954856,0.0624403529568439,0.920777513536073,0.818948790676237,0.766794538710786,0.819162191972654,0.815948937922868,0.779616542334833,0.882776041842402,0.857308305335459,0.897125408324973,0.836040260957382,0.89502115202403,0.917537047818896,0.859617702362602,0.818098874207539,0.853602231015069,0.837852326467755,0.746791782913871,0.162471919259916,0.775202112436441,0.738201015669259,0.708210009091689,0.554331193540266,0.86655683854189,0.589971554010291,0.236951774537284,0.59707029190962,0.508001836958198,0.590181507675977,0.711985226834519,0.419004398397557,0.198186375987462,0.413602651890441,0.613028095716442
"12",0.113580471645236,0.398898645647946,0.356177987546453,0.468918168810541,0.23612438446061,0.261439182232165,0.299651880785778,0.321315131485854,0.119978663219763,0.483624499439965,0.373717327447246,1,0.462749593336336,0.133823126896578,0.333759134319477,0.0127849929089734,0.43126712033945,0.266278206544804,0.470731624525414,0.411813460985298,0.471595939536607,0.31351273238565,0.425573660424497,0.507400091801118,0.190185495018406,0.0958199408113777,0.458201724229303,0.389582755890701,0.0626867205849338,0.371926103348713,0.413954830758687,0.360863208425262,0.451278299860641,0.105740626030543,0.455618805089712,0.192077226246954,0.425304656199849,0.408941554657093,0.309465161564326,0.483363050610144,0.50329531492821,0.0951578038040992,0.19442684537305,0.336015388096914,0.398233984592041,0.0716220201801732,0.357872768368716,0.0670402614405889,0.202652467081582,0.461713894677258,0.273513619976827,0.576352166900672,0.597896266751569,0.36564046831356,0.34130155607181,0.412167188474702,0.44378139267991,0.364334705086776,0.19923906401202,0.43329683706499,0.440850540724084,0.337938777453249,0.246347902188271,0.462140404835198,0.392287992245931,0.404298882641164,0.182152813990998,0.203313241894874,0.348564984609489,0.19278857435425,0.333046077504133,0.451285805561123,0.152030848572368,0.225073157777679,0.285909286990788,0.372235566727128,0.333238106065375,0.208088061514448,0.157595959101694,0.0388502321173869,0.156559280821258,0.0191424860219866
"13",0.432070863847894,0.677818640374196,0.722854843238676,0.674906614812262,0.685866561005215,0.67593633550424,0.669466415566034,0.676931445347162,0.0196631752172455,0.822723071725616,0.78581436717527,0.462749593336336,1,0.171000412120259,0.775856933933227,0.329066483650185,0.864783296859566,0.796436682741841,0.879892695410437,0.819169171553824,0.868501370527335,0.77333631343881,0.90528647317468,0.821168811694908,0.0950062140633562,0.31913397440838,0.73165139689093,0.860085818943689,0.476193170158891,0.831115263882918,0.878277858559881,0.847455118951075,0.868952525797597,0.426602825835565,0.833520323884404,0.368379261660877,0.619651204360448,0.66005670635485,0.564091906066929,0.868395726349338,0.890375933440374,0.126960716867444,0.0249593693734973,0.797767182880352,0.819587777838781,0.22199181646192,0.426543062110925,0.198890796530301,0.200180760068884,0.872038706752967,0.805218839965318,0.731561570927275,0.832732719407015,0.755195557892774,0.689237464593369,0.82126965087299,0.902579939558115,0.855038096884103,0.763506061455356,0.889840877659416,0.880808238186352,0.846733501987769,0.780656366693066,0.841171802327612,0.810964502491442,0.778400995382103,0.184368776000221,0.690155150357908,0.711586884693741,0.653234209030369,0.627068513262617,0.809464823438657,0.604142102613694,0.300950362880919,0.593240396031317,0.618054403749893,0.566207142712279,0.61949155222316,0.453154989511342,0.167233472006755,0.525045580579855,0.542781148284955
"14",0.113558596992162,0.0207707091268222,0.115751790128802,0.145904801902846,0.186722589030474,0.280370013613176,0.095353542755982,0.100245572407393,0.22003006514,0.104274543661753,0.154347222343332,0.133823126896578,0.171000412120259,1,0.108242229136108,0.215781033461218,0.162451871772069,0.318582228890171,0.18065432633595,0.0973172225368347,0.135830373721472,0.255689137766048,0.1709675859906,0.109566072318459,0.200196526443374,0.216311657134756,0.0237322473287576,0.210028368361655,0.455111086061144,0.346770803369125,0.242273232632714,0.171382063520196,0.163524965107641,0.256739481680958,0.159362673171986,0.150978256928674,0.0256500777556848,0.0602031004790454,0.119792220394538,0.0303784464079915,0.0954963451139422,0.0200844039168101,0.111168712958853,0.168075056801764,0.142590439971339,0.107873519547819,0.0571885525327478,0.110531951839361,0.302578984444616,0.158039870455563,0.211563877495067,0.0278940580789544,0.0706483014015628,0.0845408395049135,0.0667640338970177,0.0424476267359097,0.175761903082306,0.244068688288954,0.306382008336208,0.191435617305567,0.159734228384738,0.086692120897601,0.332982580777502,0.173647121461881,0.197848091654028,0.152626232208104,0.0625651349032934,0.181959935800624,0.0536612292140866,0.209390274239544,0.0462192408547236,0.0771497061475393,0.2769951826181,0.175542600588519,0.161765545683124,0.0884329997006717,0.158037857072295,0.261081412877877,0.132733538990516,0.0196799077499003,0.0330245413154114,0.284225252938735
"15",0.351520987583728,0.644702344854984,0.665489805187867,0.531596244727793,0.640471051448592,0.602153613575212,0.53340357731597,0.640642401659412,0.0373423672752186,0.764294601304419,0.742430809038098,0.333759134319477,0.775856933933227,0.108242229136108,1,0.353345444344661,0.772376133043303,0.732688493707109,0.757092853081251,0.745106658445911,0.775832877459297,0.699561903828256,0.817296868199793,0.72030425714597,0.104002940724998,0.32497491834219,0.665109044207949,0.787128734089331,0.44193378802456,0.732137861406062,0.784497604976453,0.791429517986927,0.793340764305624,0.41968497750321,0.740946150948699,0.288677919431429,0.572591514601779,0.611634889558147,0.516727589787379,0.795623162492392,0.776354905434505,0.157685210058674,0.0420306875496687,0.745803661035124,0.732847253950889,0.230928318851716,0.404801888381344,0.163638136792468,0.272595828623708,0.794897510077357,0.737117010711996,0.62823367107122,0.693047590533803,0.697813064113336,0.617899437742254,0.779831305670242,0.784691492238149,0.774058555868801,0.726487244827333,0.809846034860098,0.787914037033663,0.789723013490891,0.691856573216685,0.787095415481443,0.742319500246993,0.700459409994962,0.174086106684429,0.693593011386041,0.674127224851355,0.608095876108167,0.541269179493398,0.756860737647097,0.576149017533611,0.299659868899682,0.507960426886745,0.502663406136071,0.519244176450914,0.562884256436941,0.409379737643984,0.155319399660364,0.511133544946318,0.509164219614763
"16",0.0424660987841058,0.372324383389924,0.307823931756679,0.355454645456626,0.306958550408518,0.357893284410292,0.21500301877755,0.224824207969131,0.112575436633432,0.370193153625103,0.410774968958031,0.0127849929089734,0.329066483650185,0.215781033461218,0.353345444344661,1,0.387225717493092,0.457662171076993,0.315867108953503,0.361015356270043,0.35944890017611,0.367054269775193,0.392334084192895,0.314317917071328,0.161557476130645,0.255572775730785,0.22680037758275,0.371350085504224,0.378453372329445,0.432511343987224,0.394459116334665,0.382191545555606,0.368589964710084,0.288728499039978,0.377909185410666,0.174494155313748,0.206927757174013,0.282228833227815,0.204656279229904,0.325779754169238,0.303892105819854,0.0417809912293391,0.0916543166225458,0.345502859360934,0.322782649021292,0.299907097777559,0.179389735473158,0.0342123281360824,0.00193911368934387,0.386261478497659,0.338563981947304,0.223935153830359,0.278996144770342,0.358595226847454,0.237591447415566,0.355379878597101,0.325637712942898,0.399087848339052,0.450488974447418,0.406722046304522,0.357776750620684,0.31774268254297,0.377138414038955,0.447023444073619,0.39996499398354,0.361509063860998,0.123712626048043,0.357322239984398,0.248487651861779,0.371959499461588,0.168136368691956,0.373359876132302,0.400506822699741,0.113256217413081,0.209377713362379,0.147607567755886,0.18536766714929,0.390213386881108,0.261085606430585,0.186177684649447,0.107712028824094,0.274348061204785
"17",0.407622091792214,0.756429802351193,0.806292289322462,0.719394878836792,0.763426050853152,0.780389955128789,0.749899940007575,0.635104204575346,0.0399648135951138,0.913680144357201,0.923442504432718,0.43126712033945,0.864783296859566,0.162451871772069,0.772376133043303,0.387225717493092,1,0.915995247328273,0.918847663203829,0.932727294644665,0.949696540615731,0.897793384407366,0.948955259034177,0.90240668151249,0.263164620839765,0.392714427537254,0.819886111368958,0.925583903666223,0.507153811360022,0.894704147448685,0.950540056191853,0.935351145550763,0.95858247146481,0.534067528645662,0.913375109455175,0.480685672262458,0.632219193716979,0.813570607295301,0.687492904221332,0.905134039424521,0.932377005633683,0.129244364601531,0.00170035910149596,0.886736678482748,0.837104252776859,0.313588431249509,0.478154712730478,0.207172388583958,0.0814109170292122,0.966382621167534,0.854768632589191,0.822049447589956,0.87899561760376,0.83221078133978,0.788977056999745,0.914612767620769,0.923105496379723,0.936451246688435,0.843051418892332,0.946380545820383,0.962299077936345,0.905202440188515,0.850162104108909,0.907470335679938,0.87681378830606,0.814346996655615,0.162540489839774,0.766850829744311,0.775219713763166,0.711076902375406,0.639944082711232,0.900382753747424,0.606835425487346,0.271131594488658,0.631205919209287,0.584074717766911,0.634744437431017,0.690620603337426,0.482217249967144,0.199269861903363,0.466314207356723,0.594807361972506
"18",0.38161077822035,0.660164627982424,0.756027782067437,0.63136284801554,0.754807226868897,0.794974269936044,0.691071371478567,0.583475936053363,0.0653913541825511,0.843097596570197,0.889497161473082,0.266278206544804,0.796436682741841,0.318582228890171,0.732688493707109,0.457662171076993,0.915995247328273,1,0.851966783884672,0.853747129154426,0.884874799649376,0.893816213308792,0.900871211156585,0.817443130282317,0.371844746000189,0.442553360672717,0.725131080291591,0.888194423436014,0.650364495006862,0.901999336268364,0.924888391205724,0.901520144238853,0.905056206573118,0.632032170552162,0.867954152404281,0.456428059795746,0.522233297552975,0.71225295676124,0.65490270424369,0.817673643769481,0.838430511410249,0.186866920787139,0.0157551434217296,0.864425208637472,0.788234837077019,0.367814771210123,0.417871108768394,0.204264452307696,0.0072493453488729,0.909124046285784,0.845697805625534,0.674443121751403,0.763307493401177,0.786016303824184,0.750388886715157,0.843950079040489,0.868326147892722,0.929228130398121,0.894473611995282,0.905671609552145,0.91032255451446,0.843667163659045,0.875264078801885,0.85878228620712,0.842797623007054,0.756233048023164,0.246325836638801,0.793211503029136,0.712695059145751,0.728271283837443,0.569513111487817,0.833973814167559,0.676234481029664,0.149319842379312,0.591592333430549,0.478556169422992,0.587143265338068,0.751646911835397,0.495862365071277,0.190993614410079,0.42794054874756,0.677390454178863
"19",0.400091031716365,0.686343651773311,0.790781289704065,0.68222137008704,0.711507565734687,0.720642234531209,0.700554767732088,0.65928363577809,0.0156515739299361,0.86741333535304,0.849222872245659,0.470731624525414,0.879892695410437,0.18065432633595,0.757092853081251,0.315867108953503,0.918847663203829,0.851966783884672,1,0.853585046492205,0.911617061703648,0.807680225851865,0.926959431596539,0.821643669654251,0.173518957854942,0.420460595754915,0.776531058391432,0.902177764508401,0.493844628523754,0.848943561310411,0.927913625271213,0.864204728046913,0.91488496182438,0.475897545442472,0.881738863439181,0.474906992041273,0.593524076562433,0.723942602271471,0.645008788301737,0.866582519595666,0.924457356900822,0.0978960341565086,0.007353592473964,0.82363349637534,0.841837624002988,0.233089957158358,0.47358263224705,0.223572862525726,0.043472592190196,0.910216604942267,0.825589563452249,0.790798886905241,0.878087423380879,0.795656719920669,0.733392239810222,0.844112448620943,0.927089539920879,0.89109259540326,0.769360434827159,0.9179484122568,0.925570545334175,0.848677491887925,0.849153161430789,0.878314238521349,0.825784174466789,0.775074512672772,0.118033171579892,0.717149502971071,0.702690181019624,0.655889827696125,0.649347272737075,0.834445081234971,0.590922036578164,0.237282035961379,0.682664760784028,0.58778212307945,0.592637126625587,0.667738427923232,0.453032904940988,0.18759224171133,0.425739660859204,0.546686773580615
"20",0.396210686830416,0.74797771877966,0.790071134567716,0.679474750694085,0.74059216052382,0.740656367619468,0.717130838007966,0.599374923191586,0.085064371160918,0.87996401082748,0.887632148209762,0.411813460985298,0.819169171553824,0.0973172225368347,0.745106658445911,0.361015356270043,0.932727294644665,0.853747129154426,0.853585046492205,1,0.897523217785613,0.853853025846382,0.905616702825649,0.880162441410796,0.23134547205143,0.353569979248868,0.810612207796039,0.877340749714242,0.461963254344112,0.826394012319196,0.892139497870644,0.896882573488299,0.915568935997224,0.505646192800332,0.847275994297293,0.439630341440241,0.621634399178626,0.827282231310131,0.666078100671172,0.866860769629593,0.893092912584181,0.144577907726954,0.0120530663166385,0.850104511330251,0.773709041925262,0.323588912680481,0.4577771157058,0.159189662222403,0.130181823625762,0.919515393331336,0.819890791442195,0.794494705907825,0.829618230016886,0.829467426564039,0.753813830437688,0.891837909943068,0.869698609148001,0.880000694026748,0.800044679462406,0.899328860991622,0.918231887277445,0.882463114534525,0.785939395815976,0.841229344727131,0.852277250629059,0.778127068518886,0.213256594153474,0.75898708495273,0.788729299872358,0.701302813723862,0.597755866230668,0.869315522823759,0.570635524917422,0.315838819745998,0.574834658439857,0.547593597546488,0.59144644180571,0.646098147875763,0.437193546295266,0.224341940594849,0.481605445738562,0.541645412267294
"21",0.382765424090139,0.743798159509829,0.772811372027627,0.692311775488125,0.731687663647817,0.76092253480751,0.714697390545667,0.625058814285001,0.0460570146211537,0.918622681804728,0.898532316533555,0.471595939536607,0.868501370527335,0.135830373721472,0.775832877459297,0.35944890017611,0.949696540615731,0.884874799649376,0.911617061703648,0.897523217785613,1,0.867964900822703,0.941845348754029,0.894924707020154,0.240515666547717,0.338814960749302,0.789732778368167,0.916127900990732,0.472721362028398,0.894040323972257,0.940727177026702,0.91167364872736,0.949524268352455,0.484867688367755,0.915115715879024,0.464453593148762,0.609954307836338,0.772787602970208,0.671635045429321,0.912529045335595,0.92207814822733,0.123026009751653,0.00766994265523778,0.866318830029384,0.840817392731288,0.256561777855322,0.485549762823328,0.189921760539341,0.128052163190438,0.958493700335588,0.827898932294919,0.820933395535948,0.895452700721144,0.815647441267425,0.777405989942491,0.903356495563095,0.932070452303899,0.922435293306603,0.806016525948923,0.934890181514159,0.951448340190384,0.874489049909047,0.811081157319172,0.907774891613793,0.860633263340861,0.787180182578567,0.129086899748252,0.744912759478882,0.768675951493704,0.682996258258362,0.627053679429339,0.896048366666405,0.596739042383889,0.2468184848465,0.62998416261996,0.58937702035104,0.634398297480548,0.694871105395022,0.455644483300893,0.15753558761046,0.450073477866722,0.596188455403413
"22",0.38069739823435,0.69256791898793,0.736499598553513,0.6108825682218,0.722783839127078,0.741025538873692,0.71654253032027,0.561453457686546,0.0123057912426833,0.830160262810204,0.875912368943394,0.31351273238565,0.77333631343881,0.255689137766048,0.699561903828256,0.367054269775193,0.897793384407366,0.893816213308792,0.807680225851865,0.853853025846382,0.867964900822703,1,0.882445516930503,0.850086084329981,0.328529197593059,0.324482251422208,0.734157969629966,0.855276987872785,0.590882776703325,0.859011831557716,0.886953797343953,0.879150500330891,0.887207988933268,0.580155719611705,0.841575912313605,0.455967894112999,0.529622919840144,0.715662303465358,0.636465886618958,0.814238852503859,0.838883276977518,0.162424339062702,0.013885091068488,0.838429843339152,0.770929350405453,0.331473891941143,0.391610264937364,0.150205876621946,0.0418658406682432,0.8924175470847,0.806062853976898,0.733123464824457,0.774086652898053,0.785380638701463,0.746782538851013,0.847688560508271,0.844363462779281,0.873427184513852,0.833883736361224,0.879925226449461,0.88306720532144,0.845484894119076,0.810851116679811,0.814519146009388,0.827155471514658,0.766409734865678,0.217805958603886,0.766421243581251,0.738307716986732,0.688523370065724,0.54104051452338,0.829230757056863,0.645277485982574,0.191717416863717,0.561780873104781,0.53850595540515,0.580253341147579,0.702967168469123,0.465039959528334,0.159586399855757,0.439038166798365,0.63447236984034
"23",0.435313659580381,0.747892344260282,0.800668842863006,0.693078167166159,0.772523082324516,0.752551223201097,0.728518214091233,0.677773834122449,0.00931266871947924,0.904820938878369,0.900006489438735,0.425573660424497,0.90528647317468,0.1709675859906,0.817296868199793,0.392334084192895,0.948955259034177,0.900871211156585,0.926959431596539,0.905616702825649,0.941845348754029,0.882445516930503,1,0.88481193634482,0.190503596514083,0.373045838887084,0.79550220371838,0.930806927770692,0.537944492103707,0.894501578391831,0.949051946910758,0.930915941046528,0.956107895927882,0.525576961608949,0.911714992180975,0.445925892532916,0.640012574564676,0.755616456265671,0.643156242914192,0.92769792872157,0.941841448224667,0.139473192488862,0.0210161487281114,0.876853182388421,0.862130815302722,0.291703526240944,0.467481065995495,0.190347766154205,0.148471635700578,0.954367496941792,0.870300294992252,0.784302060762443,0.870285345319108,0.845847325794813,0.769706538893979,0.91221783214625,0.944024102458112,0.928295289517243,0.846967933243049,0.960176900590627,0.958291951309909,0.912665993579168,0.850281402360386,0.913158831230451,0.875464460879933,0.825146185359289,0.199318772394538,0.783092132903967,0.777279189671112,0.706371287341087,0.634642105039179,0.894591224821253,0.654810643618647,0.282174452183303,0.653812071357999,0.590214844755727,0.602048913246585,0.715012090957928,0.501805714445457,0.209049910712023,0.5075335880691,0.611426269934892
"24",0.399618386411102,0.716150591676408,0.737492010186892,0.697339368855961,0.693723715210972,0.716684300908711,0.706182997232266,0.595922478051153,0.102944946677154,0.869209970512414,0.853462743759386,0.507400091801118,0.821168811694908,0.109566072318459,0.72030425714597,0.314317917071328,0.90240668151249,0.817443130282317,0.821643669654251,0.880162441410796,0.894924707020154,0.850086084329981,0.88481193634482,1,0.174660175644236,0.24796623894823,0.795044137710923,0.869318935088484,0.414999638893302,0.843775087572636,0.872748042045337,0.882594014636993,0.896683206628181,0.443837206601436,0.853989174000837,0.428000977638593,0.644414225499751,0.779725927403889,0.631150297165509,0.867317138275067,0.880180997741672,0.148049250100946,0.0856282164883022,0.831880533014999,0.780707394808124,0.236211643788924,0.470311040256024,0.164881720654173,0.184856160320757,0.916468185642459,0.773925506242453,0.815748720987758,0.846232178916137,0.784350010896511,0.740710250089622,0.860660927200857,0.880376766522893,0.859156346468606,0.766265453346199,0.880417981227663,0.894538244515866,0.848706296916155,0.738189670748788,0.830215387778651,0.837019653804013,0.7864287203565,0.133836820047301,0.668011473704627,0.789024851912577,0.625615794450829,0.584824637787433,0.856174760170341,0.577371536434337,0.269902657307618,0.553388564143862,0.605156842673063,0.622476730678434,0.605446046522634,0.429925438185661,0.183975482626688,0.455735983536494,0.53772232456765
"25",0.0566512706969651,0.133896549205988,0.176451765928066,0.0311027513181284,0.254509675786098,0.295613921110221,0.191889030152309,0.00397465707913684,0.0355893987841902,0.189862073798236,0.289659422332087,0.190185495018406,0.0950062140633562,0.200196526443374,0.104002940724998,0.161557476130645,0.263164620839765,0.371844746000189,0.173518957854942,0.23134547205143,0.240515666547717,0.328529197593059,0.190503596514083,0.174660175644236,1,0.0318665049492719,0.120391051257874,0.238280650662111,0.333766339834104,0.235419231607909,0.256394077232738,0.254355998978794,0.231237312680952,0.418319806440001,0.216056223364885,0.185032153628669,0.103451965584597,0.186063182878435,0.246722821987713,0.138367561313426,0.127649884158768,0.192131575351842,0.189798941950961,0.27271095635585,0.162020999297902,0.211835873276946,0.0193949415725401,0.0462899538351733,0.232906716872814,0.224345825401838,0.227208847912722,0.110888673163493,0.0830371526437904,0.194597689281575,0.18944986170788,0.198220951275682,0.194464851657836,0.294487921888041,0.283968131557333,0.174284224357526,0.245112734586077,0.209281049480093,0.267058446507704,0.16449248731823,0.166023304230046,0.122302591287708,0.129191142497452,0.256488921708304,0.170684741398137,0.31667672831374,0.135661442230047,0.179015659274022,0.1688517789203,0.15952932743351,0.121444093088382,0.0346359802413983,0.149366549112963,0.190377511819822,0.103655361525692,0.0939218141641923,0.0503756254456746,0.423320677881063
"26",0.147404181139942,0.293170746625536,0.33140786952171,0.368584992395449,0.353737048069006,0.353330362329038,0.28426346745546,0.391565495296312,0.238066322977347,0.376521445410436,0.417695085989612,0.0958199408113777,0.31913397440838,0.216311657134756,0.32497491834219,0.255572775730785,0.392714427537254,0.442553360672717,0.420460595754915,0.353569979248868,0.338814960749302,0.324482251422208,0.373045838887084,0.24796623894823,0.0318665049492719,1,0.37151523862751,0.372628706670579,0.32866094101714,0.357094018190432,0.417084520518804,0.363531652190148,0.382812334906203,0.224854320849835,0.391791327221641,0.226295533751964,0.258896060462504,0.276262451865509,0.376264300952439,0.321931762967707,0.378163426670223,0.127563205786646,0.0855980477107565,0.385174805377352,0.294577174838775,0.208377148900511,0.280079150395595,0.0974751005036261,0.0979695496531765,0.376101415020916,0.399417999109072,0.200635943114941,0.296486110277042,0.320062994825552,0.360974372622661,0.342664398016668,0.319562842703303,0.41954378309031,0.449135790068481,0.424926919645286,0.374742567716079,0.332370486813766,0.474761145934334,0.394488072438301,0.379623591128829,0.381784845027553,0.0904836718540785,0.409719095143702,0.238220064262614,0.247629077217475,0.238775667303376,0.356048342269558,0.220641962371628,0.173230881335873,0.328197600809324,0.106809809138462,0.248147429487698,0.405261574028158,0.233810767726586,0.142902258682081,0.101914165917804,0.158437699684673
"27",0.396940656041168,0.669688061390504,0.72028353565345,0.638538070077879,0.654812074199466,0.63823577297006,0.703090740096159,0.584845582068727,0.0640693088444096,0.77805836687007,0.762870391972991,0.458201724229303,0.73165139689093,0.0237322473287576,0.665109044207949,0.22680037758275,0.819886111368958,0.725131080291591,0.776531058391432,0.810612207796039,0.789732778368167,0.734157969629966,0.79550220371838,0.795044137710923,0.120391051257874,0.37151523862751,1,0.785054607124081,0.363218244737294,0.667706254662563,0.789250196366543,0.792426908952553,0.814109234821534,0.398808171855711,0.754987689234293,0.440759660024121,0.604688356775762,0.735135216674643,0.599722986971871,0.7817500289941,0.837174301130931,0.0140679972468557,0.0319763240713808,0.758168244007502,0.709543403265244,0.264009339975754,0.423886588963814,0.147293401730003,0.129256059860013,0.80689455399846,0.742368176819619,0.693388838468644,0.7590245248808,0.741326393270904,0.741059701099311,0.777567384111055,0.786065393621553,0.743868827297176,0.681806076216744,0.81323489216066,0.804692575509594,0.790679487956376,0.703551233502838,0.704167824122757,0.735306902096576,0.753061025377277,0.0992020444858853,0.660989940086901,0.679322272255424,0.461757443887846,0.542362216833694,0.754280622858825,0.487450722766609,0.308097102743238,0.535399509307099,0.54298939020645,0.521979230158971,0.559888219771126,0.428567616126427,0.202382555059365,0.452828106964082,0.3826123707077
