"","1","2","3","4","5","6","7","8","9","10","11","12","13","14","15","16","17","18","19","20","21","22","23","24","25","26","27","28","29","30","31","32","33","34","35","36","37","38","39","40","41","42","43","44","45","46","47","48","49","50","51","52","53","54","55","56","57","58","59","60","61","62","63","64","65","66","67","68","69","70","71","72","73","74","75","76","77","78","79","80","81","82"
"1",1,0.119634743595824,0.0281638178850838,0.00537742962768652,0.0709669828370813,0.144855747185355,0.0730641038365722,0.0481309776280245,0.201129445620597,0.0812922126900398,0.0355665318884125,0.0306454352752585,0.0681665935608017,0.0420917994385177,0.0344805429468504,0.00770041346166625,0.104174764217931,0.0489014418354974,0.0827739439799284,0.013456322408566,0.0847122596475059,0.0545344613077967,0.00345541250309873,0.116644288411154,0.0284283093782793,0.0726719861360905,0.12874657951411,0.0437300840127691,0.0619479542609802,0.0335008464650996,0.0981743809628125,0.00639583682520427,0.0606809286901932,0.0592747029107566,0.0278552519836217,0.0880989528739446,0.0689855286056741,0.020802975624771,0.00335676264513562,0.0233505248667258,0.0411954716539469,0.00780726489711825,0.171353568422235,0.10041263853954,0.0326655707190826,0.100568595342857,0.126938020679651,0.091469985510954,0.127774863246263,0.0133301682271945,0.1433768609852,0.0211948985112138,0.00530731638740382,0.0437413896433422,0.0792336332466215,0.0413524122483666,0.0459190274617798,0.0145982611733511,0.00859934875967678,0.0453759334613256,0.0441144990805775,0.0489600864780706,0.0185115086615298,0.0266011780307213,0.0559542721400714,0.0863278056378307,0.0902216796106629,0.0708371873910006,0.0308934603810309,0.00461107705732333,0.0762806826888436,0.0641643609253994,0.0950086682807696,0.159595414902696,0.0483693295357396,0.0603173618563766,0.0273963306330664,0.134470416285246,0.0642073304196728,0.0603016131938293,0.101984455519473,0.029980950195846
"2",0.119634743595824,1,0.430093305885262,0.0830298929963204,0.267625126153672,0.0977477790381754,0.0928825110601875,0.238887474914198,0.161072350137785,0.546104300414191,0.46936026631472,0.212076574113656,0.279234353972407,0.0481895410383805,0.300502836605813,0.0579651259780316,0.464550118184436,0.38311855055579,0.508217036755807,0.480852005028263,0.519776394481567,0.455577542773372,0.46070130362599,0.434883736702028,0.136608727513653,0.083474215549956,0.608541469321732,0.502809510890443,0.220217969706511,0.443926211782835,0.549765075310706,0.469524838151075,0.433925350900533,0.23091029814694,0.233557804105665,0.457586746670151,0.0818110972209326,0.304144437633778,0.258832947039066,0.446501027910517,0.471456905929759,0.0423668247209168,0.211732558613456,0.584476382948877,0.277035612110707,0.400473882495293,0.396607294672497,0.368125988594189,0.174850428665878,0.355111430326396,0.032188678480909,0.107430843657943,0.253790820513053,0.460319274401096,0.393292911766767,0.304090147418409,0.534084395308021,0.438548682827738,0.181606620705448,0.246421092101381,0.499922332033648,0.264980016178164,0.330753583078407,0.349854960176312,0.394273050601127,0.100160668364072,0.305562986083015,0.51383328876697,0.237443869915759,0.390217253342888,0.0769557878644717,0.31984988610422,0.432552802256943,0.519236132269889,0.0404412447233723,0.0492780155856031,0.0957700589233329,0.541466391364499,0.163842376507495,0.550654420151027,0.441405055470883,0.334669149538881
"3",0.0281638178850838,0.430093305885262,1,0.0685533280057135,0.306277174739867,0.176359191444918,0.318901976758467,0.249161426844211,0.112262818603186,0.656919215020428,0.506305511022835,0.334987003741966,0.413324457481639,0.215189262995291,0.380123920102913,0.0942093416093784,0.599146258196049,0.537973821126155,0.642420669198633,0.541472501497196,0.625659744094041,0.516406936261159,0.594612585275201,0.454527872031365,0.14255612569147,0.147066189180695,0.571035113350755,0.604431938465898,0.302516366651998,0.531495423369835,0.651104715590627,0.551661019958024,0.465855274149148,0.114098543334891,0.28788288161198,0.484239446637999,0.103062651986171,0.382922693896517,0.446056711403862,0.509053887575013,0.61398425621687,0.0273927803808735,0.00987216007730041,0.63047888055384,0.214879686117818,0.364652242442696,0.408258848628196,0.300600822090334,0.178057349226231,0.360085162972441,0.280054886063232,0.0170539341786301,0.191784799460821,0.511878052740693,0.392552134980131,0.391818098327781,0.591722772486586,0.545092005885999,0.29527305770905,0.534242591923472,0.594720054724189,0.473275122026488,0.57038617258286,0.539783431715467,0.396633126859375,0.0090725201790583,0.179111785708468,0.570214995014102,0.305962575648539,0.520701229936491,0.251436730786781,0.38193465460654,0.4486033007773,0.446536374704603,0.100004866284649,0.154609264956866,0.182672042967111,0.55027515696739,0.201668109605681,0.577102870371502,0.552065433615976,0.435874843508564
"4",0.00537742962768652,0.0830298929963204,0.0685533280057135,1,0.198626027154644,0.021825109542369,0.0130623526884443,0.0780560294287412,0.0322198389092675,0.159234375669971,0.259976660509824,0.16725653201856,0.0909725666326506,0.0184245266553258,0.18476774993539,0.0953142317608416,0.146702800377944,0.216766859828826,0.159422046022636,0.167361308237976,0.210092227710406,0.199838608357766,0.218975693395218,0.184870147540104,0.0249916635798134,0.0140843119677938,0.165839317509086,0.1824183478378,0.110085999980286,0.175388446298419,0.198728928258297,0.208643601656243,0.235205993307938,0.0535090437741291,0.166077632386628,0.0453365243674286,0.0082086835874417,0.143974278018105,0.0885655069685072,0.165759809124953,0.189471608498512,0.130786352833289,0.114440698737433,0.149415066033889,0.175526817305183,0.189239907244469,0.134076234185772,0.159796019063172,0.061632095327739,0.203404107117529,0.15730606005691,0.173690906334201,0.0250550689471893,0.232798963933038,0.138203459723664,0.227641236985038,0.183246974729646,0.258276122002582,0.142139506638726,0.187376595654655,0.192207593479875,0.215553419032169,0.14229445193527,0.0895561724939076,0.167702333493686,0.0184706893108981,0.0277384392704804,0.160252075130879,0.0961983199278873,0.153862252530935,0.0165525132740195,0.228164836766189,0.182837570237386,0.125878179327898,0.0473072513971666,0.0226484220754774,0.0605036484378257,0.142113351961536,0.161533766008945,0.151051135554365,0.150388840307364,0.190040893815257
"5",0.0709669828370813,0.267625126153672,0.306277174739867,0.198626027154644,1,0.155000169488265,0.183783246841454,0.128569730433005,0.0537529277865393,0.456351791616103,0.538138033345874,0.487308138534106,0.418415416825118,0.354775697166513,0.370722635045684,0.194740313039365,0.62627801732415,0.623877412109835,0.544395500654828,0.610896276995264,0.535411608601618,0.658127555749829,0.603018230874858,0.528041523767979,0.309841037435087,0.132665656866619,0.525421862464437,0.583267984747303,0.442772282219527,0.542663225357541,0.565605226583982,0.57875639722822,0.598246720131949,0.00492425162242179,0.398842606114932,0.259601650386606,0.193097277514156,0.368408539975436,0.334743918518485,0.476394543224083,0.405516912051839,0.141955726636131,0.0941762195706646,0.533774462506049,0.31093061733905,0.491122782832218,0.416961236522959,0.34765117762195,0.231423041438818,0.52936642787911,0.364950211923101,0.201755306250963,0.075854714414273,0.456820758971477,0.313667278307348,0.434284743197416,0.5474363745103,0.604389067664124,0.55024510962172,0.47534071089108,0.572462918723782,0.512160041454218,0.49407263479209,0.418542298372772,0.521336684631125,0.139888263571668,0.0108038664880985,0.453593121249745,0.439033764891954,0.47419269309438,0.190211868667364,0.510472369058308,0.454222087658294,0.351400996582595,0.0986997021126376,0.0636469462243028,0.0831165460773013,0.360248587161933,0.214357526705606,0.365154926116148,0.397596189718161,0.529625223004293
"6",0.144855747185355,0.0977477790381754,0.176359191444918,0.021825109542369,0.155000169488265,1,0.323496213133747,0.195447696393665,0.355782757174067,0.0697058395227772,0.123862592674941,0.309155331292023,0.260169527637527,0.238067978928587,0.148474411786096,0.0301900052115465,0.22064282968012,0.386898978783529,0.141810728549822,0.2236047348898,0.112740182567104,0.160499895414188,0.287307260589562,0.175065194557187,0.305781776176162,0.268391578852148,0.0240825940429754,0.198097966025515,0.352042854666665,0.256109936233202,0.170637423058026,0.176721336706094,0.211001409702946,0.225684570763602,0.275260873785868,0.00870663656602318,0.146156861027295,0.16624381147887,0.151045256833772,0.105087511934844,0.0800420311349575,0.0653190212960972,0.237186740934511,0.0967758211959173,0.0681200073634408,0.0680564636269856,0.0810764235116341,0.0532606963718261,0.0840974642915715,0.201290246196601,0.420583723150579,0.0425964812962942,0.284459554793985,0.0494605175072368,0.0930804756660303,0.189575180821984,0.137530977314261,0.235191221059931,0.420140467534756,0.362854786328853,0.205763244839261,0.401964442663951,0.311075790119545,0.178753331036375,0.155582111914057,0.302056819485397,0.228897788802721,0.0568553769484366,0.281298680147601,0.22142223736347,0.273651935174486,0.225345820976406,0.066623572770334,0.119990227150111,0.0801146062427732,0.0315631080873688,0.0658281088789452,0.039443197509186,0.121426179826418,0.0437973151374838,0.121083422756257,0.231054610833976
"7",0.0730641038365722,0.0928825110601875,0.318901976758467,0.0130623526884443,0.183783246841454,0.323496213133747,1,0.0246879892527656,0.320301597894869,0.246909030542582,0.220495326977582,0.31863498003782,0.373517890390045,0.161546931487965,0.0978983026663665,0.00775944544956359,0.274395983412126,0.409930902905627,0.336319283180972,0.326736961725919,0.279013454455282,0.215272812253537,0.388412777861813,0.161777298193156,0.269970724870579,0.330561748645399,0.123933818675626,0.284671123524178,0.242885298344961,0.402140087506276,0.353203353182418,0.248359881206383,0.243087616367648,0.107920677752807,0.256298174532632,0.230868281469755,0.250553588859448,0.322375177039935,0.210282164722942,0.281098375592205,0.321699676361722,0.168420154921418,0.0473610840063241,0.284258962261908,0.14240462379087,0.223211811510804,0.207773339335995,0.167814181134241,0.198397999592969,0.176378225947089,0.42831294388678,0.0539214619565509,0.161727500776819,0.212775880085033,0.255957362121997,0.283077212042186,0.286356785494545,0.265952496317126,0.265037005366084,0.44757179060276,0.326395854619349,0.318077145831136,0.334875945552006,0.275221471495706,0.356474836251934,0.117610980835815,0.0103063695521208,0.2258984490361,0.238233888650112,0.279575527951431,0.202782208184174,0.288367973711695,0.241315959037306,0.0766837500958687,0.0134166283218811,0.146113642054283,0.0980430624684955,0.20156886519109,0.12517920484653,0.164538062228324,0.179366934897573,0.174162003916134
"8",0.0481309776280245,0.238887474914198,0.249161426844211,0.0780560294287412,0.128569730433005,0.195447696393665,0.0246879892527656,1,0.0159756035231078,0.388033864679999,0.214440396590132,0.100870029625457,0.0734459081439309,0.0797996843107674,0.130394116187119,0.10642203079103,0.232794061913397,0.128417149155566,0.292056097241269,0.189926690761345,0.303461608396001,0.21806907817494,0.231330922602622,0.17713989436088,0.0419247759542832,0.0222853778143161,0.36843160063411,0.170009131021712,0.0793227757416953,0.111692490479582,0.244792953318448,0.241114032277417,0.16644537021545,0.239959787958316,0.128095789726928,0.252019364043843,0.0137281879188284,0.132905707901123,0.126517237757308,0.312582899977628,0.264145799777349,0.0992184467707828,0.198935611188903,0.266775855963484,0.0266395240902308,0.0686436160957364,0.230589715532649,0.16120924941141,0.132771227926093,0.0283623209141572,0.143012618321753,0.0473867373511053,0.25594761912792,0.280427742449524,0.188988013576894,0.0459305101220545,0.250819717449033,0.17131035507832,0.0827352336332244,0.0246786989004303,0.225790313568066,0.0531181300715665,0.18569954671297,0.181575938774937,0.0946399708014742,0.155127955644236,0.322341706121793,0.184199902904802,0.0881708960740902,0.221948195844682,0.0439682062100691,0.142133692307365,0.146557739905994,0.252880543325415,0.0205768113080682,0.140660299184424,0.00836222979546328,0.240190161526838,0.00813379797326516,0.300661029396483,0.118146529059321,0.148742747635069
"9",0.201129445620597,0.161072350137785,0.112262818603186,0.0322198389092675,0.0537529277865393,0.355782757174067,0.320301597894869,0.0159756035231078,1,0.0441947714399018,0.00347201742346035,0.102842451058983,0.306251795852799,0.0162037369624733,0.0288466871306429,0.213692664211323,0.0104030900991958,0.155863974892896,0.0220394414821722,0.000350237877697353,0.0493641463580396,0.0274413687570304,0.111132821830774,0.163065775508884,0.0113680404891624,0.27257928246487,0.12816440124102,0.0533170520145848,0.00386869978249393,0.103167404408723,0.0869774650219764,0.0526184996660485,0.0225579395083758,0.0921336689635294,0.158023582673051,0.0788786020719562,0.034546107474621,0.00254004685447102,0.194260470628083,0.114595605830674,0.14482209009076,0.0425480283555222,0.28316625736518,0.137068572609819,0.0738529623011465,0.132453309151778,0.0894531652248912,0.0660749735876942,0.0394066586238983,0.0521744973290673,0.416170430111442,0.0206158296973132,0.0683621540386408,0.0410355679376971,0.21449661760467,0.175341833535403,0.0324570078435665,0.0382972618302932,0.00997323021246375,0.200937719108699,0.0543545510240412,0.116071481523913,0.183423898922708,0.139130968720979,0.0219336051611813,0.0380800062229756,0.0483420601098574,0.0251446376903053,0.0801733915838303,0.10738601059918,0.111736185993173,0.0742024597459087,0.0300030360901681,0.156368163522065,0.121629000757128,0.0608252583653949,0.104044157316007,0.119646620848464,0.0487629427595078,0.0694739471092796,0.0683097821692928,0.059157776609925
"10",0.0812922126900398,0.546104300414191,0.656919215020428,0.159234375669971,0.456351791616103,0.0697058395227772,0.246909030542582,0.388033864679999,0.0441947714399018,1,0.66804836693189,0.464482134673955,0.483905855229672,0.241756162663776,0.513880678363708,0.0486267936429505,0.670088210311683,0.630553047515964,0.746083525423088,0.694766898675005,0.788506339735366,0.651415751917085,0.712618681227057,0.571527049617006,0.208548352861368,0.132313509683837,0.74728204207097,0.70986520723475,0.341200012624768,0.643325215603144,0.801701835024593,0.724570140827916,0.624956967272724,0.244165919054315,0.384616588365445,0.592455242452066,0.141979685995926,0.469298029510805,0.467992591963675,0.681181304623596,0.746610370405664,0.0258958590572715,0.105924896510592,0.775223505183165,0.357537894019989,0.516670952159888,0.563788614541182,0.447295649801089,0.297857054449961,0.499091107146679,0.255452479644372,0.137045567100931,0.195056232018492,0.712773927213352,0.534108553665778,0.530578236704456,0.747142015731769,0.683523232669696,0.29873255337056,0.58084689855124,0.764933396615134,0.543684313301921,0.690598828360588,0.608090913325938,0.544091410776901,0.128912851303153,0.299149228845614,0.736054382243223,0.330493139208006,0.648282095426385,0.21542162308104,0.504527839540428,0.583645739301171,0.677463510609608,0.0906634000061533,0.0426163079731585,0.127335143879613,0.744212126672597,0.236712643644426,0.733342919732855,0.635444194029812,0.589464846831082
"11",0.0355665318884125,0.46936026631472,0.506305511022835,0.259976660509824,0.538138033345874,0.123862592674941,0.220495326977582,0.214440396590132,0.00347201742346035,0.66804836693189,1,0.542765580020817,0.546346322210284,0.320941462792633,0.509883997076077,0.186683050282455,0.705976397079741,0.725903291863732,0.727149103887784,0.765144532260038,0.755451936451006,0.751748230302213,0.772468960919783,0.64969281685376,0.312678308104217,0.202595392757666,0.684949364485571,0.772464333451101,0.552574592383519,0.703040352496025,0.764958466645363,0.795905209909854,0.759735182086086,0.121624640545497,0.523656260866851,0.370381220610733,0.189491528442037,0.482319449186755,0.435079377460041,0.69397590227745,0.644813066995476,0.0971743637575026,0.0810529654363187,0.719452915885349,0.439459665483268,0.60180402540102,0.516416578728562,0.401797619947836,0.20613116419085,0.689609401600543,0.394980089428426,0.263562303116144,0.0591299558771965,0.672665968711261,0.579329272025747,0.636230610912117,0.741979746348496,0.768203030404702,0.538801556297987,0.538312146638389,0.778017492975856,0.641638448552338,0.60472915453281,0.586706519836852,0.619875557255233,0.12080681965197,0.149068788815617,0.671486295853133,0.404709495101765,0.648613142406775,0.234670352575038,0.580443773707236,0.596213205749291,0.517242507861261,0.154604495840027,0.0129167213313717,0.0284129600483126,0.594482674405376,0.302390755037809,0.580376162616748,0.577133631752701,0.613375567896364
"12",0.0306454352752585,0.212076574113656,0.334987003741966,0.16725653201856,0.487308138534106,0.309155331292023,0.31863498003782,0.100870029625457,0.102842451058983,0.464482134673955,0.542765580020817,1,0.492681570619794,0.408010849191861,0.336673338340686,0.148134897691507,0.53685984264954,0.678545681570842,0.531978007699348,0.566105936666766,0.586845939585178,0.582253730509908,0.620191615814395,0.455862837741962,0.405492538200867,0.210410203639534,0.425530551836346,0.606222136482899,0.486565659965903,0.626357824685653,0.61007945320206,0.619210130254559,0.591658081822597,0.00185560968486348,0.435821396334068,0.282013036484931,0.288207420079409,0.390442656063586,0.358299453722214,0.472164546755721,0.489297613677434,0.0337691211664285,0.0286589122454977,0.537558535097304,0.382999617382585,0.551562735434707,0.366253522258122,0.330671670306268,0.252464723377404,0.538322302062,0.517388831803315,0.336793548303256,0.222957684626856,0.460783919725144,0.346500055051618,0.541514500568926,0.517098194149841,0.633858821006017,0.53550182604896,0.638607739997099,0.602438797276111,0.623584449932256,0.584749348259074,0.465545072780236,0.613971239703915,0.194131335713275,0.0508097472075076,0.537390767884858,0.335681862416359,0.54384416022067,0.250871087304853,0.511215253989937,0.49804783831635,0.336599582482766,0.0185799052720403,0.0852627786051056,0.0296371259520178,0.49336022791265,0.302238411483116,0.361284903427095,0.524646759898327,0.492199940104677
"13",0.0681665935608017,0.279234353972407,0.413324457481639,0.0909725666326506,0.418415416825118,0.260169527637527,0.373517890390045,0.0734459081439309,0.306251795852799,0.483905855229672,0.546346322210284,0.492681570619794,1,0.343495247370322,0.286191409325078,0.0815346264403262,0.527095452578585,0.637693890205586,0.58334045143522,0.595750031013912,0.531394903114501,0.540381232891964,0.586109179685548,0.360942757801341,0.29325827156985,0.299434708748417,0.420372675462641,0.531548705236422,0.438842441565508,0.587171929187417,0.590380784812229,0.570012884208544,0.536260508141754,0.282729038660868,0.463207347709325,0.22449190853383,0.282039463722227,0.388271571835496,0.433448590856444,0.469651295187926,0.519679043777382,0.0704692037490786,0.0377056014285183,0.455285912277234,0.203922121180076,0.376043958929542,0.416763024760168,0.341554110377696,0.299813377552904,0.424440536021101,0.565304823180041,0.0526426334448826,0.0710705240184387,0.45103786331963,0.44576362903771,0.44982086559066,0.544847753059564,0.517456682981739,0.478188859143567,0.514228269493359,0.565072785765807,0.463094844285197,0.528928130070732,0.558189607654654,0.567162961814692,0.131625985048267,0.135478370611436,0.478948122748451,0.318329642359558,0.553018885379209,0.223586799263313,0.493901181842635,0.433576087778934,0.218724260671576,0.144750837808487,0.147454625882412,0.100941297088391,0.345583358353143,0.112764361875038,0.362183597834774,0.349316219613086,0.385525320889263
"14",0.0420917994385177,0.0481895410383805,0.215189262995291,0.0184245266553258,0.354775697166513,0.238067978928587,0.161546931487965,0.0797996843107674,0.0162037369624733,0.241756162663776,0.320941462792633,0.408010849191861,0.343495247370322,1,0.162959358452402,0.120200927049314,0.358623143772598,0.385906655077819,0.337009172355114,0.395442855176272,0.327537910143523,0.39972642292748,0.37312865413229,0.264537934221452,0.235576735726945,0.150275685103793,0.240407999482421,0.388493155652083,0.412775847395341,0.329195645915669,0.294877184857741,0.355739450284636,0.311555690762639,0.00981005008460183,0.307639344915361,0.0375396882670614,0.192821212132161,0.220870668409851,0.283877020762961,0.151965466262086,0.237165803559144,0.046160960214088,0.0477387424728667,0.295248563547266,0.118764595726726,0.274307389444216,0.168162335373631,0.137680064369226,0.16182625068873,0.353528505542589,0.382406862525173,0.0251700953044782,0.182820333535747,0.24265257952616,0.0725795466863144,0.21471543467832,0.317415192878939,0.35468153021614,0.459179593657548,0.355086869981066,0.324201445985681,0.417634527509993,0.404908850866711,0.3791018012379,0.325426106127252,0.19893256862283,0.0532240024210399,0.287637858790445,0.285883214071047,0.343574477993506,0.20361984831357,0.282353023009369,0.206899076683241,0.0796855466553302,0.0163498287787337,0.184469421643586,0.0431348872726579,0.181974488366087,0.0249915346080478,0.148143476711414,0.289245563615924,0.254877811512256
"15",0.0344805429468504,0.300502836605813,0.380123920102913,0.18476774993539,0.370722635045684,0.148474411786096,0.0978983026663665,0.130394116187119,0.0288466871306429,0.513880678363708,0.509883997076077,0.336673338340686,0.286191409325078,0.162959358452402,1,0.0346856914521383,0.513715589605153,0.475031062924233,0.493542542363001,0.491750673771171,0.569770255423056,0.549063977345069,0.534768224190111,0.524908664064316,0.154909952428662,0.130708615747368,0.490844279406205,0.496783471637516,0.30834844004704,0.461000308841463,0.541363700905703,0.563199511878977,0.519001657386879,0.103690149290526,0.335978827156295,0.358895360202946,0.057570470036076,0.297985270721215,0.298293878838074,0.482430223168,0.442276011933051,0.205550780034703,0.100641865476404,0.516212515764476,0.388103188894815,0.39533242185628,0.346622879462201,0.234701203565847,0.0584429485098966,0.56040731554164,0.207657067785977,0.125984579149045,0.0759207492062087,0.507940927578251,0.393613057454495,0.48588909582178,0.522858886246895,0.596542129506676,0.332592483003038,0.463004295941088,0.577160459189898,0.553781631178497,0.531132651386267,0.403961161983174,0.348947486164026,0.0110390023051329,0.0181183966065731,0.57731392646119,0.180523185327254,0.492397085719679,0.21020307012815,0.417822821357848,0.43211764430122,0.472499726918417,0.168073475460614,0.00414306913707862,0.119757527632432,0.446485181772231,0.270833860739312,0.457439585062611,0.499174925687925,0.588040705438475
"16",0.00770041346166625,0.0579651259780316,0.0942093416093784,0.0953142317608416,0.194740313039365,0.0301900052115465,0.00775944544956359,0.10642203079103,0.213692664211323,0.0486267936429505,0.186683050282455,0.148134897691507,0.0815346264403262,0.120200927049314,0.0346856914521383,1,0.15076519457242,0.236936443051657,0.103653775619421,0.218349464878591,0.0767726961901133,0.192913579056388,0.15299195660561,0.221300137354289,0.217863081592723,0.0616377664647588,0.0902502176093349,0.173253265537249,0.298472330743899,0.176481346676245,0.0766014569129169,0.145719985492918,0.229991159213859,0.0585190544182848,0.174443304108693,0.0989212834579004,0.216303407168875,0.073737667919293,0.0143806231546093,0.0216697616386119,0.011873179687246,0.0940062993722104,0.101066291382708,0.107848987432484,0.136940305563567,0.262192997605485,0.0281141420202579,0.0251469051986025,0.0586348126530398,0.309949293881917,0.110253026845104,0.163819373096581,0.192929748102025,0.0693197357757862,0.0630151026638357,0.100946249794295,0.100305461896619,0.155605114565281,0.326104548665042,0.0466671929754171,0.149428286458152,0.15286639668562,0.00742674272716213,0.0471643731960346,0.250555053133371,0.258241313268042,0.0729411661074554,0.0274897251514478,0.226959412191089,0.0812505297784795,0.0343577434651039,0.153185329382817,0.16714837270785,0.0325502538513429,0.00338799711678813,0.0496699144245766,0.0196857863894696,0.018867810199654,0.113811143257616,0.0570911250858895,0.0488260446032165,0.101231104264704
"17",0.104174764217931,0.464550118184436,0.599146258196049,0.146702800377944,0.62627801732415,0.22064282968012,0.274395983412126,0.232794061913397,0.0104030900991958,0.670088210311683,0.705976397079741,0.53685984264954,0.527095452578585,0.358623143772598,0.513715589605153,0.15076519457242,1,0.820079602571735,0.767615773613075,0.778121399566237,0.728858575109876,0.814091607603347,0.798637559830696,0.718990536786064,0.348774167121222,0.197112019580231,0.71435109238144,0.796096502225506,0.59057986713154,0.711142445677601,0.791774624718025,0.761448206139828,0.776041514884931,0.0108101193598225,0.486077694990836,0.400247861084112,0.115204252304619,0.436269818248813,0.475234206141646,0.641627452056115,0.609593553132217,0.147623920516247,0.0897904194451146,0.739856507472727,0.372475328751363,0.604612802738033,0.53646812939055,0.435045284690615,0.239815922184047,0.661663847451188,0.392512035072948,0.122158622247246,0.0270665819291475,0.616219126041466,0.460585679583619,0.551518320263426,0.755769865643235,0.804075740974829,0.671552170628206,0.586709281783605,0.770438208493377,0.69120268972005,0.671446950651206,0.640945992602287,0.597141612272966,0.199125667715802,0.0034994697988199,0.664776384758418,0.479611377394148,0.677510216658082,0.296683472766296,0.613777519599817,0.562758230336667,0.520596000862375,0.219148356601712,0.187090802607962,0.113148670345772,0.519499593066685,0.263552242514188,0.527506645917211,0.652270895445383,0.681239855719321
"18",0.0489014418354974,0.38311855055579,0.537973821126155,0.216766859828826,0.623877412109835,0.386898978783529,0.409930902905627,0.128417149155566,0.155863974892896,0.630553047515964,0.725903291863732,0.678545681570842,0.637693890205586,0.385906655077819,0.475031062924233,0.236936443051657,0.820079602571735,1,0.748275117258236,0.807856735826556,0.735753133698964,0.796535162241878,0.844377899033371,0.686480336763115,0.456992865415843,0.30672275363416,0.631853140328948,0.793719085718687,0.675621383228544,0.833304466151822,0.819026139223512,0.782472730497365,0.792989745113193,0.0437869668613868,0.583484100731345,0.366792978958224,0.305754320985478,0.48674968687483,0.479401113916112,0.649810242996507,0.613176004521546,0.00455147625889792,0.0704714331126504,0.697351752095722,0.439536051371214,0.640467654459832,0.542175834898773,0.43617330154063,0.300477745270557,0.681071891704007,0.592279200539757,0.290033247393898,0.131289235703611,0.604929089703451,0.515931763129709,0.64184485543997,0.725465747593572,0.797678433222246,0.721345958086521,0.700294275353174,0.785939351068438,0.742162369250055,0.670140058688371,0.662752667572207,0.703663884895415,0.25902032733523,0.00317955020916949,0.614143357885657,0.512317313961512,0.687138051881795,0.284109017672761,0.661690186853893,0.600518218981801,0.393192949658226,0.162582599971425,0.0139623489083104,0.11238386002392,0.510081351127852,0.340721890292169,0.448247812110664,0.541619769798775,0.634931258449065
"19",0.0827739439799284,0.508217036755807,0.642420669198633,0.159422046022636,0.544395500654828,0.141810728549822,0.336319283180972,0.292056097241269,0.0220394414821722,0.746083525423088,0.727149103887784,0.531978007699348,0.58334045143522,0.337009172355114,0.493542542363001,0.103653775619421,0.767615773613075,0.748275117258236,1,0.783905568944606,0.794673627071939,0.753568639444918,0.779598191145482,0.624955467556806,0.312347510244979,0.28743637706782,0.693510873281577,0.80684583164791,0.496858810755215,0.723320598953297,0.808419811626198,0.776049805371685,0.696023553538482,0.306970776193787,0.490180878790383,0.484155240559119,0.282335701279158,0.550234304043217,0.463056040184101,0.681140227537413,0.700262350189335,0.00755184336871792,0.180417279971505,0.772901358430177,0.298241232017145,0.573424061035076,0.611086510054099,0.435503968746914,0.385115407669912,0.556691335704891,0.409920011014149,0.0926365762628827,0.0202168150085394,0.666275161483696,0.541246975839084,0.556265911756543,0.760656811678945,0.722259654839207,0.514285405244168,0.600979317119909,0.796607626543919,0.600802800415503,0.679159865978933,0.672503449118891,0.650965165870421,0.113446292258667,0.248974602483752,0.690089993778315,0.442754253071339,0.688150883745962,0.229648742245741,0.592435625452367,0.560624259442344,0.553283696502578,0.19979372421661,0.132418035039229,0.0967842926938432,0.628799328047853,0.221900456552921,0.593289735189082,0.624777334194122,0.558548208652027
"20",0.013456322408566,0.480852005028263,0.541472501497196,0.167361308237976,0.610896276995264,0.2236047348898,0.326736961725919,0.189926690761345,0.000350237877697353,0.694766898675005,0.765144532260038,0.566105936666766,0.595750031013912,0.395442855176272,0.491750673771171,0.218349464878591,0.778121399566237,0.807856735826556,0.783905568944606,1,0.760661844141227,0.778325030111238,0.80843749439577,0.69145289372284,0.415248591941294,0.287341026893199,0.659265892522813,0.823575796676818,0.628051441321917,0.736799389515598,0.774784050170804,0.78529968899045,0.766200033970606,0.14669471408104,0.540387006438924,0.405454109318475,0.308204097180527,0.558496612570736,0.465627574088137,0.669954415712242,0.628471094014036,0.0314117115183603,0.150361657427042,0.740110906146826,0.374488760619937,0.600912404835896,0.558324098060062,0.439587124747655,0.315335242308832,0.711647812383576,0.488425173069181,0.195031154739016,0.0632153644100992,0.641398107704227,0.555389674968782,0.585879148084418,0.776985205441151,0.757705554224563,0.645848026436259,0.593577470564038,0.817618859421717,0.665709634285819,0.628423351417914,0.676283608439329,0.705213895975378,0.227472663038742,0.16349390536527,0.66291453239461,0.501642357305819,0.694558832776144,0.269783032997745,0.62327491213108,0.604741834423243,0.45807090033705,0.182053597614651,0.0238820803027579,0.120702448952182,0.537637744040835,0.316447135141789,0.52290441811235,0.576186004161154,0.606461143510267
"21",0.0847122596475059,0.519776394481567,0.625659744094041,0.210092227710406,0.535411608601618,0.112740182567104,0.279013454455282,0.303461608396001,0.0493641463580396,0.788506339735366,0.755451936451006,0.586845939585178,0.531394903114501,0.327537910143523,0.569770255423056,0.0767726961901133,0.728858575109876,0.735753133698964,0.794673627071939,0.760661844141227,1,0.743870310003988,0.77775300906433,0.638021281767845,0.304793634970308,0.212592822537763,0.756014006521315,0.787361285322563,0.456802125159838,0.73952950925072,0.855161247811997,0.826504666698509,0.696978333631009,0.214170207303715,0.501153873083074,0.537152790320034,0.194190196777574,0.505509948267722,0.512032637970559,0.733494322967704,0.768090232316885,0.0356882969319912,0.108874114141599,0.795271795167059,0.458016220769611,0.601955094117918,0.606680047119429,0.456339584766787,0.274861620672588,0.624536901446288,0.373173301796528,0.29198731765717,0.0929248114143783,0.745567910227036,0.591571891625967,0.640790072463805,0.769778277341466,0.797112379393876,0.417589778127158,0.654315700715833,0.841639008471751,0.638076459199633,0.71949154472281,0.662494686378745,0.643333295003285,0.044105419058584,0.224149220074731,0.801603864678663,0.344889076205485,0.703181106698055,0.191755650385113,0.596278459975761,0.660676116164991,0.665384628639402,0.133212987666762,0.00916372803062167,0.066614270789988,0.766034448817461,0.309738783187739,0.704489282311518,0.669813169129651,0.64646227150824
"22",0.0545344613077967,0.455577542773372,0.516406936261159,0.199838608357766,0.658127555749829,0.160499895414188,0.215272812253537,0.21806907817494,0.0274413687570304,0.651415751917085,0.751748230302213,0.582253730509908,0.540381232891964,0.39972642292748,0.549063977345069,0.192913579056388,0.814091607603347,0.796535162241878,0.753568639444918,0.778325030111238,0.743870310003988,1,0.795015149137726,0.684024789185518,0.319535801884169,0.203882680791655,0.698825871474755,0.780045725172914,0.597283355884989,0.725947879340871,0.77784750964113,0.797432675660633,0.779526975159833,0.0834920915731085,0.509216975307134,0.372949908926211,0.178920969762642,0.482857464159437,0.451309674356689,0.66657277789593,0.60838718212314,0.0958919759237376,0.099178865768204,0.746083535290607,0.418249937586756,0.636543471692262,0.546058474571701,0.443584372550302,0.273371727775895,0.701503840124262,0.400046535515076,0.200091953524181,0.00775487031082577,0.668438294152046,0.490171656594574,0.586376316082868,0.736821633438392,0.79631168468959,0.634336929585643,0.574235827916168,0.785158050769887,0.678410217325524,0.639047025648551,0.63090730938814,0.640829562166154,0.156261124225442,0.0323080597321411,0.678425861315761,0.46182693960703,0.700110261813507,0.243854057759268,0.609636055729963,0.598507834131029,0.49891714254559,0.208171813096078,0.101154632466802,0.138139523573237,0.534749311880949,0.267851359355515,0.538328617694072,0.575844974240027,0.690088059141651
"23",0.00345541250309873,0.46070130362599,0.594612585275201,0.218975693395218,0.603018230874858,0.287307260589562,0.388412777861813,0.231330922602622,0.111132821830774,0.712618681227057,0.772468960919783,0.620191615814395,0.586109179685548,0.37312865413229,0.534768224190111,0.15299195660561,0.798637559830696,0.844377899033371,0.779598191145482,0.80843749439577,0.77775300906433,0.795015149137726,1,0.663366006888986,0.424122897335304,0.271157042636299,0.670829778938734,0.806264031145496,0.609418215400476,0.783133447037634,0.819994413390928,0.802389095725881,0.7771360390924,0.0649085321099781,0.585212214943325,0.415400280107641,0.234603004518541,0.538647584043822,0.464620489195886,0.68904182384212,0.66642978562595,0.0612683698644097,0.086874163286076,0.738503655342169,0.412341271971839,0.601490994411401,0.559527091096534,0.436677708718795,0.301049079769101,0.654519214103393,0.514411992096835,0.228204254400586,0.0375771419111789,0.678681335029607,0.528309990114512,0.655153697596855,0.778636493008483,0.794582402132988,0.647573537585592,0.697405059656236,0.8012441208297,0.767942313464188,0.732391871748638,0.659786202987451,0.679471408310666,0.174936028008841,0.0853134983816117,0.662910534548937,0.529733322765118,0.687166879275271,0.287539491465382,0.638711294420387,0.579756539462417,0.475530753989938,0.164734159237192,0.0474270345202421,0.104446814548889,0.598202460949681,0.285776076332985,0.531034315433702,0.601830062793374,0.657187380195869
"24",0.116644288411154,0.434883736702028,0.454527872031365,0.184870147540104,0.528041523767979,0.175065194557187,0.161777298193156,0.17713989436088,0.163065775508884,0.571527049617006,0.64969281685376,0.455862837741962,0.360942757801341,0.264537934221452,0.524908664064316,0.221300137354289,0.718990536786064,0.686480336763115,0.624955467556806,0.69145289372284,0.638021281767845,0.684024789185518,0.663366006888986,1,0.318291209301535,0.167471850870561,0.649479363928448,0.69445113240566,0.552021345051209,0.630958330350597,0.667903801129824,0.687556246905026,0.687612064789271,0.065284477456735,0.415248950509961,0.384991509548108,0.0605091675071693,0.341911734437372,0.327256297480212,0.525960420445515,0.456108546608079,0.118382526908988,0.0620448583704691,0.668455227702137,0.364118803804194,0.506527769174176,0.421227840041196,0.378511997997006,0.136474180103896,0.693559965527888,0.224964967849138,0.28524026216377,0.0328848715489487,0.543468844990154,0.427712392297274,0.507917280035288,0.660467226983773,0.685527215755553,0.584017839198435,0.454144945921869,0.682281377294502,0.628328345211483,0.548258075407484,0.50299450248841,0.500400191672482,0.183613669729333,0.0308515517854229,0.562567876937624,0.391026336806593,0.571402683427206,0.215908486973674,0.502012615118474,0.494623714807665,0.480416274869972,0.144977428755155,0.0571572455307849,0.133969433029058,0.489852274326389,0.326803045346326,0.495774083043825,0.564667166341881,0.602575174366991
"25",0.0284283093782793,0.136608727513653,0.14255612569147,0.0249916635798134,0.309841037435087,0.305781776176162,0.269970724870579,0.0419247759542832,0.0113680404891624,0.208548352861368,0.312678308104217,0.405492538200867,0.29325827156985,0.235576735726945,0.154909952428662,0.217863081592723,0.348774167121222,0.456992865415843,0.312347510244979,0.415248591941294,0.304793634970308,0.319535801884169,0.424122897335304,0.318291209301535,1,0.268306549978981,0.174978631226959,0.39651301688676,0.461998964522343,0.389783839700382,0.330291923368973,0.377172532214282,0.342243786986212,0.0876006811282452,0.300431419574021,0.0366365962074786,0.314164772178345,0.256467488350897,0.162785584745229,0.244991145832423,0.193976115479175,0.0707393546362047,0.0797962282945233,0.311747184353493,0.187260248768264,0.35205154360808,0.207782044877092,0.20882764058731,0.195767300766664,0.366399199815554,0.394913057333941,0.174154364862566,0.29166880204615,0.234235691503133,0.206411903294596,0.277972441861698,0.294128974125062,0.35367350414319,0.449838716694257,0.386962203297404,0.350053634072879,0.41348147752588,0.309722839343362,0.299657718181597,0.387701218870005,0.351217660680821,0.0284460271826366,0.238587008323943,0.339952958471235,0.246178792444725,0.143709647587927,0.342346209986059,0.230879786431898,0.0864245863494305,0.0398135564761223,0.0898362366124925,0.0976512416702491,0.208366838676776,0.192479031053403,0.101654578079746,0.284269064552737,0.239130827949931
"26",0.0726719861360905,0.083474215549956,0.147066189180695,0.0140843119677938,0.132665656866619,0.268391578852148,0.330561748645399,0.0222853778143161,0.27257928246487,0.132313509683837,0.202595392757666,0.210410203639534,0.299434708748417,0.150275685103793,0.130708615747368,0.0616377664647588,0.197112019580231,0.30672275363416,0.28743637706782,0.287341026893199,0.212592822537763,0.203882680791655,0.271157042636299,0.167471850870561,0.268306549978981,1,0.0360500472257046,0.192939755044476,0.202269339687821,0.189874206349565,0.180813121521196,0.25555065957255,0.170260362192968,0.115622511025583,0.252586620725931,0.0382490051222533,0.319937770552712,0.24675485489265,0.12010966249158,0.217070506194283,0.182327185953902,0.155589772096225,0.0361644844965581,0.100896158967406,0.0154602178387967,0.0748764023096187,0.209322751582284,0.0249789009650642,0.213999049845193,0.196769773702519,0.386208954948315,0.044948436968705,0.223970657989006,0.161454461723453,0.26969796964848,0.252269276632638,0.172602820933825,0.174681585924852,0.249264993535019,0.317891859704614,0.270396189280571,0.265973119197787,0.297674589273399,0.244964698728175,0.321264545154037,0.249182301595147,0.0797262677908903,0.0796089786118247,0.199499787110232,0.207674653229914,0.114618283222831,0.246896006665403,0.0541042212490343,0.0452856730266261,0.148696916098966,0.0750659806627254,0.0225202850273747,0.0230337585144597,0.0654401119664818,0.0321165767486484,0.0995711114300307,0.119758979303205
