"","1","2","3","4","5","6","7","8","9","10","11","12","13","14","15","16","17","18","19","20","21","22","23","24","25","26","27","28","29","30","31","32","33","34","35","36","37","38","39","40","41","42","43","44","45","46","47","48","49","50","51","52","53","54","55","56","57","58","59","60","61","62","63","64","65","66","67","68","69","70","71","72","73","74","75","76","77","78","79","80","81","82"
"1",1,0.442066320683877,0.264348381519336,0.30904598918487,0.0614373129018315,0.0290214267979891,0.0910004346186025,0.288744347586064,0.382972329826074,0.0325304253209945,0.223989266263868,0.0721312853734667,0.0746935026700237,0.00274635170471899,0.0602424341588423,0.123556466829219,0.12321808819237,0.0434031832250039,0.0156759697680706,0.175229236321201,0.0372367367666804,0.000364802327805983,0.325755532538882,0.35492166272915,0.129125864594739,0.150351964017785,0.00620976182288137,0.108747699979861,0.0423803950406635,0.0715203742840712,0.182220397158725,0.114073844878708,0.0671542273406392,0.485861388207855,0.279508983522584,0.11767797222318,0.105695603790964,0.361878498269158,0.0367387862919199,0.263173196964595,0.18538235644057,0.56016937351283,0.402549005710416,0.197786674953145,0.0055763527910489,0.254590561932948,0.407838598971057,0.0732207010298176,0.122351314279024,0.0289390363466842,0.0360273694506243,0.135602560055023,0.0686792122643465,0.316072122111954,0.246126211530653,0.0016296010617478,0.107743029691222,0.0737131678921323,0.0519412777270147,0.0211706110732527,0.155294744639846,0.030894608519912,0.11529770167989,0.185776371474883,0.105543542359353,0.118707080487664,0.0693609192881335,0.391738970777924,0.542013798217283,0.312993100515451,0.585090582631063,0.104025765091554,0.0332763637918687,0.382397223583856,0.144955166784881,0.0951456583705469,0.177915060866453,0.0452334804472488,0.428690113531101,0.377124484606449,0.147833167570888,0.422291414129042
"2",0.442066320683877,1,0.344303710984126,0.273222877087924,0.238022219760095,0.103199221399242,0.00270741359486303,0.0723551818337389,0.119328369274343,0.17239496988978,0.03161059124473,0.124560572037761,0.137822441614943,0.0476409194648525,0.120135301595865,0.0354417978668999,0.12487107207816,0.107081050219038,0.0874256764718402,0.284776712369938,0.174237124119728,0.0646090196930442,0.0251756448861344,0.0818853749729182,0.0753538134005964,0.159375503385281,0.0992481676678073,0.050877163025475,0.0967997296486605,0.114762100414245,0.29374917201771,0.120028196799167,0.0947195902595898,0.251856793168053,0.108044330570871,0.129838689013004,0.0372258350771778,0.117176301083431,0.0229747359409809,0.221898972688665,0.230923970890272,0.358330807103625,0.256646588964679,0.223012224200346,0.0476255023392988,0.0234613329826544,0.233750883555556,0.0571481559288739,0.0166827601735061,0.180505502005008,0.174349217974691,0.211622648135239,0.0939585006227765,0.288090847409141,0.153490418939391,0.105204638331978,0.246036764405365,0.0689644443209769,0.232929165614796,0.167962006544749,0.00580970919933414,0.187068212814363,0.0352839036863399,0.184707207767814,0.0478696250100541,0.0326712347275972,0.148444317000378,0.19451922523598,0.367204705190436,0.191947239160115,0.329313883125739,0.182284641729298,0.148292537478543,0.23712653315425,0.173598293213987,0.0704798149528321,0.00287471058806491,0.195363955537639,0.420772947488714,0.287087903095536,0.218935278396888,0.097788711444046
"3",0.264348381519336,0.344303710984126,1,0.481511954362007,0.563620781438001,0.378709965741401,0.459986299709877,0.0324256663457672,0.0450953155225768,0.542322864877784,0.524859696053443,0.689253080797288,0.614713847131742,0.567988194334608,0.550075678270248,0.407094679900111,0.634120508241812,0.694873498796539,0.577294840449016,0.775242903104345,0.657020185895417,0.651814845089041,0.502834735209623,0.203453906778676,0.494594324387123,0.511471002885824,0.633942527643749,0.65117290557968,0.655603974730773,0.673597496863181,0.733193345717014,0.591483935283513,0.584760855148348,0.0174015646507697,0.0673050483354731,0.18683826578144,0.019215049918578,0.319237167188944,0.301136126039126,0.709971549913592,0.514683211816005,0.221871024288962,0.105185135098928,0.604759319581391,0.488735992760368,0.240299335574069,0.22533205035598,0.0150167441444846,0.191957506786803,0.723383949186658,0.6662370739688,0.588921945000035,0.559204685272106,0.630253592022128,0.643541708970558,0.577194181382218,0.605058301985311,0.617599504196297,0.677181419319641,0.663148499834127,0.579050381507898,0.752093367824463,0.605981821102343,0.58063485824613,0.590638578692716,0.514505110969862,0.619685072574628,0.149951869585656,0.188587114281284,0.213837544299678,0.179416937874973,0.58940085081832,0.555643779562544,0.221258019410546,0.226801615950249,0.137634592313345,0.0862060020645675,0.265740575598608,0.674457223138828,0.365542734306646,0.71336915263368,0.296197087666027
"4",0.30904598918487,0.273222877087924,0.481511954362007,1,0.424053678946057,0.275143164448899,0.269452860308503,0.0674496069391669,0.266147387309828,0.418090034208887,0.3676164267547,0.444622599198086,0.389824602990222,0.39461096863595,0.373133111890173,0.105748778583083,0.295449342448734,0.451117125843536,0.402674813265419,0.572605734348967,0.436919491768565,0.419411739572394,0.238783855991967,0.13204546432201,0.315976656187896,0.347457156363266,0.380761207287634,0.386609981574496,0.358587856094694,0.467445586618119,0.568567333343146,0.295417601803083,0.31771106596122,0.113951114959389,0.217433986598686,0.331651054977414,0.0339414961322951,0.0212363373439512,0.171954643339399,0.505020268668685,0.267928775399922,0.373379991622178,0.294301437748329,0.570841754801053,0.269656668449459,0.174775008927404,0.28251064061736,0.0310180559938054,0.175093537694814,0.448281266974352,0.456364666079923,0.403570045572682,0.396904386667595,0.545937365786815,0.453389000539251,0.432776717321151,0.45334041533551,0.325486740793936,0.475330836702542,0.455009188659403,0.3660352013042,0.454088549180228,0.382219338692786,0.484866961375204,0.325108301791702,0.297608987332273,0.457267281055617,0.13335401140838,0.365352293637817,0.135079616009521,0.268343450356441,0.333129928084748,0.399350209079842,0.318841076240664,0.092216901125576,0.131508211727161,0.197140532080468,0.0938726332135719,0.57628102024019,0.385782993733556,0.46563777383373,0.0250296466754217
"5",0.0614373129018315,0.238022219760095,0.563620781438001,0.424053678946057,1,0.434370167595694,0.495135118909858,0.221527565231051,0.109836509043611,0.537444392029295,0.534667867980426,0.660408269748297,0.616946417587968,0.567611635837897,0.53532412555996,0.357603598228816,0.590476507532588,0.694207267151345,0.539762690185514,0.662076790352981,0.686451440574019,0.661948603399551,0.531404696503608,0.167068605350822,0.56373648127399,0.440975144161306,0.688893912687279,0.62196291741306,0.633682862583132,0.682588927421108,0.624066666169149,0.583431956222853,0.70708659940059,0.122849481415906,0.0959812670633662,0.215553516283021,0.129967407998056,0.271226786834115,0.29404944841787,0.593343601635179,0.276638334683276,0.131639226615773,0.134125482416431,0.58912432349948,0.342724497570043,0.491685436791554,0.192826797905233,0.0128198680210201,0.0783699181833102,0.677567446834384,0.69616281571314,0.436475578316399,0.529167615364666,0.482605385574549,0.550245177263471,0.603130084582924,0.696121669153716,0.521844217463498,0.670600065939901,0.687686384139774,0.561934042333319,0.678948987862541,0.651798831819068,0.658505248193744,0.561238472278409,0.544513799760911,0.658631208046718,0.033447914157863,0.123602879400125,0.262087171048748,0.00202673896420302,0.636123645195704,0.563273326726808,0.0558103616419134,0.261814894593072,0.216176655930574,0.0458738611392336,0.16354667593181,0.524500080368878,0.290342469606892,0.587409460812184,0.372158058137689
"6",0.0290214267979891,0.103199221399242,0.378709965741401,0.275143164448899,0.434370167595694,1,0.381503452080924,0.181589607868101,0.0704382612769354,0.441959064994388,0.488841028571117,0.489869887993265,0.539056117598523,0.435706314684112,0.414546884110528,0.23138526968574,0.557326663270278,0.607906123772155,0.421770687908432,0.517180312832118,0.50374019474609,0.464079888920378,0.473967147970286,0.349183128932203,0.478208258421825,0.394134953108656,0.487703889610272,0.519884298247824,0.467406465815163,0.476186449562762,0.570688925680068,0.563699258628767,0.486237185770438,0.205861022586517,0.10538228085207,0.135299268673381,0.0770268573789287,0.289743810905185,0.219127887309166,0.371365609236904,0.174729335296257,0.0727582016303308,0.0012473162304114,0.454856804925782,0.329496401714906,0.390036390528337,0.014896340826167,0.0706062928895463,0.0623469191403363,0.534723464233201,0.502133589146951,0.341736784546592,0.376472917183158,0.38200548369264,0.367045712731273,0.454876422092192,0.561197199971178,0.474552522883735,0.540705021167997,0.602687391751942,0.467458596729171,0.544484853795081,0.490536749719392,0.476141672079834,0.403354881538601,0.380651354404701,0.456827318384469,0.0819326136214785,0.0331817617262264,0.334630079829264,0.101370756919705,0.454691383930571,0.410284742684149,0.112430469277944,0.185630032644837,0.142809223574221,0.124170534361137,0.231793345838284,0.434918387156149,0.223646358825769,0.438149542169558,0.397832247377131
"7",0.0910004346186025,0.00270741359486303,0.459986299709877,0.269452860308503,0.495135118909858,0.381503452080924,1,0.198340521022608,0.0813538190635259,0.46680320072991,0.547703453436589,0.64540318336935,0.588254981499871,0.621753035308067,0.525073380185568,0.464495711110442,0.566144536480554,0.680325074859944,0.539803093478646,0.566616719010634,0.598117426341985,0.689839803242836,0.60247296938212,0.234808370742294,0.497961293844199,0.438609681318633,0.579103829203483,0.679404862850097,0.667247408594285,0.689861653254694,0.535332884030591,0.526601012730569,0.642507387161582,0.226684822270842,0.0482971443337062,0.161064537106087,0.113728971440888,0.382228701120415,0.321881937221724,0.570869964122174,0.394256333810068,0.0999923287528983,0.191019429534831,0.509868226672715,0.41763886434826,0.397659415825152,0.118751646060903,0.0450662492651194,0.230808376823676,0.642672946197819,0.651944909780595,0.422313938410287,0.585530878531072,0.44506404187138,0.57928093013505,0.549172622226365,0.526780162026208,0.638132310532693,0.59575902237058,0.580409994171276,0.609950576439795,0.654810103131813,0.659373267069954,0.533255900006824,0.608882898969101,0.606239894544055,0.628638398674702,0.215878459840376,0.112109859748108,0.411865414311746,0.0660513118088494,0.537465547339526,0.536869286232402,0.0540325351137063,0.399945257589609,0.0825988575852046,0.0893242225103993,0.0588775585214237,0.333173481999052,0.195685877882549,0.648844590775007,0.433081795015356
"8",0.288744347586064,0.0723551818337389,0.0324256663457672,0.0674496069391669,0.221527565231051,0.181589607868101,0.198340521022608,1,0.230659578197885,0.139939208087665,0.260904741293978,0.238729372365397,0.266150219737608,0.317027940953622,0.239523151516464,0.281145722941695,0.372657948374209,0.305372170757263,0.234375683676399,0.12263584249434,0.308601323104146,0.26860349371455,0.430247130556487,0.198685812744296,0.292561894074512,0.018566546169376,0.246289898702278,0.304952373943002,0.358313500700914,0.260427528388724,0.152390528148822,0.277805242922884,0.387523102120699,0.385156377813598,0.195747892685321,0.0129440967881343,0.243351523667697,0.300080749472847,0.149020725196508,0.0984493471634873,0.0570247969708691,0.303220704203454,0.472035985566364,0.0760164903206586,0.10511285674108,0.281496556995464,0.0861148181713006,0.0095771200699264,0.0233525642062779,0.297009646811575,0.338287997534449,0.0251227335609214,0.209206151454493,0.0288204502620413,0.10231794168103,0.23175572934391,0.202317954260386,0.296665990622084,0.255681960152898,0.2806625247084,0.278711646870743,0.284683002370408,0.337598095987244,0.156034844085367,0.304297185214807,0.308653770293714,0.227232676271606,0.249738504175756,0.336648141868835,0.304168304224939,0.329062852821083,0.214224702592561,0.295974556145435,0.422766255737385,0.280685691573744,0.0861779268696129,0.288198738799501,0.12705929780255,0.0983640290821242,0.0308455998190348,0.197998866212179,0.472540842775198
"9",0.382972329826074,0.119328369274343,0.0450953155225768,0.266147387309828,0.109836509043611,0.0704382612769354,0.0813538190635259,0.230659578197885,1,0.0584682209771402,0.118897396319715,0.0268519676368621,0.0367599388834322,0.0235465102276163,0.00734191951072504,0.210754963685102,0.251053677181539,0.114779019595727,0.0621083809812271,0.0171993400670045,0.0247180499992413,0.0314795384053462,0.282125670240024,0.357331689604411,0.17842014624441,0.0838652019937275,0.0581296955143676,0.15216764982241,0.138850792062231,0.051044492672723,0.0479212528254194,0.20794379411773,0.0644228802084881,0.360818001315536,0.459308196301517,0.111444943066994,0.0970943423635752,0.379858622168487,0.0275488216395649,0.142590982381234,0.0574368455386719,0.47406433991182,0.295560426676235,0.224825288098986,0.100415806695155,0.0973832012493353,0.30850941193012,0.101382328297049,0.238166228509205,0.0699855608074796,0.000376471348950003,0.0565289327762354,0.00630394581335986,0.187029798177071,0.218770937879117,0.0331307282002233,0.0587545591329201,0.213548674451988,0.120339200291736,0.0428574061142185,0.101500084785519,0.0753784655790092,0.0310680759314881,0.259625904132972,0.114379453975176,0.133616524196727,0.0771827427838632,0.452814213906304,0.502923400970654,0.199600574152144,0.426440551621103,0.0814623255253057,0.0136661690818848,0.289663181980337,0.0338900831174019,0.226307066752145,0.23652300186478,0.195876441308089,0.296643492150367,0.213743710912762,0.0203370462193079,0.440700774847844
"10",0.0325304253209945,0.17239496988978,0.542322864877784,0.418090034208887,0.537444392029295,0.441959064994388,0.46680320072991,0.139939208087665,0.0584682209771402,1,0.572111029748244,0.643973963278675,0.596110420075555,0.585794607070524,0.559009767303209,0.377759851854108,0.637325735395861,0.71758773967157,0.571033295341024,0.697734249141318,0.626390159880693,0.644273110425394,0.587802969233882,0.313546925347736,0.550901480336308,0.451206986493062,0.590269517205779,0.648339469724515,0.635016372020544,0.657945905231092,0.673315265860259,0.598017882396299,0.628720557302113,0.185884081679785,0.0435604231076675,0.184024109172262,0.111122192830035,0.299488264953249,0.285157921633792,0.551123071782975,0.411465164033806,0.116213416090361,0.0279753885733554,0.556449808435612,0.444292031751585,0.396205068130067,0.137063855560713,0.0513436132347835,0.112663060405968,0.693336598926448,0.628698629425919,0.490297648740032,0.548928069858378,0.527367429202196,0.543231567977854,0.604142332672437,0.601460312436238,0.600421522367643,0.657045985486574,0.682646174197554,0.618337479887559,0.683209874554048,0.626171280320606,0.571968885773223,0.560155727563455,0.557328660376258,0.620487343062995,0.19846742876386,0.000602571948722339,0.364266356530388,0.0535685340061339,0.51575614805099,0.518119765539523,0.218888110095398,0.242351205885194,0.120301673481905,0.0955941969282766,0.21741512944491,0.490984041117561,0.267339830104769,0.644922106821876,0.392667700561653
"11",0.223989266263868,0.03161059124473,0.524859696053443,0.3676164267547,0.534667867980426,0.488841028571117,0.547703453436589,0.260904741293978,0.118897396319715,0.572111029748244,1,0.692939663028889,0.600603183411907,0.570195513743955,0.512325221679498,0.477502220727832,0.699983319699282,0.779264529357991,0.614065760035109,0.634443135027858,0.68675965647499,0.692860045602795,0.763928251811755,0.497062162026266,0.674579019718996,0.522856341766817,0.665889483814858,0.777038160344436,0.683511938409294,0.675282504888423,0.658100197851018,0.721804562128296,0.713417368419979,0.326368148009801,0.21030302724093,0.148934668774547,0.08766531037115,0.491029412656584,0.254663224222305,0.565892077430257,0.288454264130633,0.10770922738832,0.142404418558137,0.585483616260055,0.532783683608382,0.526823111690452,0.0200726967414169,0.0178974657289967,0.15312637509209,0.720103724299247,0.678877366280157,0.632841915901619,0.559900798837448,0.455068453721448,0.514134738493433,0.694328773145961,0.611090145093771,0.677657680035806,0.732997270351909,0.704267724770031,0.755185480697364,0.740900946110834,0.726949434385082,0.589718828310108,0.675387495649924,0.589316409493141,0.608958080075176,0.396973643868954,0.132789708442548,0.518854417376953,0.248118852973379,0.545259518468181,0.575538727399508,0.00608603233790571,0.337552089544648,0.067373064651912,0.0463114309241054,0.209323079403803,0.385355932423024,0.144964284070338,0.655706618488171,0.601771661454918
"12",0.0721312853734667,0.124560572037761,0.689253080797288,0.444622599198086,0.660408269748297,0.489869887993265,0.64540318336935,0.238729372365397,0.0268519676368621,0.643973963278675,0.692939663028889,1,0.793092697127662,0.78436486423642,0.683552140526266,0.54323962321481,0.709881090295706,0.865113984214325,0.733384906338907,0.784851297992463,0.788833308695198,0.857837470246577,0.705983899176817,0.284469417844071,0.646726820990474,0.586656659350598,0.751144535389805,0.839547768367418,0.817703892890804,0.867456465308978,0.788143775095398,0.669732117666039,0.785734421997726,0.207691441028239,0.0143190443182722,0.193381489313508,0.0968894903676807,0.375175515397993,0.427212933576108,0.757519272320007,0.467046011101181,0.0538483326816071,0.11011939567147,0.696721196560838,0.595117003723148,0.416616599822207,0.21849392225243,0.0218282565644009,0.339441294492671,0.852181057119106,0.826969098819067,0.622969448596421,0.746389187264469,0.660135436916976,0.772950656930396,0.748380120036616,0.735540161478402,0.790565746898233,0.787164335013467,0.768069847678111,0.781137017294837,0.855581023783803,0.816144748447666,0.756203430505206,0.7611232956969,0.723856869044277,0.796272074501523,0.214246330450146,0.0262967540269936,0.439738163097367,0.0064166376567155,0.686316740644394,0.671343070303446,0.168121231748348,0.429913671115265,0.151171248531343,0.143095129097715,0.11556900223737,0.573490415102715,0.338331294445512,0.823563189665831,0.452138240877414
"13",0.0746935026700237,0.137822441614943,0.614713847131742,0.389824602990222,0.616946417587968,0.539056117598523,0.588254981499871,0.266150219737608,0.0367599388834322,0.596110420075555,0.600603183411907,0.793092697127662,1,0.734718015280788,0.679562104924208,0.474153695994345,0.71088134328609,0.81338435550957,0.6678126688368,0.76082323274198,0.748897685210079,0.803103603734901,0.666339286390495,0.298093360717033,0.585855636654997,0.533167047188596,0.693445510130657,0.763304412745562,0.754571130056425,0.802834699165035,0.747403938444765,0.646565596939435,0.739866314605949,0.251008736338269,0.0535822681310048,0.160273497618232,0.123145062386188,0.357405822900421,0.393916549611398,0.695224939690764,0.488405067530658,0.0622600118868494,0.165122983611255,0.60697336292182,0.480834692531999,0.430408173793305,0.199891916145143,0.00971844870546123,0.246299508761138,0.819806466050377,0.777549690492891,0.490071650447531,0.670360642975361,0.615712465673087,0.700172621184651,0.663584036112907,0.71682478995252,0.725966596172075,0.732217244877111,0.783043019255499,0.707715645692709,0.824926627220812,0.760356598254356,0.701671496948294,0.699931397115442,0.664253840798234,0.742269145300821,0.153591504295513,0.0341432486124663,0.365990332104602,0.0214397961639321,0.719793035360049,0.670611049084038,0.135281298386594,0.395483808898455,0.237673825236137,0.0576683930443479,0.175137337504272,0.544652939275787,0.346905923006526,0.772474199995096,0.484013159494756
"14",0.00274635170471899,0.0476409194648525,0.567988194334608,0.39461096863595,0.567611635837897,0.435706314684112,0.621753035308067,0.317027940953622,0.0235465102276163,0.585794607070524,0.570195513743955,0.78436486423642,0.734718015280788,1,0.649623272743615,0.516667305120319,0.645936882732711,0.793074248391138,0.695048000558697,0.724118649673571,0.715360107321467,0.822150188455506,0.667046531592867,0.311656959087339,0.549877021098682,0.466323349012097,0.634041468569148,0.774674139147437,0.809442089772207,0.82460861740372,0.676954211148146,0.525899918097928,0.717381389499732,0.293123058743124,0.0176523667271303,0.200584322785565,0.115044104280864,0.38017803384266,0.421379647343997,0.683878592623013,0.519593250045699,0.0131246003756391,0.204995439582979,0.643090928012371,0.548582521097293,0.3837547555297,0.201393872028807,0.0077359702630453,0.309399146068626,0.774757087109871,0.806236838087181,0.433440384240618,0.712916515330185,0.578054124645452,0.705294070387488,0.656486100820474,0.619654973104292,0.758079883500779,0.676325938134032,0.692634329950738,0.735825815330269,0.782629927320596,0.793783382632552,0.638960881202338,0.752293312942037,0.722209237137581,0.774260472988616,0.159556543617211,0.11688194085028,0.453167746784522,0.0433765218057319,0.605211247933122,0.649055731393147,0.0829608975255738,0.491478746187904,0.168777815686023,0.1067389451666,0.0391509713670188,0.40230228177363,0.3099950234517,0.786319751969713,0.443799583108133
"15",0.0602424341588423,0.120135301595865,0.550075678270248,0.373133111890173,0.53532412555996,0.414546884110528,0.525073380185568,0.239523151516464,0.00734191951072504,0.559009767303209,0.512325221679498,0.683552140526266,0.679562104924208,0.649623272743615,1,0.427380109141023,0.628615610950114,0.716162387600438,0.575937990890535,0.683886540592017,0.66494849874583,0.702046441464288,0.560907663322244,0.286921328661509,0.49982554691405,0.402680044696888,0.621591064404792,0.673812298683555,0.68827418404801,0.70107214101282,0.654649908090998,0.536420498477222,0.64258585783812,0.178937424263101,0.0212799854669979,0.193116731117078,0.0865858051608651,0.307029240368447,0.373661599620871,0.564882916298406,0.441907900496275,0.0614104744724314,0.143850440424387,0.552949310327812,0.440077792081385,0.340510560573059,0.216528652660124,0.0360239813518945,0.18646164996894,0.689287259751864,0.687519772513208,0.448288924099411,0.631488452424649,0.533308286057932,0.573450772467398,0.60160054976973,0.626013208329862,0.650496758411278,0.636374545928115,0.673677864183259,0.657552023873141,0.710620145450668,0.68194741133202,0.58609059890321,0.639755742155795,0.57158134114139,0.659787404500199,0.210458134812542,0.0344233637250368,0.345460856698287,0.0152597976474966,0.57638335231615,0.583902724682324,0.131351140491568,0.358033779091573,0.148443428086361,0.0627341792533916,0.168544252941977,0.468997440110986,0.311052830926686,0.692029274643938,0.390874475747643
"16",0.123556466829219,0.0354417978668999,0.407094679900111,0.105748778583083,0.357603598228816,0.23138526968574,0.464495711110442,0.281145722941695,0.210754963685102,0.377759851854108,0.477502220727832,0.54323962321481,0.474153695994345,0.516667305120319,0.427380109141023,1,0.537008047666866,0.569272700862238,0.423477840635658,0.456550955377243,0.496689519175749,0.547629509926245,0.579952656143046,0.255909582947083,0.440293708501714,0.375207877544292,0.502830736558561,0.60280480469806,0.612563349170026,0.538471604384118,0.452582022147332,0.464037621962417,0.51202221640103,0.28040087801648,0.211423399449723,0.102303258211192,0.10063256864885,0.456623423341726,0.286210677419948,0.473411118946153,0.300721834454797,0.16295467393916,0.250891255453984,0.364021672409492,0.470353658672951,0.265675876606471,0.00120962893497474,0.0139276971877726,0.210001081180268,0.549245805096439,0.496881328376943,0.401645904557946,0.47367435721371,0.281360280255504,0.470239793907108,0.459880644260228,0.357826506388963,0.591010526116917,0.505063176855736,0.447065589083255,0.548531368148203,0.581901811408494,0.556149043531698,0.374332955208262,0.581687214148007,0.510635166989616,0.472947550697963,0.342411080540678,0.220213261194575,0.32900764210629,0.149528541073379,0.408887417113968,0.439084243196348,0.0577367171067189,0.346566633241003,0.0414561444402206,0.0723404874620721,0.0428451613198522,0.183207524160085,0.0942930154888098,0.532415003890941,0.468302026735036
"17",0.12321808819237,0.12487107207816,0.634120508241812,0.295449342448734,0.590476507532588,0.557326663270278,0.566144536480554,0.372657948374209,0.251053677181539,0.637325735395861,0.699983319699282,0.709881090295706,0.71088134328609,0.645936882732711,0.628615610950114,0.537008047666866,1,0.842800286454092,0.618205474870229,0.747357182680439,0.725025012238335,0.727343246991177,0.78953594033018,0.445452302872751,0.677771840664354,0.480956188333207,0.703067718889136,0.799385951631824,0.785572799759016,0.712391178496951,0.72145761603608,0.797481213311256,0.741992839866259,0.353927099970286,0.297403467341511,0.166357341075655,0.118468927557336,0.546641116299109,0.29824679172453,0.606806820842867,0.404859983651561,0.0615254612251243,0.208181581068626,0.534169401918288,0.603207132365087,0.471360873520013,0.0177086527646811,0.0871531810202927,0.0324006175075215,0.828489204898691,0.7360361431239,0.55689156789666,0.560146616543867,0.511503284853713,0.523141110804489,0.634093529904404,0.654801951866258,0.777966903100583,0.796603241649908,0.781231471690628,0.726860028663097,0.850855833946558,0.754667890996782,0.588602489984112,0.70691416973003,0.636917525479182,0.640276285561904,0.495204549171617,0.179428009760637,0.425615248033609,0.182715875621471,0.637746865058496,0.601739854585762,0.010272602895374,0.342143362082766,0.116796730414423,0.0592880819259452,0.327868745920539,0.460500085765592,0.207756496427667,0.711298311096623,0.688962011461397
"18",0.0434031832250039,0.107081050219038,0.694873498796539,0.451117125843536,0.694207267151345,0.607906123772155,0.680325074859944,0.305372170757263,0.114779019595727,0.71758773967157,0.779264529357991,0.865113984214325,0.81338435550957,0.793074248391138,0.716162387600438,0.569272700862238,0.842800286454092,1,0.744664490235002,0.840171995780592,0.845783621621069,0.876577123594057,0.810161303211517,0.414807416053636,0.743671926657109,0.592775531725348,0.803035288723308,0.913231009314746,0.878558428112515,0.884034325182755,0.824465053443863,0.785901431466704,0.854726378284984,0.315286584954711,0.103530789265028,0.208990055149511,0.139391571255091,0.490322505239109,0.413889661293241,0.731565495492713,0.479793348282897,0.0198993032603128,0.180907155771378,0.694109219554926,0.605889013351506,0.549145308329967,0.118538235591789,0.0211404859049019,0.191907187447689,0.913980169663158,0.867734924227495,0.629776092285556,0.754890434269125,0.634014730561004,0.703039529846243,0.792816352548595,0.79445172855451,0.856561249893613,0.879253607255848,0.873605064553328,0.848801312640995,0.918857246320747,0.8689438981709,0.76486998815345,0.791103185316245,0.763994814649043,0.805874982482187,0.307045742797709,0.099986218734932,0.527003577561742,0.104840040719195,0.713605938537283,0.726701988716329,0.102970143831477,0.417876063517994,0.139897049780639,0.0592469827595443,0.203082803846475,0.554936046527809,0.31163258576341,0.848008925946219,0.586695762576523
"19",0.0156759697680706,0.0874256764718402,0.577294840449016,0.402674813265419,0.539762690185514,0.421770687908432,0.539803093478646,0.234375683676399,0.0621083809812271,0.571033295341024,0.614065760035109,0.733384906338907,0.6678126688368,0.695048000558697,0.575937990890535,0.423477840635658,0.618205474870229,0.744664490235002,1,0.658458014885986,0.683952746810327,0.756726503827716,0.634322805844872,0.306645978494225,0.582417993862848,0.484051236534125,0.62578534520797,0.728119039340309,0.708571743419232,0.772571285532458,0.645393130908014,0.559559463729832,0.676456675787563,0.213281509975032,0.0279980263873876,0.174450244773356,0.00219330634436082,0.290187872779045,0.442309612314732,0.659315300682999,0.45368345341049,0.0174847116620428,0.0895443140980791,0.666607366881875,0.513282555113269,0.370567464545157,0.220469254171785,0.024502857029259,0.316219687249438,0.720897531037663,0.723505917480753,0.536047354244027,0.668708202138837,0.572227208143699,0.66676775996865,0.647281365015098,0.631009485310067,0.681163144977126,0.66237186373698,0.692696063644601,0.732438340613194,0.730111689590744,0.757026130463115,0.645430899006822,0.674243092848825,0.639768308957742,0.718905269710842,0.211854324204352,0.0031271212778841,0.411064112720022,0.0202183675397951,0.597872674077539,0.585734797888582,0.0914552122569785,0.437373415327018,0.177431664609939,0.214880887709783,0.0471483884078421,0.459613361345822,0.236044818651279,0.713257354750752,0.340467741838825
"20",0.175229236321201,0.284776712369938,0.775242903104345,0.572605734348967,0.662076790352981,0.517180312832118,0.566616719010634,0.12263584249434,0.0171993400670045,0.697734249141318,0.634443135027858,0.784851297992463,0.76082323274198,0.724118649673571,0.683886540592017,0.456550955377243,0.747357182680439,0.840171995780592,0.658458014885986,1,0.780994384864398,0.774436646595668,0.648894132406735,0.387861019369078,0.610553321396934,0.551102515831747,0.717416210792706,0.781037451457827,0.754681136425253,0.78523018695498,0.838083814419747,0.699313076754609,0.693650290467678,0.158335413881346,0.0427347364783601,0.273804371367366,0.0494345789785104,0.392300596268075,0.378426052202542,0.743452748654341,0.58038664181455,0.225737628663396,0.0754143659103114,0.71997011329761,0.561681062507037,0.365179180844901,0.218240961155967,0.0464586124776956,0.126519122809759,0.836725858225636,0.770919487984996,0.609449830325971,0.645745249900211,0.74218245233008,0.688260426403396,0.697392915394626,0.721661616013639,0.748499343247547,0.790568183643399,0.824069629459038,0.722199092985406,0.872760663768855,0.736811864417876,0.678852854303559,0.710515826359617,0.639047300303239,0.741949866356792,0.166503485222261,0.0949890456020295,0.36267962753897,0.11369927984806,0.646420417619467,0.658112938404515,0.257050294254591,0.282849103268814,0.178459174994064,0.110513605552087,0.295194983189587,0.695062454210028,0.39780289196779,0.813971295725686,0.418979917729121
"21",0.0372367367666804,0.174237124119728,0.657020185895417,0.436919491768565,0.686451440574019,0.50374019474609,0.598117426341985,0.308601323104146,0.0247180499992413,0.626390159880693,0.68675965647499,0.788833308695198,0.748897685210079,0.715360107321467,0.66494849874583,0.496689519175749,0.725025012238335,0.845783621621069,0.683952746810327,0.780994384864398,1,0.807173667651456,0.691074805715674,0.309570470106619,0.626198138821989,0.517439625538244,0.719443176029399,0.789376589207262,0.797197352870687,0.819459120652284,0.755572513998768,0.689053104619911,0.803560388360804,0.245907943050156,0.039479481707537,0.203843105426382,0.107741891439758,0.399869060902558,0.376281104092025,0.707327452050154,0.436771576390595,0.0579855950977691,0.188384240650496,0.673876303357889,0.488885403014427,0.477947692918493,0.230333484270544,5.00363643936235e-05,0.202247167321238,0.824055499030271,0.800287248808933,0.562382540141816,0.691435744340707,0.596092284259236,0.693686997887339,0.722484764872548,0.746745549052026,0.737749178482913,0.769509484055971,0.791584515733076,0.73959860219751,0.829869482334146,0.780770926274246,0.749305474167232,0.736592943760403,0.668976411042057,0.773877242334891,0.191296607111248,0.0213374790610431,0.438918109185924,0.0586253610790266,0.672389513902459,0.704140305095547,0.00927855224509751,0.405231295129841,0.231776643539244,0.00132119483948841,0.217319118228765,0.554360566331512,0.34707886327656,0.77480922308,0.498886614684119
"22",0.000364802327805983,0.0646090196930442,0.651814845089041,0.419411739572394,0.661948603399551,0.464079888920378,0.689839803242836,0.26860349371455,0.0314795384053462,0.644273110425394,0.692860045602795,0.857837470246577,0.803103603734901,0.822150188455506,0.702046441464288,0.547629509926245,0.727343246991177,0.876577123594057,0.756726503827716,0.774436646595668,0.807173667651456,1,0.7447330903458,0.30808359612478,0.648879007590895,0.564349585313157,0.772554860632978,0.865831680321924,0.837715730817072,0.890484218054012,0.766649435359837,0.663029226699427,0.812993200787696,0.248712820718729,0.00563584215582332,0.182089189867906,0.0830129466886518,0.43317189055616,0.414582267281183,0.76528220021274,0.51694292431387,0.00699387555508566,0.195584967935495,0.703232159495536,0.597424247159824,0.48729701553577,0.196755567502425,0.0253051758995574,0.326793470654368,0.861023235678679,0.839573667691779,0.566391075614888,0.771530255994863,0.630492172517673,0.774736207382192,0.754920129854632,0.718724356850775,0.817355031184525,0.75830652635151,0.789414658158138,0.814359876643931,0.864641636925461,0.859800709271798,0.753473029956864,0.787146921151709,0.737984343884751,0.836022311005146,0.276023438435919,0.0617962905544212,0.486484751082891,0.0445853980600959,0.714055200352568,0.693581998325177,0.133134200593038,0.523404719368178,0.19061607622563,0.11414499559161,0.0652547429615936,0.495758084618369,0.286409245086134,0.833350853275226,0.493713741574945
"23",0.325755532538882,0.0251756448861344,0.502834735209623,0.238783855991967,0.531404696503608,0.473967147970286,0.60247296938212,0.430247130556487,0.282125670240024,0.587802969233882,0.763928251811755,0.705983899176817,0.666339286390495,0.667046531592867,0.560907663322244,0.579952656143046,0.78953594033018,0.810161303211517,0.634322805844872,0.648894132406735,0.691074805715674,0.7447330903458,1,0.508258166685665,0.653397980309258,0.438449655583111,0.675510478396483,0.828225573064894,0.779475783337475,0.709788230189298,0.629236314696398,0.741180726434284,0.747590608883662,0.508186486443855,0.285383352033644,0.0817771451225196,0.220159959183165,0.599057293148513,0.326490066233563,0.540702879445305,0.385264202711543,0.26641810686893,0.330127223864287,0.499965856351211,0.575803587375317,0.569824246498663,0.104663603692224,0.044667280223834,0.149765294721449,0.76437413517673,0.710409803097735,0.513866597606472,0.572805559881278,0.414940691291698,0.515877765762566,0.664824104770745,0.581088678129511,0.757998368684957,0.717021450407256,0.734764080663832,0.774097241005875,0.78523665253866,0.793541854211296,0.548759900958318,0.741795416066698,0.688727309782211,0.63920948588872,0.526978052775019,0.328514261862345,0.54172242182478,0.339393469099032,0.566446786413082,0.604369348092968,0.106239495992701,0.423691465288887,0.0965887680335363,0.0481522865998543,0.265956769477116,0.297341551209958,0.0698483603918221,0.678178698407162,0.745683458917983
"24",0.35492166272915,0.0818853749729182,0.203453906778676,0.13204546432201,0.167068605350822,0.349183128932203,0.234808370742294,0.198685812744296,0.357331689604411,0.313546925347736,0.497062162026266,0.284469417844071,0.298093360717033,0.311656959087339,0.286921328661509,0.255909582947083,0.445452302872751,0.414807416053636,0.306645978494225,0.387861019369078,0.309570470106619,0.30808359612478,0.508258166685665,1,0.319523459714535,0.214862253702342,0.296077649573142,0.435159039241934,0.311056591208675,0.232276432535389,0.337498576280267,0.452247835437953,0.239538353804673,0.480237443738995,0.344068700823292,0.0439657366040856,0.0186746747172322,0.442326700992699,0.167185742793504,0.159080005498347,0.284392986399395,0.234016495742726,0.0237270569247055,0.275637704402845,0.269588274803377,0.317100157265967,0.245753622837331,0.121480547654622,0.112441038494514,0.363038828163909,0.316206312389673,0.229389873378411,0.188968797859918,0.211301791907355,0.0696479116297564,0.318870826970871,0.243400804536879,0.4177247370007,0.353456986214345,0.422949138172273,0.495398374846817,0.41559393648299,0.398221000810644,0.133467284568695,0.411692552290863,0.328239882169851,0.240575917049581,0.399586729543395,0.380406697772689,0.424244569208147,0.308269245498488,0.15400651667331,0.277015083982904,0.0935369181125796,0.110435284459474,0.0181887079060453,0.00622992238240279,0.269302735978032,0.11483513356022,0.098881311088942,0.283576328558472,0.524109687685479
"25",0.129125864594739,0.0753538134005964,0.494594324387123,0.315976656187896,0.56373648127399,0.478208258421825,0.497961293844199,0.292561894074512,0.17842014624441,0.550901480336308,0.674579019718996,0.646726820990474,0.585855636654997,0.549877021098682,0.49982554691405,0.440293708501714,0.677771840664354,0.743671926657109,0.582417993862848,0.610553321396934,0.626198138821989,0.648879007590895,0.653397980309258,0.319523459714535,1,0.456348949847688,0.627490767444787,0.737002540508058,0.676630838479916,0.683967075160696,0.596427883483889,0.635891282440316,0.727319932137505,0.299644146629936,0.144486024721909,0.155266037765083,0.177039692759283,0.405128538563189,0.311726780268717,0.51009680785685,0.247923970496068,0.0721919072951961,0.190350635996943,0.477804150165276,0.46458160072189,0.479379448105659,0.0130258010962887,0.0119509722637773,0.146673166437441,0.704887246253627,0.673015508040045,0.51878425831143,0.609878725454872,0.380659609615155,0.470338249028441,0.618624751003722,0.631629357586143,0.655321369375,0.723769875425192,0.698320167260926,0.624941736355317,0.707337454442711,0.673078939986255,0.569921446414083,0.58683299419121,0.621252554863541,0.585559803493272,0.312851694913898,0.05993231763063,0.42255837612056,0.202835406528263,0.55073328943619,0.521199079847431,0.0088958721667228,0.31976106282308,0.0720534752590297,0.0354032934977117,0.130417823084762,0.353828960258315,0.207294962446205,0.634565580365892,0.538268939895561
"26",0.150351964017785,0.159375503385281,0.511471002885824,0.347457156363266,0.440975144161306,0.394134953108656,0.438609681318633,0.018566546169376,0.0838652019937275,0.451206986493062,0.522856341766817,0.586656659350598,0.533167047188596,0.466323349012097,0.402680044696888,0.375207877544292,0.480956188333207,0.592775531725348,0.484051236534125,0.551102515831747,0.517439625538244,0.564349585313157,0.438449655583111,0.214862253702342,0.456348949847688,1,0.487087368189995,0.597508701000778,0.537870977051187,0.59400244006528,0.583291426489132,0.533860768344837,0.488357345866554,0.0196697189384553,0.0531589539655861,0.152694767626189,0.00310724319196784,0.217580592887287,0.304472444432237,0.578339991393494,0.309151423261673,0.117294911561497,0.094041965509165,0.530662375172939,0.516282274468129,0.24564585296546,0.166745696686539,0.0184092351770952,0.232338142659492,0.606445885592212,0.533696100821455,0.631498125484398,0.508008075232348,0.490597367958924,0.561915508837188,0.545664994578992,0.457980484916816,0.603102369418857,0.647492525341019,0.524595901878646,0.501217518089275,0.607127363202332,0.541720197329703,0.521740541326083,0.492041642350684,0.440131912263506,0.562265018074335,0.14596058700666,0.0946708809259736,0.263472055935971,0.084541109395993,0.462740740326884,0.479998855632249,0.225904721601626,0.250870362650484,0.0404329245448973,0.202088000673263,0.00446519610157451,0.466855981385423,0.277838872822538,0.56621789427581,0.281912518602532
