"","1","2","3","4","5","6","7","8","9","10","11","12","13","14","15","16","17","18","19","20","21","22","23","24","25","26","27","28","29","30","31","32","33","34","35","36","37","38","39","40","41","42","43","44","45","46","47","48","49","50","51","52","53","54","55","56","57","58","59","60","61","62","63","64","65","66","67","68","69","70","71","72","73","74","75","76","77","78","79","80","81","82"
"1",1,0.0478500606648948,0.0203159073280445,0.0107164112882984,0.0522016467191279,0.122615764421708,0.0540178108262452,0.072436470114868,0.30731029822049,0.00106253893101451,0.00503600511154037,0.101565914106525,0.0336085737578234,0.033670171730403,0.0355874806186108,0.106243267325153,0.018949241888518,0.0276766435955489,0.0760879139722693,0.0588980165829908,0.00325813602063282,0.0753958153815454,0.0426016244201587,0.19763006645239,0.0654960503204607,0.172154460781507,0.0973857064383997,0.04221588847692,0.0176123973773223,0.0591585813905365,0.0542969271222497,0.0136433474294149,0.0481645423654065,0.138090739962546,0.028777192395205,0.123300868812956,0.0262509475012598,0.0171647376095738,0.0240077056635627,0.036692755811937,0.092690079099801,0.173471280621749,0.169542911766069,6.09061179880259e-05,0.02338250230512,0.039279759397416,0.0507640602777135,0.083370424678311,0.106260920821651,0.0666785388675965,0.0550405542672083,0.0323385362853021,0.164367762784849,0.0627714875475792,0.0704573233537865,0.0405500686629019,0.0686232991564724,0.0667228050565308,0.0658261710570571,0.0357316086635969,0.091142947654136,0.0815785854866643,0.00993071035526702,0.0202293185747881,0.0196835236213538,0.00140585191848256,0.0069949981407914,0.00597691520440498,0.119450109469887,0.0778683063419713,0.00190934312318025,0.0227947357985523,8.37341440551248e-05,0.102664763607038,0.089883391802637,0.0421299660994358,0.0790758211125684,0.120740308518912,0.0775051281244812,0.032983348262958,0.0682204318101596,0.0500869150033924
"2",0.0478500606648948,1,0.412569900281314,0.403902427652124,0.261043695312632,0.18807846239354,0.371164507213587,0.0128439614957103,0.0342057551611382,0.33166263221343,0.326190192030808,0.282491262726608,0.360211856808922,0.201512119401358,0.150072742973383,0.358214741405745,0.403715358829588,0.385862198738775,0.404916552165408,0.378727372688371,0.335244495518056,0.458391545902827,0.442226384664441,0.120967631898838,0.284406798875291,0.219975702101438,0.454662617842765,0.376135801036715,0.452487268977598,0.344259621764777,0.419803858044559,0.394380771119143,0.246944024516785,0.272547862875044,0.375211190181864,0.190930178009852,0.0491113678717435,0.423111116049203,0.293917139394827,0.0206604513502535,0.413053703544381,0.0373061211975652,0.0740427866772068,0.412150925210244,0.299320006153876,0.266711465862211,0.0632845791780578,0.00738870544151906,0.185020767480616,0.406187204164484,0.315721527473625,0.252815112524058,0.0767173768641144,0.348570643142916,0.388772951670922,0.271693796966948,0.439731005669553,0.403861480262947,0.43396950870128,0.330132282579738,0.365248375620348,0.222264891165114,0.354397378263324,0.249294653132968,0.423364509834611,0.110025034364964,0.374308737825918,0.388688258528829,0.133892612476163,0.305595882558684,0.289505402742418,0.383199948210726,0.300999034612691,0.229598495394155,0.151075381080038,0.0612915880817696,0.250716290430091,0.334316696958308,0.221690503692082,0.059627408003601,0.106655042154664,0.272941074586073
"3",0.0203159073280445,0.412569900281314,1,0.704362095815529,0.460671985002494,0.399567029799844,0.670222897874291,0.0137180853555554,0.171236994292192,0.604895842015871,0.577674314912176,0.617108992669213,0.641462218030023,0.357761584352747,0.418248678384778,0.549965952834086,0.791061252317491,0.758003153814912,0.786654585328154,0.676511810958315,0.681231894369307,0.778781987112278,0.767472856420142,0.287105566831684,0.616369543729458,0.525260735495918,0.705210041396332,0.662744167344954,0.770097708343483,0.731327161170654,0.767238313457233,0.697313473146371,0.543690395707786,0.613815088228128,0.686547926935973,0.480364269633473,0.0636006308567157,0.650160687600947,0.466407418213358,0.105729140715417,0.785363904300511,0.0370033963972767,0.219643643068999,0.727355289339843,0.57761770461478,0.581010121054319,0.225596499171221,0.0264884258834006,0.388492949784309,0.713865257794182,0.636184585670724,0.480510941990801,0.0802045858151607,0.633767699745677,0.695980792845063,0.583809828702018,0.749141871897107,0.686538731496721,0.730869654575696,0.711068968167625,0.692627709238657,0.507005854592421,0.753310267919498,0.5682582963722,0.716715171200845,0.405017843659625,0.708169936830927,0.710949177204448,0.270887148697448,0.542672289908244,0.604488796278231,0.73075720335441,0.568136109367504,0.481470365691821,0.311448689595175,0.197340962332624,0.474361996691202,0.546177657710454,0.491461847218813,0.317360648239632,0.09307291159137,0.580340195844908
"4",0.0107164112882984,0.403902427652124,0.704362095815529,1,0.432578398950212,0.316997676396518,0.698675397052415,0.0147140579177477,0.121614762871337,0.573224265979466,0.60191577474692,0.603396129056045,0.629391415627658,0.261430465923995,0.37379399249921,0.568118668887574,0.769076278232004,0.711402074156902,0.688740053714047,0.642306602288457,0.677549631046188,0.758588512263593,0.756115853453251,0.222345576344391,0.673375180165239,0.521675308411663,0.718530263000676,0.641487318741708,0.716803018301146,0.695634221780233,0.769932387859154,0.708597144656236,0.549307369370075,0.519869419736539,0.651334925448774,0.538937826763058,0.0680202143350133,0.665984945113966,0.441555708745066,0.086362121641542,0.785000414613228,0.0496270968199218,0.163323174089719,0.76503101730989,0.564161969439683,0.545659176932898,0.298842691084584,0.0452911454664415,0.320660001347782,0.714927239001559,0.614663008947197,0.405441942676119,0.095429112768319,0.624991509162466,0.695982631434257,0.624103098191327,0.73137305995595,0.664198624627375,0.661566065323604,0.689502136449616,0.684420007034364,0.411666316300776,0.720790769110533,0.515769725233129,0.748638800421438,0.321162267349033,0.697382731111911,0.681503316279409,0.237433245760356,0.502547986963478,0.530677807495601,0.743350348766475,0.552060420388538,0.494380978094822,0.278356122520715,0.125975609686175,0.485625950342867,0.590816670684992,0.377645579226383,0.26556437809043,0.115257601222473,0.586468014709847
"5",0.0522016467191279,0.261043695312632,0.460671985002494,0.432578398950212,1,0.548204192238042,0.454879632106101,0.045369278817665,0.112696147755564,0.545417834391638,0.605010067462853,0.556834392458991,0.609904706871273,0.329616132425643,0.554701648585483,0.459812847889233,0.649384358696987,0.660590724464708,0.510461390397726,0.684557361080407,0.598898760953977,0.600285026799456,0.674644070472776,0.535289567787559,0.532007569040084,0.490681191891296,0.529421600422236,0.672726239404599,0.64512183627465,0.626840690187129,0.61760771468606,0.65970447577494,0.635364546443542,0.597898566605223,0.550453359907026,0.395724245131819,0.148914753876122,0.456339439518991,0.36596972849781,0.399730423691075,0.534762202687975,0.106649357274746,0.307462732967328,0.59844239842602,0.511180065914451,0.555903435862593,0.37240692773569,0.0123951346964688,0.323567182823956,0.654364589296852,0.663267944260707,0.371228023708723,0.14540159581966,0.473786211944647,0.451543769905162,0.590756863426641,0.641879421459017,0.68155431217178,0.683627931877592,0.638523195974741,0.680912290504118,0.667818888528819,0.624546874896145,0.522509546965601,0.621480330743955,0.512875313891733,0.584351241522417,0.62434261168479,0.461283908111718,0.610259464517974,0.503070423397829,0.609248221527348,0.542254404263122,0.27803254219423,0.156147572732448,0.00248326382180116,0.203240144743969,0.502372702897805,0.373936819789917,0.143650048389907,0.184141373454974,0.6619659939998
"6",0.122615764421708,0.18807846239354,0.399567029799844,0.316997676396518,0.548204192238042,1,0.426188542103002,0.033038194750004,0.0848211157622958,0.491496353144297,0.562970504121346,0.477068504883987,0.496912961297653,0.351111305880114,0.498813986965101,0.371048841909805,0.586342615266208,0.638030652720597,0.459583075444906,0.600265779430253,0.53814251573372,0.559248148770191,0.603809371591394,0.578360418185253,0.413361552460596,0.393864590826222,0.453204992619532,0.612487775925756,0.573621746631069,0.572312789949281,0.491925750031254,0.618940467875225,0.634361223580181,0.587662201399646,0.525171082968391,0.284342589606874,0.107393048592439,0.369890602626899,0.335949783440264,0.426473403668088,0.417237171683923,0.136102225513577,0.302227494200644,0.505268174581729,0.454429618641247,0.452621275639064,0.353475158842058,0.016228722250098,0.268898021091205,0.60774667058803,0.556672645081245,0.354691685760303,0.360792393778809,0.385806328297708,0.334904977409468,0.511109170194662,0.586294289951429,0.608849342868989,0.64806405306215,0.603215646088306,0.66650328727086,0.723014480550467,0.583213743705653,0.533233888353384,0.500273726999968,0.444877986908415,0.531360478259601,0.561266066971895,0.537463117709419,0.653403368795954,0.459136016018909,0.5159824701265,0.507936479773798,0.181025361254665,0.110333618768539,0.0316589506326918,0.184898473623047,0.446058045367562,0.308090368347035,0.182198257367411,0.328241103078434,0.658309352922049
"7",0.0540178108262452,0.371164507213587,0.670222897874291,0.698675397052415,0.454879632106101,0.426188542103002,1,0.0356599292299135,0.212148847512465,0.613449270615386,0.666466401550621,0.65238912116833,0.659092166138894,0.283517535440865,0.449118062373388,0.555833991623192,0.81118816877015,0.758434355591191,0.672596869688383,0.708808742586849,0.691011734595944,0.778366970886789,0.779540735127284,0.240033624044228,0.712929934225889,0.524638100401542,0.764915586104174,0.697823397504056,0.728188632710496,0.727772737177578,0.807879592763822,0.726253990488846,0.600265772818467,0.597991935520174,0.688423631379905,0.541056490234853,0.0741938816059471,0.63400096646576,0.485307487023291,0.201571709800091,0.791224732801486,0.054635052552539,0.189571726009273,0.784956151891399,0.632389417987274,0.617628086843107,0.325639765854611,0.0359542034111346,0.348378187621548,0.769873931927878,0.67010650436753,0.395549086389086,0.0363274139719665,0.639063922020023,0.727166785900757,0.664341900483713,0.763525561596297,0.697763192778341,0.700951034601226,0.753761540750553,0.740283112675095,0.484053461184169,0.741701600681243,0.544689737241907,0.790798597356642,0.391376221077739,0.694933892142486,0.729435861625443,0.250876131329999,0.515817948842407,0.50864625686381,0.766159683157147,0.588722758188523,0.548769390293574,0.239691535012538,0.0354702964963668,0.449173318306379,0.619890429506998,0.394314765323041,0.269807679649412,0.0532902686351031,0.606594277753142
"8",0.072436470114868,0.0128439614957103,0.0137180853555554,0.0147140579177477,0.045369278817665,0.033038194750004,0.0356599292299135,1,0.244511554329044,0.0535685427937804,0.00555182785309879,0.0691825523794497,0.0352167867811037,0.190154618192192,0.0599037687333407,0.0910111808281506,0.0338496349356298,0.0729879881881672,0.0158307197830033,0.0366623220847794,0.0154629587833795,0.0435249090522724,0.0913685121537163,0.0785557203477214,0.02540280289872,0.0613303933158026,0.125333216995099,0.00642350968523273,0.0227245333360549,0.0337201057344838,0.0489745523031598,0.0243972636102107,0.121059746326591,0.139578884843858,0.0428489104114512,0.0672372989003872,0.0784157227632749,0.0918352811937144,0.139834139542725,0.0616476980655043,0.107865692373888,0.0315029992976351,0.0811184533723208,0.129453639190863,0.0817825681470559,0.0801872744775952,0.261875284481738,0.068088768682598,0.0734348547964417,0.0618003330366148,0.137017961262625,0.0475048168096828,0.136303270520696,0.0196411588722206,0.0997716595614822,0.0312109228099456,0.0734917780776737,0.0713128444644074,0.0135824630772173,0.0650248829562986,0.0323861237377388,0.109342569832849,0.0445077173447377,0.0192378324212338,0.0740444409873153,0.0209521350178991,0.00700326118660789,0.0583406217797754,0.128869983241948,0.0222219182311858,0.0551814624196865,0.100298222457677,0.0954241714023019,0.126838175593008,0.0628615864403495,0.00753888388375012,0.0255318431848592,0.184568636659379,0.0251965317415463,0.0431485627159408,0.29968171314263,0.0331169355416005
"9",0.30731029822049,0.0342057551611382,0.171236994292192,0.121614762871337,0.112696147755564,0.0848211157622958,0.212148847512465,0.244511554329044,1,0.144289634773541,0.225312906934106,0.329275639598589,0.103925937985858,0.212459862250679,0.122617802551664,0.0550721473464301,0.213678629865292,0.29025976832752,0.152569137473625,0.101753421485937,0.150427648991754,0.0423262493350948,0.112132531112395,0.0928855024286893,0.248573689282108,0.224549369972199,0.000948323923235814,0.176866403644669,0.13061844144001,0.254476676085716,0.196303746704609,0.124195916801182,0.349443278143757,0.0212690421592281,0.190114933929139,0.190652244121456,0.00397071128387872,0.0509168486911623,0.00691725321926208,0.0772371291040881,0.180969781868506,0.114464834390381,0.0585904798988158,0.0983595751214695,0.0940598497487962,0.182654881923276,0.0211197906292801,0.0505237876758635,0.000491220157183874,0.10545196842798,0.347596863076856,0.137328833625787,0.0319135101006958,0.19806031432789,0.182521862160822,0.215538698551134,0.0887955989044698,0.0762265389492569,0.0960700376391526,0.319766503833721,0.102682802875483,0.17503732306834,0.230195078094901,0.213490367068766,0.181409078435803,0.231962136101347,0.18997364509348,0.199654682215741,0.0782961123941473,0.0332018863438742,0.189673890671122,0.148470839932267,0.14548781807646,0.109836788962054,0.0494861390979229,0.127772257036253,0.152473482526238,0.0449421350190163,0.00816306497262428,0.169432970904174,0.274948646076055,0.142130310567279
"10",0.00106253893101451,0.33166263221343,0.604895842015871,0.573224265979466,0.545417834391638,0.491496353144297,0.613449270615386,0.0535685427937804,0.144289634773541,1,0.649395161300521,0.586978932278235,0.646269155456171,0.365479737696166,0.459960879543297,0.507270251461602,0.739551915844348,0.732717060316974,0.65097740139372,0.696749398596114,0.618917239711914,0.704207181690975,0.73656723317928,0.423461925615755,0.5395834959633,0.559360357471546,0.610713298928421,0.679651440110811,0.717375230586366,0.696994648395245,0.721009349726606,0.714673054808884,0.609468161092029,0.578979604852765,0.628795663048757,0.455514973706871,0.108862785552421,0.578554584007013,0.424853424598491,0.240737009150345,0.684668456992086,0.0478505984939769,0.238812091307729,0.692008273596099,0.53459169224995,0.585865794153945,0.337027468150806,0.0292272928378142,0.364156457361484,0.697772815709348,0.662150522243568,0.388114486175851,0.0566503102585136,0.557163377189928,0.568147327080524,0.60411947817836,0.717567574605491,0.702309635343852,0.706200289011107,0.686552358058804,0.69257983497773,0.581322760054999,0.699663706743853,0.563700618307283,0.70071140817817,0.438291138061618,0.649862517196195,0.676121393652854,0.392701022864206,0.598605256414604,0.521285725432885,0.688216573456646,0.577440246857008,0.336057585911735,0.192289480761879,0.0572859840486426,0.352833103523479,0.544184792537345,0.396905992938532,0.271421053778905,0.0654343270559003,0.647882073913928
"11",0.00503600511154037,0.326190192030808,0.577674314912176,0.60191577474692,0.605010067462853,0.562970504121346,0.666466401550621,0.00555182785309879,0.225312906934106,0.649395161300521,1,0.715205839738347,0.716207048273347,0.425947825796374,0.61598310985395,0.602486676793871,0.80668426309402,0.82775456117918,0.677346559896857,0.792477812012274,0.742930673512458,0.746662975833296,0.804912521610339,0.418464742754185,0.697971733405097,0.553609526357379,0.70832628894065,0.815644397034032,0.778296815004649,0.74752086051661,0.808297287039959,0.823676419275659,0.732903732243144,0.645260887669558,0.707153626605193,0.496083282356243,0.168985158649433,0.585166904976198,0.52592351088171,0.365689588615458,0.714317019166405,0.215360154979096,0.341056674153863,0.791047460939571,0.690210952305465,0.668371094264222,0.366706131059099,0.00465238769354827,0.413644031459681,0.831998651152848,0.77585997259371,0.385522104944723,0.13964528373981,0.615653442914324,0.655147956159628,0.751792016644191,0.781501060868677,0.822732204851842,0.770012431161384,0.806908221407972,0.811597933873274,0.700277372388194,0.805059677678636,0.619528594064632,0.796701706223334,0.516224061884597,0.761290108997382,0.777648949287775,0.41380376872017,0.680752046092028,0.570443060875748,0.736936923944398,0.648404222216468,0.439576331212048,0.254230047383665,0.171342038707195,0.365802508770936,0.642151914088443,0.402297218560784,0.211094878003273,0.141478871457608,0.768038966173337
"12",0.101565914106525,0.282491262726608,0.617108992669213,0.603396129056045,0.556834392458991,0.477068504883987,0.65238912116833,0.0691825523794497,0.329275639598589,0.586978932278235,0.715205839738347,1,0.647405309926612,0.377387465022978,0.548944195247913,0.516853169014181,0.767287939007163,0.782116679569472,0.642583223599693,0.692862737501188,0.687938240238763,0.679551470046839,0.741560316319298,0.310292903180222,0.715352225810473,0.590601613921412,0.617016513362408,0.712978945380576,0.701570802282705,0.76712749599592,0.772153412303372,0.727502350795098,0.692347890580912,0.570681872826881,0.624333413063385,0.500338964819171,0.123940927628367,0.535491509709156,0.427167865854485,0.299584951785321,0.702254459939914,0.0134210233878662,0.275869602243512,0.714892019669442,0.630131221946631,0.655673908553874,0.354058729217083,0.0209539250139103,0.307487522680272,0.739384734861214,0.733155217560158,0.420261180613105,0.0298028410100345,0.631304686206009,0.635796563879764,0.699578758005172,0.697425597613711,0.696269033803148,0.700783133943837,0.77889143062519,0.721063422429285,0.611385035245337,0.752876250719134,0.638826965337974,0.764955548227437,0.514647808426804,0.726762538856176,0.752272122583132,0.351271859242466,0.560451158921558,0.531043675282657,0.695182459066883,0.591391730050843,0.426725064513847,0.294301198496609,0.0487695968409938,0.406770857376549,0.555362668704703,0.366661855559825,0.323700141310144,0.156320774451744,0.678679447968461
"13",0.0336085737578234,0.360211856808922,0.641462218030023,0.629391415627658,0.609904706871273,0.496912961297653,0.659092166138894,0.0352167867811037,0.103925937985858,0.646269155456171,0.716207048273347,0.647405309926612,1,0.38710925866865,0.547235457339118,0.616382464188791,0.820585880244014,0.807335959992094,0.692158296517061,0.786853898578648,0.747309387021489,0.804857003686961,0.812561418252302,0.429676414684204,0.703636289319433,0.561643223999436,0.738520105634815,0.772552841065856,0.795988030239561,0.792668585493071,0.815737710206502,0.79823972718529,0.649080076447711,0.645973881658723,0.697101969346987,0.492603314383238,0.115297012213729,0.698365716524765,0.505382594156459,0.261025837519943,0.735285315514558,0.0950496509913094,0.317522017204736,0.820474890431156,0.677950813150326,0.639987127208766,0.309701037996564,0.0537339101002251,0.430404048486691,0.799007692905935,0.746894989007446,0.408015983921085,0.102876686013891,0.62017935452204,0.668070621529388,0.732267996871751,0.811967820356458,0.821208017192774,0.798794097444159,0.761189796490934,0.785700364811578,0.644435008255548,0.811439502944157,0.611992313568022,0.78660448481945,0.558344853126459,0.754691247304614,0.749992657281402,0.419001157544362,0.650909881827643,0.564692048201152,0.724322831693749,0.647176555799047,0.431010382521627,0.289301350709418,0.0281449479657313,0.394002239566851,0.581379975456492,0.440412228541534,0.171981819965345,0.0783549455515702,0.685293651138313
"14",0.033670171730403,0.201512119401358,0.357761584352747,0.261430465923995,0.329616132425643,0.351111305880114,0.283517535440865,0.190154618192192,0.212459862250679,0.365479737696166,0.425947825796374,0.377387465022978,0.38710925866865,1,0.313365889387099,0.256470861393413,0.430529039258153,0.484257250906699,0.492099799809135,0.448175392940581,0.307690704811587,0.424425288282344,0.425182832129021,0.277740805934106,0.218048748467799,0.326646318329447,0.221701968701749,0.468892941359012,0.509945278738807,0.445781516316509,0.37687624250464,0.40281910405214,0.413724818170822,0.320622304268926,0.429681376022429,0.230667302015186,0.101025726585551,0.321704091324463,0.215218456429348,0.125069366753008,0.338891347729415,0.00519422140138433,0.146261521074416,0.302585310795901,0.242472440825789,0.35179795178935,0.0559138924860765,0.0169932448550129,0.277946826326034,0.362755486370805,0.453901552548166,0.262311835584554,0.221895114135989,0.370677440923292,0.260784689554842,0.262941071969703,0.411573048811912,0.444352212850564,0.510329409674852,0.412379114709313,0.399601104918891,0.507121288012039,0.483042348320947,0.362269370510352,0.322156866278501,0.345965206859442,0.415504066826945,0.410782516140647,0.341688418842182,0.467282882771794,0.420579588130809,0.304608095046763,0.345089215468703,0.0675180541196275,0.170047459826267,0.142985453665667,0.178869361265412,0.199154763804106,0.275397551312909,0.105022391477535,0.263346842888675,0.402740435253101
"15",0.0355874806186108,0.150072742973383,0.418248678384778,0.37379399249921,0.554701648585483,0.498813986965101,0.449118062373388,0.0599037687333407,0.122617802551664,0.459960879543297,0.61598310985395,0.548944195247913,0.547235457339118,0.313365889387099,1,0.419132834999623,0.589931571719328,0.614438568556533,0.491495734549935,0.627648774871766,0.53522079921704,0.525151256672226,0.61362758882038,0.52462191101249,0.482403733730403,0.467307821661329,0.469251624459214,0.602240784320846,0.572884528151701,0.581483114280151,0.570472597667387,0.593061314810618,0.598619986753237,0.564912630761373,0.515530221783684,0.379910694745745,0.164965120550839,0.425588007618031,0.365406482565171,0.449144158530061,0.504497573336406,0.0772137916052783,0.349591757285346,0.546994240067439,0.499208391722368,0.552150524884803,0.308084062143452,0.102108489692487,0.352111880798789,0.584199449678432,0.554248113118748,0.329963810756383,0.0883819568288971,0.380015750974497,0.432643100325387,0.508189813381012,0.579245470133987,0.634019190367808,0.620486196252978,0.600350974546204,0.627709459675552,0.656842282523487,0.580709788787033,0.567646770022573,0.561722532285936,0.547119886516321,0.561068769645464,0.589797230918679,0.424392727574766,0.559207841055333,0.498784758324598,0.506070699468692,0.469779847948466,0.288422731538076,0.212060933603515,0.0378943173184915,0.118089446528371,0.382316213837432,0.392276204284038,0.217840751898884,0.197719262781507,0.615521552693879
"16",0.106243267325153,0.358214741405745,0.549965952834086,0.568118668887574,0.459812847889233,0.371048841909805,0.555833991623192,0.0910111808281506,0.0550721473464301,0.507270251461602,0.602486676793871,0.516853169014181,0.616382464188791,0.256470861393413,0.419132834999623,1,0.683191459104919,0.643700687408484,0.561885409715453,0.628914616931809,0.60009526482398,0.67836498364148,0.694487550660823,0.339593398297564,0.555764729939695,0.40618166691807,0.664570195064104,0.635694546895642,0.671596661901612,0.630490617660875,0.689611583952546,0.628711092054364,0.476927970016062,0.525787807551268,0.542466207050207,0.398248878796001,0.136062774715482,0.601661673728719,0.495092291068889,0.187540829995914,0.637140181752618,0.12621228112013,0.263463760647305,0.695320481579718,0.545192088058721,0.544834865450895,0.311217030457657,0.00753391017244276,0.359040452846732,0.676205452707802,0.527771279979737,0.371979321509633,0.0933086121811969,0.478447276918105,0.584221469238628,0.549419968506139,0.670987790284772,0.684587083846261,0.655587111285085,0.584399557824969,0.651519706367783,0.475477625274075,0.618968919436019,0.471132196959329,0.666909236189307,0.323228537925398,0.606415005457443,0.606179684970142,0.220371207104855,0.507959021398795,0.438106587720115,0.626868341464361,0.509082442174297,0.374865450013058,0.242181850324957,0.036210116024811,0.357703319338095,0.526073694599733,0.373304412117163,0.118833697876938,0.0554453313595804,0.574575427572418
"17",0.018949241888518,0.403715358829588,0.791061252317491,0.769076278232004,0.649384358696987,0.586342615266208,0.81118816877015,0.0338496349356298,0.213678629865292,0.739551915844348,0.80668426309402,0.767287939007163,0.820585880244014,0.430529039258153,0.589931571719328,0.683191459104919,1,0.928655785799294,0.830940830066088,0.875494811036713,0.815823277520137,0.912539548300262,0.934885027630162,0.446444526213055,0.789541054148505,0.653782809918673,0.844474941903577,0.864215259365254,0.904398340764513,0.899981414050085,0.939961012901548,0.879202133951085,0.760587563405744,0.743194088206041,0.79190318984481,0.606739594207295,0.106302076037061,0.756708373341858,0.561566325398375,0.321422206781063,0.886943411020791,0.0725288636012525,0.319214039607461,0.910011175686949,0.73971440491169,0.74701923621469,0.409025458720151,0.0113001079459967,0.45699382020222,0.905168365187092,0.825686470191099,0.516385444969107,0.061448153163469,0.736485818815639,0.780288262626423,0.788274988984214,0.899962457096724,0.892533236529906,0.893327577574103,0.886538530826574,0.890944433004532,0.687351446077104,0.902732260782491,0.713165859086565,0.890551489914166,0.569597105731795,0.858555094590164,0.865668602584618,0.395727851679527,0.711450057306727,0.654546159172395,0.881191082995334,0.710346708972201,0.556123316198139,0.331006187562613,0.0604768531216343,0.482181457644273,0.699458985255211,0.502863737506706,0.27497550829409,0.0407255396498166,0.790209824129909
"18",0.0276766435955489,0.385862198738775,0.758003153814912,0.711402074156902,0.660590724464708,0.638030652720597,0.758434355591191,0.0729879881881672,0.29025976832752,0.732717060316974,0.82775456117918,0.782116679569472,0.807335959992094,0.484257250906699,0.614438568556533,0.643700687408484,0.928655785799294,1,0.803696021021747,0.862808619311713,0.82693351832049,0.875222381037394,0.898804110460537,0.480770142835965,0.762243961133011,0.661656675298413,0.774455810737443,0.864519255685415,0.889503924723895,0.89755435127189,0.897827238406571,0.891426994009817,0.814205768122514,0.737353123252031,0.798896596160535,0.535946542321652,0.119919589482295,0.664573690890156,0.541768007182386,0.336186435578004,0.827772699345814,0.124851170133013,0.303257860847272,0.849247503591669,0.725230575552335,0.698972718859512,0.357165684629897,0.0373549830641194,0.446657572842207,0.893683338632264,0.835475430199156,0.552366826919563,0.139731634771607,0.705505489727864,0.735374084684371,0.775700823574421,0.874763831810366,0.881068598665178,0.88204619996419,0.89710806590901,0.889854928641624,0.78451024203555,0.897904371139493,0.723389519905036,0.851531405369854,0.590938111078149,0.842816184366092,0.855900134265575,0.457748162673083,0.757892052836686,0.67893890921277,0.837888120677035,0.719621313260557,0.46523976309583,0.288501217337436,0.0186995513557415,0.455782165771439,0.655989001523446,0.528042609731737,0.249321154298858,0.180306844284372,0.817013408384415
"19",0.0760879139722693,0.404916552165408,0.786654585328154,0.688740053714047,0.510461390397726,0.459583075444906,0.672596869688383,0.0158307197830033,0.152569137473625,0.65097740139372,0.677346559896857,0.642583223599693,0.692158296517061,0.492099799809135,0.491495734549935,0.561885409715453,0.830940830066088,0.803696021021747,1,0.730776781973128,0.713796788639825,0.811142064098202,0.797512134441845,0.308171216397066,0.63346967639278,0.640223502056736,0.674408259894235,0.729996936317228,0.817655723283082,0.764614420942129,0.795090065608397,0.771696436832548,0.625797437221217,0.629109723357419,0.741904176263813,0.543909452068861,0.059719665201677,0.677707787379629,0.477007598894193,0.21885537771417,0.801770312601925,0.0255532489463294,0.175354415769478,0.773018111610922,0.610756216726774,0.639321719308896,0.305109043102276,0.0461896007700952,0.401847271152166,0.743875106715882,0.681063211849376,0.458921516749268,0.010682593804135,0.684272491821553,0.6821340254426,0.605974908771308,0.772497899784758,0.77896296105474,0.780444714387541,0.727757101334486,0.720453232280604,0.615258768928147,0.813567976852166,0.61131919822114,0.748706298935482,0.449505628106527,0.75938493417882,0.756626116083502,0.328882063408955,0.620732375284712,0.650160474649946,0.75900370014105,0.629907635543609,0.434805980553218,0.263883271773274,0.174048084984838,0.442968283243451,0.552780034409651,0.461037771180458,0.284632449437234,0.0159541810193281,0.70499151599373
"20",0.0588980165829908,0.378727372688371,0.676511810958315,0.642306602288457,0.684557361080407,0.600265779430253,0.708808742586849,0.0366623220847794,0.101753421485937,0.696749398596114,0.792477812012274,0.692862737501188,0.786853898578648,0.448175392940581,0.627648774871766,0.628914616931809,0.875494811036713,0.862808619311713,0.730776781973128,1,0.747802139862489,0.844303944754831,0.887427562891508,0.543092129227048,0.691068416619979,0.568156600456412,0.771844670086374,0.862098232725169,0.855633309943025,0.800563665662567,0.837379796607832,0.858365148394526,0.727710185960072,0.742335852747262,0.754912564012038,0.517995438869164,0.154690689215307,0.723625718602738,0.54393765655028,0.386114112170968,0.766810168104133,0.105291467778205,0.35987534116681,0.826900347851836,0.696074512582566,0.680817583500091,0.398893748839336,0.0450413123074171,0.478579164743637,0.859773200571348,0.788514311473329,0.46688151886376,0.0875662275231814,0.651005176813027,0.684446158246977,0.732471751733337,0.850747951626851,0.893038905470452,0.877549099757417,0.821699543346564,0.85800251512929,0.755134064473224,0.824402439747072,0.657426207850366,0.817843069618282,0.552722979591863,0.798795976726339,0.825349789529116,0.461183562246358,0.747861388247609,0.613220073922689,0.810713029621855,0.66683213493692,0.423362976717191,0.27738976524233,0.0390965076946839,0.37330499244674,0.66753747615469,0.527887193727658,0.227299543757835,0.106905552212237,0.791208094198363
"21",0.00325813602063282,0.335244495518056,0.681231894369307,0.677549631046188,0.598898760953977,0.53814251573372,0.691011734595944,0.0154629587833795,0.150427648991754,0.618917239711914,0.742930673512458,0.687938240238763,0.747309387021489,0.307690704811587,0.53522079921704,0.60009526482398,0.815823277520137,0.82693351832049,0.713796788639825,0.747802139862489,1,0.798723716629027,0.811662078818943,0.37562633771293,0.728135337197639,0.593984263674169,0.722450470658907,0.782981565740998,0.779223228827064,0.790345136378831,0.814449425098919,0.826523811565526,0.709406003243179,0.644468622717221,0.713714328134549,0.495399934929228,0.152786773610885,0.612497000878997,0.509006687143557,0.32313613734897,0.756021613218343,0.21940491587414,0.292731886371536,0.810436912802518,0.671586538933383,0.633928528206409,0.38418862326727,0.0572949349421702,0.370811668166202,0.824456914360359,0.718590423308368,0.399023092340229,0.105173150345715,0.634061909743679,0.688891030234388,0.738152628956568,0.805545385868687,0.787585423716249,0.744265036104553,0.791968666885524,0.801463404614536,0.650753168490136,0.808808855437734,0.591548479340081,0.801775302122235,0.447844688963262,0.756068733823968,0.780799939597895,0.359805841886817,0.664811506197969,0.599985269086862,0.760603495929463,0.659410745193497,0.484436017230157,0.291383126165499,0.00840028167002979,0.384705926902025,0.615226791719548,0.44983088186571,0.233903187865917,0.0661255942625392,0.727952744238564
"22",0.0753958153815454,0.458391545902827,0.778781987112278,0.758588512263593,0.600285026799456,0.559248148770191,0.778366970886789,0.0435249090522724,0.0423262493350948,0.704207181690975,0.746662975833296,0.679551470046839,0.804857003686961,0.424425288282344,0.525151256672226,0.67836498364148,0.912539548300262,0.875222381037394,0.811142064098202,0.844303944754831,0.798723716629027,1,0.916640190784003,0.457086576784955,0.714331239852173,0.587887319654609,0.857492587743174,0.818636312697087,0.893415309413671,0.832154035540825,0.883434130271587,0.867231934791756,0.680477586703747,0.724176118554454,0.788426689621291,0.53915634953549,0.0927885351402471,0.77438229400064,0.560251923569851,0.234187941765506,0.853934637314234,0.106364745384803,0.308581455872716,0.891982142409961,0.694204515361607,0.653041438451686,0.34332490259959,0.0112028529239949,0.442387933927509,0.887310734177466,0.76167294404137,0.502072148556292,0.110714499942719,0.718902553347115,0.733344687909908,0.732172033694481,0.893624435567702,0.863924829114028,0.881975590639447,0.819633784330506,0.860166465401732,0.637178761815486,0.853547936043355,0.623909819030044,0.851313814354095,0.471978829470204,0.824114169861589,0.833386182974523,0.386637949176193,0.717794089719343,0.656384096593836,0.835244607872042,0.675606808815589,0.506698702827632,0.306470301425383,0.116108651614622,0.480950245600836,0.700682841656137,0.511801894381333,0.236020559061536,0.0314574626873306,0.747400855197924
"23",0.0426016244201587,0.442226384664441,0.767472856420142,0.756115853453251,0.674644070472776,0.603809371591394,0.779540735127284,0.0913685121537163,0.112132531112395,0.73656723317928,0.804912521610339,0.741560316319298,0.812561418252302,0.425182832129021,0.61362758882038,0.694487550660823,0.934885027630162,0.898804110460537,0.797512134441845,0.887427562891508,0.811662078818943,0.916640190784003,1,0.524867190603713,0.732344064082845,0.620525608876896,0.854472872888012,0.871774184332686,0.913011772936266,0.868039814310678,0.911928694317548,0.891470714028099,0.748196989474015,0.757095958209921,0.805941226221487,0.575975370762439,0.130268420363207,0.773978453069702,0.590793823417562,0.334817833748462,0.862659774452223,0.107114929236432,0.354097272119823,0.899210769953575,0.73348651008318,0.743090516068129,0.430119815196898,0.00859936254797383,0.469184265995771,0.91052524086182,0.809063778487012,0.51782838872879,0.0786026863381326,0.698567491715224,0.755064969501892,0.775722003234947,0.910267880124601,0.907448280384512,0.907912991766195,0.865642787745792,0.894545659545887,0.713973620901837,0.883618081217922,0.674897658147309,0.885816400474218,0.540663602474438,0.846749044444359,0.858808670284347,0.437199019347107,0.748399976262924,0.664042718826609,0.86835873652513,0.705183598173262,0.515221986497654,0.30519220535799,0.0667201785234153,0.461117476517536,0.736287822890367,0.510829100824771,0.282417985375097,0.03935552017042,0.795501886693404
"24",0.19763006645239,0.120967631898838,0.287105566831684,0.222345576344391,0.535289567787559,0.578360418185253,0.240033624044228,0.0785557203477214,0.0928855024286893,0.423461925615755,0.418464742754185,0.310292903180222,0.429676414684204,0.277740805934106,0.52462191101249,0.339593398297564,0.446444526213055,0.480770142835965,0.308171216397066,0.543092129227048,0.37562633771293,0.457086576784955,0.524867190603713,1,0.234429503237659,0.304088337298953,0.33151979132874,0.510496857193042,0.48046338401325,0.442977285694786,0.372044733345128,0.501835831575736,0.530891921064676,0.538714310385413,0.429316990325867,0.229256448541202,0.161582534119723,0.351425616855739,0.243448380981557,0.457834377868967,0.302697247439686,0.186540711745704,0.323601373895317,0.380731147300383,0.303791078778939,0.387889465725456,0.316964547315651,0.0267331261551877,0.296540571746219,0.444424828467296,0.426070933061977,0.32439510145489,0.287348133868828,0.226272174972533,0.205782239384912,0.342251126063983,0.459046608716675,0.557283024847976,0.596651871606618,0.394459290154519,0.545983868256356,0.683345232757743,0.415869671250672,0.463605222946661,0.367427326883198,0.452991460324245,0.394302185844654,0.406790915968448,0.530409609375597,0.645037549073566,0.436541895813068,0.391487032778887,0.398800677995302,0.0448895173942855,0.164237083356744,0.190059522515039,0.0270480208847812,0.321554926515775,0.351022664427944,0.0631797306794957,0.310168215817773,0.54035697928673
"25",0.0654960503204607,0.284406798875291,0.616369543729458,0.673375180165239,0.532007569040084,0.413361552460596,0.712929934225889,0.02540280289872,0.248573689282108,0.5395834959633,0.697971733405097,0.715352225810473,0.703636289319433,0.218048748467799,0.482403733730403,0.555764729939695,0.789541054148505,0.762243961133011,0.63346967639278,0.691068416619979,0.728135337197639,0.714331239852173,0.732344064082845,0.234429503237659,1,0.571046738947213,0.711298569068619,0.724623847788751,0.695524678738694,0.768524101062722,0.800526223517773,0.756892355901975,0.644251117738479,0.553622317804575,0.627803258786154,0.560873642385011,0.0891713048142484,0.579785274543268,0.440565699247832,0.248120632498722,0.759679876096584,0.12658413657568,0.250896287729924,0.802524510730233,0.671380211499097,0.630930579481579,0.397576661776077,0.0115344916296594,0.29221848290087,0.769845037759396,0.696337999353418,0.331614259717766,0.0255955513687008,0.640356463388348,0.691563126596619,0.746723053605442,0.727404378435491,0.704684036234881,0.653792421327577,0.774768709884468,0.738467286663608,0.508430071620935,0.765023235973926,0.576277201126773,0.801752410907524,0.422394349475291,0.709862074720581,0.740962377368522,0.299346146699398,0.49475208082454,0.494015101091434,0.747561999504709,0.590615943794515,0.526985143781456,0.305400286797946,0.0680293163166007,0.422518372634763,0.62940286563854,0.344478682004184,0.242780785498721,0.0333963386361117,0.666102470770146
"26",0.172154460781507,0.219975702101438,0.525260735495918,0.521675308411663,0.490681191891296,0.393864590826222,0.524638100401542,0.0613303933158026,0.224549369972199,0.559360357471546,0.553609526357379,0.590601613921412,0.561643223999436,0.326646318329447,0.467307821661329,0.40618166691807,0.653782809918673,0.661656675298413,0.640223502056736,0.568156600456412,0.593984263674169,0.587887319654609,0.620525608876896,0.304088337298953,0.571046738947213,1,0.493048805365643,0.571883053485431,0.591543635207839,0.654124146466553,0.644919477891798,0.643051560689702,0.618736019804315,0.511288917888048,0.567331485406563,0.459784457116282,0.0480281623693759,0.478951633122281,0.253301858173994,0.259811103086413,0.62089209876596,0.00306085704380455,0.142107960757529,0.61216047239038,0.498067796164075,0.549565866992327,0.33535720011395,0.0885871673882156,0.240986964148106,0.596302657462263,0.575272252874104,0.399413842762673,0.0298144971702349,0.526744954192763,0.566140661613258,0.539232485460812,0.605318279346669,0.581944635708666,0.594635803983117,0.608161792972019,0.598006857330964,0.535977473064605,0.644888153116565,0.528336198805094,0.641908408337966,0.44958933944702,0.596991585645363,0.594691314367234,0.343084418345288,0.518260838148157,0.540278579080523,0.624930428797133,0.564764299460311,0.379750664411869,0.183774451959995,0.0773396734798065,0.296311840850316,0.412481850105639,0.329958591460513,0.21877397868978,0.163622760707456,0.617789142820144
