"","1","2","3","4","5","6","7","8","9","10","11","12","13","14","15","16","17","18","19","20","21","22","23","24","25","26","27","28","29","30","31","32","33","34","35","36","37","38","39","40","41","42","43","44","45","46","47","48","49","50","51","52","53","54","55","56","57","58","59","60","61","62","63","64","65","66","67","68","69","70","71","72","73","74","75","76","77","78","79","80","81","82"
"1",1,0.0297492612647524,0.0599752299068936,0.0857370701657291,0.119040987222203,0.200141320260502,0.0456894292831527,0.0298781338499131,0.0197042198397353,0.0403547011364218,0.164107262103851,0.147490483964876,0.0637110006923849,0.148504344196819,0.0856582819758466,0.0923943165393457,0.138205956521234,0.192200885804013,0.115592827864078,0.14635245436286,0.104863281668507,0.111752691286018,0.141546621286548,0.0634067044802118,0.0471676876194933,0.0181745156094782,0.0513680524251212,0.128038813661347,0.079309076563067,0.109459649967855,0.0811917921611201,0.170413834727219,0.133170670497655,0.0734503669193359,0.0917278730667328,0.0338265980632469,0.0347004956292187,0.113745115965534,0.0807492344995025,0.110163294729043,0.0913664924524291,0.0887969924393967,0.158932439797418,0.153856287106153,0.0529320325856777,0.0917985834542898,0.0228820989490089,0.0335261582920097,0.109334982310293,0.128815571895463,0.113813239404547,0.00213939341798652,0.0943032300359542,0.0874336806464653,0.075288955722564,0.180070977367957,0.0694977898653499,0.128814961462016,0.168082057453207,0.1284424197872,0.20406831772296,0.166783340714336,0.103268029899551,0.109852584595171,0.0734335233375171,0.0798658641924728,0.0876960631448613,0.102558214906698,0.135058532598931,0.0761810820780704,0.143575119140739,0.0231986736424611,0.175011120637975,0.0455053539989837,0.00457728300375118,0.0364278985156264,0.0225801011024215,0.140174482390652,0.0593185570585426,0.0823172524755473,0.138322971403394,0.113410538219785
"2",0.0297492612647524,1,0.130972170831,0.0254231156507084,0.189135048502427,0.0517246663458916,0.0588765315239249,0.14836440989752,0.0860730506071681,0.0853264055371029,0.110647630117573,0.0381292820632756,0.0621502722476318,0.0843869262098119,0.0319183521306962,0.0745329894967799,0.18622676677032,0.0275437174968052,0.0669428245484748,0.178289048255454,0.100697799178121,0.0391379432026543,0.0481805258392263,0.0631397870421407,0.209080333604002,0.211190267660648,0.0975164003213075,0.0554928728039028,0.00699567943030256,0.0362843089950346,0.0534869164198705,0.0745023300778373,0.0929834453608159,0.173656362538241,0.0174598519071522,0.0556975386914221,0.129958106688513,0.212803099248095,0.143402892421336,0.0296062142435835,0.126755200991968,0.166917857464907,0.00655118782611726,0.116887287298319,0.0666999194331833,0.0240661531577119,0.100755931571222,0.0482478165324966,0.145110086140651,0.0808240971109158,0.0436095890860937,0.00528882319104486,0.0930577548722924,0.163816490181049,0.0187630456605604,0.118746687144515,0.0199301147176688,0.174381850673906,0.058113664849364,0.124157206302008,0.15441035785752,0.12178541632291,0.154213174331521,0.179867536616604,0.0380856418161622,0.0043756576981924,0.119132622059348,0.0719156677907896,0.150418158112464,0.0591990966897899,0.0658514821613458,0.0379658844870005,0.045846282417074,0.0277067245280123,0.13392753979094,0.00572104081352176,0.0248753669293828,0.178625497450697,0.000163238763194847,0.0449859223706006,0.0520372852585447,0.153405750637141
"3",0.0599752299068936,0.130972170831,1,0.0712891366842127,0.222471317921845,0.129629115029354,0.119612019764109,0.0663701688469192,0.0619028674106394,0.0341779025060953,0.207352653329599,0.165504935594713,0.094067074909376,0.00679145864220222,0.0762606380744342,0.204671244075606,0.0894034633908463,0.105668147591389,0.192617021245958,0.21196935797656,0.181814373451189,0.181335910542939,0.25980628941531,0.270646616763557,0.170743916310966,0.05946093554561,0.109153510130569,0.209241451654155,0.0434708106645261,0.0926837628561799,0.0104338502674657,0.145733313394698,0.183057715703743,0.284559437880585,0.0182037137860851,0.0229858290601353,0.107065415220806,0.179511131562761,0.193135257472792,0.114870706057684,0.0510762213071419,0.00148861065824601,0.196529669405939,0.254448143353508,0.111792034452287,0.116836436627651,0.0212687078319892,0.0132210972722263,0.0138066984510319,0.23084628784146,0.215634620304624,0.218470246685668,0.182653012307019,0.156173730934683,0.00333556595261446,0.205302492404527,0.17107214486668,0.209784795083904,0.158165638316038,0.148185469885584,0.336932597184578,0.224285627236232,0.25182672255883,0.280183156709772,0.11038840846164,0.0952930752059351,0.0847149806357449,0.0885065516863549,0.0424435306104636,0.110468251658175,0.263325160265951,0.166669320235836,0.0935771955914707,0.0251179664987198,0.0517281779541235,0.0755927780670872,0.0436518931651873,0.097196373807777,0.13593732308067,0.0688476776925652,0.0997131330021917,0.257078350244812
"4",0.0857370701657291,0.0254231156507084,0.0712891366842127,1,0.0606426636220501,0.144266269871177,0.0269044395685676,0.0294108980011748,0.0533584102903922,0.061053677946733,0.0233087201319967,0.117692793249452,0.0750183475843245,0.00680159481352127,0.0619539478115577,0.000703615856604006,0.0325431431334656,0.0239110910461918,0.0155475378810943,0.00821461533398593,0.0525233621801072,0.00188340772508307,0.0104290814162937,0.0247517637409401,0.0682983197587084,0.10301361638623,0.0990733415080814,0.0156751195869762,0.0584334077026704,0.0162663140770385,0.0513579267797249,0.03871775527316,0.0968252626216509,0.0923918262554598,0.0990279242641782,0.0253139401260223,0.0480756520191108,0.0937355181013836,0.038416166828255,0.0276412867972845,0.075906781612544,0.153220083090242,0.195029247254792,0.00726846937836825,0.0423881970708746,0.114532664361371,0.0740109365863744,0.00779545358629821,0.0437152168636391,0.0612498738763877,0.0679585319344154,0.0284011523766058,0.01429303299328,0.039672116487327,0.0410937111558163,0.0266267094310038,0.0909220295058628,0.0300672685538219,0.0269075290351679,0.0392634364621327,0.00524747222073459,0.0149745842090452,0.0296030821603999,0.0724708341116675,0.122828426260678,0.0371698292886443,0.0870176368143827,0.000722760344512343,0.151213240269067,0.0346517091426718,0.0196092025085186,0.161598220557846,0.131852316707153,0.109847322320963,0.0789653574478631,0.050250075982722,0.128418610444061,0.00814795042610873,0.0379638619153098,0.0212146981818861,0.0497066581100898,0.059282585659797
"5",0.119040987222203,0.189135048502427,0.222471317921845,0.0606426636220501,1,0.23551863910835,0.284226840098961,0.134677068943702,0.118221010971274,0.324495883575034,0.451822492816644,0.414739687531084,0.362124239555346,0.19111939213196,0.262153193676019,0.233070024080942,0.50407828783354,0.489097658900784,0.293773924187307,0.505557145102447,0.470940122768405,0.461642264645375,0.456218581563288,0.221047315728024,0.317817085905386,0.328924988991423,0.315694972714001,0.470113042412289,0.448002913415182,0.349534549591346,0.364899812901503,0.552866439750434,0.528706130769594,0.472152945349169,0.338270311756771,0.151997682365559,0.172594188297087,0.30522926064237,0.221929305292245,0.133992999476176,0.134490416761491,0.113039748159928,0.0407368823606575,0.435587490040302,0.27253245995714,0.183792520471064,0.218865822070422,0.136362503105213,0.19372246943452,0.524199093508932,0.365569470744207,0.210401981194809,0.267608772596786,0.306116816391746,0.26731624494579,0.439074493456432,0.435705931130353,0.535552929749343,0.497322584510896,0.458275240512136,0.505345744409716,0.597597227478515,0.499018796679904,0.372670697554721,0.382330361691587,0.364766358084546,0.408307675808832,0.39392353925526,0.086664951671652,0.354708582452043,0.207311034802987,0.421329905714459,0.225203566882151,0.355010365755451,0.189490439243355,0.00486368277368319,0.0381059065229349,0.378830223280124,0.282795175798031,0.113607971713413,0.2563300041807,0.488774112686122
"6",0.200141320260502,0.0517246663458916,0.129629115029354,0.144266269871177,0.23551863910835,1,0.163529447008121,0.0347583470558241,0.0408501824624232,0.0970356810017756,0.225634753922587,0.127938206607791,0.0185454372127761,0.296439654247282,0.173418295421828,0.253642877266982,0.139376011886922,0.275157362583803,0.141157219988779,0.164370018040496,0.0659975150281586,0.315001798861357,0.375151092739777,0.270704092661449,0.0373406374886169,0.0498616465386533,0.00913374368668063,0.197735236515851,0.137274952729643,0.177963986631085,0.164764752832607,0.311536423120391,0.151244009004552,0.129282430979183,0.0286325562852442,0.0147236190977882,0.0691281599116753,0.0740742653039729,0.0297023923385891,0.260582665407399,0.240522248666565,0.117845904242181,0.237369645341218,0.134465297203615,0.131145010923863,0.208187976116135,0.0477618498222933,0.0209963367639379,0.0663547467843791,0.194740769132456,0.170526409443259,0.0291631901702307,0.210671799873151,0.0142976361917546,0.0843732234651109,0.215159957073285,0.151187636094037,0.183722479639443,0.238972663789206,0.111611216062908,0.287073013841829,0.23126373670094,0.197903300817842,0.139269270023913,0.0901254284403319,0.0904686241996648,0.047974297410713,0.122128802214397,0.33460103208828,0.161432856865221,0.237538370344063,0.1182360901519,0.265580731922411,0.00882586108224567,0.109798155943151,0.091430339897187,0.0470242942274131,0.00468294556123459,0.19074533350591,0.093100553499737,0.19826582773042,0.118365412297225
"7",0.0456894292831527,0.0588765315239249,0.119612019764109,0.0269044395685676,0.284226840098961,0.163529447008121,1,0.053907196272623,0.0926260957946271,0.229487066251153,0.253355829121903,0.278675515087081,0.102329556166529,0.150650799732809,0.156660065344964,0.147890724064107,0.241101083937777,0.324393704019588,0.0949354379309208,0.226442517317517,0.209258381962015,0.183569005443168,0.314690955047062,0.0614050278551284,0.047339319906595,0.200213681088598,0.102958479701165,0.233175863383759,0.203464761042313,0.241449847328828,0.226292855285389,0.265010616758694,0.229166049648897,0.267447503139879,0.226499899781917,0.14830674408387,0.0255541551006,0.118177836025709,0.0490015330056295,0.129889996823268,0.159979207214147,0.163869024076545,0.100245722193337,0.122484279144537,0.128752649606525,0.101694469160387,0.17954089046649,0.0189208377509013,0.0796678754342602,0.332677800238819,0.184787896842262,0.0198223661700969,0.161637534189095,0.0447482520848312,0.243432487233025,0.149413952823501,0.154066126942966,0.227989346510937,0.242084966862016,0.200884028714387,0.207743051816636,0.31942443777054,0.242288700454784,0.0960002787066251,0.245287853169402,0.167340553195891,0.239994988545551,0.190133263058866,0.150810622774393,0.171872062399961,0.0756452465606452,0.206394053532825,0.138880590570097,0.221828569464755,0.0359625879484094,0.09193979754997,0.00312119340561877,0.117566523969796,0.184850790326867,0.0641942391281074,0.13024007310064,0.290753189739387
"8",0.0298781338499131,0.14836440989752,0.0663701688469192,0.0294108980011748,0.134677068943702,0.0347583470558241,0.053907196272623,1,0.0186078665568737,0.0156660397723895,0.174520996768888,0.14111303866031,0.192141157292349,0.0560609924725882,0.0334539969400102,0.0922073191509464,0.205667955002895,0.0484522385256915,0.130772365312764,0.248742957889101,0.142449360676342,0.0944506733500286,0.0850379911001199,0.111001468817295,0.23803652887123,0.268417703714457,0.248773318010899,0.121722891724462,0.102187701855242,0.00393532298271666,0.0778514076717975,0.172170591967186,0.183115717614555,0.156855244112147,0.0561577647944335,0.065658967803115,0.105940331208036,0.176452854672564,0.222002423018277,0.0841100624287532,0.0566862597190067,0.273764960184217,0.03719789076425,0.183783716109492,0.0772279040348794,0.0080348855381736,0.00244939686451537,0.0113520432092837,0.207282012695666,0.144417308241786,0.144776265775662,0.124863807786403,0.152313048151586,0.238085328350347,0.0130087436157174,0.166783815402425,0.152935299783781,0.193292957788596,0.185031706981329,0.215803306310426,0.115959808257496,0.204295894364807,0.201027396351833,0.168771173806054,0.0887073560713266,0.10603094914038,0.0624283669408431,0.183926656739617,0.055023697080189,0.0482369031591459,0.0246258137389307,0.0445113134482178,0.0877093066515576,0.0214689490604297,0.190427845074036,0.0559822075379749,0.0381972428604883,0.254003414530084,0.0475893709313437,0.00276624332823339,0.10544248590278,0.153934742446003
"9",0.0197042198397353,0.0860730506071681,0.0619028674106394,0.0533584102903922,0.118221010971274,0.0408501824624232,0.0926260957946271,0.0186078665568737,1,0.112854009985566,0.160040455149394,0.187463137639407,0.190609700067407,0.1329925354494,0.115697589797675,0.0911119813120883,0.228603731722388,0.197339350672748,0.218562900828162,0.159343936815345,0.178013820045765,0.217747568694127,0.329098479626527,0.249560199475202,0.0848675758220394,0.127553646665312,0.231383892724429,0.279521443123568,0.332520578140353,0.118456156655343,0.329067528395311,0.237003819604372,0.132542445133966,0.170601926325115,0.115652778262391,0.0312573320467696,0.0729734587625618,0.0890591320138359,0.220294627954589,0.213674355100397,0.176153024759821,0.00828118608927208,0.164966348437674,0.205803674422453,0.186161646431189,0.167594380587155,0.0682514144470606,0.00397605500534924,0.0105893408246833,0.276145073608127,0.353570226066247,0.314923148967523,0.133358031872352,0.0916382745456394,0.0908317889818495,0.0588861736604206,0.253756287517352,0.176589510570019,0.20747083822799,0.131972985830812,0.10306212239038,0.170093400553928,0.248715809879752,0.0815918355885731,0.204292885062142,0.148098112922688,0.0286656603769055,0.157366244290421,0.0457954183609891,0.0806900408417118,0.110548466829554,0.113971396783882,0.0408826166940352,0.144203555346939,0.0195465233398697,0.183657524872814,0.00298042013646534,0.00770939383747809,0.133243850730106,0.032292795899374,0.123581429925174,0.168812220361847
"10",0.0403547011364218,0.0853264055371029,0.0341779025060953,0.061053677946733,0.324495883575034,0.0970356810017756,0.229487066251153,0.0156660397723895,0.112854009985566,1,0.386720437186853,0.344976861557749,0.25439131571469,0.213817693263996,0.18832546761772,0.139468172605333,0.394077244236495,0.418226599368532,0.186217680498794,0.337162992455357,0.360993494760523,0.326056091927507,0.366326986015746,0.150071801733705,0.154386915150159,0.219121241151145,0.253151865773467,0.371722635302635,0.360142778896326,0.359562302755754,0.341951315697105,0.435228316781285,0.412069927557973,0.33016752703808,0.348963892061437,0.0688643022718931,0.112524981506424,0.230640906524355,0.0680663334802621,0.12557090622504,0.104433457796465,0.0566679303537529,0.0540270505946492,0.283869548054217,0.222131570226498,0.117626782475236,0.20652984100346,0.0502247256260383,0.208979791905302,0.36611616922858,0.266029032256687,0.0726281874232391,0.232240258855766,0.183192826162903,0.27613692526927,0.259522092703676,0.356556371703068,0.432483637250026,0.400889337908605,0.413766566993075,0.334864729896292,0.451906834279536,0.35621896761123,0.141866289993859,0.349502240998166,0.291083082360323,0.361220272847022,0.345634639886285,0.179440602984722,0.303698001137398,0.119540791442051,0.326740491080683,0.208912379417128,0.25341417476418,0.157166858659474,0.0025703293438744,0.00673576662910675,0.325758259077886,0.285258030428461,0.00982244509776627,0.242524057021846,0.37855041405375
"11",0.164107262103851,0.110647630117573,0.207352653329599,0.0233087201319967,0.451822492816644,0.225634753922587,0.253355829121903,0.174520996768888,0.160040455149394,0.386720437186853,1,0.604390575942282,0.4729309234807,0.297562167301837,0.383886156705122,0.205951969209396,0.635417157463727,0.654235320687965,0.388560148064494,0.632421290585767,0.627182184392986,0.607187221128006,0.580833546948888,0.26474970607045,0.364218821678773,0.376380162802503,0.437887296775605,0.66819236838834,0.582735859119388,0.512626318816434,0.52541500428035,0.661937379619001,0.655703076724685,0.584974314733162,0.520763124666926,0.185949313629607,0.151384577417426,0.428329131418168,0.228304453384099,0.0943885083677882,0.264915737677818,0.340511977717633,0.00252250788797004,0.561501092496857,0.342527252671498,0.162549181292872,0.24508354142294,0.036134142567102,0.391564223275998,0.676635320227587,0.564316905885057,0.197446952714367,0.434828500302324,0.371203302956895,0.384696347194844,0.507930843460262,0.55576879769866,0.670747356830602,0.649541125073128,0.678693082283678,0.59032790317537,0.731865095552945,0.622928109279104,0.385566336721291,0.522455716137417,0.461174073641422,0.497711370190801,0.55152332239203,0.119857138728438,0.459528526867565,0.232573803337812,0.315569348660222,0.340624884175429,0.32009036170462,0.326406391851575,0.0641203300595687,0.0641063667541,0.566993003095585,0.428446768850369,0.163576979528849,0.390708350611587,0.646069547258664
"12",0.147490483964876,0.0381292820632756,0.165504935594713,0.117692793249452,0.414739687531084,0.127938206607791,0.278675515087081,0.14111303866031,0.187463137639407,0.344976861557749,0.604390575942282,1,0.463238846488904,0.314334359734919,0.280274194490325,0.170507869818425,0.644121761864164,0.687678585799647,0.417466597085246,0.586411119711814,0.60713707359937,0.565762746272895,0.534763805091234,0.154926503488968,0.304251437880414,0.356062398188175,0.510553607009407,0.635493638233966,0.591182627410249,0.558375668237615,0.562745273042435,0.637023460693762,0.601835302843458,0.600968261608354,0.527638049438579,0.219778812999815,0.120314452823863,0.366813050097034,0.24070187117641,0.0732260046150767,0.243534109922223,0.309282347829358,0.118832798139142,0.548789897517337,0.342875684288274,0.140452299046624,0.261592942510795,0.0827128413516321,0.392253970795142,0.669880837151915,0.475801935705121,0.199442954882421,0.358236031824704,0.334598833708508,0.394951045777658,0.448521322691345,0.51587160744978,0.638831191453561,0.670321744883031,0.699134069552593,0.47761509163363,0.719210068606234,0.573477368803021,0.316170990257192,0.519337722904566,0.449212490512738,0.465226735794495,0.599012091485475,0.108318789516978,0.451646629144973,0.189430157230491,0.357463852276682,0.304259053165857,0.296636778762262,0.301413165146906,0.110464487209786,0.106173977775411,0.559789196021186,0.441517356950644,0.0866008798851385,0.387483688189959,0.578942911099778
"13",0.0637110006923849,0.0621502722476318,0.094067074909376,0.0750183475843245,0.362124239555346,0.0185454372127761,0.102329556166529,0.192141157292349,0.190609700067407,0.25439131571469,0.4729309234807,0.463238846488904,1,0.20956452100015,0.207061899105699,0.172385044829066,0.570190103381989,0.478974160795284,0.391356245932037,0.450543028580996,0.531178638312476,0.461249998785217,0.447300419811206,0.185549343621353,0.291836930491974,0.472124843855189,0.519592247857245,0.528121660600804,0.491942872491037,0.404195710994685,0.461099177181284,0.495973312301737,0.497235537880801,0.52985364174241,0.43171169443355,0.165551950650667,0.152108067065645,0.203751507583346,0.330602493858524,0.0665006146853456,0.140117747356901,0.248564379969817,0.242957063406323,0.462836652477918,0.384152035696465,0.128587776052845,0.254497634046971,0.0990089382435565,0.331243903495655,0.5593619574779,0.416416882635637,0.294011324006395,0.308030909698549,0.366767047702312,0.295892865307051,0.392013129921401,0.503641763306167,0.498017466913743,0.493099689578382,0.553014528695201,0.364515198418347,0.576964747873913,0.53230174530828,0.258474178453816,0.473616068111474,0.350524029208408,0.428980891811583,0.443746481949575,0.0436337194825984,0.277025208672192,0.111727070401445,0.306002979777262,0.160171434877704,0.3076640321278,0.345987192922494,0.0355890912555449,0.00197217125548047,0.514639010169226,0.392059646548315,0.11653907172518,0.221010461620678,0.53473378045091
"14",0.148504344196819,0.0843869262098119,0.00679145864220222,0.00680159481352127,0.19111939213196,0.296439654247282,0.150650799732809,0.0560609924725882,0.1329925354494,0.213817693263996,0.297562167301837,0.314334359734919,0.20956452100015,1,0.205256087721402,0.102618294453773,0.313791078143841,0.441339059020458,0.209705386286346,0.237159911348266,0.242699370924615,0.381864054466706,0.339414441316815,0.17155626174481,0.160141406094923,0.103844451296201,0.239205668057697,0.300355582595,0.292493075856269,0.376308771792944,0.351573547933263,0.370569339234634,0.294893294655394,0.323427265951666,0.286678287070939,0.127976777552923,0.0688756440772889,0.164269440852201,0.0479957893277016,0.13753671354571,0.11742337925681,0.0228544819766533,0.0530787386753058,0.207939389281402,0.200928461962693,0.105192341487123,0.103542913381814,0.0496579270052068,0.104086917133414,0.305467407989918,0.262889153290208,0.0887361395428327,0.161378776650165,0.147652426348824,0.20461873349162,0.205680846437252,0.324392068631856,0.307608016420985,0.41907456937505,0.330433863457662,0.293130041241283,0.365002943727833,0.242936717203213,0.125557978855797,0.276219843736274,0.2674181398872,0.167971826518437,0.255514278099586,0.266585017777995,0.23741230191189,0.0923051242896766,0.202914016513858,0.207841346803184,0.067171102218551,0.064636125246494,0.0777161791574359,0.0209190019449289,0.245199369632861,0.228188682593921,0.115087948013577,0.24777601656505,0.230485177637229
"15",0.0856582819758466,0.0319183521306962,0.0762606380744342,0.0619539478115577,0.262153193676019,0.173418295421828,0.156660065344964,0.0334539969400102,0.115697589797675,0.18832546761772,0.383886156705122,0.280274194490325,0.207061899105699,0.205256087721402,1,0.123317656707538,0.305299429396033,0.38109225857894,0.194982139122168,0.304628805672374,0.311367752433137,0.383104917390099,0.351266585782177,0.105450603726135,0.146010138109028,0.10646459542184,0.194116674090884,0.33299805887317,0.293324635278831,0.317515570689801,0.28325952859998,0.374574242444369,0.357640196426072,0.291017467999005,0.26916249487754,0.122849040443476,0.0597171573843595,0.13042760292368,0.0847672522266535,0.178074103165053,0.12015283635175,0.0644186316496722,0.032614290714276,0.27637907272268,0.184281581348197,0.152239879527491,0.138707413753227,0.0838751264888529,0.108820974920939,0.373345667970567,0.260978457371567,0.0849069111978242,0.213156258906069,0.131815422676202,0.258120152983337,0.242106865315981,0.295446678667198,0.350556508202775,0.326386423220072,0.34726681926657,0.320180378434852,0.402805348020772,0.282661203973035,0.196402379590707,0.306742329287221,0.240216136803409,0.200426761488071,0.324185611032797,0.104323954638557,0.17034094993058,0.14176579188033,0.266144240554635,0.167883424153024,0.174889956860167,0.0312458552890084,0.0740642699301409,0.00299127283502845,0.204215700501086,0.212022675359258,0.0846725347647528,0.249891431827227,0.372475574593168
"16",0.0923943165393457,0.0745329894967799,0.204671244075606,0.000703615856604006,0.233070024080942,0.253642877266982,0.147890724064107,0.0922073191509464,0.0911119813120883,0.139468172605333,0.205951969209396,0.170507869818425,0.172385044829066,0.102618294453773,0.123317656707538,1,0.184465077302243,0.204314855986733,0.144229553154535,0.18497694410092,0.0868965251645734,0.223280793795492,0.315270344666055,0.239034761087282,0.0857721945705005,0.150131813199463,0.129564601320334,0.202389898375613,0.145238403451367,0.114594266727836,0.109276594376757,0.208405916046668,0.124744724175227,0.26782343134524,0.0791854101160305,0.0159708081841793,0.144258831256799,0.0817247400413466,0.198849891165175,0.169562536065991,0.159695677722969,0.0600213062024634,0.0386916925299078,0.225647162399806,0.101467416526163,0.179271670731782,0.0696246100269628,0.0556312411322605,0.0934045892492124,0.281135391060055,0.20492278049308,0.147253720990258,0.258747797374207,0.0869350599992662,0.119235725145115,0.237149351694838,0.228665219030649,0.187998765690516,0.224096092289795,0.184336478764895,0.239752109933377,0.237945232995854,0.260132599904707,0.197752927462474,0.118822406381414,0.0859231373717055,0.105218622719615,0.115923310911263,0.0526842498395729,0.10546132447894,0.175790481288171,0.139063402633419,0.148258072054776,0.138307296350804,0.109114101551815,0.106115117282273,0.00160019722032365,0.0701052014020567,0.171165661258889,0.0902364210942004,0.103776270501356,0.230659074053771
"17",0.138205956521234,0.18622676677032,0.0894034633908463,0.0325431431334656,0.50407828783354,0.139376011886922,0.241101083937777,0.205667955002895,0.228603731722388,0.394077244236495,0.635417157463727,0.644121761864164,0.570190103381989,0.313791078143841,0.305299429396033,0.184465077302243,1,0.735371867167373,0.453821529353319,0.715258836543903,0.720359119411455,0.606949380828095,0.6457819776532,0.329264858650737,0.414604526348685,0.603250334785967,0.623815748276381,0.754005365492125,0.735718242502903,0.614579377593754,0.712488983410999,0.749781347828964,0.710701825014989,0.667758176694509,0.561187726023602,0.209022546138645,0.141514072883792,0.390004404806613,0.367299785635377,0.077686608030269,0.142590725781912,0.389854001590588,0.276671882192101,0.611430376934349,0.48643865937664,0.195805877913509,0.333670106106479,0.0950195411042886,0.500973696564101,0.738857567442773,0.615288025651395,0.29974725968295,0.429670448515417,0.486403277039384,0.502417310318214,0.513694237865099,0.633610429013558,0.746198735373139,0.767030308499914,0.753461017501449,0.480451522018062,0.800029917872011,0.753451438165046,0.434190219070306,0.676895427112876,0.538609574901481,0.60861912620798,0.674680643631812,0.0220185949345312,0.510375991699993,0.199340513574889,0.454893476248065,0.328104247184741,0.421903816972035,0.453656092487593,0.0377704615684563,0.0308091629546519,0.666296092673302,0.494048569338986,0.165019244825415,0.40854790329786,0.673559941102419
"18",0.192200885804013,0.0275437174968052,0.105668147591389,0.0239110910461918,0.489097658900784,0.275157362583803,0.324393704019588,0.0484522385256915,0.197339350672748,0.418226599368532,0.654235320687965,0.687678585799647,0.478974160795284,0.441339059020458,0.38109225857894,0.204314855986733,0.735371867167373,1,0.388748623407567,0.620516706041058,0.699444505810393,0.661679618122482,0.631231890619539,0.198883753924235,0.291401427223535,0.397790504580783,0.46243749920533,0.71342238628956,0.67392739444706,0.786996692450965,0.706170313346362,0.788374694797466,0.722897690692388,0.630852612657915,0.585208428363298,0.197744571779202,0.114919268538823,0.395771873597983,0.181026577024208,0.108988461947434,0.285457059582647,0.219709170174572,0.0887408335946913,0.549921380259584,0.359012070828425,0.166621911540697,0.352080377890131,0.100202680458778,0.404760350438778,0.724168120470613,0.501761159811319,0.140320398504855,0.42463381230085,0.315227215480662,0.516934668333964,0.513412678378744,0.545249964907036,0.731265716828856,0.78536005981475,0.729606000046042,0.582091370076694,0.789066756654474,0.623399725061125,0.321860750438874,0.662500019445725,0.558253731351843,0.579350531312576,0.622528526062771,0.210296612252802,0.495345544663827,0.202750520047516,0.512448960340785,0.367004641210888,0.43623893653289,0.300403457346847,0.0913744688464792,0.0379266050275848,0.590390171244335,0.495636520745856,0.116911669497507,0.455077486971298,0.662632230783013
"19",0.115592827864078,0.0669428245484748,0.192617021245958,0.0155475378810943,0.293773924187307,0.141157219988779,0.0949354379309208,0.130772365312764,0.218562900828162,0.186217680498794,0.388560148064494,0.417466597085246,0.391356245932037,0.209705386286346,0.194982139122168,0.144229553154535,0.453821529353319,0.388748623407567,1,0.397921996076743,0.386470163771883,0.390627736670926,0.471646785212346,0.238601958743965,0.233362637031138,0.270345899325398,0.403429637102257,0.47561534630391,0.475442587827752,0.262850990006116,0.406585750271247,0.403401562851279,0.399273896198049,0.454830343499934,0.260018656438094,0.076872581375752,0.0796343078498499,0.109131655144935,0.33198994034661,0.159828429242034,0.151176646579258,0.212966111281327,0.0869963853148821,0.418847488376206,0.27247435314088,0.157506233735273,0.101927096332862,0.0498293043512857,0.237761743980383,0.474632672973387,0.455783785497916,0.336529624989594,0.25993874070121,0.288286137811181,0.238279039101757,0.347177213052967,0.439746755271993,0.430983041262753,0.474458363604566,0.418123984519341,0.350689691786243,0.486983935292469,0.427312532395912,0.227849068249384,0.380575310068359,0.306936109193955,0.239797024240876,0.378343934977198,0.0280924277493069,0.311868381800558,0.227979171888817,0.253005036356479,0.243430995107412,0.131309166648029,0.20549470807932,0.0475510171070861,0.0514688036781116,0.318822563775431,0.271848647450979,0.036544302762904,0.311787936902367,0.359373660255689
"20",0.14635245436286,0.178289048255454,0.21196935797656,0.00821461533398593,0.505557145102447,0.164370018040496,0.226442517317517,0.248742957889101,0.159343936815345,0.337162992455357,0.632421290585767,0.586411119711814,0.450543028580996,0.237159911348266,0.304628805672374,0.18497694410092,0.715258836543903,0.620516706041058,0.397921996076743,1,0.6321709243783,0.561277656400419,0.623170918677638,0.344650420324016,0.432788064828111,0.518785962997873,0.50768585509007,0.721194140617473,0.655304613488627,0.450820023051741,0.539696154991203,0.696025830105287,0.66549940739263,0.606837517740849,0.482733336869348,0.199730279333328,0.145979356839086,0.424543556215886,0.311047933446166,0.0664613802752515,0.124980960679394,0.374127609136072,0.146306945846171,0.579879941962451,0.414343510606594,0.23569302121792,0.291120258089581,0.0806536395138302,0.401777837373632,0.681686372382123,0.550531595993851,0.334134298849724,0.421697140431223,0.427552342033189,0.436558104692872,0.534232415954924,0.575364316982891,0.721314827510908,0.632117693537777,0.685037270281213,0.578426812640496,0.734814699124119,0.668590514627588,0.472322925228451,0.572149933627138,0.465202236540594,0.55277153898054,0.608575834309153,0.000389122110983036,0.495843558231261,0.24319791946341,0.384789708156206,0.338122072107702,0.35462074147281,0.383248512699179,0.0345743605256447,0.0470356577942145,0.583281950908667,0.423857478607806,0.142907231418407,0.39537135094193,0.656855711814005
"21",0.104863281668507,0.100697799178121,0.181814373451189,0.0525233621801072,0.470940122768405,0.0659975150281586,0.209258381962015,0.142449360676342,0.178013820045765,0.360993494760523,0.627182184392986,0.60713707359937,0.531178638312476,0.242699370924615,0.311367752433137,0.0868965251645734,0.720359119411455,0.699444505810393,0.386470163771883,0.6321709243783,1,0.54653419258689,0.536016891249671,0.203634152057957,0.38882054382043,0.497262186663814,0.535415008307906,0.681025948394495,0.649632292227659,0.587956251139984,0.604061162598997,0.683196191422703,0.684430570813707,0.587715172299036,0.558539390452963,0.235214037110109,0.183670222406901,0.400378827864233,0.253279110059635,0.0156223725296898,0.109676683206552,0.389918183482983,0.148385051146599,0.567228988180114,0.347725094075436,0.102322989868802,0.30379670440935,0.0427753745242649,0.420588680708299,0.638665271155398,0.493779212823115,0.248721454539242,0.363961602992136,0.439796899888934,0.439247492420511,0.486071679692362,0.576239505222126,0.701554205994812,0.675617128652736,0.70836207513551,0.511141397119096,0.737871716417553,0.640777595303097,0.39865993809453,0.63454151360807,0.511286023188806,0.603320032053908,0.625082400204851,0.0204409302539322,0.466826576133023,0.131221471470712,0.441898063128773,0.262610438055024,0.447912550733526,0.425867571633271,0.170970247150979,0.0723831463115985,0.628976828067511,0.425195031947809,0.0973050075180564,0.325590456927451,0.639799780378784
"22",0.111752691286018,0.0391379432026543,0.181335910542939,0.00188340772508307,0.461642264645375,0.315001798861357,0.183569005443168,0.0944506733500286,0.217747568694127,0.326056091927507,0.607187221128006,0.565762746272895,0.461249998785217,0.381864054466706,0.383104917390099,0.223280793795492,0.606949380828095,0.661679618122482,0.390627736670926,0.561277656400419,0.54653419258689,1,0.647353509362744,0.318932569585045,0.349228017469959,0.320812658245396,0.426387906753125,0.608141861951413,0.548163345315036,0.5160215147441,0.559201880461647,0.675468179040655,0.594524592424681,0.568936387572865,0.445058493135775,0.125838659787605,0.13562746882503,0.245622628830981,0.302464867762915,0.19278950625197,0.246531135736802,0.201700903805966,0.0373792498022127,0.534101443823264,0.361607783497194,0.201610996473861,0.278622886122815,0.0404245883176271,0.351014444487366,0.646991354989486,0.505972267385679,0.272245204303795,0.380602105549432,0.345685501235069,0.362989202407873,0.48742434183812,0.557810739612152,0.624976850613176,0.646900944953973,0.620702494327765,0.593364096419435,0.70208020292951,0.575408066168716,0.330690089079523,0.504717726260089,0.392657074688779,0.405885452627168,0.542309847040317,0.182611093424676,0.364262600182477,0.235463606475014,0.415369491301562,0.370967733337421,0.265664813169912,0.26421761445326,0.0746362409228906,0.0379433985327714,0.474501592092233,0.438537703633726,0.126296798111399,0.370484194070803,0.552990400052624
"23",0.141546621286548,0.0481805258392263,0.25980628941531,0.0104290814162937,0.456218581563288,0.375151092739777,0.314690955047062,0.0850379911001199,0.329098479626527,0.366326986015746,0.580833546948888,0.534763805091234,0.447300419811206,0.339414441316815,0.351266585782177,0.315270344666055,0.6457819776532,0.631231890619539,0.471646785212346,0.623170918677638,0.536016891249671,0.647353509362744,1,0.462178747976949,0.347004792411978,0.367031047257589,0.439891329137704,0.65151522341381,0.611579129391461,0.448017720879256,0.584772027942818,0.700625909528815,0.592824665224938,0.593296196954663,0.391937030507263,0.116069141601916,0.17699564159161,0.255202184065058,0.353866209677649,0.250148802882055,0.275289949808285,0.134813709359732,0.0222599741260876,0.557080467279293,0.425256695870913,0.32361894120276,0.245199574397067,0.0523967805676736,0.260964495098346,0.691132808544887,0.595094982282603,0.368336823531122,0.44970287960353,0.348361420299302,0.33984385748111,0.528146167492237,0.560656392516253,0.62019371129002,0.636200531884077,0.571746925675165,0.580081608124086,0.704590112777136,0.684965653859067,0.384318919620225,0.53337822192993,0.3508709947771,0.397841190052242,0.524587120267137,0.116195663241467,0.397499408854634,0.304728071169266,0.434718457576469,0.402017087121483,0.279181823911473,0.245870021790417,0.0496997953130157,0.00917452237451006,0.385124720630605,0.461673979615803,0.181903643507519,0.407446048945442,0.618758929972309
"24",0.0634067044802118,0.0631397870421407,0.270646616763557,0.0247517637409401,0.221047315728024,0.270704092661449,0.0614050278551284,0.111001468817295,0.249560199475202,0.150071801733705,0.26474970607045,0.154926503488968,0.185549343621353,0.17155626174481,0.105450603726135,0.239034761087282,0.329264858650737,0.198883753924235,0.238601958743965,0.344650420324016,0.203634152057957,0.318932569585045,0.462178747976949,1,0.27260321296426,0.154682938859867,0.242795714774566,0.324791233264442,0.328219738564238,0.0178036833439268,0.297644392583262,0.349529717795754,0.265877446874271,0.252569507018861,0.0663139553351884,0.103317845571784,0.163464207402988,0.0828665406422259,0.16477362447621,0.301562569754346,0.211651697749193,0.043448202718887,0.0592324179541989,0.302211082433101,0.216791579864309,0.260953592666759,0.0339343528455542,0.00119804433203853,0.0309275172272965,0.346947160248257,0.441815050490839,0.346514697526118,0.215583027652903,0.258974848176147,0.0613858668573566,0.283663396673534,0.334459963115174,0.308181625210449,0.286790505431561,0.15481416316479,0.328655512686039,0.316716046516763,0.423812897751778,0.287015871999394,0.190503300505292,0.20004438797016,0.097965430461827,0.185509627515785,0.0436622280573817,0.210431880745088,0.243349242687861,0.179139022752622,0.223947064759535,0.0534341798041882,0.0781765937614271,0.15416949528131,0.0711334303461421,0.0364227037892597,0.166177854193862,0.13677433697696,0.24990444881931,0.293069291724136
"25",0.0471676876194933,0.209080333604002,0.170743916310966,0.0682983197587084,0.317817085905386,0.0373406374886169,0.047339319906595,0.23803652887123,0.0848675758220394,0.154386915150159,0.364218821678773,0.304251437880414,0.291836930491974,0.160141406094923,0.146010138109028,0.0857721945705005,0.414604526348685,0.291401427223535,0.233362637031138,0.432788064828111,0.38882054382043,0.349228017469959,0.347004792411978,0.27260321296426,1,0.313197156701135,0.349326620923488,0.418951932863272,0.34942255569197,0.194668075167968,0.241208517240838,0.397713226872501,0.389747847846803,0.380473039810176,0.255179152650487,0.161458144212082,0.174111695016471,0.285718482016896,0.260331628636738,0.0112647525577392,0.0212654074239942,0.290857236410947,0.00314533574130998,0.380127409881112,0.188953685131393,0.0847551684190774,0.202338078386578,0.0587399582008621,0.186491128543806,0.396201473342891,0.41261730153564,0.189244794588414,0.217033720381081,0.311898953937924,0.116971661334533,0.338360399025573,0.420897311519772,0.444597221763386,0.372246038750211,0.378120084615386,0.35340041296366,0.424514535477717,0.383584398749882,0.31221341023534,0.306019608926306,0.243136819127976,0.309756890796588,0.337843608990977,0.0886055348546401,0.272483623719123,0.114069136591714,0.217155376779217,0.194750563168992,0.152780064839146,0.217936496844572,0.0518952395496938,0.0457609139119341,0.35921973217771,0.166212270077139,0.0979234436973623,0.204698774286793,0.435659990149764
"26",0.0181745156094782,0.211190267660648,0.05946093554561,0.10301361638623,0.328924988991423,0.0498616465386533,0.200213681088598,0.268417703714457,0.127553646665312,0.219121241151145,0.376380162802503,0.356062398188175,0.472124843855189,0.103844451296201,0.10646459542184,0.150131813199463,0.603250334785967,0.397790504580783,0.270345899325398,0.518785962997873,0.497262186663814,0.320812658245396,0.367031047257589,0.154682938859867,0.313197156701135,1,0.48973343938649,0.513371753855561,0.510359241494298,0.337977800596762,0.485311854661445,0.463498325497384,0.410490673909206,0.449043673683203,0.410758610287937,0.239297011847664,0.170498379158746,0.206866862722727,0.370339864967022,0.00634103789293533,0.0137915478873463,0.253836457595977,0.387324631322719,0.357255939902005,0.299345919582042,0.117833956134512,0.237651169216103,0.0764227486776331,0.394867286605142,0.513110091820018,0.415534303866317,0.263814239348916,0.295318146677854,0.396367094910387,0.317455887249395,0.241212300376607,0.43606747355144,0.446229543984989,0.462566491943808,0.475234675710584,0.210062144682887,0.520594641427186,0.537063401802459,0.285014092810149,0.469491236539601,0.270326895050868,0.449997929527143,0.427631368309016,0.168166476637109,0.289652682631279,0.000932749246472737,0.27690923384655,0.162407164109142,0.365842663568881,0.398937865273249,0.00450869230175291,0.0811103556720959,0.500588441602714,0.336350801022469,0.0522904681253641,0.13270480942993,0.483297208379142
