"","1","2","3","4","5","6","7","8","9","10","11","12","13","14","15","16","17","18","19","20","21","22","23","24","25","26","27","28","29","30","31","32","33","34","35","36","37","38","39","40","41","42","43","44","45","46","47","48","49","50","51","52","53","54","55","56","57","58","59","60","61","62","63","64","65","66","67","68","69","70","71","72","73","74","75","76","77","78","79","80","81","82"
"1",1,0.0144965002209785,0.156921138236073,0.107802794221,0.149226635736021,0.141817771671689,0.169553968644885,0.102776349397506,0.0517234318790464,0.0729226843747443,0.251884949174649,0.258202227824357,0.234652874062437,0.253100235151239,0.19175728762999,0.0195717376554899,0.264128679822492,0.270337107377889,0.226657872934557,0.258802292485533,0.295071639506284,0.27979099381246,0.328603825263009,0.238690514273863,0.211156716417935,0.0592076581183877,0.181423059198322,0.243998969188197,0.280584916433636,0.28516478244398,0.254225944628682,0.178232764143735,0.278314347315251,0.234880198586999,0.297207946500551,0.0204435818835436,0.0884265877021148,0.237015671449928,0.12326104065346,0.222350024106291,0.216589252646698,0.233024272098591,0.12799719447009,0.212681861434562,0.0667477286887584,0.14775882660256,0.196578080509415,0.134870210008889,0.0210715088103988,0.324257892251757,0.232571917562426,0.064549367031677,0.208185721414461,0.205338939741691,0.233983575756613,0.1951425711984,0.254914549156837,0.246152003083456,0.282672165074796,0.230582479161541,0.304903805884573,0.300264038920458,0.287383412215996,0.194283285125977,0.210776199055002,0.167507442436331,0.1735160402862,0.27035758662337,0.0873755642808319,0.279415866071292,0.0184393892178385,0.170916219061545,0.22395441511197,0.0896997969075807,0.177039338576254,0.0404148790971533,0.107202377676499,0.201788708088711,0.175179308332384,0.0745314271236743,0.134284545043379,0.321123388177135
"2",0.0144965002209785,1,0.00458276240646784,0.00695708273083697,0.0183368098440992,0.0495617668481579,0.187143986213242,0.0680086989440076,0.149674212785255,0.0261327697954808,0.00490059317208426,0.00351286774777927,0.0404097829892179,0.134901943849663,0.0545001667785786,0.116830286983253,0.00936286103982972,0.0154222008719541,0.1531567955147,0.0738912348731517,0.106575451806633,0.08273660919023,0.0637747385137921,0.00945185653632965,0.0875105212119134,0.144489851873132,0.0979704095813949,0.0370022734101919,0.102322251612587,0.133936832740009,0.12536083703157,0.00799796484704126,0.121236269374293,0.0129864240909211,0.0682961317347907,0.0235620085736926,0.0603510860976184,0.117155491227052,0.0960658645970046,0.0868071002881659,0.0676175794816877,0.100597720106725,0.00478104351827885,0.0409793135334344,0.0295045138450451,0.0912245859635352,0.0558925559459046,0.104147537341989,0.0349888028306824,0.0983199135159079,0.0335062773966939,0.0337368602708648,0.135078272190059,0.0400009412217775,0.0792183706298045,0.0329537297989912,0.117323497433111,0.00598185070317131,0.00319270011810776,0.0495069809209058,0.115048908517996,0.0746781703479943,0.0995061228796353,0.0391132434797916,0.0896371599497644,0.0259763188145895,0.0276312559398095,0.0135513143642028,0.0305012421731844,0.0997404155257689,0.184835291632565,0.081407913222072,0.204319409173877,0.12037173643298,0.135561791971149,0.146508908658891,0.102674893905948,0.0281375337527746,0.0620577132093695,0.00258418209638598,0.0358872373732828,0.0210700555639227
"3",0.156921138236073,0.00458276240646784,1,0.0859861784341754,0.140459538694061,0.153448841135425,0.086398557658986,0.128186632198735,0.0881605768946072,0.143325178124739,0.279803630621952,0.203742119946484,0.208943692427234,0.235669177604544,0.244362936214968,0.131249024890682,0.173751437361351,0.286632051047658,0.328430905104026,0.342613233947751,0.257829095786227,0.199903581845247,0.295364848770876,0.155880733262041,0.0866173042927082,0.0716356353651863,0.093693324549372,0.311659124438265,0.367060916414667,0.169413942794054,0.161086643710315,0.274276667307339,0.243417380649817,0.240225864336053,0.107155625463453,0.0174301744635072,0.00777097097393281,0.136523254852133,0.0392163840827246,0.103905325818435,0.14974127906908,0.00199964516056884,0.0533108813557597,0.202146677144252,0.218539580060843,0.160878034474134,0.0610969831887587,0.0145320922684276,0.0122834888352647,0.285007077749744,0.243209483047525,0.0417393348410735,0.0293428549712394,0.190010881559278,0.181810802961571,0.234093481631439,0.239065119455961,0.288937136139189,0.209079474349532,0.304087495491303,0.140658398029177,0.298948656518297,0.277239074374471,0.116332614735392,0.138760329746541,0.152731949853513,0.216195120640278,0.180906596945631,0.183285346850336,0.139041844164608,0.179703531686857,0.00462096343356046,0.109432320077121,0.0941373057467783,0.0258331041237772,0.00179799171425694,0.0570069850374998,0.0516969502575005,0.0037006599815817,0.0262583160952734,0.263587370102989,0.198379390991827
"4",0.107802794221,0.00695708273083697,0.0859861784341754,1,0.193774001960242,0.261412888328987,0.103621409682569,0.052205912593377,0.00880888495040356,0.032858340740562,0.233374480516869,0.149656125490986,0.195622327677795,0.217840726426628,0.0399858417951257,0.0281799765015227,0.335482775073663,0.334008820247076,0.267339992828337,0.227486424250245,0.213793611708187,0.194376521728389,0.286043104463998,0.246960195986367,0.17721595091338,0.0286824354943697,0.16981735489346,0.248890484101081,0.21445862551936,0.203457507108896,0.234992342621141,0.235847746001642,0.228297526689349,0.267684028029483,0.235146812135306,0.0102918134802469,0.0238602726375607,0.249387900312966,0.0282267805531732,0.173337953844689,0.189197258140323,0.206759607116856,0.25873012342916,0.293528680490139,0.140062737671974,0.14453731745517,0.203241073785833,0.0815968518334317,0.127039202533729,0.250056982859412,0.269422276380149,0.0410428122539728,0.0693009684851984,0.220162362700831,0.108496992402666,0.21015391049429,0.168965650514629,0.310500174726192,0.357866613484268,0.29808583227825,0.261942906161254,0.329978689160965,0.274382273753196,0.132920675474747,0.16277986429063,0.177304835165561,0.0836040456045587,0.229695331942529,0.0572059872756198,0.250571624334571,0.00460418581067864,0.078494429877485,0.102984791754812,0.0987427072402987,0.158292918993255,0.0263519432067787,0.0255889006371321,0.213885062376194,0.280352113786144,0.0776028053582847,0.154902524288044,0.25533929440161
"5",0.149226635736021,0.0183368098440992,0.140459538694061,0.193774001960242,1,0.393880443344608,0.292473837237868,0.130467553126818,0.00620860199919693,0.00199281073106365,0.527866558303253,0.449735501283399,0.473972634666519,0.469829693046385,0.217892259706686,0.109633552139082,0.553601691485736,0.559448696113118,0.316054718692743,0.463219866597526,0.52152562362266,0.510680092359555,0.576307317409911,0.469213750885827,0.424173834030241,0.0618149291645772,0.273856590301473,0.491051974262041,0.370543346270391,0.533776874594532,0.502661761598647,0.45787222003378,0.535006342377299,0.564094840984587,0.493157409251457,0.116533484380829,0.275079751486479,0.4607306490546,0.173164368227453,0.524752122720847,0.296073206968787,0.429737804049017,0.307687325416897,0.499514859025906,0.158640077735286,0.297350457893598,0.290856474908239,0.346586623383475,0.0500479056481041,0.62812764532865,0.570759075588406,0.0313749373653817,0.478726320708087,0.30504673757987,0.296873065979862,0.390547253657743,0.548594865710306,0.507814496952424,0.635503101305957,0.52769829406256,0.6293877154226,0.638801550086692,0.601438038687443,0.405930338983468,0.453934555347762,0.498457138015834,0.348325633850293,0.444140171648079,0.0772031458967222,0.525031825516114,0.0684485075564652,0.536863576197582,0.460908919936776,0.210485384813953,0.338362381517741,0.00639614167362838,0.0252361032139601,0.365690140061409,0.408267868700255,0.300830953143656,0.304558786922413,0.588624805550001
"6",0.141817771671689,0.0495617668481579,0.153448841135425,0.261412888328987,0.393880443344608,1,0.379797178914376,0.0671109277502113,0.0978780595362879,0.251089299869279,0.425863196059598,0.379269589854319,0.267187364208389,0.430942141034398,0.206829852254188,0.00257540753747137,0.469560975585884,0.619807922525764,0.331006958644048,0.488013195540884,0.413202839566391,0.462226975906507,0.497931793065623,0.453510418842417,0.379184341023459,0.176568351601789,0.419253349552161,0.548483014902693,0.464244795707565,0.485337259364978,0.486210983144936,0.452874915554738,0.467793600005372,0.402893827411659,0.39349148898733,0.1314796119963,0.137308086850479,0.395893938471814,0.0263862393725342,0.335580479164748,0.195499079401108,0.355266421520335,0.231673394543309,0.430530127230683,0.357931019252585,0.149510843602072,0.393426116432224,0.148982430108182,0.0321449532935983,0.509786036631962,0.400722440356392,0.128634973767263,0.245814930247339,0.305327808087672,0.324337078951923,0.451063987115114,0.501955432152746,0.599708379161695,0.492584018457686,0.489331606798828,0.50193964673932,0.521335966814631,0.45875476221336,0.361208059735526,0.395907168234012,0.296986854307237,0.275651927494883,0.339616328233249,0.124643915823943,0.402229634558506,0.088786053401379,0.28978177985073,0.368404153852248,0.082134434245563,0.180758229558287,0.169003855017425,0.00720548920975265,0.184400840587,0.327311831087666,0.183158266617773,0.228771918543214,0.428896649130488
"7",0.169553968644885,0.187143986213242,0.086398557658986,0.103621409682569,0.292473837237868,0.379797178914376,1,0.081612075744007,0.382774073296541,0.311240839862438,0.332291536581768,0.343907350270898,0.186674779189046,0.448931467431643,0.12840308447641,0.0108897541760192,0.379000029531206,0.451300523897977,0.467261540798386,0.406935570367533,0.499581545189189,0.470682799851677,0.492755797672988,0.327742657144589,0.449254319481428,0.362673755187335,0.589267337686866,0.403970027095227,0.453946833523907,0.459425121163844,0.522823395058324,0.296415555655296,0.5426843805576,0.276491654642588,0.443489780242127,0.125074118455669,0.224927570949332,0.316614712181625,0.240561948104279,0.4244645732918,0.189222139595629,0.456696872072706,0.201764880108485,0.339471520484159,0.312106489951259,0.280576811502781,0.328491886180183,0.341596881157108,0.0469031046634553,0.508383161880962,0.306461370374994,0.0100130760293465,0.387090929764825,0.208639428506685,0.417771322381021,0.283972240827444,0.550639838736674,0.379960929787379,0.361509309992713,0.372649177434208,0.530127442512844,0.442542783658484,0.464782333149058,0.35401673725136,0.391916023680499,0.261766665127263,0.176067739955456,0.324026425835195,0.0293210290417177,0.452113993913686,0.242442091640005,0.263074979376314,0.618105822955019,0.254093200228439,0.340251965527697,0.172498950943473,0.205976582094956,0.28408801756993,0.406026125140072,0.194346475278223,0.0265464853805323,0.286117947666019
"8",0.102776349397506,0.0680086989440076,0.128186632198735,0.052205912593377,0.130467553126818,0.0671109277502113,0.081612075744007,1,0.192194347282442,0.153840584356988,0.0158557322850567,0.0947726444160382,0.0862408333466894,0.0386682242107889,0.211266790067112,0.105528606702788,0.231156100939524,0.0278557492261443,0.0187517316223551,0.033214523772141,0.192550772777165,0.0935074994028698,0.0937948754492053,0.091905298137379,0.116671917313522,0.155369126295881,0.192595472056468,0.025497506514114,0.0827656597602863,0.170752267727161,0.228458371699067,0.103018482679975,0.121345443869549,0.129825248759807,0.189503583323016,0.197670115178696,0.135732840839654,0.0716682709979982,0.0342504254240835,0.19445652671345,0.0957342194937098,0.368806165733645,0.0867412692596203,0.156611842833674,0.000813488447513088,0.0241120673392092,0.181811772360122,0.223232249870011,0.0607019944996274,0.118247375558801,0.0658857883214543,0.262354879850595,0.233981246149585,0.0184601636352763,0.130207915184006,0.0635732523642742,0.0316606646475628,0.0392070069279476,0.0568058136266565,0.0468035141706349,0.26519567037804,0.0837793362940637,0.0967047350170284,0.00201609243980436,0.192366070819769,0.0270715079521974,0.145482416549947,0.243719576178336,0.275523583802395,0.361082160896632,0.355792364161568,0.280953747546599,0.239893495808226,0.245034272074386,0.353470521031143,0.0594006667583219,0.249841421561606,0.41437558505929,0.327703617543903,0.0707711017740108,0.165065048820364,0.259644499128947
"9",0.0517234318790464,0.149674212785255,0.0881605768946072,0.00880888495040356,0.00620860199919693,0.0978780595362879,0.382774073296541,0.192194347282442,1,0.0797364217051127,0.0410496863791157,0.106036949735189,0.0285192259121389,0.294398284680096,0.0432147730729517,0.0340306113936724,0.0168062977308475,0.0657875704427072,0.364774401282037,0.130423072552407,0.14531518707112,0.120055068275592,0.121669730036197,0.0143962428788056,0.107478831192467,0.377898769030904,0.214034038423483,0.13259423270133,0.258298872395312,0.146497581525198,0.151547749495918,0.0553823438517086,0.166306427860195,0.0749762039493606,0.0787927150074061,0.00716615172508443,0.108910450246231,0.0767765180862975,0.205235487402676,0.141115255320962,0.0304429106746756,0.132622813390888,0.00643349485665943,0.0254067394309821,0.0749550486209156,0.171329144943091,0.00663105048029303,0.13194137016611,0.0127090588864566,0.119874164039427,0.148200432050403,0.0399055515593124,0.0537373558179172,0.0623125980850249,0.245487379779963,0.0422972939224907,0.276096391081715,0.134771680140403,0.0412933832299049,0.0148976542809767,0.109312989053975,0.0463336214019752,0.0954116581473915,0.0683148081066071,0.0930981765899101,0.0624092918795568,0.0303254827938904,0.132071508094256,0.131116784974781,0.000926291686940607,0.116443284223464,0.123410201138414,0.264759513234284,0.035230227105219,0.0907365055099001,0.279290137217686,0.0262128900197012,0.0319987808314243,0.0547167628662833,0.00964229544090709,0.0494777592810678,0.143535618106854
"10",0.0729226843747443,0.0261327697954808,0.143325178124739,0.032858340740562,0.00199281073106365,0.251089299869279,0.311240839862438,0.153840584356988,0.0797364217051127,1,0.21489308311136,0.233052412106605,0.0401246020836563,0.151017054064921,0.304284261798103,0.0861295437350014,0.0773449047736178,0.325058649085614,0.0886779648944343,0.247174631594035,0.073137305196289,0.182095275792541,0.266581266750017,0.14594411612255,0.0553024616809999,0.192364850830783,0.206263702556205,0.319948857811378,0.337925505791649,0.169126787377427,0.109572114193971,0.380292400047456,0.213106892674426,0.111817811683622,0.071391771528479,0.0177542119947252,0.125470814223387,0.0349103428350161,0.058262199961949,0.0809024280104095,0.0254821814589688,0.0363553632519323,0.100468269906743,0.131494616867732,0.328781650530232,0.0916793991650309,0.145798720670176,0.0988358197212733,0.0387819721308701,0.218051402732468,0.0471227365019708,0.24126322621447,0.101756841361318,0.10324467000225,0.177087259938236,0.179211305864465,0.230674328768196,0.324334751406818,0.114214971227715,0.255549870557712,0.109694461609999,0.216794878388594,0.141678704744105,0.170741361968093,0.137780325008074,0.108467855053732,0.276453829831821,0.0664673686109189,0.2359026765793,0.0844680430441498,0.213784958496968,0.0115798768052313,0.147470570439391,0.0291264023397276,0.0703872058025123,0.0593487967542865,0.0562053977842768,0.0580427548789561,0.0218652085364988,0.0398593008725168,0.204118749396409,0.05077004850577
"11",0.251884949174649,0.00490059317208426,0.279803630621952,0.233374480516869,0.527866558303253,0.425863196059598,0.332291536581768,0.0158557322850567,0.0410496863791157,0.21489308311136,1,0.533264950718803,0.441723325082199,0.476728891807399,0.347371313937259,0.123549941429197,0.615509191912345,0.678614829436442,0.444028702659635,0.656248780538254,0.544056642107831,0.613344141407053,0.656447103227369,0.564323820348612,0.476894345691259,0.171924998011339,0.370027159741523,0.659916481441311,0.5447077498922,0.545491773409618,0.557341362556908,0.624043856543908,0.653860674134041,0.628465026194743,0.494298797220928,0.0892807264039585,0.2452549900953,0.470621975650868,0.127293253004345,0.525779080799359,0.335428857924948,0.378320117339896,0.361006611156212,0.587345510061395,0.320561961347804,0.32107888062952,0.334791296215944,0.167251146624811,0.100958608104051,0.694002347463138,0.622794453143786,0.0579346012203585,0.379976327578287,0.362185113539177,0.416332792037532,0.597743742547521,0.573482247442028,0.696689392263656,0.666164152390754,0.699603226686708,0.614548534871924,0.712162787588548,0.661259316587915,0.415578756946501,0.543111768720355,0.440170119367746,0.438852373036783,0.520167586772256,0.0455326040153373,0.596238726162265,0.100264795570151,0.427223355320564,0.344440332575991,0.205446020319682,0.292138825409935,0.141538894441352,0.0759547980995511,0.302615213953447,0.427197513565653,0.204768798347085,0.418629929022653,0.613031906257613
"12",0.258202227824357,0.00351286774777927,0.203742119946484,0.149656125490986,0.449735501283399,0.379269589854319,0.343907350270898,0.0947726444160382,0.106036949735189,0.233052412106605,0.533264950718803,1,0.366982074571387,0.441557568683742,0.280793638358771,0.0660833178094884,0.503269260797433,0.628276367158784,0.375747191394784,0.498030248435418,0.505250167866326,0.552848262030296,0.569798545983108,0.493049764445984,0.414129965103042,0.233577126929541,0.34946141334635,0.526897787622674,0.500007267242614,0.530794171570316,0.502418786666707,0.521013209938909,0.556976057852831,0.469324524286888,0.394962209927865,0.0847490753886229,0.213877345261843,0.333818687040539,0.0932642333351667,0.461633628080877,0.255810327069823,0.316456624045091,0.228634265692838,0.406722010506911,0.249991994285677,0.25410053412888,0.275448188557144,0.17610711120731,0.0139568056918559,0.548152961626962,0.530601339302361,0.163787264129097,0.378393365720593,0.329706335029585,0.354228773847974,0.431697232041487,0.524544194108123,0.596397800163044,0.571036031741761,0.57647714529014,0.531205435369359,0.57562160919374,0.54740146149142,0.471849271975363,0.447921711299535,0.408541107690578,0.454500137577633,0.351638564292397,0.124838311567221,0.445155071448515,0.0982513319252966,0.349259177023284,0.356508634461358,0.0982159827647811,0.250987094172576,0.114832911955045,0.00671537847217008,0.2103820121024,0.294892916682985,0.178581103867048,0.293831547376822,0.435562834660167
"13",0.234652874062437,0.0404097829892179,0.208943692427234,0.195622327677795,0.473972634666519,0.267187364208389,0.186674779189046,0.0862408333466894,0.0285192259121389,0.0401246020836563,0.441723325082199,0.366982074571387,1,0.385117270069666,0.270743718371415,0.213579656394917,0.54756505872912,0.435153432191542,0.353544777686209,0.387099614155371,0.521939979821252,0.42803432274819,0.554080233413475,0.353026711790425,0.440268753435047,0.0786415919455662,0.148024040899604,0.442118864361926,0.314057603361716,0.482209911625249,0.471639074987151,0.374941266816525,0.590815143605085,0.420586828387228,0.464607602134671,0.196197643156726,0.138321797618124,0.414652331699587,0.289471203117869,0.492934545426759,0.340601709821944,0.429978877047563,0.334456621163503,0.430887396432201,0.0982676290139196,0.323395513598222,0.225327785103186,0.263549747948649,0.0455712288139125,0.512696015135431,0.582564018566187,0.192788844036303,0.387957455877601,0.252994026640523,0.284582023277881,0.407017553083643,0.467382207552005,0.464486965198084,0.599315574290001,0.409480407360353,0.599412961962599,0.559366212295063,0.607515139676369,0.287966124899934,0.487743671825357,0.324884733307012,0.326915653679388,0.456740114986839,0.0340418194626685,0.524212988981885,0.0618463755043475,0.439198879801491,0.346760414286286,0.216636617749196,0.356363468389838,0.00338308390640217,0.158728131050067,0.344836747340074,0.363301499748768,0.221248950669584,0.318376007719187,0.572428432115929
"14",0.253100235151239,0.134901943849663,0.235669177604544,0.217840726426628,0.469829693046385,0.430942141034398,0.448931467431643,0.0386682242107889,0.294398284680096,0.151017054064921,0.476728891807399,0.441557568683742,0.385117270069666,1,0.21921782927002,0.0894041100323895,0.524623257624147,0.584113130636624,0.50444963548232,0.53496742902101,0.552646742279302,0.542508808298242,0.577009145127472,0.429414926625892,0.449099004350837,0.228004192566617,0.434963187922936,0.540707207020536,0.586847139394222,0.590912393357157,0.568034846164044,0.43223777403576,0.55754960841704,0.407637945863533,0.424902124504058,0.066871332673567,0.137266631237967,0.39007916967816,0.19852012321266,0.455326490281473,0.271363829309442,0.433374103134324,0.234292191282215,0.519581264514336,0.352060639476101,0.383661388824181,0.31047300359202,0.266399862158511,0.0343496367429962,0.596815843388042,0.54339954887187,0.00718882357938499,0.388831815619158,0.306916491754937,0.374979749163064,0.376654013306094,0.545902793600918,0.520655390902984,0.596942540600308,0.504117246398536,0.564082845424448,0.587191066450826,0.588469980834838,0.398936130528707,0.467535280957286,0.41919789278102,0.285170694012996,0.431431524360125,0.130642149573813,0.432078904608789,0.0215971303617131,0.266793920108948,0.513996952823597,0.19209654436408,0.314826104510591,0.107510821022625,0.0519641804861931,0.330601362926135,0.330709889984514,0.231474135707424,0.245667028629364,0.429881455592799
"15",0.19175728762999,0.0545001667785786,0.244362936214968,0.0399858417951257,0.217892259706686,0.206829852254188,0.12840308447641,0.211266790067112,0.0432147730729517,0.304284261798103,0.347371313937259,0.280793638358771,0.270743718371415,0.21921782927002,1,0.364315492540997,0.164170514924637,0.366844822971461,0.0711399276840045,0.272659112899722,0.19065021779544,0.249793282827703,0.377320976322171,0.27359486974299,0.0194759463250264,0.0608876255085219,0.0146615554111907,0.332887374800615,0.257409402491638,0.133556870602813,0.0556816546225221,0.515028777498562,0.308239815570183,0.32651273805237,0.17299265412342,0.0403314785493421,0.143525136207764,0.0931424072434202,0.0467018670993781,0.136474459339292,0.110281858829411,0.142353839024248,0.132308419316005,0.156974403730012,0.209968725767614,0.197541330093846,0.00376336799977009,0.0264968350052851,0.0323947591538295,0.359073230553325,0.21616218191091,0.232862210860768,0.0362706880650763,0.0950220110468432,0.131040426318736,0.232415299801048,0.255656885808296,0.334631781098367,0.28884090375638,0.332004480586436,0.217046814249497,0.401730905051326,0.297730879173233,0.174480998415251,0.139358079360436,0.150116834070043,0.493506674480208,0.199788629482736,0.350065663675061,0.139482319929466,0.244646463889859,0.245336817979401,0.141762391591961,0.0553848521850579,0.129027249611532,0.0521290158435106,0.0359749112324164,0.046669629720705,0.0776313591828545,0.108678139627565,0.417264536219671,0.27718888778999
"16",0.0195717376554899,0.116830286983253,0.131249024890682,0.0281799765015227,0.109633552139082,0.00257540753747137,0.0108897541760192,0.105528606702788,0.0340306113936724,0.0861295437350014,0.123549941429197,0.0660833178094884,0.213579656394917,0.0894041100323895,0.364315492540997,1,0.0443764359887389,0.101751956846407,0.0205210231313857,0.0796424078427103,0.0244003239489907,0.0278173154584903,0.191270520134079,0.00266204954342333,0.126865498027989,0.035267224053227,0.138600024924397,0.155940681366687,0.022221389156001,0.0778622952489139,0.166660112144779,0.279187218679129,0.0863960331653765,0.125583840380429,0.0618320887732695,0.0686549851002988,0.0180588136553149,0.0589902756879253,0.218015072760128,0.0240174653822438,0.103761794343887,0.202176971068759,0.153381458414387,0.0118926502962655,0.0281980539993308,0.205085489513638,0.191087401290392,0.0577287226329608,0.0640433174319832,0.147925313090658,0.100015406110796,0.00981699598028283,0.237361919460501,0.0077443072608941,0.0351347898874644,0.0353844495682039,0.0983998620040411,0.081024405802291,0.109395693694003,0.0405753796004506,0.0318074223044542,0.168933671046558,0.0801626885846927,0.0115409352187747,0.020001407526671,0.0714825749493558,0.267308182949726,0.00388440062529351,0.30500660575772,0.0389638613505892,0.131802666327982,0.0398703502699218,0.0714994978629444,0.0885119324330974,0.195602047687545,0.190931495957531,0.0267873979239658,0.0742765842288969,0.136434723761927,0.0250044287760651,0.353343222905813,0.0731808552385164
"17",0.264128679822492,0.00936286103982972,0.173751437361351,0.335482775073663,0.553601691485736,0.469560975585884,0.379000029531206,0.231156100939524,0.0168062977308475,0.0773449047736178,0.615509191912345,0.503269260797433,0.54756505872912,0.524623257624147,0.164170514924637,0.0443764359887389,1,0.764276734762077,0.523307672476893,0.603268953950802,0.709852223804808,0.731792971298944,0.707099043131463,0.68568789474981,0.640499492888438,0.0612234978269748,0.545823893700719,0.632366704591269,0.579102278973663,0.76181682106728,0.804956230556231,0.500947545425537,0.711259443892698,0.675234332695794,0.619247220792498,0.169218697757834,0.264217091190621,0.588422100595927,0.143875949396482,0.641906300116357,0.431247093428733,0.677573449855409,0.351625190512216,0.677869892207643,0.371797183398974,0.330898514771889,0.467606573079014,0.350142045637353,0.117758878676547,0.72339221239992,0.646400437819751,0.0816102205266161,0.588476363203107,0.460523037965949,0.421835551498788,0.641473055244755,0.601934295279853,0.694261583562088,0.801028204241467,0.675888231851392,0.782384258353311,0.74262870762355,0.750675843459937,0.525541837351175,0.643322699058587,0.52874617920289,0.291087861456874,0.707186063462156,0.15454138405597,0.760734163244267,0.120826419504523,0.516332712946216,0.491864108350208,0.308283225355324,0.580502743935492,0.144781395209131,0.142905050573989,0.566730062547709,0.668470165264049,0.280315670728576,0.232318707952096,0.732257548063635
"18",0.270337107377889,0.0154222008719541,0.286632051047658,0.334008820247076,0.559448696113118,0.619807922525764,0.451300523897977,0.0278557492261443,0.0657875704427072,0.325058649085614,0.678614829436442,0.628276367158784,0.435153432191542,0.584113130636624,0.366844822971461,0.101751956846407,0.764276734762077,1,0.465883999349476,0.708424742193838,0.636326187748809,0.742024095815112,0.762779370686283,0.72483898620918,0.518745733328528,0.20798264778873,0.557776294818126,0.774941850358897,0.720026633433414,0.740203930689613,0.678421015465363,0.744130495582707,0.701301717103082,0.693274093045544,0.550943158206745,0.0918905966567609,0.264543669511745,0.505324599634749,0.0532407100122284,0.548686234797793,0.335775699817043,0.442020445239207,0.328761902167806,0.627926494066922,0.497815272305853,0.355690278061194,0.436000328337088,0.217493033045977,0.0760673720815508,0.774800953901064,0.604876258184128,0.182964187414181,0.371010783291498,0.459095979720167,0.432291137752726,0.617378296787183,0.66814925875287,0.793722726122303,0.760841281965777,0.769017979650807,0.710579029737317,0.811659344625636,0.700622035260576,0.642549528221846,0.582869703198213,0.561876783220177,0.510902782301395,0.599073939622144,0.142758502203145,0.632958032910182,0.0745030763005511,0.458292260364555,0.511814669977174,0.220857551273901,0.328290967496796,0.155991064019182,0.0254692048821082,0.357588481403294,0.469817240626221,0.21386432122935,0.423781679117611,0.62709330417012
"19",0.226657872934557,0.1531567955147,0.328430905104026,0.267339992828337,0.316054718692743,0.331006958644048,0.467261540798386,0.0187517316223551,0.364774401282037,0.0886779648944343,0.444028702659635,0.375747191394784,0.353544777686209,0.50444963548232,0.0711399276840045,0.0205210231313857,0.523307672476893,0.465883999349476,1,0.546871250749771,0.573498033527364,0.52317948015322,0.512961720171104,0.377747964662214,0.508152080148158,0.289439219829345,0.506169326653379,0.438265351869667,0.502795118620382,0.545288866551072,0.636889046704733,0.251924517823063,0.55221381419342,0.415789684959175,0.425639753887937,0.0791904861185299,0.122380363394102,0.461323562246086,0.251347070831115,0.443827700810739,0.305572897755104,0.559411313960471,0.176160876179179,0.477950420099053,0.255254595744964,0.301148519651321,0.329548505260344,0.286703949039836,0.0476853113212191,0.512792543235711,0.561979376952984,0.16623466212131,0.414160101472649,0.37240542616495,0.398905155254109,0.455656239845478,0.530745738035773,0.544685146535114,0.545986389551429,0.518563549272688,0.553097299981637,0.513095816568546,0.575400444705471,0.302794719014183,0.486752797075731,0.380470070779317,0.109160493541957,0.429549165418292,0.140812289964634,0.499384636702843,0.140351057790365,0.206085273231079,0.39654206143583,0.216784858997616,0.431687073312711,0.0707327545691109,0.133147431148127,0.34050228514673,0.488298358600247,0.146602131927907,0.108882069591463,0.422249923755827
"20",0.258802292485533,0.0738912348731517,0.342613233947751,0.227486424250245,0.463219866597526,0.488013195540884,0.406935570367533,0.033214523772141,0.130423072552407,0.247174631594035,0.656248780538254,0.498030248435418,0.387099614155371,0.53496742902101,0.272659112899722,0.0796424078427103,0.603268953950802,0.708424742193838,0.546871250749771,1,0.619251272513148,0.638484931027533,0.650826224025693,0.56650530713414,0.459615717578066,0.187146722304408,0.480343213512244,0.692642187682054,0.592027081356997,0.572725503734092,0.603651994481868,0.589512753890121,0.655953219478397,0.601250007770773,0.435097363385691,0.154307351177532,0.247365408204243,0.550081107781489,0.125334111903051,0.496767685696365,0.369270171845863,0.434513052364568,0.300436848433533,0.611342299928807,0.399182267874557,0.286568023990699,0.432388879217007,0.212351918112334,0.111992490779041,0.680759100272677,0.580867831748359,0.0434970872902793,0.337182008780548,0.437019096863991,0.429801275494385,0.589861119046625,0.596728568724323,0.683350856765872,0.664759853899026,0.703387511261504,0.609285065126471,0.695747124491218,0.647959994046249,0.445033379106232,0.524112451483756,0.456730335883775,0.379292602349208,0.593843571020042,0.0316259199112809,0.619954594535659,0.103656894887319,0.397462321170628,0.428377866712227,0.243697729205042,0.287197249041717,0.0771883717591027,0.12522525053603,0.282597911204526,0.453073987658022,0.189587011625163,0.329275357189543,0.603402249416222
"21",0.295071639506284,0.106575451806633,0.257829095786227,0.213793611708187,0.52152562362266,0.413202839566391,0.499581545189189,0.192550772777165,0.14531518707112,0.073137305196289,0.544056642107831,0.505250167866326,0.521939979821252,0.552646742279302,0.19065021779544,0.0244003239489907,0.709852223804808,0.636326187748809,0.573498033527364,0.619251272513148,1,0.674760256388624,0.684010781921318,0.567183202541541,0.632400716722183,0.137442794917353,0.493707249624425,0.604465238901074,0.533894965235264,0.7124838360868,0.756648752819452,0.402649274836453,0.743848849492688,0.593592009551629,0.606905712159516,0.229747320450486,0.277176526265675,0.548961792753118,0.245240673704597,0.641800481477978,0.417187378147668,0.664797949830573,0.324208701511916,0.613760768215493,0.296361730291489,0.320086281073439,0.432287511366747,0.367406537721879,0.0347351932343551,0.73152781733319,0.597557265471576,0.163528084965391,0.602873171277577,0.364251832922051,0.49583734660207,0.517496295766173,0.664762877420057,0.614496411800603,0.695383301250026,0.58883644466061,0.77320365350301,0.680523603026483,0.745287438925152,0.484796810853715,0.636795161749553,0.458862435166551,0.305328517729784,0.584120363727393,0.0679668431456916,0.72825983659209,0.188942120424522,0.489296182815044,0.589236166644719,0.2996761593983,0.560089802428972,0.0449081436116756,0.210996820138825,0.497106860095468,0.596400394753019,0.254854461132122,0.244883919040294,0.64969836236622
"22",0.27979099381246,0.08273660919023,0.199903581845247,0.194376521728389,0.510680092359555,0.462226975906507,0.470682799851677,0.0935074994028698,0.120055068275592,0.182095275792541,0.613344141407053,0.552848262030296,0.42803432274819,0.542508808298242,0.249793282827703,0.0278173154584903,0.731792971298944,0.742024095815112,0.52317948015322,0.638484931027533,0.674760256388624,1,0.706837104775122,0.631161808021306,0.591447507596448,0.201313246062216,0.57227990210977,0.649308044988799,0.684901613120304,0.754940883379756,0.754118644729521,0.542478253700545,0.711191320772225,0.580812072468595,0.566996269266236,0.161718012695003,0.291792507385759,0.486626740627579,0.12422799890155,0.606772515965651,0.35918897045809,0.553964542749143,0.248139010808542,0.606516691854754,0.390538523460411,0.3562031372219,0.420395905320354,0.311772727785222,0.0194690238545577,0.726540903880456,0.571301484016198,0.0128199132660063,0.538967009887239,0.403591082294138,0.428246918534605,0.588527348451207,0.634078615995362,0.67313898511759,0.69369138541091,0.68776422974913,0.710392570432384,0.710869414633336,0.726211764350619,0.559751284484248,0.604283524026494,0.481737510889924,0.373442283095724,0.597888176281181,0.00325080192947926,0.682073432497871,0.0555398662665912,0.490876009846797,0.5280531384307,0.220696627810842,0.485678040340554,0.111619493456416,0.138642616788021,0.445133301962102,0.530391551028308,0.265622457801583,0.224724887753985,0.621057172468931
"23",0.328603825263009,0.0637747385137921,0.295364848770876,0.286043104463998,0.576307317409911,0.497931793065623,0.492755797672988,0.0937948754492053,0.121669730036197,0.266581266750017,0.656447103227369,0.569798545983108,0.554080233413475,0.577009145127472,0.377320976322171,0.191270520134079,0.707099043131463,0.762779370686283,0.512961720171104,0.650826224025693,0.684010781921318,0.706837104775122,1,0.637758638606247,0.535697506580134,0.162816480075714,0.476560752331361,0.712211025516311,0.638532724640146,0.683649429283569,0.674230222543048,0.68489552449054,0.766172759591855,0.656973067938014,0.616839232350331,0.131746532260228,0.277742258288019,0.50743204941762,0.177455722136165,0.578063300065274,0.387149983159708,0.486354728898423,0.348419206049246,0.630336687473259,0.381602314908064,0.388465365272373,0.359952754640638,0.313866544791916,0.0251430444587604,0.804802452997717,0.607367032625039,0.0085905014787888,0.404945747768524,0.370862747760939,0.486946141720794,0.571098992903704,0.699395909539454,0.736063299542856,0.756045774425908,0.705391561524205,0.769005753833703,0.804653436178204,0.757697268443436,0.513920312290365,0.61073131285308,0.511833995604235,0.474244392793317,0.595601689583889,0.148687281707115,0.672069091700257,0.0540740127583776,0.516116268580767,0.587882918338127,0.286519247409878,0.383269060385489,0.00866872378824419,0.148860834336468,0.436049899070676,0.520156255065242,0.234335047237276,0.400220724857682,0.67800583548175
"24",0.238690514273863,0.00945185653632965,0.155880733262041,0.246960195986367,0.469213750885827,0.453510418842417,0.327742657144589,0.091905298137379,0.0143962428788056,0.14594411612255,0.564323820348612,0.493049764445984,0.353026711790425,0.429414926625892,0.27359486974299,0.00266204954342333,0.68568789474981,0.72483898620918,0.377747964662214,0.56650530713414,0.567183202541541,0.631161808021306,0.637758638606247,1,0.49243684424585,0.0674216856993776,0.47892566685372,0.603238935618711,0.526594643084629,0.6055105016954,0.603498972694918,0.55167835806299,0.586842250579724,0.617341512907753,0.481876277139996,0.108917006150004,0.265334946575503,0.445382952663471,0.0320030022835875,0.483154586817399,0.27917688207553,0.396965720507553,0.298053470936638,0.579657048928282,0.409041383284814,0.248882099286794,0.386369081835929,0.264385364833558,0.0906417537877556,0.61538870867675,0.518713256671083,0.181703822182965,0.4283135357626,0.38860161435181,0.373107559839629,0.575477741296968,0.536133371685284,0.624102019266301,0.693083347816152,0.685336202376412,0.636467574974633,0.651213103974282,0.639969775680705,0.530788014565085,0.510930630735259,0.477364691593247,0.415206503330855,0.577252468863639,0.0318060690942051,0.602429081638483,0.0290967938338076,0.442836333393988,0.418813961773425,0.191931542533426,0.336913329726313,0.20143284233781,0.102889006470857,0.364890931486537,0.466497387057851,0.23731143946744,0.307160018334104,0.624840092978135
"25",0.211156716417935,0.0875105212119134,0.0866173042927082,0.17721595091338,0.424173834030241,0.379184341023459,0.449254319481428,0.116671917313522,0.107478831192467,0.0553024616809999,0.476894345691259,0.414129965103042,0.440268753435047,0.449099004350837,0.0194759463250264,0.126865498027989,0.640499492888438,0.518745733328528,0.508152080148158,0.459615717578066,0.632400716722183,0.591447507596448,0.535697506580134,0.49243684424585,1,0.204352935227656,0.495511390686297,0.473052460198072,0.43484890304418,0.612753234483197,0.718170492801847,0.287438065613604,0.643206936044232,0.432992603524479,0.53800572508552,0.200699474325543,0.218022400722903,0.494358190706892,0.176209470436871,0.587811406238351,0.318507247308902,0.659980642111924,0.22316692403555,0.527078809476031,0.245843184949398,0.191249542296668,0.440148581547859,0.334139204777983,0.0459123062264305,0.612134796623103,0.501813673922068,0.105834208989699,0.631190490929621,0.338964092619857,0.417727807689347,0.49709720990325,0.589078373448603,0.55628480448828,0.6126279320757,0.516100351419949,0.6834332484239,0.547440827653804,0.610238486918594,0.378299499018804,0.575318769884735,0.403166850077357,0.197614556350055,0.520437373861759,0.159053480638523,0.629372716493676,0.194679452850458,0.41728980642673,0.522730037341318,0.209559810358372,0.532469545438206,0.0470549756693534,0.0926646695183816,0.414703250247158,0.570714146290473,0.231615636141716,0.0282027776999059,0.560513134399736
"26",0.0592076581183877,0.144489851873132,0.0716356353651863,0.0286824354943697,0.0618149291645772,0.176568351601789,0.362673755187335,0.155369126295881,0.377898769030904,0.192364850830783,0.171924998011339,0.233577126929541,0.0786415919455662,0.228004192566617,0.0608876255085219,0.035267224053227,0.0612234978269748,0.20798264778873,0.289439219829345,0.187146722304408,0.137442794917353,0.201313246062216,0.162816480075714,0.0674216856993776,0.204352935227656,1,0.297493574470968,0.182753863689803,0.219425908020422,0.142942091803945,0.18175194472046,0.142328433831452,0.171478148205091,0.0397294937388042,0.115626172376182,0.0283989937090926,0.0219286865487052,0.10721218420737,0.173967686750665,0.164282739324442,0.0438126918461564,0.0607124098112215,0.0903586025643597,0.00441637802778283,0.0606019665789998,0.0553603395323269,0.129601224798914,0.0845394941242314,0.0303101624967439,0.185515224117945,0.106043459376936,0.221484063969439,0.125401432930393,0.0556827318192669,0.318429304529559,0.133493730452856,0.233043186896986,0.2231756502953,0.110121138356459,0.22077312612243,0.130810344167028,0.137819431738496,0.104200271261426,0.0378051782554217,0.0974736208534917,0.139404073937371,0.121136034515101,0.031183218869115,0.0258162119047141,0.0498371773332577,0.0165339552344124,0.00198904245467858,0.230504264072733,0.00597453611103628,0.116888838258794,0.0126610602073762,0.0883359524901548,0.013273386292707,0.0950904411207571,0.0231793560641122,0.0232841354568674,0.0427583566195805
