"","1","2","3","4","5","6","7","8","9","10","11","12","13","14","15","16","17","18","19","20","21","22","23","24","25","26","27","28","29","30","31","32","33","34","35","36","37","38","39","40","41","42","43","44","45","46","47","48","49","50","51","52","53","54","55","56","57","58","59","60","61","62","63","64","65","66","67","68","69","70","71","72","73","74","75","76","77","78","79","80","81","82"
"1",1,0.228204968153152,0.339411989285313,0.129673538851693,0.301218658192181,0.179647839951512,0.222361818267331,0.0500667357267396,0.0321879634057928,0.183784521317569,0.223322325302802,0.30647294932105,0.392707012187983,0.2453833405775,0.277852780825044,0.0967321880950829,0.169297204900367,0.311107693245183,0.275886195621631,0.342611045145847,0.256385393680389,0.352113123111407,0.39939003542636,0.0198434825434149,0.275510892706754,0.245504953932354,0.365652066948778,0.337749335571492,0.259520086685255,0.320350394079487,0.322197825660532,0.346519209277214,0.32220650996693,0.155808407696464,0.197769094949456,0.189564726828351,0.178109723939394,0.268788064603731,0.152503477066388,0.294805913137923,0.247072794400344,0.0635980177122007,0.00798992541938108,0.246536607474232,0.368636780574976,0.227256482415867,0.0857744330376575,0.031633444094715,0.343908408749101,0.380021460957379,0.0132963930241395,0.105970064903275,0.198075993401399,0.0201505423103978,0.0203648722523273,0.385437866126138,0.186219697356057,0.296564533017006,0.175588005677099,0.327119334281787,0.340086612168286,0.283088112040382,0.353056252337897,0.14424047865985,0.243656053213575,0.289833012600263,0.377679604340939,0.255986785670127,0.266473932927779,0.00525245258301486,0.317941490250643,0.267841095293384,0.201962883092146,0.213091406321832,0.165077750761543,0.137359565725619,0.27291600096893,0.0281323300845723,0.248544993019268,0.00290089431099849,0.318352551654968,0.10232011509186
"2",0.228204968153152,1,0.188326775175987,0.0012547896101016,0.226961409980996,0.0897333078598919,0.121782114295305,0.0575987914954079,0.100985201042471,0.0331696588085512,0.0925634499146619,0.157718606044665,0.170308421846517,0.198444578803666,0.0936724936480348,0.10833979698165,0.0614739894263869,0.0931049546864627,0.0170026167090035,0.204452078438017,0.137082048670737,0.198967899328092,0.193433670059342,0.0265968927101336,0.0989585012207839,0.0879544710603556,0.25087304113358,0.186633476924664,0.145671776494546,0.127537628348951,0.164469794261907,0.198490483169723,0.126963156324298,0.0605784986945852,0.106696922992121,0.153562761467784,0.0811110666593094,0.201250610888221,0.0135833901996047,0.158457385907148,0.0918402961707502,0.0216081556714547,0.0697435219879158,0.123180195860853,0.264709911798856,0.115908930057039,0.00914644972772837,0.00090787551268705,0.26923212701007,0.205491312244842,0.0109369689136975,0.0824797815797814,0.153060577157448,0.0352759665621873,0.0384491372156577,0.207109937191605,0.0979341312772107,0.16373119674407,0.0430086494228628,0.118795077544959,0.21494343673821,0.137959348421434,0.216776216814872,0.0607629283146989,0.162866497493306,0.165104886769611,0.210367580854377,0.13187213504773,0.112571214344696,0.0761638061769473,0.191187039819364,0.101288970427252,0.122482275267948,0.0414539987436678,0.0782706761252359,0.0209544824707626,0.113432463153471,0.149578625127186,0.18245475188167,0.0980498584557997,0.134876938575544,0.0121587867092415
"3",0.339411989285313,0.188326775175987,1,0.244102083266662,0.473835058339672,0.16093590135098,0.254963953322447,0.134179622122615,0.0633869425981145,0.238459573687256,0.483616650194035,0.577599451433822,0.616053750603051,0.309173106787292,0.516527988554894,0.000943613334602261,0.49414771959557,0.641103621702414,0.513586112257733,0.657010410415435,0.566025016130714,0.672848688134521,0.66685680077972,0.231603641538176,0.317709993007714,0.337080914140269,0.584318463602217,0.625555198620102,0.550533627894805,0.622763113419254,0.602112599258639,0.665999300520065,0.592833422392173,0.373243593465767,0.326277116041158,0.216070170868065,0.358307119208498,0.532956446341415,0.314876659675167,0.524717752866322,0.46048128086134,0.0914246213087362,0.0156974428005163,0.519086052717841,0.59502659930996,0.482207559005034,0.154079056487501,0.0698753716181758,0.46277883108973,0.673300644981567,0.25849340877892,0.230939264770299,0.335746323169581,0.226424218541204,0.101046281212912,0.64570145613819,0.355906960983829,0.574869629108726,0.41158269933368,0.605526321642852,0.653212565482345,0.568080688228519,0.626226882615207,0.320678119069631,0.570951354512139,0.542111285568445,0.662481438472774,0.500619258025929,0.448688038909522,0.208543368401452,0.497518633511549,0.548550859272606,0.343988039470367,0.371986585673876,0.400192850903465,0.31101810999005,0.340104692920569,0.0584957598009606,0.472997482864108,0.156368369804862,0.587465163231886,0.302251790932865
"4",0.129673538851693,0.0012547896101016,0.244102083266662,1,0.153932301781272,0.0141562310250788,0.144219338287049,0.0712334218930031,0.17150664899682,0.0688002563556375,0.314076412227964,0.287514531547832,0.255968423066201,0.13801003937779,0.278427873206422,0.0158429497884723,0.224810780699147,0.273382661220815,0.235085362518818,0.2799401478893,0.288611575567189,0.235786305669349,0.28115088435187,0.18333831371401,0.144157022503526,0.158139674932396,0.219671243890967,0.274928917242297,0.242331841289971,0.302366868673603,0.264851081334766,0.310171539977663,0.279834390080637,0.125508344767888,0.0897073353620694,0.146322811151717,0.158935990028853,0.166271532238933,0.144715776483169,0.241779177711283,0.156782551631155,0.0534237580253295,0.183608565709441,0.233755595958399,0.203647287547356,0.210158107849666,0.104992097969316,0.0367989291987024,0.171116229356747,0.22521839454219,0.166564640288115,0.03007796341493,0.198025182492309,0.109281517654038,0.115519356754719,0.192521131483395,0.156630203940839,0.23858615944865,0.156473647900607,0.2911854582513,0.237368611954674,0.285086886972621,0.27103822724045,0.184662905248197,0.223487239720525,0.287406586392273,0.284523309930276,0.228023540059209,0.23190295938653,0.164445368678353,0.178758682909846,0.237924688011892,0.21332439142975,0.213159206851873,0.0782179588961831,0.163277052440134,0.0635696762257021,0.128766334761588,0.192402597953271,0.0467992182111278,0.268852701173002,0.20257508435569
"5",0.301218658192181,0.226961409980996,0.473835058339672,0.153932301781272,1,0.0692294091568878,0.340344749104916,0.274722658647764,0.028062779769765,0.0467577648266249,0.381831270310152,0.47218165184059,0.532148608571268,0.354618757741363,0.355893659629999,0.0208352653287501,0.477749260358728,0.569876656230306,0.410101294345951,0.548388745773987,0.442799293112913,0.578887524427325,0.616803757122632,0.197324734492828,0.36079418939173,0.38063518688821,0.572525237063521,0.603553962117072,0.486021307609016,0.442528223758665,0.589064351164041,0.531152515903459,0.512981912482005,0.309000116180914,0.339634053445695,0.154683047641304,0.258072174709749,0.55299518441951,0.326246116974144,0.462757079612098,0.374749188360483,0.190999107466953,0.18462137604913,0.382323815336732,0.53896267543772,0.374401311371676,0.259667413939365,0.0756758330682486,0.368180641429048,0.652633611222383,0.254155130529112,0.177381117567983,0.272304681409307,0.310771511488078,0.124020034186018,0.589772252109699,0.41478463523073,0.555292268602717,0.418158518620834,0.53165864731814,0.574166614863203,0.532790789331548,0.601337793224568,0.336997141199868,0.507053713821408,0.473407851294045,0.486516230151168,0.419872974275577,0.419935256159395,0.148117546676117,0.397649055306984,0.504645615492197,0.334619152853668,0.209820443513721,0.298652049713206,0.256041080562495,0.289098450220685,0.177255799416885,0.338471310768899,0.00306709908681075,0.453968510506853,0.377823313273475
"6",0.179647839951512,0.0897333078598919,0.16093590135098,0.0141562310250788,0.0692294091568878,1,0.00614597427480953,0.174877674352879,0.0429469191321152,0.447661123687759,0.0963633834622543,0.0603772436353915,0.116207308217397,0.118489230032105,0.176699356978759,0.175731774649184,0.35341344436665,0.100448186647444,0.0158418333841134,0.144674294778283,0.00848684345129232,0.108503807739648,0.113024623526359,0.302154808780183,0.0320197851793546,0.0909220616438665,0.053163190174065,0.0664100067956715,0.0585054028057669,0.105881028194773,0.00807881847337973,0.0426062700140339,0.112347715793465,0.0554716878603508,0.0100591050245257,0.121931811555806,0.187890614282692,0.0215152824835871,0.030774812652461,0.112700116218685,0.0576629180163491,0.118813158108972,0.0338596213522203,0.0302226368437754,0.160699272441988,0.146477218289622,0.126787433246244,0.137376351823888,0.221185867590331,0.00164524575338291,0.25081398585668,0.151287124000091,0.0238802369079853,0.216165722816948,0.0541721314382805,0.140539807264927,0.21195168712301,0.0545450294075061,0.244954963129529,0.0267705433478943,0.0900727754658875,0.0263801447156851,0.0208178275387106,0.07342297469947,0.032498115765045,0.000894283777467972,0.197763878338066,0.0760930353974533,0.0860303522568834,0.143697177742762,0.11402586717384,0.14561158395034,0.0726010112247759,0.139369272877079,0.104511721107325,0.0889371038558108,0.152836127492539,0.390941076508619,0.0275977549030201,0.0713601962642004,0.146136086595836,0.294562354952813
"7",0.222361818267331,0.121782114295305,0.254963953322447,0.144219338287049,0.340344749104916,0.00614597427480953,1,0.0577597130439943,0.0435323496180189,0.0853510037510676,0.31297881993616,0.320096134110411,0.28073644945574,0.215072551016469,0.243342136344518,0.088625163372606,0.257288483016464,0.336591774720377,0.252231468786251,0.360217279769582,0.31438234327881,0.322452505754961,0.380686353702525,0.100261672916268,0.240837757843861,0.243975836554361,0.355005873031753,0.358647341741364,0.316607827016009,0.343223029931424,0.302380983873546,0.3745152270503,0.358695867340362,0.204297600771606,0.226069400140571,0.134940792003979,0.14075374909669,0.291213941726693,0.203261411922093,0.307166710334019,0.222380990226964,0.04677206320322,0.0114886689378222,0.293136344481553,0.349620800321693,0.223519799014873,0.151183933671908,0.0155769049405934,0.174749144022972,0.360103381691856,0.168018776268082,0.042754172658267,0.198387458900507,0.0761436307230712,0.0990950469434633,0.294617851213908,0.156721163488928,0.282712732089939,0.213422616086191,0.380136613925125,0.322845130924795,0.364149308395016,0.345234659289166,0.217370194381207,0.30266226763032,0.261255699923838,0.329114944127764,0.219484516907946,0.264831464755196,0.0518359294951732,0.327535453668736,0.298980513154774,0.215469870335624,0.184693885645295,0.197223695461554,0.199024178062191,0.174474029236338,0.116356203097915,0.193003781993559,0.0804737074709607,0.330612786444796,0.25335750436172
"8",0.0500667357267396,0.0575987914954079,0.134179622122615,0.0712334218930031,0.274722658647764,0.174877674352879,0.0577597130439943,1,0.0841340847161375,0.0509929340820633,0.109932762002603,0.0711120395636309,0.106453618219529,0.159746873554331,0.0596330888178168,0.0225995332803422,0.282572842003769,0.169827398717668,0.170006198558218,0.114153004450353,0.166937843199064,0.186969098896542,0.191197897758529,0.178710671055998,0.101328732473133,0.0836475034142149,0.161873792195972,0.23695417281455,0.171418632464303,0.0603753157616031,0.222261431368029,0.212295714088878,0.189731115464557,0.00468090769399014,0.253931389133754,0.0761024130765076,0.0880584200512936,0.266365531757486,0.0654842236932796,0.147655440629646,0.173912551990897,0.0372707635352853,0.18183034706535,0.0955856981925521,0.212114576328412,0.0328571941487764,0.123717942816237,0.118941619171119,0.0770951404870327,0.186237227157932,0.0586696401584876,0.0121950207305181,0.0585520657190452,0.11310492406756,0.133735028197001,0.13564625875074,0.17512219812808,0.177319447089422,0.236708253801679,0.133061034271398,0.223771493528539,0.171798355630716,0.254593704695545,0.292162869761748,0.148242542872157,0.206888475115219,0.119299499854231,0.134633107437261,0.055633826031075,0.0786394081466826,0.187704740445927,0.122967013910818,0.194245611987577,0.0812709252210679,0.0964383687017354,0.0521814516150935,0.0523382239750094,0.159790586745996,0.113820443503412,0.00898616410348894,0.144977356048356,0.129278535115132
"9",0.0321879634057928,0.100985201042471,0.0633869425981145,0.17150664899682,0.028062779769765,0.0429469191321152,0.0435323496180189,0.0841340847161375,1,0.0286203999739837,0.282521805835892,0.240669110492876,0.178532716564795,0.0962178995664052,0.202021858823275,0.032368847801484,0.217717830077887,0.258248719315743,0.230620288727239,0.164153605347134,0.212439481906984,0.163801860457796,0.151632425045331,0.233941582078168,0.0660315709987987,0.171498832587094,0.0753640147343732,0.152942377996005,0.234986086751577,0.320758624112315,0.198617719072596,0.155893939317108,0.202773484168124,0.11760180679479,0.0189465048281909,0.0202595094847793,0.181899698930475,0.0289938196987567,0.13532970290197,0.131224075685083,0.122741102273069,0.0302482485610894,0.244518486416495,0.230778744430993,0.0710539253278906,0.160180186428592,0.050270106440692,0.0228357722689598,0.0014082418982221,0.108265134401407,0.308266860040096,0.1019670197328,0.188435315128309,0.0949879547389893,0.110902485449856,0.0654321368639614,0.10805170776426,0.232470735196285,0.277935491849449,0.195259516272642,0.144921221296845,0.268891815112001,0.16042916123472,0.169481905650753,0.178164144856023,0.164589003744468,0.167003810666677,0.21953870980361,0.260532016678934,0.256363381890858,0.0392502336059257,0.149661189258421,0.129579730749489,0.109339629522184,0.0554019231765984,0.16821361278782,0.0769562087655488,0.111979778034237,0.00320629689154292,0.118539566282071,0.269237696452305,0.155196533923869
"10",0.183784521317569,0.0331696588085512,0.238459573687256,0.0688002563556375,0.0467577648266249,0.447661123687759,0.0853510037510676,0.0509929340820633,0.0286203999739837,1,0.255685031007403,0.171908815359345,0.268100307701654,0.0550240656739789,0.280723673988741,0.11474106233273,0.110163417746762,0.0972412581483757,0.11197113697342,0.299140738998944,0.0872298413659682,0.244720433422085,0.237735638929784,0.187961784936954,0.0465245811138483,0.122157283303647,0.102786787568555,0.250809898153713,0.111546575936717,0.218616771913203,0.224921207157765,0.179495547613863,0.227805705122129,0.0725746047019784,0.0936164016190309,0.100047867233335,0.286137227100895,0.11614746451989,0.105939882767729,0.230717936605924,0.20709500653542,0.0143446734433049,0.0168773919418319,0.144419952822815,0.282989960202347,0.224144004050732,0.0554465598157002,0.0825074180969769,0.25115024813522,0.161597846893267,0.115623317341905,0.0120969426396413,0.140785904753375,0.0357131575756021,0.0115516273644131,0.270565305266108,0.021589233534706,0.146733978989232,0.0744985962530618,0.155134260764119,0.281313739358972,0.161609841789464,0.173078602695684,0.007339641059097,0.213516090724141,0.115856569113345,0.334933900165915,0.168521787785663,0.217104550075559,0.0335866139814319,0.190371373952223,0.291599307572798,0.0406974710364218,0.257284683675788,0.131697274564654,0.0968421273543419,0.168746700437726,0.221575505552307,0.0729008895905426,0.137267270909554,0.282359570650683,0.0849292002973515
"11",0.223322325302802,0.0925634499146619,0.483616650194035,0.314076412227964,0.381831270310152,0.0963633834622543,0.31297881993616,0.109932762002603,0.282521805835892,0.255685031007403,1,0.640333298885092,0.616974322743965,0.175017200124064,0.615237773443862,0.0760454033263291,0.510803898149979,0.683994570546096,0.506162019231418,0.706153932182596,0.594072330009777,0.641645334277646,0.697684004866508,0.337275959822785,0.283033756320225,0.37540553489052,0.542756657799879,0.716044720240424,0.519673638980222,0.721913734974291,0.719437448013132,0.706767495233502,0.762230168521655,0.516618831372297,0.513375507662936,0.219936607593597,0.45715726118227,0.464226622969634,0.408771871276009,0.605831124722212,0.502410112440727,0.0829229925053561,0.0702662647804021,0.615642246730788,0.607794127104731,0.404185849662733,0.169019317630724,0.0359434161324668,0.440900535694116,0.660347399561668,0.500995205855709,0.0401490383251136,0.394630121818792,0.237969449607037,0.311355134975006,0.60971865578259,0.406846564572798,0.669908791985296,0.403541663858466,0.718933844111396,0.746931093918956,0.778170546605577,0.672385035632837,0.395430849766953,0.612888209779438,0.532101929224978,0.665894444581579,0.514469447986802,0.628417012121636,0.186500590138105,0.508958461988129,0.673089218977906,0.464001325490973,0.292679070865553,0.337751969439341,0.422620717076161,0.350098924620026,0.139823217999645,0.331230178217609,0.180754860920548,0.728039928979287,0.456115988931909
"12",0.30647294932105,0.157718606044665,0.577599451433822,0.287514531547832,0.47218165184059,0.0603772436353915,0.320096134110411,0.0711120395636309,0.240669110492876,0.171908815359345,0.640333298885092,1,0.690649462112703,0.350623495309983,0.608573699750057,0.00336749161114309,0.534830499918359,0.734296762054754,0.543630491262326,0.716421572854037,0.661226498925629,0.675380063138605,0.712847989022511,0.384660635513048,0.413844039462576,0.402282308840114,0.589001746563376,0.672979516164743,0.61692249640357,0.729126362304102,0.672070189620289,0.666808719912444,0.685793595647975,0.441166932486425,0.270675756932441,0.265273899014412,0.411780016634759,0.47914046411664,0.385507819300881,0.551619396902248,0.487224342565515,0.172912070818543,0.11356180145679,0.625656283788446,0.594520092562225,0.484108462256717,0.218039554698259,0.000154353555187418,0.491388733734567,0.703476782071099,0.464520648831755,0.222999701821877,0.403544627960849,0.234667091054827,0.135776407289806,0.672555069980857,0.419942510605575,0.639244152100029,0.478349752676798,0.727879435510153,0.665111586829715,0.715374345340359,0.675700820159577,0.331574643388788,0.632412365716269,0.513164439412969,0.661297432141361,0.559750658574181,0.590943104131617,0.296489836552624,0.419939818709597,0.628272075242853,0.427245945424169,0.336221230476885,0.295247330810303,0.351824909914821,0.34617026557112,0.0918851440286155,0.367075232716299,0.149495493430023,0.669959009641579,0.432888342218315
"13",0.392707012187983,0.170308421846517,0.616053750603051,0.255968423066201,0.532148608571268,0.116207308217397,0.28073644945574,0.106453618219529,0.178532716564795,0.268100307701654,0.616974322743965,0.690649462112703,1,0.377459970395187,0.674463333703119,0.0438792670804271,0.466008979750404,0.726689164425382,0.596265515455011,0.767478512875141,0.622554868836264,0.74934399140298,0.756997717831329,0.315544967478067,0.460182096619194,0.488535437100608,0.662601805991982,0.700232375099164,0.639565520935631,0.72942452530606,0.735087280269914,0.657598719506893,0.654142288589253,0.40899499208236,0.307070895838756,0.298687263855007,0.402497913343428,0.527785430503977,0.376807655507661,0.586054071888974,0.476841402401586,0.112223188427377,0.0468322558704086,0.568806280137879,0.637997942032354,0.533412018151798,0.205382310141969,0.0204173923322118,0.576878592231284,0.741988900138798,0.330407215782662,0.241711181789284,0.462607947530017,0.29679276838131,0.00696950652424403,0.735535150276911,0.377469023616773,0.693504341943644,0.504939474398069,0.739352563800165,0.684111555630503,0.716075019609588,0.713094666831351,0.314938716053674,0.673652500760176,0.55558577682032,0.753571571424228,0.619757608409455,0.625058384411645,0.236651402920395,0.493448563866382,0.668871344696093,0.444628424897658,0.376445977646162,0.354431165083379,0.368999630615553,0.39478835192237,0.00956212368156653,0.292686672541046,0.100126749654328,0.718577814536081,0.407132725045709
"14",0.2453833405775,0.198444578803666,0.309173106787292,0.13801003937779,0.354618757741363,0.118489230032105,0.215072551016469,0.159746873554331,0.0962178995664052,0.0550240656739789,0.175017200124064,0.350623495309983,0.377459970395187,1,0.27264200449145,0.0338532289370036,0.291579371735533,0.33674607659113,0.323288229935898,0.332134170411866,0.323797217518626,0.374386076134557,0.400139822271496,0.146876836719675,0.311184606914594,0.322376240501409,0.461718144934458,0.30856722738099,0.45908538807217,0.336124900498417,0.338657767519005,0.333124015068926,0.243966759949224,0.0712604177915002,0.107423093655114,0.217285178272284,0.10719869694518,0.311415211341501,0.131990122546721,0.190517849051553,0.160205912979146,0.0092202594495725,0.184064970115587,0.262470157542818,0.296306878198399,0.317774807027286,0.225348258905956,0.0029959008906615,0.245595248279505,0.369192807945333,0.221977264009391,0.262548336684938,0.283373309248714,0.157899775861985,0.0465304387008188,0.373284850874812,0.248335139433948,0.315278288979019,0.360864655511133,0.331393909823516,0.255250022822057,0.320448882326605,0.379012788776773,0.169425139760352,0.343136842634597,0.331090270420157,0.301946997407311,0.31979619572397,0.256214092798062,0.124522336542254,0.300758648035389,0.17062555057022,0.227943149101698,0.145698661021412,0.13352502854856,0.151947991694497,0.167326283797137,0.108480313510205,0.173124390552838,0.065980363294962,0.246015985891121,0.180435310929765
"15",0.277852780825044,0.0936724936480348,0.516527988554894,0.278427873206422,0.355893659629999,0.176699356978759,0.243342136344518,0.0596330888178168,0.202021858823275,0.280723673988741,0.615237773443862,0.608573699750057,0.674463333703119,0.27264200449145,1,0.117050629833715,0.357771410579148,0.600628118737356,0.542482574224043,0.67535020281647,0.521982055850093,0.623846390676975,0.634940110461651,0.257738203223247,0.369830600009319,0.465193435092203,0.530076632362558,0.625440043552426,0.554447680926077,0.654265015712076,0.615295104634709,0.561363144015563,0.608167782977057,0.309167703217544,0.237772787830267,0.293918994311849,0.428819810708799,0.447353313339168,0.336915955710283,0.533539156561616,0.442907322501605,0.0981533467747555,0.0680750428726992,0.496884434462933,0.578934179677348,0.510860622093824,0.182738280146098,0.047956233138223,0.430045320745374,0.611814632636068,0.291055296554752,0.14277650529902,0.397438428220271,0.220511623198011,0.00808056855015925,0.608609762225529,0.298748163272074,0.577703374043623,0.424099448772861,0.644733857264493,0.612248483022898,0.636132778638939,0.601964478249884,0.299026546707268,0.549476610012923,0.459289401827058,0.681174588467226,0.534301707539106,0.558319555210699,0.189987592692823,0.448212654214825,0.592713891645598,0.379073935293835,0.344751405962128,0.265351707977181,0.317391030121671,0.339880426860986,0.0125964639734846,0.279851898745576,0.181993965665198,0.624318571986647,0.360747983590466
"16",0.0967321880950829,0.10833979698165,0.000943613334602261,0.0158429497884723,0.0208352653287501,0.175731774649184,0.088625163372606,0.0225995332803422,0.032368847801484,0.11474106233273,0.0760454033263291,0.00336749161114309,0.0438792670804271,0.0338532289370036,0.117050629833715,1,0.112930742597409,0.113248501149095,0.0475313205148381,0.0596875718181011,0.039377028946918,0.00563905290939369,0.0461141559143189,0.191983113577815,0.0450387910673175,0.184700698914484,0.045023293066513,0.0486778621535294,0.0110164046846143,0.0344962117898993,0.050443651162497,0.0404180349946396,0.0454365287578132,0.074554282700434,0.0558746626333257,0.0653717234866333,0.0784679313099341,0.0208052192867989,0.00388045904979721,0.11385507154553,0.0463816811146535,0.0723590717281981,0.110656448718473,0.0119647238900456,0.10122926672322,0.0463110877549635,0.0673777615806219,0.00184657472656931,0.00743818341148198,0.0241375131032723,0.113905599524549,0.241451028422602,0.100148764224037,0.13793043062515,0.0102553492906501,0.0290583572771903,0.0809749577085943,0.0286604413537415,0.118241545202523,0.0225634105682601,0.0841904852636162,0.0757572994317175,0.0702754903697869,0.0232543148579674,0.0349077289748243,0.0862599212026778,0.0654980246818926,0.0376594100753859,0.0414415364345642,0.145161820503329,0.13079133268095,0.0169159831081245,0.0304503513527284,0.0277689700858054,0.0664755839973793,0.111719758975011,0.041693421701517,0.152135727132798,0.0905898682719464,0.00873218830587786,0.0309299280210288,0.0797757319513617
"17",0.169297204900367,0.0614739894263869,0.49414771959557,0.224810780699147,0.477749260358728,0.35341344436665,0.257288483016464,0.282572842003769,0.217717830077887,0.110163417746762,0.510803898149979,0.534830499918359,0.466008979750404,0.291579371735533,0.357771410579148,0.112930742597409,1,0.752983176234777,0.559539090813525,0.522077754727093,0.594867295986001,0.600724048052771,0.606398949511216,0.546208657976269,0.271106193250333,0.281181785170243,0.55304909655926,0.616290967790699,0.57143483994387,0.53415601730171,0.646203403902327,0.656741389837852,0.567408885645243,0.510972836755431,0.33130852168226,0.0391617653841551,0.261913238206938,0.513999736897039,0.363783114449196,0.459366406801762,0.472423154001394,0.237974694154199,0.057382486255832,0.502190214572991,0.483364857752959,0.352203033141457,0.26613781378809,0.0823631757477915,0.275209535736458,0.651128556963859,0.543096548024102,0.301886000816489,0.283814793576353,0.426412154725393,0.215780367845863,0.518199088835317,0.529739746667301,0.656851218394133,0.702278971108844,0.660340462806172,0.607549623825302,0.666334843419619,0.634101241899247,0.472163894899359,0.566559217479117,0.527083960615525,0.472787622211464,0.584942655229799,0.427329998154943,0.37865776651997,0.381665434146043,0.505808147151725,0.430093753003867,0.176149408990073,0.338444323561133,0.238011082136732,0.189294956494658,0.433330500053121,0.42339586941802,0.09682011209686,0.553249579831611,0.598413291845514
"18",0.311107693245183,0.0931049546864627,0.641103621702414,0.273382661220815,0.569876656230306,0.100448186647444,0.336591774720377,0.169827398717668,0.258248719315743,0.0972412581483757,0.683994570546096,0.734296762054754,0.726689164425382,0.33674607659113,0.600628118737356,0.113248501149095,0.752983176234777,1,0.681288560410171,0.76194479761402,0.737952461727731,0.77087443946227,0.799718599700757,0.543539185437782,0.411698861147888,0.380293912090947,0.692606869203346,0.747025411888034,0.705652849784715,0.760647546120572,0.784753734251683,0.759886532804517,0.768274177179805,0.574019790425343,0.374703496851117,0.169485308965503,0.393882699776597,0.595253091464102,0.46957001923531,0.61484518402396,0.564840088808636,0.218472226297851,0.0297220837302661,0.660991696092398,0.637477322415855,0.521480053141409,0.257000130550993,0.0205824574981014,0.492837492690606,0.815453210466291,0.56391889268785,0.28702245855319,0.394969225050114,0.437807523183926,0.153339779833974,0.734952598313949,0.525258170025832,0.749807077567718,0.64697843436638,0.827858878136203,0.745434463784752,0.822690543875688,0.763247400247663,0.453008958205514,0.731671114202958,0.610620161657321,0.745408919903787,0.648895709807929,0.618629031994264,0.345876441701214,0.483776671098722,0.704044283087521,0.530769901253405,0.346988628931137,0.439887858891705,0.402849613850774,0.378177452536464,0.290739592621961,0.480771087113555,0.142397633723373,0.747421512435398,0.612176365529092
"19",0.275886195621631,0.0170026167090035,0.513586112257733,0.235085362518818,0.410101294345951,0.0158418333841134,0.252231468786251,0.170006198558218,0.230620288727239,0.11197113697342,0.506162019231418,0.543630491262326,0.596265515455011,0.323288229935898,0.542482574224043,0.0475313205148381,0.559539090813525,0.681288560410171,1,0.638809949901207,0.544072914817951,0.635769177768231,0.667345913148231,0.252373242968686,0.430803640059804,0.427969221233432,0.548215738293,0.560215840461103,0.590361549474976,0.639249559504194,0.627554007897995,0.622851408381396,0.594695855307715,0.298275279571722,0.175425456288515,0.147204869965409,0.367296036298993,0.528126674160506,0.413652994692656,0.492919678280185,0.49818451136573,0.123686752865587,0.0105547545383809,0.529514048352984,0.523191369205869,0.479138552472672,0.234910752654453,0.0773305996545049,0.360684439860218,0.588669811514961,0.357782068734419,0.319228196085747,0.405914774780201,0.369977184393904,0.07056339543297,0.578339551317515,0.253067220684713,0.568564099522156,0.575588288019765,0.59722778276423,0.589088200900628,0.657210810362334,0.616681119625892,0.342490480116906,0.547929523365818,0.54266277997584,0.637777222041119,0.529919327847183,0.489876121414183,0.218877074926224,0.477437742784061,0.543173317156049,0.344290684375414,0.244464234770652,0.371155093803051,0.394444915433774,0.281027170861247,0.214634135166478,0.333825503613734,0.172624780994357,0.620805578890652,0.341490811466911
"20",0.342611045145847,0.204452078438017,0.657010410415435,0.2799401478893,0.548388745773987,0.144674294778283,0.360217279769582,0.114153004450353,0.164153605347134,0.299140738998944,0.706153932182596,0.716421572854037,0.767478512875141,0.332134170411866,0.67535020281647,0.0596875718181011,0.522077754727093,0.76194479761402,0.638809949901207,1,0.664954779787556,0.81116376025091,0.804927260222688,0.305754999963858,0.400039428455694,0.429556549904983,0.709603697831177,0.759844488286904,0.672166322383156,0.792680544829794,0.774436215609143,0.761081018715192,0.756246885572846,0.479627561081539,0.409746190714809,0.264691919068107,0.523297593528241,0.617895982912852,0.392419204131132,0.65917447077742,0.555003218048746,0.123700998716615,0.0206984013714813,0.635113147843919,0.728721030799266,0.530264520272314,0.195205937219666,0.0791669951934453,0.560095160206235,0.781571499917634,0.38852613729512,0.266570390403352,0.490745943493521,0.285077414268855,0.070246441828436,0.764459271456049,0.347497198623849,0.698792074289431,0.506974323209659,0.747471452537998,0.806350585206241,0.802766462320494,0.771573362059661,0.362636204331113,0.720100442134994,0.612900565984754,0.813491894576855,0.608537757176436,0.642020905011932,0.187416819657978,0.551764334969861,0.721104645144634,0.463857527621696,0.385077007057984,0.456291509039847,0.422937251036834,0.45402506367673,0.0776726514773568,0.41682149707447,0.179811217277988,0.771749313433561,0.426869759889632
"21",0.256385393680389,0.137082048670737,0.566025016130714,0.288611575567189,0.442799293112913,0.00848684345129232,0.31438234327881,0.166937843199064,0.212439481906984,0.0872298413659682,0.594072330009777,0.661226498925629,0.622554868836264,0.323797217518626,0.521982055850093,0.039377028946918,0.594867295986001,0.737952461727731,0.544072914817951,0.664954779787556,1,0.672480192602329,0.685492371255469,0.430613077620374,0.355527357754996,0.368061280295881,0.601541243870932,0.636362328475923,0.617170302036749,0.67635112733002,0.638887270871253,0.665689881687337,0.640758010657671,0.43349527308553,0.320983547990314,0.200283182480742,0.350861982188684,0.533089665115013,0.347849127568801,0.544763562191726,0.47267949816825,0.151400097314109,0.0258136804439275,0.604660876121307,0.563853571246122,0.459292144761492,0.231441862958899,0.0342883497218983,0.477832412139007,0.694289728208636,0.435348712417402,0.227550301505403,0.317806213943363,0.273228839073264,0.123641282965351,0.63106154719794,0.432223922525186,0.628352287129509,0.519100021092664,0.698490396388543,0.626633092069022,0.697156197274804,0.657845192211782,0.372424599315282,0.60073679835636,0.524912700519379,0.620448507736125,0.54249593737804,0.530156275125988,0.329925812616008,0.473714317103327,0.605210298696035,0.446576866879238,0.29636914186715,0.365803538118441,0.337563626090766,0.288464935940202,0.226171931209363,0.397456394449273,0.162008188491635,0.634912671614377,0.480118385036179
"22",0.352113123111407,0.198967899328092,0.672848688134521,0.235786305669349,0.578887524427325,0.108503807739648,0.322452505754961,0.186969098896542,0.163801860457796,0.244720433422085,0.641645334277646,0.675380063138605,0.74934399140298,0.374386076134557,0.623846390676975,0.00563905290939369,0.600724048052771,0.77087443946227,0.635769177768231,0.81116376025091,0.672480192602329,1,0.814849864788578,0.319650001841602,0.393203620001336,0.41366687631143,0.699740306312114,0.732592028243429,0.665308764516273,0.738949754933245,0.789546487614851,0.77414282123382,0.72632853480823,0.407040026835017,0.376963229908889,0.198646768531118,0.47219244794506,0.657275375837966,0.369684905631431,0.637541841551845,0.599483768041574,0.133691694368037,0.055879636293397,0.589637301663586,0.733417546904629,0.551466319558423,0.223493342793312,0.105667774070689,0.561386110550424,0.793822488535176,0.358231145925126,0.316389583805122,0.465850943251861,0.320687568719878,0.0722177702449153,0.774206151017964,0.419150446576338,0.735133058192781,0.573929212082225,0.720091616873662,0.787889712734987,0.757481159261285,0.773745939217548,0.428525842530725,0.73768152728563,0.615497876535335,0.784951572282268,0.68148456009393,0.607260585469381,0.255362543139798,0.533270778950799,0.70233975274066,0.450019692721013,0.370730567476215,0.478438261372625,0.357261955723208,0.351740016717373,0.10494106966932,0.41808233465616,0.185269253547822,0.738983234248013,0.407891347698089
"23",0.39939003542636,0.193433670059342,0.66685680077972,0.28115088435187,0.616803757122632,0.113024623526359,0.380686353702525,0.191197897758529,0.151632425045331,0.237735638929784,0.697684004866508,0.712847989022511,0.756997717831329,0.400139822271496,0.634940110461651,0.0461141559143189,0.606398949511216,0.799718599700757,0.667345913148231,0.804927260222688,0.685492371255469,0.814849864788578,1,0.30050282985157,0.485582722465167,0.467493050044986,0.709633047673284,0.798652612895174,0.687916263332133,0.776887648025121,0.806847464882993,0.780500471861776,0.770520226523416,0.470103103808802,0.423876978584443,0.256414630338552,0.447092450888085,0.663460264753203,0.461504102402208,0.672505031065838,0.595721699404384,0.157254624522966,0.00895106726268825,0.65511686643832,0.74059514908899,0.551324679899558,0.274428569652112,0.0675260793298902,0.584130435748473,0.83025605336762,0.416527462325312,0.190784588744825,0.456563019886696,0.332367352266747,0.127523145055687,0.795072462387539,0.435317115482161,0.730435699272354,0.5324972625923,0.786215550330981,0.787922861323872,0.802099228574688,0.807426445410058,0.465391717475889,0.728420168885894,0.657034697127815,0.777194610216904,0.621285499911778,0.656153509429093,0.225910540437147,0.590866864465002,0.711888603871739,0.458877221340084,0.358132476570095,0.413539429980733,0.42548445303788,0.41292592984051,0.165328455661811,0.436261598039199,0.142099754687028,0.764236044286316,0.452761009808512
"24",0.0198434825434149,0.0265968927101336,0.231603641538176,0.18333831371401,0.197324734492828,0.302154808780183,0.100261672916268,0.178710671055998,0.233941582078168,0.187961784936954,0.337275959822785,0.384660635513048,0.315544967478067,0.146876836719675,0.257738203223247,0.191983113577815,0.546208657976269,0.543539185437782,0.252373242968686,0.305754999963858,0.430613077620374,0.319650001841602,0.30050282985157,1,0.173975135726206,0.114046635627729,0.293054872986958,0.340581393766481,0.362012836436731,0.369163182792942,0.373697579600131,0.347094185334255,0.370013231289828,0.383195716189591,0.180189268431468,0.00966587509827405,0.149694106468912,0.275041134160816,0.170519546515466,0.218846526961236,0.247323990524187,0.190981974111768,0.0503140760841585,0.358143412525986,0.196987027532609,0.19877895399979,0.161191922784127,0.0267992922084592,0.151999993361869,0.387841151569959,0.489390797084477,0.234090615041307,0.139789507160425,0.24617401008475,0.132413352131318,0.286146250658302,0.365907286698476,0.379309854782101,0.499180085139667,0.451570873510136,0.322358374920184,0.452856211233267,0.324539938595095,0.327542659491079,0.355756356665692,0.241235517884235,0.26460830080242,0.318022486202101,0.284284159763581,0.285875116436245,0.162267737487998,0.299834791614019,0.378105348518803,0.0895063895745142,0.0823777809698714,0.0746679399499586,0.10535096733883,0.282334641307815,0.207624104882609,0.0421550650006249,0.368950072020874,0.51635764799729
"25",0.275510892706754,0.0989585012207839,0.317709993007714,0.144157022503526,0.36079418939173,0.0320197851793546,0.240837757843861,0.101328732473133,0.0660315709987987,0.0465245811138483,0.283033756320225,0.413844039462576,0.460182096619194,0.311184606914594,0.369830600009319,0.0450387910673175,0.271106193250333,0.411698861147888,0.430803640059804,0.400039428455694,0.355527357754996,0.393203620001336,0.485582722465167,0.173975135726206,1,0.410060523920065,0.32336345436807,0.419259050825426,0.443153492585187,0.451968564869012,0.373654214300337,0.356484156258578,0.384261669097477,0.13599394703094,0.0699194823116252,0.186342619733817,0.236981961642901,0.366470575779934,0.231070700842078,0.240858581491011,0.237140759450949,0.0235490470571656,0.03871091054408,0.297662045383537,0.301111902828681,0.375543824055574,0.171854100171842,0.00607076680804489,0.243123601664668,0.41935638321797,0.174907410202733,0.0891284881896552,0.309283944804617,0.163901483393285,0.0654413190624502,0.407574334305421,0.216164612667261,0.32986415833064,0.332882316446342,0.422273004898719,0.312792567820469,0.384555213744034,0.423185636166607,0.252925192025058,0.338771963590025,0.272357857069947,0.403919603527767,0.292251223312258,0.299502528023089,0.170493393053624,0.31401102723379,0.302310202610552,0.232358552981896,0.181319936499654,0.195983477557936,0.213800415833157,0.243939672097522,0.0250152848699036,0.155619417121636,0.0445933595504131,0.369831842554431,0.192808544702281
"26",0.245504953932354,0.0879544710603556,0.337080914140269,0.158139674932396,0.38063518688821,0.0909220616438665,0.243975836554361,0.0836475034142149,0.171498832587094,0.122157283303647,0.37540553489052,0.402282308840114,0.488535437100608,0.322376240501409,0.465193435092203,0.184700698914484,0.281181785170243,0.380293912090947,0.427969221233432,0.429556549904983,0.368061280295881,0.41366687631143,0.467493050044986,0.114046635627729,0.410060523920065,1,0.341179460577671,0.44351588470181,0.443609526196493,0.455416456203953,0.454850387517365,0.383781813296477,0.393754891926458,0.142690833132519,0.154943833516667,0.162665841700654,0.29414752158708,0.340879439103621,0.213869068741518,0.317509210630401,0.267014077155244,0.0463529920347696,0.0679160041681582,0.309131083706068,0.435067284334833,0.445111471179156,0.167439185992821,0.0337013208979637,0.269822694526794,0.397789324426438,0.136287799401126,0.0606654683952209,0.349119689936121,0.102003628883938,0.00748662985914796,0.408238911468215,0.254313536677516,0.470292161224665,0.395413394943699,0.44288966353647,0.382202448650298,0.451029279031587,0.436610968255853,0.279967441890307,0.344009807451024,0.402841431178459,0.456978213922463,0.371517092083302,0.421093687621583,0.159564809739903,0.353682768473937,0.397870184982209,0.212417570475137,0.211818521334769,0.0968653678239713,0.286109113592945,0.215795244313788,0.0169964132950896,0.13047365123453,0.11505403943742,0.385084641433356,0.225069437555751
