"","1","2","3","4","5","6","7","8","9","10","11","12","13","14","15","16","17","18","19","20","21","22","23","24","25","26","27","28","29","30","31","32","33","34","35","36","37","38","39","40","41","42","43","44","45","46","47","48","49","50","51","52","53","54","55","56","57","58","59","60","61","62","63","64","65","66","67","68","69","70","71","72","73","74","75","76","77","78","79","80","81","82"
"1",1,0.466688084626525,0.114572755036593,0.534070550644149,0.465778684046529,0.0670647961677179,0.248418547975624,0.437746492420052,0.268362384504655,0.509190032158502,0.117606736624004,0.0343244190381657,0.138903699289144,0.208890392868906,0.222306027701862,0.147292924774803,0.513924482780951,0.43976728721556,0.586082386931149,0.504690025512819,0.594411147162817,0.188426762009728,0.365776398340134,0.439254208212078,0.0883516603256495,0.0178079441734802,0.0263496390540936,0.227067479248979,0.413729728379968,0.0742733311379601,0.1935093710526,0.579232951843139,0.261476703382389,0.0360847179972132,0.0323631393033827,0.380418826014747,0.0868461948749371,0.563676311333083,0.61923155552578,0.267048038920156,0.39515697480713,0.29661887111527,0.263694428341925,0.564621242277328,0.463958197173252,0.053246472981427,0.120828635934958,0.314946392126182,0.416218474055204,0.0982122119983555,0.261269166843408,0.105347709064286,0.0682044609228642,0.399620845512206,0.55221146434539,0.191787472822547,0.545671964985715,0.225091104758489,0.369282396109399,0.35560175127767,0.208073258664678,0.594665249529341,0.495611132251696,0.379988996020246,0.448180339983539,0.500705496429062,0.240589707944787,0.539412781076382,0.085358279999226,0.102479679748697,0.0497989356930819,0.270813913376252,0.461513071635424,0.261755091538191,0.583775411106225,0.523125753207771,0.411050294931859,0.269974425282652,0.44493397993562,0.0684877522770759,0.459717084167328,0.52280621751969
"2",0.466688084626525,1,0.0782605409701359,0.434561317663584,0.41576681558591,0.0496004487637611,0.192325941770985,0.449037703035898,0.239362126944991,0.435112613075451,0.0969405952238415,0.0247125704366538,0.285186609015378,0.152480075676786,0.232399651378283,0.16289386868927,0.437802113552931,0.395532217349483,0.543172817910632,0.404293461543152,0.535907101646106,0.201375728621877,0.330506902547495,0.287659058722316,0.0152080600066414,0.0803613146999785,0.0245666352861863,0.170720895096294,0.31320669412683,0.10093918930883,0.133131322746861,0.474623617340969,0.278406699723645,0.00412550667599941,0.000860570169387137,0.345804993437568,0.10597717815425,0.487774273030274,0.564107033041421,0.27672508965219,0.2749412256833,0.365951378535161,0.257610394518967,0.485520356405972,0.3910510012099,0.0085874308963215,0.0810032243648407,0.363274714434065,0.334925428099024,0.0785207283106992,0.229337202264122,0.0386854828352149,0.0715443262833004,0.347596924137398,0.477863356064618,0.153764496581382,0.444018961535246,0.295749726334849,0.346365005757352,0.248238425361335,0.190416349489627,0.546592392682384,0.419864583795072,0.309786763628588,0.317414796595069,0.451633673702372,0.299752654638979,0.473922627948916,0.0783981718876225,0.150360557046529,0.0603841427538726,0.238236730979112,0.41094147076762,0.174710413822426,0.490397096516573,0.45209315422918,0.416279490346228,0.26506793413239,0.464338866283887,0.0631812705953581,0.465701338341079,0.455579694515873
"3",0.114572755036593,0.0782605409701359,1,0.166564059825263,0.0656100637860804,0.0130103014125048,0.297607063578279,0.0489241140890377,0.0841722151031336,0.0506831255456773,0.223463787823204,0.267868736624982,0.0477223575551562,0.315965992500826,0.200922500509593,0.0527733910273126,0.0226235915842811,0.0896635482900803,0.161434421416821,0.122203950896515,0.11786273737145,0.125246527880646,0.0707450081371554,0.320080147491223,0.127429010680245,0.0473506625577484,0.0829219220826448,0.115866828551698,0.0584399539325448,0.175830669137518,0.0191224166270064,0.19484375858741,0.0567068898586683,0.0412609684834051,0.133165619483841,0.151902034505305,0.0365248998690707,0.213392432047486,0.221725217843503,0.000654643120155672,0.0311083859704122,0.0909570725039853,0.166116148457705,0.129074944237316,0.205988629983215,0.192534862636397,0.23307679438692,0.166207638743399,0.171488871018052,0.194886423872028,0.147682362151513,0.0559687468662612,0.135051003429587,0.0561387355053833,0.320660000202121,0.0181691211179377,0.187370538065066,0.249681626086711,0.0812189602638577,0.0252434688138358,0.0645463830828117,0.0798933039188707,0.0714381965721256,0.111486466020316,0.273174723178568,0.106532123301283,0.0813871928393644,0.00861246738359563,0.0617155144668335,0.261059223123143,0.00681852341041247,0.0820116389500344,0.0671771005764139,0.188586261946278,0.19874312214451,0.31234783613959,0.230191545743552,0.0539604390367123,0.0318663703219648,0.0356933413919352,0.0460670752460748,0.0301524035920195
"4",0.534070550644149,0.434561317663584,0.166564059825263,1,0.43555484942482,0.27444489681328,0.341064688355664,0.467222800446039,0.31036484032779,0.449395947417306,0.0824904923227748,0.137441948849691,0.146745725460087,0.300710037339065,0.277511867283392,0.211890139290392,0.472528637205934,0.3437497339602,0.534057296199521,0.43825554702462,0.537030057060063,0.195114325673698,0.312864656456285,0.418842564511786,0.114134676217019,0.0651524611622261,0.083782283673498,0.238562184750618,0.354522397588651,0.023879248694606,0.141141269128605,0.533899073038384,0.272941749471207,0.072817659123056,0.14532353433685,0.368463112624086,0.172522463921748,0.524073948350444,0.643131929249424,0.205886109574025,0.332639747804189,0.249291677020456,0.278398557832869,0.510032159903502,0.39847228836429,0.0708670858322499,0.0819814753714829,0.391734188610392,0.44308985150565,0.0673882788534807,0.287096317998574,0.0605310903673263,0.207684398629994,0.451933295453866,0.522908096837311,0.189581377388136,0.440773125499589,0.17623812667267,0.26934852153829,0.375151751067397,0.146544120000492,0.546796656562289,0.420658952721846,0.303243886307825,0.386351444729964,0.50917764911571,0.286328429043289,0.534122261377057,0.0374086877033286,0.22844434860248,0.0549026976117687,0.192646585497204,0.312383425480614,0.332062621492968,0.552179866683855,0.498535136650441,0.452161266724395,0.205433932224802,0.419151199354665,0.0249817751426017,0.421936415782037,0.475152910615088
"5",0.465778684046529,0.41576681558591,0.0656100637860804,0.43555484942482,1,0.107612933744907,0.153255457078031,0.45241648735845,0.361054241973146,0.740691044395381,0.488931574542235,0.338791291139033,0.10104608948782,0.236811841316728,0.211260702511099,0.080172531238278,0.772725995539747,0.704225578509399,0.665840376173789,0.570200873651631,0.751703861522836,0.518849117837371,0.642333910168063,0.580397138215385,0.234886198421543,0.153474650451193,0.424235161408752,0.590806504513886,0.633452918090444,0.180202760121081,0.611352829321635,0.689027982212095,0.59958271654073,0.259753413334651,0.364813936014621,0.472103647002748,0.0489772630002214,0.445934837016682,0.611294886882505,0.512514651650014,0.590017398118812,0.38917584105515,0.202919622053503,0.743000088379518,0.598661048053146,0.159283659709977,0.341611942184355,0.339978347912019,0.492285470766501,0.410105454556036,0.299417792473425,0.331311529944244,0.183723316026938,0.552655358307293,0.536530548934562,0.389973328487233,0.75085346085878,0.0896797147617125,0.703583277465834,0.369712837847865,0.66953351128769,0.820046856919248,0.757151084703457,0.612655138534362,0.54585663275261,0.719553845419835,0.162582463653608,0.633160843529799,0.00670746186396728,0.484601364039244,0.170746953702262,0.41352222141431,0.703055732537047,0.0115825032212524,0.570160423710002,0.424266890624563,0.49654640473667,0.494538644082895,0.710971801483149,0.205363847611057,0.562870468013002,0.698795665751123
"6",0.0670647961677179,0.0496004487637611,0.0130103014125048,0.27444489681328,0.107612933744907,1,0.0458770976535416,0.186325520784397,0.106199827225412,0.0458545818933578,0.0594601455653966,0.0806494239719417,0.179410013429867,0.209493962142449,0.0817817732388145,0.0699647742906391,0.0998737743436825,0.0555618750377524,0.0460467448114385,0.216158229604579,0.00620344290636024,0.106736538917474,0.044318567322739,0.157401073177197,0.0273808126294571,0.114896255607742,0.238126621999629,0.186199113129615,0.110415378412994,0.148240128338239,0.0878349168327582,0.127885052163922,0.20247340979953,0.0575685126817402,0.200826144206885,0.0347628843478978,0.0922512067443948,0.197205482582443,0.0703339631224464,0.00763058264706878,0.0214653334801389,0.149991557913174,0.011211150201405,0.0153097724919059,0.0745415973043584,0.0577737279347443,0.062021955824117,0.0841299239713762,0.145888960020916,0.121936059750403,0.235737155145032,0.0244262133945917,0.3471336869206,0.167626100760268,0.0347392340737008,0.219110642097687,0.0293482814882739,0.228543047890423,0.00843700029839758,0.379110133499576,0.0208674355302905,0.0599336497065911,0.0307968966303756,0.0790152623195198,0.0224371057897801,0.132322715176662,0.0584640620111641,0.167986971250582,0.408606550100097,0.173140579783328,0.367703509892027,0.0276573326798549,0.0812337630428103,0.248181263890865,0.0251298876554413,0.0255810675591996,0.0894371397358063,0.210697185226705,0.0198891821803781,0.180056236484427,0.155747220165672,0.113075556179316
"7",0.248418547975624,0.192325941770985,0.297607063578279,0.341064688355664,0.153255457078031,0.0458770976535416,1,0.162916222783136,0.256108957198533,0.170452566444828,0.181616974317753,0.302685486606758,0.21253241758091,0.130540716273109,0.347068574617601,0.151870747428635,0.100056040908548,0.0574145186122673,0.198629677818733,0.0946875376993934,0.246820257041161,0.0681885499782021,0.0763466099327844,0.248936231903176,0.0433224189241581,0.0431973050859712,0.072194214224766,0.0659448456704532,0.0738040924306012,0.321010857785159,0.0632175290725841,0.17928257703313,0.0873628709486827,0.200787813101104,0.169924920649046,0.249243907984374,0.0908061481333555,0.212100206343514,0.373820488990636,0.0353084594905726,0.0875642553793345,0.124731434585644,0.321978167404568,0.256962732351346,0.171395881922004,0.20138819510446,0.0447260615491145,0.290562499536228,0.222928837277264,0.205944434735763,0.124056039759195,0.00754290272153872,0.0648159871538646,0.0926343575667033,0.417836262286298,0.093076719230313,0.230248552803928,0.34797515043479,0.0154304854062692,0.0345363859203287,0.0671612379617578,0.214367804798042,0.092110380210515,0.14339624023619,0.166762266632902,0.193427331699391,0.295000158386485,0.145385810708079,0.145041301055682,0.0709178402013635,0.0984048950945097,0.0443996612179602,0.145119861828058,0.217502735808951,0.396473112595801,0.329711387525283,0.281812123060138,0.200930538842615,0.200586555540299,0.0761224646485092,0.0850167491699792,0.136006142441362
"8",0.437746492420052,0.449037703035898,0.0489241140890377,0.467222800446039,0.45241648735845,0.186325520784397,0.162916222783136,1,0.22064690336318,0.522215723183185,0.13432710500369,0.0441259889461965,0.265284093636464,0.237026043997967,0.125817954675748,0.165983272775392,0.454825674870392,0.446491244643281,0.542884421118861,0.377093301884296,0.522075351185678,0.193895465108784,0.333093160093707,0.358790092019215,0.0291390341698212,0.0643516339714161,0.0740237396713643,0.212913780624394,0.342532795216831,0.0249129555011361,0.132962500068259,0.480555250933555,0.31203256922724,0.063337458975416,0.0847014233717723,0.270404474694815,0.0989296174334139,0.414796949240788,0.508480627061499,0.231845854955323,0.326538187258872,0.298275515728879,0.35858956055022,0.449757926390798,0.39206618238423,0.0111034210711317,0.132600598494944,0.298169047320904,0.348124661098056,0.0565638434782023,0.18814720819625,0.0465082188957665,0.106314401674112,0.437282024830473,0.445350828339155,0.239516968915588,0.477228814458877,0.151132321325522,0.325847914133491,0.299676534605416,0.228318570780791,0.575638400108614,0.44002020849603,0.2708628931463,0.322627883453487,0.413604936391479,0.212766892328768,0.484926927420415,0.0123221542352794,0.281382662234148,0.0329786758728769,0.195172112728442,0.366261390727361,0.239337481006784,0.484122117051634,0.313880998206866,0.413156901401015,0.267323689630283,0.400753120475712,0.0829776428111434,0.506982348088418,0.532209486935465
"9",0.268362384504655,0.239362126944991,0.0841722151031336,0.31036484032779,0.361054241973146,0.106199827225412,0.256108957198533,0.22064690336318,1,0.395749502155419,0.134103732543492,0.0552577778749622,0.146699438876694,0.261146690829038,0.408451395561754,0.302863770937807,0.325813021743213,0.0903405352213417,0.291270381898064,0.315667408906329,0.464321784340309,0.184508694741253,0.205851171780905,0.0741470577616746,0.100410717580352,0.000963572607703126,0.192312399519573,0.221664327226409,0.143009406098587,0.0951828873334978,0.205306388467282,0.172953399604703,0.165333532441122,0.000592996956396778,0.0761216597344728,0.305402469123561,0.0345224549150562,0.197813335691014,0.445141297539877,0.306494515114124,0.37814258636177,0.399264588921681,0.210489559646475,0.535071083346465,0.212943683356449,0.138467144198479,0.249310035747153,0.262087414470234,0.272443273155021,0.202067694491994,0.252835757641055,0.128641058929775,0.0457790030629575,0.330639808780132,0.362154187183863,0.0157736552553773,0.277834410159311,0.163429919042595,0.129041989520465,0.0253991704968715,0.195890052026889,0.454152086562621,0.295452785318367,0.357549049527955,0.192974599226729,0.355537313731429,0.408148847572664,0.407377632639461,0.0813968039697572,0.314798543332583,0.302719165759138,0.132627913118527,0.329370397618078,0.0464538664479195,0.33271579916113,0.364444203778941,0.242383907646455,0.36675096749251,0.494225899070864,0.167012526397704,0.23572372480586,0.323112622055843
"10",0.509190032158502,0.435112613075451,0.0506831255456773,0.449395947417306,0.740691044395381,0.0458545818933578,0.170452566444828,0.522215723183185,0.395749502155419,1,0.399722699889436,0.301546864380936,0.24887618401686,0.181450714524342,0.20221342878062,0.104619712231844,0.748566530327348,0.688495558304067,0.726743466603606,0.53750979644225,0.807223008190999,0.479779462301125,0.62962552886099,0.50842053819665,0.145149983227563,0.0395539037357882,0.397607512285279,0.493577857081663,0.528280663144045,0.100619954244174,0.534814981504583,0.68542754981116,0.49731717091359,0.230763949954902,0.290094983874657,0.467463998941517,0.0156139941227623,0.472148158617207,0.612618140683244,0.505551743107001,0.624221508362582,0.495066085348361,0.320652293847128,0.719724374627854,0.600724876057531,0.103234781484781,0.363237737824341,0.319082774458854,0.511172038285124,0.327733477859445,0.178698993091008,0.180835605604143,0.0651406441543536,0.590008591821593,0.567440319249069,0.371456532898474,0.784466656849799,0.0585722001736376,0.645343103548571,0.308977209528323,0.611366797972723,0.813346767355148,0.735238198180321,0.635790527234436,0.602770968345527,0.661353410125769,0.226353701580429,0.633445836246795,0.132503467207998,0.427364144289131,0.266462239815856,0.386318528135196,0.69094732542385,0.0311081475112419,0.666700839036367,0.423092042308905,0.548471689417301,0.49104548322729,0.687672289953401,0.267761409649661,0.584693290514276,0.752783021300057
"11",0.117606736624004,0.0969405952238415,0.223463787823204,0.0824904923227748,0.488931574542235,0.0594601455653966,0.181616974317753,0.13432710500369,0.134103732543492,0.399722699889436,1,0.573138898715201,0.133462555148367,0.0274342141627087,0.0978349773150017,0.104402193961447,0.537861799244004,0.503529767824008,0.336669410449125,0.378777390086908,0.406880374440808,0.587622909146843,0.64130351500338,0.260005958273789,0.378528505299956,0.0839493670337902,0.453927013736453,0.617429371690733,0.455901155385657,0.420347950329624,0.65225274563304,0.370105577836572,0.531016709354019,0.445048125479795,0.509126170981745,0.181544070717917,0.0998006819146132,0.0724846279956624,0.143647083524817,0.373139330357601,0.438150008536002,0.193241309769113,0.098989875225577,0.362558197840855,0.279934742095691,0.297796854330347,0.342465157778211,0.00619724233616817,0.293905968888688,0.594967761226173,0.323567710794471,0.345734185307904,0.0765169763406636,0.360182820018731,0.0225060334006141,0.4466106009481,0.421924297415222,0.457162889381,0.5831139721669,0.29629891367689,0.694508274027309,0.475297796995671,0.552240701123552,0.445027657303079,0.266865502682521,0.438731269296485,0.101604694177591,0.403664287684958,0.062531425176974,0.483305401122979,0.0557205346596786,0.383451727119679,0.461471691933944,0.198937169012042,0.176380428988076,0.0149288717875964,0.0777829083319345,0.202767846480826,0.386858452085774,0.132038521022128,0.303591312208453,0.433761940079531
"12",0.0343244190381657,0.0247125704366538,0.267868736624982,0.137441948849691,0.338791291139033,0.0806494239719417,0.302685486606758,0.0441259889461965,0.0552577778749622,0.301546864380936,0.573138898715201,1,0.11016274803297,0.102655383892143,0.192161619308635,0.094565379549102,0.388665967146769,0.395968678211262,0.241996386891662,0.243547498606649,0.269183145198578,0.462789441074708,0.551393967365231,0.11368441593956,0.339143964485651,0.0839996384154275,0.45776387168201,0.494066833141,0.337850665598245,0.372469448090239,0.576624969171336,0.225679583949901,0.458026956396651,0.432695805230824,0.550319718960928,0.0680946173468592,0.150320202867922,0.0329188982703798,0.0213112963401313,0.352746790293027,0.352126220057206,0.180923168629611,0.182043259255488,0.258549052554686,0.169713053798828,0.327417531063025,0.352881796416507,0.106093302926452,0.19504369118869,0.529586648571734,0.234500312120377,0.343098586873378,0.111349427871016,0.283250976877388,0.105740490476675,0.32186942642331,0.302206488917617,0.439913432270304,0.484038078301498,0.158393388545978,0.585247589110401,0.329870391331375,0.406990118823725,0.354345080210168,0.210002652960033,0.251976465519028,0.198695531287076,0.281307706540503,0.0153144203360716,0.40281617715639,0.137055831729805,0.294424405302825,0.373799914918617,0.330316721336998,0.0507669755518017,0.102369352193355,4.55653637655186e-06,0.183153655664797,0.314238304909429,0.161987778007601,0.208666332583826,0.326754863472503
"13",0.138903699289144,0.285186609015378,0.0477223575551562,0.146745725460087,0.10104608948782,0.179410013429867,0.21253241758091,0.265284093636464,0.146699438876694,0.24887618401686,0.133462555148367,0.11016274803297,1,0.065513684779788,0.190126283395504,0.174730865177493,0.0542944853074569,0.113331505710071,0.237735290208949,0.040608700748581,0.170330804752361,0.0874225800635569,0.100841151793057,0.00971280724861858,0.00710321977382442,0.025780336110114,0.0699187846722078,0.115706937215166,0.0229317798295855,0.390053883512732,0.129169744908819,0.069268034954629,0.13210177128428,0.238641679956673,0.100438687560318,0.125603775410171,0.0325435776807612,0.0724478477516375,0.198883443853102,0.000137040460746641,0.118535201598511,0.307397229401786,0.302680850386819,0.105867620432403,0.129221044720649,0.0975421983487007,0.0934306260988531,0.0656243910569853,0.0865924514613383,0.271722054654185,0.23269324559654,0.109161293060643,0.141858800713956,0.0502661179638295,0.297261219051707,0.111678583549476,0.178993976579206,0.395045295041899,0.0239766514062257,0.229591518312683,0.0177190730983104,0.193011221247288,0.0910361016033897,0.0372820091755487,0.0793267496495849,0.0917542926633303,0.232440680779713,0.135670895275549,0.23599769273678,0.00808109610245186,0.174341004995853,0.00704670821058686,0.149954010560723,0.116613847468226,0.287734675690663,0.0365075008043358,0.155214732894498,0.313526596795729,0.155387156209213,0.156939163452189,0.192438625915578,0.171590829960135
"14",0.208890392868906,0.152480075676786,0.315965992500826,0.300710037339065,0.236811841316728,0.209493962142449,0.130540716273109,0.237026043997967,0.261146690829038,0.181450714524342,0.0274342141627087,0.102655383892143,0.065513684779788,1,0.0136860973843175,0.168282535837127,0.278809540321844,0.410749924515477,0.295870253676521,0.143462092124656,0.180036801416672,0.158592635362258,0.187347352923326,0.495270240132749,0.0774486165825115,0.0978096988193216,0.0146179242675494,0.10893451355997,0.308364845671986,0.188703247300121,0.177755832944141,0.440307093856434,0.193098356949524,0.0232344401334023,0.0797821856490037,0.112846000153232,0.00740134207896362,0.288491505193436,0.152728515807181,0.054053782558545,0.0143670603420513,0.123371735553961,0.000306539746682295,0.0930732892947971,0.368040645007101,0.0581460656029405,0.096631444083892,0.178281539513432,0.182793602492945,0.0467972690078655,0.0554794213191449,0.00415943756412081,0.318746442242055,0.168805254665097,0.210092465272205,0.257353768786962,0.352220421844367,0.0571330946101739,0.344015682145902,0.260623125781902,0.167251697339445,0.221580518654571,0.235274448066729,0.186523063186546,0.288973463156328,0.235029622140323,0.101674489653395,0.111814249591982,0.00219280991411702,0.0108518380657643,0.1612941939924,0.0437470486555405,0.158036581768434,0.12542142284041,0.26193503659669,0.10977842642936,0.281609380437417,0.0258342705973656,0.0369730651972553,0.104156162543409,0.150636191520545,0.16835875681817
"15",0.222306027701862,0.232399651378283,0.200922500509593,0.277511867283392,0.211260702511099,0.0817817732388145,0.347068574617601,0.125817954675748,0.408451395561754,0.20221342878062,0.0978349773150017,0.192161619308635,0.190126283395504,0.0136860973843175,1,0.248749119535204,0.175790883807455,0.0102415559972797,0.211447365755556,0.159671350065711,0.319083496842553,0.00823134895275998,0.01805646015788,0.111753516114559,0.056202196451488,0.0109521662615794,0.048450238365655,0.107505599957216,0.116145154688778,0.317020492350256,0.0132615577677477,0.115759701830881,0.0345942750537288,0.14469765143534,0.0167918586241106,0.249269826776909,0.0683395414892274,0.165247071813778,0.411130464222023,0.128863944700279,0.200256790693413,0.297970406138192,0.279114634637458,0.378951582234944,0.247205852980671,0.160783586441338,0.0613480413907672,0.317872904236055,0.179608369335743,0.0759567128542643,0.0496019267920585,0.0224347087163095,0.00702359499826547,0.183215636146778,0.380541717746389,0.0485524707873817,0.20231425141996,0.290968588058144,0.0815077263593962,0.11350280949537,0.00916048061994266,0.272413607036232,0.173535227095939,0.241505058331346,0.194224272067348,0.310468495898556,0.359981938588866,0.237204334059983,0.120017694722954,0.0151726451093851,0.171708065794652,0.0203735975260132,0.26959166362422,0.0762184558005526,0.284215058217651,0.449602604282438,0.253641255806528,0.367131143941257,0.332248999304944,0.175864267037309,0.135336260449229,0.13655355944288
"16",0.147292924774803,0.16289386868927,0.0527733910273126,0.211890139290392,0.080172531238278,0.0699647742906391,0.151870747428635,0.165983272775392,0.302863770937807,0.104619712231844,0.104402193961447,0.094565379549102,0.174730865177493,0.168282535837127,0.248749119535204,1,0.110311859174828,0.00328917158083262,0.0930915532350641,0.0829185723644373,0.187050392514428,0.0683033708138635,0.0469209073642881,0.0149748817114569,0.0890974815290984,0.0883834200789826,0.181892049930512,0.00795561630620402,0.0672059824695978,0.136780496647473,0.12267022943161,0.0192467684868505,0.0220525058162483,0.133139824755621,0.177618480837726,0.139853126500158,0.0319699860479808,0.128805905799302,0.258352617873805,0.0648772550101872,0.134954493629369,0.166157369274374,0.0983664955600863,0.216473331460142,0.0142170562464201,0.165593525066248,0.116159486615592,0.201325784017221,0.19295032977748,0.0555538612152923,0.0850839374650947,0.0178955113714978,0.0142480188036951,0.109936114068973,0.241261253192826,0.146176574751003,0.0308931960804608,0.120137993083736,0.0444150303380413,0.0878799440957234,0.0912565543389045,0.174549106880199,0.0674692262225201,0.0482180529279251,0.0241766685234944,0.14196230707456,0.180369617838638,0.226090213293472,0.0535200747082872,0.132808559222351,0.0385593298644722,0.120458001692099,0.118183583567764,0.0923111941414975,0.147893246357244,0.217815829264043,0.100113636977824,0.156322668061171,0.256133392998887,0.0264079634156789,0.153464279335715,0.163996445490666
"17",0.513924482780951,0.437802113552931,0.0226235915842811,0.472528637205934,0.772725995539747,0.0998737743436825,0.100056040908548,0.454825674870392,0.325813021743213,0.748566530327348,0.537861799244004,0.388665967146769,0.0542944853074569,0.278809540321844,0.175790883807455,0.110311859174828,1,0.794310628275688,0.748444772256734,0.652468122045255,0.81186753514417,0.611836713368156,0.744758907705089,0.611364171158628,0.224703031518183,0.138820273070025,0.419309715234466,0.675608805614535,0.726059773631949,0.247502927559552,0.679389723763032,0.77129848439388,0.675982051357401,0.379684163684607,0.376987671708974,0.416642505410206,0.0122590420543054,0.47058078558277,0.628222397474929,0.589442536415051,0.634137640317626,0.382714797215927,0.190600172099185,0.783245461316531,0.617185021415017,0.188319908135604,0.331108193436654,0.362488742586346,0.541203473992546,0.485541308773558,0.417053208517223,0.388052307587131,0.162343180244312,0.615829727631386,0.490089030306701,0.476788180826473,0.776437930263722,0.144485506109172,0.786275497658298,0.451253237312822,0.70967708669851,0.866793770748608,0.831306170675832,0.684387903353308,0.62365623575659,0.746120291031074,0.104453051348244,0.7189019249888,0.0150061068107139,0.501234138587036,0.101037614439612,0.531058881037749,0.759935593217312,0.0435970743985418,0.624832833880109,0.490822894861455,0.497402398638989,0.414599257741922,0.718118298402743,0.202096992263403,0.612215249063759,0.778032691795795
"18",0.43976728721556,0.395532217349483,0.0896635482900803,0.3437497339602,0.704225578509399,0.0555618750377524,0.0574145186122673,0.446491244643281,0.0903405352213417,0.688495558304067,0.503529767824008,0.395968678211262,0.113331505710071,0.410749924515477,0.0102415559972797,0.00328917158083262,0.794310628275688,1,0.716503429407264,0.497270733406299,0.687980741979429,0.563033912161122,0.701400312059352,0.661957311651763,0.288473096735499,0.264319665296984,0.469107020150714,0.596748237632707,0.758924085014298,0.313733929789551,0.672019575072711,0.77271278148854,0.658575414687678,0.400866742944119,0.380151776185901,0.311063565052491,0.0468704139129227,0.409439688649926,0.491757699908294,0.498137963064415,0.566355456045748,0.256118245174136,0.128824460072569,0.609012302330745,0.60985373651102,0.209545826824899,0.315989571546749,0.274843366953172,0.443784853747117,0.421418488742869,0.244768648613035,0.371230677737947,0.105885402625741,0.485301278883717,0.44564535188243,0.489151158365938,0.805514944733384,0.210287054693775,0.846903018701386,0.426592860257634,0.72386428807077,0.765960409906827,0.784630921918552,0.582732072850761,0.594605442256994,0.642936150508562,0.107056876465514,0.616905572733424,0.102081726473222,0.400818064754029,0.0417031525910669,0.516637487453145,0.675414922326307,0.098696160028788,0.572191163348856,0.281055277183011,0.374414995163002,0.323429257044836,0.573706297671771,0.158342510383241,0.533768379775425,0.700059469172788
"19",0.586082386931149,0.543172817910632,0.161434421416821,0.534057296199521,0.665840376173789,0.0460467448114385,0.198629677818733,0.542884421118861,0.291270381898064,0.726743466603606,0.336669410449125,0.241996386891662,0.237735290208949,0.295870253676521,0.211447365755556,0.0930915532350641,0.748444772256734,0.716503429407264,1,0.626988330196614,0.808905811480026,0.442749082784324,0.621178807011467,0.603002449192211,0.0549805418347192,0.0353560378172138,0.30822733628534,0.484280033397598,0.590555539539756,0.0189394017220415,0.473677317784584,0.770579320878573,0.496745393866273,0.176321948106816,0.210845638995636,0.450321770499155,0.137035851453957,0.542547085617902,0.687889054807298,0.501020291781436,0.550406027018567,0.465402012372291,0.309430564526187,0.725609933484516,0.655319261450036,0.0975748997526911,0.227492002778743,0.414050848641314,0.536440087495195,0.269880718154,0.239291511486535,0.266609548311509,0.0782519243604457,0.591691104406917,0.605888264975888,0.39413745153038,0.792822815182542,0.146392088431512,0.662140792348036,0.339338195257412,0.534175445616154,0.817303424595833,0.74257231991247,0.617959508399956,0.627660976509013,0.698335088190659,0.215178000657865,0.683658795295053,0.112268843297703,0.313373582934044,0.143622092318103,0.410045066566126,0.690126863404049,0.156101124972779,0.708520871717887,0.506802297672514,0.557893605288407,0.433051705444202,0.637817246007764,0.212187411531184,0.627652754772626,0.733970646224978
"20",0.504690025512819,0.404293461543152,0.122203950896515,0.43825554702462,0.570200873651631,0.216158229604579,0.0946875376993934,0.377093301884296,0.315667408906329,0.53750979644225,0.378777390086908,0.243547498606649,0.040608700748581,0.143462092124656,0.159671350065711,0.0829185723644373,0.652468122045255,0.497270733406299,0.626988330196614,1,0.695645450773491,0.362291681923294,0.545946773385754,0.540917537936198,0.00373298058825944,0.00465660571322185,0.14650874361259,0.500588923609538,0.508519035773063,0.0676422318179512,0.387085076788963,0.644026445746313,0.473481209037462,0.27963854479584,0.203780538737598,0.378670271408555,0.124791255326743,0.559401572399205,0.588689761084038,0.477940943889934,0.443644445116323,0.296466918531059,0.191791737375096,0.667626240522664,0.52811650187722,0.094627792135197,0.193293993923079,0.356281632351268,0.490248542564019,0.400508914873659,0.397805787101367,0.304765263807713,0.117455283881927,0.478852866342404,0.430123575999107,0.367934829991234,0.600745987739001,0.0114199178660513,0.520791968030095,0.415509297457634,0.433346733309278,0.674042200886886,0.594495774475999,0.531571116875952,0.559384266539696,0.591976743443016,0.169217847733917,0.630160852417085,0.105289483854787,0.303889836152407,0.0283322873475292,0.373677011572059,0.574826799821579,0.203687766334842,0.499417005124068,0.572959643932996,0.451635719275409,0.212787067148692,0.556564375569925,0.0395765412233067,0.551263151236306,0.654961763211389
"21",0.594411147162817,0.535907101646106,0.11786273737145,0.537030057060063,0.751703861522836,0.00620344290636024,0.246820257041161,0.522075351185678,0.464321784340309,0.807223008190999,0.406880374440808,0.269183145198578,0.170330804752361,0.180036801416672,0.319083496842553,0.187050392514428,0.81186753514417,0.687980741979429,0.808905811480026,0.695645450773491,1,0.496193498684853,0.656966109855697,0.598185583197667,0.123827521468852,0.0295542282621397,0.313764340552822,0.539837252340672,0.604800949252694,0.0462227068058558,0.548377889120781,0.779373163215641,0.549510270704682,0.231745671435457,0.271633234362986,0.526178506218544,0.0780241800455418,0.580258093918898,0.784674855166556,0.57731043451567,0.619238065051323,0.490171150555138,0.346565199044064,0.859919907697307,0.62617502296024,0.0743717481641319,0.320082183874859,0.458582149422029,0.568274194440913,0.371716046826521,0.320448087727982,0.250744845356937,0.101073264204428,0.638031610670018,0.680015147758644,0.380173970697394,0.83071361883882,0.104610373794922,0.672399498362793,0.377562780024469,0.603326290215631,0.909451565416649,0.784028488073693,0.703769229525305,0.644337109518734,0.742344945303016,0.303185327784528,0.753195931295667,0.12684228485959,0.440240328250422,0.214581763207156,0.464360434549762,0.758846179724288,0.100761894041392,0.747440019979511,0.615460520457866,0.618825453361836,0.481584716754384,0.770954906572447,0.221876725985782,0.681374108194546,0.810504218137996
"22",0.188426762009728,0.201375728621877,0.125246527880646,0.195114325673698,0.518849117837371,0.106736538917474,0.0681885499782021,0.193895465108784,0.184508694741253,0.479779462301125,0.587622909146843,0.462789441074708,0.0874225800635569,0.158592635362258,0.00823134895275998,0.0683033708138635,0.611836713368156,0.563033912161122,0.442749082784324,0.362291681923294,0.496193498684853,1,0.653695323314534,0.366539259086903,0.382784304332905,0.161388659198549,0.461412686996996,0.631904023144272,0.553268574856301,0.414476852061568,0.671896543489447,0.449457090181537,0.612247208970375,0.364144635299807,0.447743014486411,0.216689068731183,0.00831282335984978,0.155705368344457,0.306905537200623,0.473393009292465,0.487212901663829,0.257291873198727,0.00208622872794037,0.465376181620023,0.403973641628093,0.204713791760545,0.259282237620197,0.14066027426954,0.371360791247699,0.5722278392742,0.314338928177899,0.334175660788492,0.0812574062629741,0.457646776934911,0.110838321044038,0.474468775798915,0.509855186663297,0.406814685675193,0.627881911939495,0.318899807571451,0.642464849752012,0.557518961631818,0.613021673064557,0.559608565457741,0.32722143016236,0.539375768467224,0.0501135673975697,0.472544452084881,0.0296379656624984,0.48391862671166,0.0742835491329201,0.43116610292861,0.524127361839741,0.152671439108694,0.307349128070135,0.0992246284738702,0.23678749490114,0.257690884309046,0.449847963609157,0.156568775486367,0.389592118825209,0.489164675730738
"23",0.365776398340134,0.330506902547495,0.0707450081371554,0.312864656456285,0.642333910168063,0.044318567322739,0.0763466099327844,0.333093160093707,0.205851171780905,0.62962552886099,0.64130351500338,0.551393967365231,0.100841151793057,0.187347352923326,0.01805646015788,0.0469209073642881,0.744758907705089,0.701400312059352,0.621178807011467,0.545946773385754,0.656966109855697,0.653695323314534,1,0.459660146120794,0.262047376672663,0.0661212974156621,0.495781175324383,0.666250082724734,0.592441721439633,0.444208421256135,0.721169687163031,0.664813085120731,0.658055941237728,0.473816338430431,0.488651532142416,0.315735339407666,0.0276910786081195,0.371097927689896,0.420062780775722,0.577245079515501,0.582510690775903,0.312665736781438,0.0457968876820453,0.597490452264676,0.53953439591873,0.286711719971944,0.348359001072483,0.18711975086366,0.47036157356517,0.641660915428503,0.408582875196325,0.357318643697774,0.0566027153344482,0.603433705244331,0.253238315106943,0.519252963922866,0.668694259476877,0.326524266788864,0.741504470598849,0.444942515611235,0.712625144838081,0.704695550790889,0.731161947127443,0.667891917892555,0.519120351145502,0.612660733691796,0.0704093200969786,0.586752096707373,0.0112985748159316,0.499037346189102,0.131428550910102,0.467325720695382,0.62387098365194,0.116936754746631,0.45670847542215,0.216007162288284,0.347745594478751,0.258170496250762,0.541071512475222,0.162447537808585,0.5135140760413,0.644475503900999
"24",0.439254208212078,0.287659058722316,0.320080147491223,0.418842564511786,0.580397138215385,0.157401073177197,0.248936231903176,0.358790092019215,0.0741470577616746,0.50842053819665,0.260005958273789,0.11368441593956,0.00971280724861858,0.495270240132749,0.111753516114559,0.0149748817114569,0.611364171158628,0.661957311651763,0.603002449192211,0.540917537936198,0.598185583197667,0.366539259086903,0.459660146120794,1,0.068778727014428,0.0931363559114936,0.220680955731476,0.392211552060151,0.591533715279796,0.102130864642471,0.41951825576798,0.707790869174024,0.477642641363291,0.229804051485488,0.190338326687546,0.344553170753484,0.00705688538951126,0.470000813044972,0.510984070633978,0.377936585862342,0.366402329391395,0.0892503011847734,0.194691468766027,0.554400463210012,0.565266607946633,0.0850365351413822,0.139248199237326,0.32677293347198,0.429894023863783,0.205372438730292,0.118474395205524,0.257145810437368,0.186916515404206,0.388659198301856,0.524955883655607,0.33379332554512,0.698047681818821,0.0480310267456018,0.629159538458779,0.342399736323573,0.4916048328056,0.61969032350073,0.588794525820256,0.495076961908052,0.600966115843348,0.528736261183638,0.0488096117664524,0.491761635018185,0.0710239809182469,0.216189243551534,0.0178357069488159,0.319207763884575,0.555182870306034,0.113795859773287,0.558745440590226,0.451099302137971,0.407034234692777,0.243299821219765,0.417155319891301,0.11639224197655,0.408970541273278,0.544537411646968
"25",0.0883516603256495,0.0152080600066414,0.127429010680245,0.114134676217019,0.234886198421543,0.0273808126294571,0.0433224189241581,0.0291390341698212,0.100410717580352,0.145149983227563,0.378528505299956,0.339143964485651,0.00710321977382442,0.0774486165825115,0.056202196451488,0.0890974815290984,0.224703031518183,0.288473096735499,0.0549805418347192,0.00373298058825944,0.123827521468852,0.382784304332905,0.262047376672663,0.068778727014428,1,0.201776770146637,0.38436965147323,0.429819203116674,0.307126835401995,0.170727998517231,0.41207540998054,0.0320813094289056,0.334765636284963,0.201236490406318,0.3763470213862,0.0533558202571341,0.0604926786683245,0.197747689138646,0.0111422017605471,0.202012120038006,0.29915001440724,0.165558892027463,0.131020166796388,0.187489024042939,0.119609980127897,0.0794104021589596,0.223683184256388,0.0427774530299178,0.132079756170196,0.400725839737046,0.0657502070394443,0.244451594915915,0.0444852096971409,0.131012127616819,0.0728633955848977,0.155949904553019,0.150712672404619,0.378095298310568,0.396150564339636,0.0360698326358069,0.410704209486854,0.22697609559402,0.26426133967905,0.234336538802615,0.0101407021763217,0.196686473612464,0.0635717747754704,0.131425825702281,0.0111300498679594,0.285523514351244,0.0796033321965762,0.134394764663748,0.308359735505592,0.379775375583133,0.0168970173002026,0.0748258603640109,0.0504262673994561,0.281605818027031,0.216665645853857,0.242407884932112,0.0835222117275993,0.116319653800451
"26",0.0178079441734802,0.0803613146999785,0.0473506625577484,0.0651524611622261,0.153474650451193,0.114896255607742,0.0431973050859712,0.0643516339714161,0.000963572607703126,0.0395539037357882,0.0839493670337902,0.0839996384154275,0.025780336110114,0.0978096988193216,0.0109521662615794,0.0883834200789826,0.138820273070025,0.264319665296984,0.0353560378172138,0.00465660571322185,0.0295542282621397,0.161388659198549,0.0661212974156621,0.0931363559114936,0.201776770146637,1,0.0605193498492206,0.165895065223748,0.320995512528823,0.159510019118943,0.165129578459645,0.102803365040858,0.250778981102231,0.100598507434044,0.0841418920477812,0.0216125540601847,0.101597058860742,0.0235598669608466,0.0521258033124698,0.0470490293437408,0.115039675565722,0.117287662428301,0.110836718765717,0.0505810889832664,0.0366530252512358,0.0521417146594167,0.104159562619207,0.066049163634415,0.0898759130283884,0.137424782030994,0.156345556207221,0.164655512279827,0.0443672926344743,0.0128613863304786,0.0566477683162316,0.0394208739239003,0.072621885669206,0.220109556094565,0.222713606972053,0.17472552944535,0.12427994353042,0.105390672280402,0.15133565390408,0.0183265816770313,0.0296886832360842,0.125901545242549,0.124796430652862,0.140924477680361,0.0574280494282311,0.0687613992964236,0.0961494683020487,0.080304100558982,0.0667188593056445,0.158649003400281,0.011387362017278,0.0336221601723303,0.0633865070870017,0.00292345945713614,0.108238513912843,0.0121924830615989,0.00748239364638698,0.0403642048029229
