"","1","2","3","4","5","6","7","8","9","10","11","12","13","14","15","16","17","18","19","20","21","22","23","24","25","26","27","28","29","30","31","32","33","34","35","36","37","38","39","40","41","42","43","44","45","46","47","48","49","50","51","52","53","54","55","56","57","58","59","60","61","62","63","64","65","66","67","68","69","70","71","72","73","74","75","76","77","78","79","80","81","82"
"1",1,0.047320661775623,0.119576140578558,0.0150948294203867,0.236830351045633,0.227354186854303,0.049402214958383,0.0362508929351602,0.0199641141365202,0.00458199194602679,0.283997093866163,0.128848714330769,0.192272819619246,0.184412964488906,0.119346312419902,0.125549902804905,0.317835222650308,0.157109532423603,0.152380985857088,0.247834167880465,0.179525658314902,0.220770733822447,0.235019692894981,0.276517567142054,0.129903309827264,0.160292017739906,0.0778288367209094,0.272209732393468,0.20837940934265,0.165959935793553,0.157026194350289,0.213052979231045,0.24080492607173,0.138570437919986,0.147542357499404,0.0293632540672545,0.0864405834681303,0.141919290608267,0.102557729148903,0.0691241772413687,0.0603444295519626,0.0259828800178058,0.0934748476956522,0.19770973975395,0.176414771003591,0.0558470655294977,0.0638185573274732,0.0191316789174562,0.169610304823542,0.235713635185655,0.202709766605368,0.0833334370788774,0.0245715126116796,0.135834371445594,0.125707441827268,0.236671140945285,0.123481107521059,0.238382812220358,0.246325274687918,0.275073561662108,0.116597045503197,0.251004934539022,0.185875713865071,0.168922356692551,0.219494148509584,0.208754854915875,0.0823454328745827,0.183390402152749,0.16974562347891,0.103800818705194,0.10568596891207,0.204835923998564,0.0136960367904303,0.085600088273941,0.00285039685277337,0.058954812024595,0.016914083580846,0.0123776260258706,0.152808414644722,0.0463188482509614,0.143751489752061,0.24020680236127
"2",0.047320661775623,1,0.10845668534209,0.354606185437311,0.276771327709664,0.335980567110714,0.055024060789645,0.0846011371513002,0.0386135802697881,0.0601585509415278,0.251722984238006,0.187159089691607,0.273808116065937,0.0478758553769748,0.205742298458869,0.167453804412768,0.293011422973357,0.337273079883982,0.246366336368722,0.198270453935174,0.366937645163034,0.184381318150114,0.190727007528987,0.132999076075502,0.0945668650063594,0.0139907046257384,0.0933479695992419,0.199312262811966,0.248607773366176,0.233270126866394,0.254215916877667,0.149405845609412,0.179698722779256,0.177479919488478,0.279631006100499,0.246910566272635,0.403587246729288,0.368881848610427,0.278707364176737,0.35612116397329,0.277489390696777,0.484680850699796,0.273708748048605,0.100444804888763,0.0850949642904131,0.215690208796648,0.00492963195104133,0.0434319588900926,0.124125762442028,0.119384442937907,0.248394288641045,0.236110296609415,0.0587254071030545,0.200993755086014,0.159760896102942,0.14683330877072,0.26936617439383,0.310447462698983,0.119921957647955,0.12047117675797,0.340570860269094,0.126370126399665,0.381938960711213,0.177142409822798,0.188119863418118,0.0480802136699819,0.099542055108872,0.137057464185775,0.0826480457308665,0.337754626318397,0.174686561193264,0.00908217785598662,0.0979727710865496,0.17446995731852,0.159788522813926,0.0391730450354587,0.26678462874043,0.136424092712298,0.311689263961249,0.0950419022509817,0.307190551556312,0.139095947049219
"3",0.119576140578558,0.10845668534209,1,0.104818406665452,0.140674451839695,0.0750883028691798,0.143330658334181,0.0602913248122237,0.0255196186714326,0.141255064916976,0.125344072937413,0.131869522909003,0.152656498606085,0.238523884578646,0.0712695246928228,0.0227826685470835,0.189868920397759,0.15829075938997,0.104173054171813,0.222211515627692,0.0767580399073991,0.195481701191949,0.206964609028869,0.182554788552723,0.149106364305944,0.116275007871743,0.171609111784164,0.222080769135493,0.252173741831633,0.208101937214456,0.173100256848601,0.206823989721253,0.213008248405853,0.2758515714919,0.0895990036152543,0.000138510316723013,0.00233487838024782,0.107097354691624,0.088760914702554,0.061234290196355,0.0620057902317355,0.157497103840015,0.0734718448372417,0.202090814045152,0.174428826287781,0.0167095849304818,0.0645090088404995,0.0185142036260333,0.0942858892762281,0.267574796059955,0.0889929485047182,0.119078754839297,0.137596932636543,0.0772627567144982,0.230534210445478,0.120363347786832,0.130085580502491,0.168444828093247,0.249108770822168,0.244975096954756,0.0856359518711396,0.308194301130435,0.112507876639985,0.178202578778922,0.216103375935448,0.164292969106838,0.150177271166158,0.328250387206241,0.0834811829849911,0.0482952783645925,0.184780666126898,0.192278791298847,0.0841446096790014,0.094290188094083,0.0702111497598886,0.0700737518964601,0.00660770642816501,0.0547471410657887,0.0567987353715191,0.0345800503399309,0.0438358867723571,0.234834109514054
"4",0.0150948294203867,0.354606185437311,0.104818406665452,1,0.258844146228205,0.453285550661043,0.0816587122653686,0.0549545805907235,0.0728074512169701,0.0921504540803719,0.298713178250877,0.190867297082567,0.317502324943134,0.100288075026477,0.198027489647205,0.192817580934775,0.359924969804511,0.393084987416561,0.22864595317421,0.217047823731108,0.3837507451254,0.202868331732169,0.202805686833106,0.232356045015121,0.161318236237106,0.0693967740682212,0.0681068676470329,0.262306067218328,0.270345245795661,0.292347945875715,0.272703068245002,0.190792364464265,0.139897496622485,0.102589706217381,0.320994571171679,0.203305885638068,0.367388642533331,0.411177640591983,0.232193203762076,0.414267660174865,0.218940417355671,0.512354710136848,0.303389807726854,0.126772282031213,0.0306307517547628,0.222941382115997,0.0653282178780669,0.0590899597660434,0.0664072895923204,0.121648949288504,0.243587984374296,0.149961800327663,0.116108600200169,0.256681607536606,0.228465269840445,0.274783200021513,0.255365887031712,0.361577220751876,0.13887832331503,0.151678062372604,0.363949819586229,0.14015860167734,0.378391692172893,0.163873014638999,0.210851360480255,0.0263052834302315,0.15747974766501,0.108435274154456,0.0621945562607471,0.408702179245228,0.19890583793458,0.0567719932979978,0.116715440367495,0.159048651670304,0.214842842592048,0.103085386746541,0.333753216980795,0.196040356869383,0.386680507240081,0.141026764707681,0.308838650502036,0.244992524687093
"5",0.236830351045633,0.276771327709664,0.140674451839695,0.258844146228205,1,0.595629997901756,0.171897873888393,0.0996086007549155,0.028731165442339,0.171099646459519,0.535464626815415,0.383327476331871,0.444850864929565,0.280302399052325,0.292097998195453,0.2698418494218,0.590225415579042,0.589964948998177,0.361462885578536,0.485530737071459,0.534172649680613,0.436591660400453,0.49234734110353,0.421075201629969,0.307987435958217,0.115642723022126,0.146010158236031,0.497312447751037,0.533543268331887,0.466154722084145,0.474596923906159,0.51968333488187,0.449791301592305,0.202195747194049,0.460150041451119,0.210571392662726,0.425356951221729,0.408003522754203,0.152291203477911,0.452879452675222,0.282847582889791,0.407391748808915,0.371849399251252,0.398897170819705,0.10858518343794,0.25990497429014,0.180308892120114,0.0273679314598183,0.0504054171689138,0.428694398270062,0.422860582012578,0.032310633951652,0.29544406224922,0.358702938054982,0.0807894385148283,0.396039439852392,0.481107784131412,0.60103223930714,0.469438819838297,0.490742917869799,0.602168869465092,0.480301022438731,0.556240269030349,0.323096742970345,0.419386587673647,0.276012286529063,0.376411677566555,0.205043429913041,0.113548323161792,0.467028592767592,0.0239834203497494,0.271904962598079,0.243563246473475,0.04524323287801,0.218378250909417,0.179990832582292,0.335292556419121,0.269628109926488,0.441228314468968,0.0843221737589199,0.440936002648376,0.505702688700254
"6",0.227354186854303,0.335980567110714,0.0750883028691798,0.453285550661043,0.595629997901756,1,0.135707410781664,0.0946862135564302,0.113885054969562,0.149785466949634,0.570047470543777,0.325036418664718,0.491141144475448,0.293502811328121,0.285503187231975,0.417017299113182,0.703413258886233,0.660566566235839,0.33189278146255,0.445601444052987,0.60062325805218,0.456052320049097,0.555222330490896,0.577835560952973,0.319160076548496,0.130142305969024,0.128538892608652,0.529844729625224,0.552098413683342,0.531062420741664,0.541925029026216,0.49956139728359,0.418896587070754,0.15697620226107,0.45200540022271,0.246326133535022,0.464467336281213,0.420727469207221,0.0685121324383712,0.511219730361695,0.365113550604826,0.510090725851942,0.352569366624465,0.458798282680131,0.231383388692111,0.306772159127886,0.150952565747286,0.0291420913078198,0.0298314221105785,0.393553233516596,0.421848786208459,0.0567818252018528,0.259239286216767,0.377839190907211,0.0271604406572424,0.541474453456062,0.467643707532401,0.680421451113897,0.486004932354716,0.539369469260189,0.573405588893509,0.532074814666871,0.639268132628692,0.402845193466531,0.434740984319336,0.235183235921555,0.365748303863963,0.18212128948635,0.185500410389357,0.567874763553883,0.0466611475614286,0.234153976202012,0.13143760349322,0.114129904029722,0.264446672691047,0.200023220743083,0.377532794509716,0.301557128613062,0.531777075036096,0.15177521748929,0.407320923294803,0.605989587861877
"7",0.049402214958383,0.055024060789645,0.143330658334181,0.0816587122653686,0.171897873888393,0.135707410781664,1,0.0330504410519779,0.154486770783797,0.0372831085801717,0.181172543174386,0.0915278668873858,0.0424221573086745,0.18111547839282,0.116727117930443,0.0651046861626485,0.184373566855372,0.24913914891197,0.2537062265934,0.217512731408228,0.190104334050317,0.232400331509853,0.181167524351991,0.113765028620965,0.0671167365755068,0.0339421379303655,0.14073605283954,0.253800465279183,0.240214409999847,0.202738432157676,0.180246313926377,0.275842285271653,0.125615387759173,0.161417681809833,0.207928387301235,0.0787199427827962,0.123634725835815,0.081206275106137,0.120142910818815,0.135676057918999,0.0982613649776386,0.101109208789749,0.126010986191473,0.132032840369606,0.0395239793405586,0.0817381260013907,0.11368808338138,0.0875677154366618,0.0555757797789459,0.192736406645502,0.163722898313134,0.082490356021341,0.199750446425199,0.0902286050913545,0.0547837046832484,0.129596497061207,0.167328314783233,0.22833493815829,0.250308084449758,0.228523850908044,0.231844582193467,0.216282129483784,0.139624823285852,0.126766672798026,0.113824949487251,0.0849869990453477,0.16329149374095,0.135306853357441,0.0366087419813347,0.110047673707995,0.0153988883536196,0.183219869443659,0.286277332750651,0.153893813249765,0.0478914962919922,0.0185604135543229,0.0910083843519199,0.186232479085677,0.0419692658768082,0.0500573841292265,0.167577813825995,0.200169258518779
"8",0.0362508929351602,0.0846011371513002,0.0602913248122237,0.0549545805907235,0.0996086007549155,0.0946862135564302,0.0330504410519779,1,0.0954076240507231,0.0361951861466388,0.099186256701448,0.0527629965500056,0.0566646396050468,0.0836984092388165,0.0191432625838458,0.030540730579905,0.00890611727519733,0.211667763818367,0.0255031033712194,0.0893308781678657,0.139494109323261,0.000137083448485391,0.12775156599292,0.0735155222313624,0.0541263203669524,0.0588659362558094,0.0465334466097811,0.0818562257549251,0.110374897420113,0.126443709350002,0.194182768138844,0.0375143816833242,0.112800580483227,0.133596285267759,0.199222208086771,0.201961442730691,0.243247138347429,0.0505535717198558,0.0265040573496601,0.207640774015612,0.0835742976430799,0.248671440192315,0.240727001751553,0.102732736051472,0.00564682784417342,0.0225736046195325,0.0369440096005361,0.0366114867586363,0.290628296874203,0.094654531400311,0.196046136276019,0.215151213281324,0.124445350764472,0.0287849125717832,0.200378347696386,0.0885899569701723,0.0776178989195891,0.0151561368747521,0.113109913962912,0.0407157503145901,0.17065654148006,0.125584065701383,0.0502197338841535,0.0127680526631237,0.0891744209840127,0.258221400842463,0.154071345679843,0.114178620501223,0.259752078366051,0.0942258199234166,0.283419410628917,0.0637843978300031,0.0845100397190787,0.175012555877959,0.00452721089025736,0.205328772960433,0.190517541049557,0.229146918777353,0.0717375877471649,0.0283664775755801,0.119221112715703,0.00103742115146068
"9",0.0199641141365202,0.0386135802697881,0.0255196186714326,0.0728074512169701,0.028731165442339,0.113885054969562,0.154486770783797,0.0954076240507231,1,0.0326229194565483,0.0309974749060334,0.15335394605348,0.042698955261363,0.128044911964027,0.078417676160401,0.130803130035557,0.0212510239401751,0.0540476652113895,0.261112168863249,0.0177834137492099,0.053449663965565,0.0563502545739875,0.0165250103168271,0.12697013574655,0.0267723346695381,0.0153676796643575,0.0875047941321597,0.0434543030232076,0.0585771906511544,0.0121063305646927,0.0309358494003477,0.0384875265170437,0.0593136758502025,0.0456495018068546,0.199720628079156,0.0478960432132578,0.0542353763989976,0.0153030465490794,0.327235429498257,0.0493298060262809,0.0324558896577998,0.124504231335514,0.0593611017637432,0.0867027751802371,0.0794263171910273,0.0277396136946851,0.156755741888629,0.0311131733778421,0.0299204762061901,0.0174401690346301,0.144170111354319,0.0110327682775805,0.113783017711007,0.0346909913873929,0.0444384386871807,0.175203596668163,0.130302531978697,0.0353842535344938,0.120269988546174,0.0473276815799462,0.0721128225637158,0.0131927297699721,0.000408372633416729,0.0927079573424332,0.0493356830748521,0.0219740886702349,0.0532910295808183,0.103369258408661,0.00987141605084633,0.0589520859125923,0.0341188434532316,0.0352557678681664,0.313584218687239,0.0278969496718553,0.0528408337319186,0.0307338022809004,0.0530069050667155,0.132887709917328,0.0731443624040815,0.0537505242591265,0.1524457119243,0.0388895947431063
"10",0.00458199194602679,0.0601585509415278,0.141255064916976,0.0921504540803719,0.171099646459519,0.149785466949634,0.0372831085801717,0.0361951861466388,0.0326229194565483,1,0.205755297726973,0.201724299817813,0.0988858046358341,0.158410030694937,0.175068546328961,0.0762505967056618,0.191959181286747,0.222972597829168,0.0867389524805516,0.218924411095767,0.161261884016207,0.203996121785974,0.29512435247796,0.211943809871787,0.0986337856988355,0.0195184570894654,0.116605179550421,0.258220628006395,0.118687085906401,0.181964777550615,0.190902255079889,0.268101524482944,0.226655216656149,0.167005089056161,0.181492237987628,0.0504665251630766,0.0627257551035798,0.151529179620907,0.019700247577566,0.0779256318196306,0.199654369715837,0.0212767102121958,0.12363467365422,0.183758033660768,0.0307631750162392,0.0699872227969022,0.0808172689327854,0.00880382480118057,0.0645149095481687,0.204637679625308,0.150425681361255,0.0296330425999829,0.0845012338146085,0.0725072019599211,0.0901625487004569,0.0996833024048444,0.111862547035246,0.194513839440162,0.194741811917648,0.236330162599306,0.23244606726915,0.264108465642207,0.246428477295794,0.066109702661651,0.177176720927833,0.124484506244374,0.236351820289344,0.136574935176203,0.12806985470201,0.182731725332853,0.135288349232534,0.135147261324854,0.0860404312898398,0.0612843624238476,0.0126026269616716,0.0397921279953182,0.106631517117986,0.236399008517354,0.1430738242502,0.117000417972199,0.221054505067314,0.168430895592521
"11",0.283997093866163,0.251722984238006,0.125344072937413,0.298713178250877,0.535464626815415,0.570047470543777,0.181172543174386,0.099186256701448,0.0309974749060334,0.205755297726973,1,0.434834223742219,0.460451260998726,0.291781654801287,0.411138843970254,0.375081714423776,0.693480654265819,0.630241177622212,0.359132874433892,0.52063355192873,0.59996107320228,0.558460489674152,0.562234992739934,0.545080861192139,0.398308324053599,0.205262911578288,0.125312724826148,0.630889430175795,0.584447795769418,0.52209996120868,0.479985747530601,0.58629620487814,0.596463187836493,0.221789181030903,0.452932632275833,0.235894157197878,0.359044768340852,0.460047308075894,0.18356713974724,0.437119978661364,0.306056914544283,0.384410960501506,0.361767862429596,0.495480754227006,0.129179679080451,0.318089328935249,0.142621035689977,0.0717592549855801,0.000178028549297011,0.504660928473173,0.563886743224721,0.0642406997408895,0.321030843922241,0.465617272926816,0.11417449778755,0.599522599743069,0.534378306090329,0.712007518154538,0.552816249444054,0.541733278606507,0.60230047839529,0.613059994476873,0.698691492245237,0.435769375545774,0.474928193984907,0.386381248098246,0.412861171497018,0.276736458077508,0.207929031953783,0.558324282588593,0.13125108349536,0.310099309641094,0.213489408280004,0.0745555907346225,0.27028061054613,0.179777653392037,0.289825806925805,0.282541593319869,0.468503874700003,0.103456338040735,0.518744134143071,0.651262703487465
"12",0.128848714330769,0.187159089691607,0.131869522909003,0.190867297082567,0.383327476331871,0.325036418664718,0.0915278668873858,0.0527629965500056,0.15335394605348,0.201724299817813,0.434834223742219,1,0.304079231808138,0.194871433773734,0.379694668198906,0.173146204477808,0.394218047826415,0.457611872088027,0.370378805189757,0.401524652324536,0.381230549151898,0.378613126486428,0.419015644098732,0.265812800346655,0.284326090984332,0.0577139162938017,0.0615006852612507,0.372198173704588,0.403728335787517,0.36358189064952,0.332955486015343,0.443719420927824,0.468250175510863,0.209686598410506,0.362439852570802,0.0735412948648446,0.224639768972488,0.327260342797924,0.323017398314021,0.296841346695455,0.298309242311281,0.213893973598564,0.222517664954068,0.387292409968349,0.0150470792505656,0.209430411824077,0.195340320055186,0.00119619846786325,0.0224406968959355,0.403208882671896,0.426373644955679,0.00271125024190115,0.244845694790574,0.232417233675216,0.0221264688957975,0.237204183901741,0.373817699745861,0.506163325638936,0.414532417730227,0.406230092343541,0.468442158968586,0.478955036750976,0.481170470377553,0.287753823218101,0.328723503198309,0.305809759511254,0.348955548201788,0.1250123553395,0.132459385143796,0.34631548394627,0.109894081020891,0.198397113906475,0.211054705141871,0.027263954123038,0.173796065386927,0.0731364475010573,0.23695906483924,0.351924954694226,0.281234431536296,0.0687463944747602,0.456947789925993,0.364486237136683
"13",0.192272819619246,0.273808116065937,0.152656498606085,0.317502324943134,0.444850864929565,0.491141144475448,0.0424221573086745,0.0566646396050468,0.042698955261363,0.0988858046358341,0.460451260998726,0.304079231808138,1,0.321931179237912,0.278720445805188,0.185317334412828,0.581242227238145,0.622664190668243,0.37017644165107,0.344448347602511,0.498089270100414,0.424483029914404,0.275632950060175,0.33754867422825,0.265990365700471,0.247739286515656,0.0606740482280987,0.313063363510938,0.580975455699768,0.590636534231191,0.615894521558685,0.354295697552838,0.326894076438512,0.00321708312404041,0.459482044960427,0.312303573624904,0.546702419603737,0.360919814049349,0.171498889231692,0.473696111963914,0.313074571698773,0.551752819117325,0.451574721221203,0.249597847581363,0.160994138567256,0.213546964307827,0.179128458162973,0.113284928941397,0.172539986025655,0.240359015975329,0.370310104710118,0.161705910434723,0.340027602538925,0.389674596662494,0.00143303417745761,0.366786329650715,0.585124214601725,0.564819268230484,0.352598355948907,0.287637823804536,0.573380012199106,0.311539827453047,0.488619653515168,0.440012691684589,0.327373153527838,0.185419363205708,0.302814140091895,0.101413563596351,0.00313836759354693,0.480113747656211,0.150425111838894,0.108018240684153,0.256808874348457,0.138796510469708,0.214212817771854,0.327917051592205,0.355617597142896,0.149226216715816,0.415378995512165,0.0250125175865567,0.303400530556925,0.43768101238591
"14",0.184412964488906,0.0478758553769748,0.238523884578646,0.100288075026477,0.280302399052325,0.293502811328121,0.18111547839282,0.0836984092388165,0.128044911964027,0.158410030694937,0.291781654801287,0.194871433773734,0.321931179237912,1,0.146856475921497,0.0770162577003749,0.480471133504979,0.499086829587839,0.376135262593162,0.33546085961516,0.286527121949741,0.438797887967924,0.319232771231987,0.388748656795148,0.165089036814855,0.209297017276726,0.433383533524397,0.357510035653335,0.513950526888833,0.535724031146407,0.536173780824216,0.420726570084765,0.249657058187972,0.133944729146249,0.342201749044035,0.156061827589578,0.229314145971009,0.00814112728803616,0.0545481009543753,0.204389810874911,0.190095708089751,0.23122986310873,0.211856292805514,0.241421695652315,0.249982618684828,0.177441003725116,0.1081244632738,0.0841418338714916,0.0939686352266343,0.277136619935724,0.300807105710674,0.161848926284767,0.360478935867068,0.174158413197179,0.200429731323434,0.21343643991595,0.367242383434604,0.385038812243978,0.499827021313871,0.416030224954808,0.396556889234986,0.343554221668355,0.243982985145172,0.39156591187092,0.265808745011734,0.115397458363971,0.347220904302268,0.321145642133361,0.00428179625754048,0.282549719171425,0.0691923854735336,0.256376322296047,0.333522408346247,0.145679283016971,0.151254965312642,0.324191150907335,0.169043518474597,0.279874672222459,0.204733331209005,0.0520692488946242,0.220846025245892,0.373727480123726
"15",0.119346312419902,0.205742298458869,0.0712695246928228,0.198027489647205,0.292097998195453,0.285503187231975,0.116727117930443,0.0191432625838458,0.078417676160401,0.175068546328961,0.411138843970254,0.379694668198906,0.278720445805188,0.146856475921497,1,0.215648333878623,0.329250788882759,0.388218717866236,0.303925417055569,0.355463611694706,0.33115441373356,0.376292262862005,0.420334024014408,0.187480664888226,0.243132440722188,0.0171562806197654,0.0131809222379783,0.357295691002102,0.329246003462142,0.315465955069718,0.265140469280854,0.4378726993073,0.492166009422502,0.279139544909806,0.367892647476028,0.0531982559602939,0.175490200485073,0.329592135756475,0.293685562059766,0.320622536645445,0.244963106546702,0.157716232664383,0.219131167292514,0.332758395646575,0.0291838891585889,0.209244841260111,0.205806877713573,0.00366185346092247,0.00179372462360922,0.399715889670359,0.427118496980484,0.0548447519617762,0.232401433812362,0.211594708329097,0.0938895025801515,0.177188355822781,0.331144093598384,0.447761309856392,0.338504567136033,0.406132602206186,0.410147754347043,0.479118829528317,0.462732210981609,0.278337304496176,0.275729048239549,0.307424938132857,0.331517090422049,0.142748418974793,0.165994660937241,0.376637061320465,0.1112003446185,0.250596922911973,0.167630651637821,0.0461483195015068,0.133892826636194,0.00806175037905772,0.172360575681333,0.329028756242509,0.258494619553459,0.0310940151150682,0.448942961545071,0.328220030373718
"16",0.125549902804905,0.167453804412768,0.0227826685470835,0.192817580934775,0.2698418494218,0.417017299113182,0.0651046861626485,0.030540730579905,0.130803130035557,0.0762505967056618,0.375081714423776,0.173146204477808,0.185317334412828,0.0770162577003749,0.215648333878623,1,0.325197058278287,0.321521035241732,0.147424325434361,0.17498544908406,0.283341871129304,0.239035810531762,0.306049223710045,0.278342707134573,0.204556009727616,0.0150769064731119,0.016969250287401,0.338085801266994,0.252772875722047,0.213814427937306,0.224728448045655,0.280639664407817,0.297859073244731,0.0810804662683299,0.23123282988278,0.0868455807951844,0.238536860092425,0.275337356046989,0.098692651061075,0.231891120218036,0.154955602246364,0.203016347505085,0.186460349390002,0.268197102107744,0.132422026401853,0.226786729437427,0.0248852425792801,0.0459636302881709,0.0550667164102635,0.214010012949456,0.211561349689048,0.0727806598362845,0.101535037673348,0.216120613624822,0.0344893748576427,0.279809301928149,0.201291747357102,0.361673361727764,0.211025970410914,0.264352179236615,0.266376147108739,0.275360113890772,0.386299997485285,0.235418781805113,0.16186668784767,0.111947355323882,0.179934504046646,0.152917488908868,0.149500860840679,0.323249363663262,0.0584910683881508,0.131052361147387,0.0434813372852235,0.0705329346489278,0.10735215658158,0.0161682061368297,0.11983899035646,0.155254016988797,0.261340873275788,0.129208203431975,0.272363233913965,0.309401657361025
"17",0.317835222650308,0.293011422973357,0.189868920397759,0.359924969804511,0.590225415579042,0.703413258886233,0.184373566855372,0.00890611727519733,0.0212510239401751,0.191959181286747,0.693480654265819,0.394218047826415,0.581242227238145,0.480471133504979,0.329250788882759,0.325197058278287,1,0.778968856538958,0.4825989765001,0.565832215967634,0.64538947128861,0.64243356938818,0.575615998668562,0.699222334568213,0.39572639392187,0.310257582307761,0.293858921977024,0.637778792451114,0.723006562506746,0.70497298038233,0.699834196307192,0.623295324918297,0.5316740799729,0.24133413800453,0.49978631513258,0.290593537560872,0.471835493740748,0.442870845958158,0.0512502632772967,0.491303746297148,0.384437268252654,0.487640611234345,0.427651227930563,0.533611978761193,0.252043005252097,0.34847638304445,0.16313771222971,0.0484324123138404,0.00282881340714455,0.51873887975687,0.57561418068557,0.0714094597774552,0.375086780888536,0.487156237399142,0.117744993598831,0.58808428360497,0.611378813803052,0.777572768866659,0.693863679711469,0.60522747912869,0.677618094006799,0.625660290740669,0.673828570255349,0.544106634792129,0.503747432575734,0.343209786537722,0.502385395008879,0.371242864516108,0.159483173797838,0.611146628784064,0.0359454758769914,0.313609086372303,0.296801923816481,0.0184078973783543,0.245019244273808,0.27316414843182,0.353807543441547,0.352058820542238,0.547774426979238,0.123797855768772,0.490472766850958,0.690832505807861
"18",0.157109532423603,0.337273079883982,0.15829075938997,0.393084987416561,0.589964948998177,0.660566566235839,0.24913914891197,0.211667763818367,0.0540476652113895,0.222972597829168,0.630241177622212,0.457611872088027,0.622664190668243,0.499086829587839,0.388218717866236,0.321521035241732,0.778968856538958,1,0.55357959358122,0.574565212219525,0.721900192769679,0.658419396291005,0.540548893630886,0.522927985009298,0.385122856882396,0.225172388367578,0.292982549944115,0.605702227794858,0.785735081042282,0.798271959571495,0.820935855699946,0.669874954141504,0.517056980574548,0.20101265017822,0.681827116561796,0.415777758941203,0.615120379422504,0.392743325860069,0.236217332690369,0.634574036929857,0.450046226662408,0.629026748622162,0.562933929055102,0.448428513681331,0.163321759741118,0.385351262236668,0.229964884698066,0.0675516555230531,0.250245867985764,0.449351390977633,0.518397259757866,0.0829572631961654,0.518935996624053,0.408688119575692,0.0274633344857695,0.445582815365495,0.730164333390327,0.806045723603068,0.63357339803885,0.574092796899095,0.829112881757656,0.561546014085483,0.675629057427716,0.577804801939437,0.476723240972041,0.220459518364612,0.592407476866853,0.217498168907046,0.012506065673976,0.676355238707519,0.0912665183892752,0.307809654934032,0.444001596648216,0.0940236570767519,0.289516910050929,0.420399693401463,0.480481206049775,0.531679330614893,0.523195825085831,0.0256435256557089,0.508843451463651,0.647113690532825
"19",0.152380985857088,0.246366336368722,0.104173054171813,0.22864595317421,0.361462885578536,0.33189278146255,0.2537062265934,0.0255031033712194,0.261112168863249,0.0867389524805516,0.359132874433892,0.370378805189757,0.37017644165107,0.376135262593162,0.303925417055569,0.147424325434361,0.4825989765001,0.55357959358122,1,0.436399410131821,0.46657981409873,0.423283424788799,0.374905928780807,0.205183150484281,0.216532027117962,0.0874903454368831,0.141270510015878,0.424861781124553,0.553202654460679,0.519614820608008,0.485256969645789,0.43356941997798,0.395970554715099,0.216099306273864,0.467943303537108,0.227375474450221,0.371163734811809,0.248387382914562,0.340193277142936,0.387398080792285,0.284244419951975,0.411983730330362,0.36393887240959,0.2291050790507,0.0766601438357023,0.259629966040264,0.219470283400192,0.0472837414968391,0.120935950661044,0.324936094276716,0.475104016560389,0.0141093611214239,0.313820470651702,0.24792612690193,0.0466762525117011,0.0905887881569435,0.46324646779069,0.533801553216311,0.505042722173994,0.446073273307394,0.486180882854055,0.365417263457605,0.456018291980774,0.435077745451542,0.276993758377777,0.194011786029819,0.330764715399286,0.128428258442756,0.0610722090324875,0.399020370938148,0.0470701683077589,0.200883317804552,0.450627852294119,0.0489778575047621,0.178144163015418,0.215856749956354,0.261015295948682,0.347265733683314,0.32312297851244,0.0294936871971484,0.482533257871747,0.347949384810314
"20",0.247834167880465,0.198270453935174,0.222211515627692,0.217047823731108,0.485530737071459,0.445601444052987,0.217512731408228,0.0893308781678657,0.0177834137492099,0.218924411095767,0.52063355192873,0.401524652324536,0.344448347602511,0.33546085961516,0.355463611694706,0.17498544908406,0.565832215967634,0.574565212219525,0.436399410131821,1,0.543635655108608,0.535655100990777,0.581944084833499,0.458808004068782,0.280290541946204,0.0482458082504979,0.279320432934178,0.602916697249556,0.543467495770657,0.453244470753935,0.415455258654221,0.630625765118528,0.529883698323325,0.38442760711707,0.44801877107083,0.138707119558397,0.269236091007839,0.322784194520549,0.130829474646352,0.362125846416519,0.3571191681938,0.205773920427594,0.288032082490246,0.481739601204509,0.138311807668642,0.267221873970151,0.224275736537108,0.0247557274052174,0.0230364890190488,0.564781479196335,0.554751432022392,0.209549115816991,0.335239078532338,0.279212133278309,0.176960627179838,0.380428300562227,0.474313399199756,0.59322648260706,0.586129488307114,0.623934215906034,0.571108344395103,0.644151321867822,0.558567884502546,0.28839785930245,0.500530537830019,0.366945255439524,0.429812347571507,0.315562687958977,0.223027045026414,0.472024778919887,0.245734020690599,0.344419981921263,0.393176369169116,0.0261430352984019,0.209341950628314,0.162570993418304,0.223767912603627,0.306135577339363,0.341791246161695,0.0716950142730497,0.510312452719643,0.57358562422162
"21",0.179525658314902,0.366937645163034,0.0767580399073991,0.3837507451254,0.534172649680613,0.60062325805218,0.190104334050317,0.139494109323261,0.053449663965565,0.161261884016207,0.59996107320228,0.381230549151898,0.498089270100414,0.286527121949741,0.33115441373356,0.283341871129304,0.64538947128861,0.721900192769679,0.46657981409873,0.543635655108608,1,0.501566619976986,0.495034594941097,0.438891583044168,0.339754008986362,0.154971367663298,0.0857727181173392,0.548307066854665,0.636967190748565,0.571750475327328,0.586038509664,0.571534992297628,0.493716536687038,0.199454525521343,0.559672462751259,0.321446617199279,0.524023957308732,0.451625065676221,0.265140834441863,0.574280379667206,0.352994393345821,0.563004320489134,0.475204684295983,0.409731374958038,0.0663424173702475,0.338081755416333,0.159556223276653,0.0345617840641759,0.137827526441191,0.364919133151446,0.48065047504922,0.0758755730332336,0.31446435700127,0.460041218443638,0.0110179077766486,0.446335279796413,0.61674365407477,0.697194538607093,0.492793940093135,0.464435995539443,0.687779980008267,0.492722364693308,0.633946401877033,0.423408141164507,0.477461532663657,0.244028400629775,0.408422082193827,0.127250168584122,0.0584024716711726,0.576949012766271,0.0543262086792946,0.233138722523659,0.304557390651928,0.0516974365437969,0.264649832065655,0.265820637341102,0.416655552673076,0.361702248768882,0.501483028795867,0.0705814288959947,0.459698001835041,0.577410580908491
"22",0.220770733822447,0.184381318150114,0.195481701191949,0.202868331732169,0.436591660400453,0.456052320049097,0.232400331509853,0.000137083448485391,0.0563502545739875,0.203996121785974,0.558460489674152,0.378613126486428,0.424483029914404,0.438797887967924,0.376292262862005,0.239035810531762,0.64243356938818,0.658419396291005,0.423283424788799,0.535655100990777,0.501566619976986,1,0.550682915775239,0.516930093674032,0.356380539271522,0.224471863204986,0.295207611184271,0.581077398421327,0.58446294809523,0.565999431807165,0.538131593630561,0.627166856145108,0.568965880232484,0.312528677933108,0.46605794964282,0.152585713654912,0.282548078002108,0.261595888378204,0.163464611860208,0.413884397311686,0.367914310361931,0.252797822236979,0.29193979998401,0.442710813101136,0.150795645483792,0.308243654379338,0.212792021965561,0.099811042181285,0.0249757585128636,0.537882938903983,0.49728648150315,0.134604929509911,0.36827564959094,0.360652950621212,0.143727361158727,0.439431454559593,0.502965519997674,0.662329869340361,0.616564167129782,0.589007831612571,0.602551398955622,0.603761302954377,0.539493890971335,0.420944580448215,0.477347655350336,0.316273948338289,0.502083957566609,0.378439205263866,0.168949382535528,0.482851837226351,0.152858362886433,0.353432449585866,0.33698360056849,0.107134718133587,0.234316158464438,0.23066481939287,0.224375787048346,0.40389710174321,0.412134144857349,0.045933501386028,0.463772234796658,0.600837738774967
"23",0.235019692894981,0.190727007528987,0.206964609028869,0.202805686833106,0.49234734110353,0.555222330490896,0.181167524351991,0.12775156599292,0.0165250103168271,0.29512435247796,0.562234992739934,0.419015644098732,0.275632950060175,0.319232771231987,0.420334024014408,0.306049223710045,0.575615998668562,0.540548893630886,0.374905928780807,0.581944084833499,0.495034594941097,0.550682915775239,1,0.532317060693755,0.301685526124752,0.00876935241960296,0.219168827994433,0.66972368399259,0.500877524607288,0.428345867676135,0.384777806815374,0.663496368136393,0.633767096538136,0.440719869612661,0.427066163656338,0.0478257408388643,0.152619844739183,0.306839773366098,0.105143676842059,0.342505132263548,0.327253130565369,0.113355099280881,0.196748000298848,0.590759793564161,0.208909619496381,0.338908583389054,0.253563290680513,0.0354327395226534,0.167838151457868,0.58933499230976,0.491923657874075,0.150455889644143,0.235145472528195,0.327728181659124,0.200406623527622,0.392072193705496,0.408169346445984,0.621979709702092,0.606157278851502,0.702363400342479,0.520375084442309,0.717756664522554,0.636001767196144,0.328828289505061,0.50216658232795,0.362457994778106,0.479887720488047,0.375468053369763,0.322424468511935,0.47399681221097,0.28278741595346,0.378360292084822,0.211958782498249,0.0628170716641464,0.217697821656006,0.0493051472717509,0.142797269073055,0.374386355187583,0.412229870710241,0.0609521472959599,0.5448030621755,0.587966662913405
"24",0.276517567142054,0.132999076075502,0.182554788552723,0.232356045015121,0.421075201629969,0.577835560952973,0.113765028620965,0.0735155222313624,0.12697013574655,0.211943809871787,0.545080861192139,0.265812800346655,0.33754867422825,0.388748656795148,0.187480664888226,0.278342707134573,0.699222334568213,0.522927985009298,0.205183150484281,0.458808004068782,0.438891583044168,0.516930093674032,0.532317060693755,1,0.293723654420275,0.221100028329128,0.361945818816926,0.564495062157286,0.478641864977112,0.481666340728481,0.458040049739826,0.546425983238619,0.403675310595172,0.239717866045889,0.282233063832201,0.105562477548551,0.178622435069621,0.201393510210909,0.177071918857408,0.238097266165693,0.280597102071362,0.161121706916975,0.162671572829134,0.485322872171627,0.305536759118611,0.239162609789285,0.100055204554389,0.0251437706112656,0.102173505571335,0.479706908677881,0.416871373696625,0.250082931195121,0.204826402450647,0.363749680172612,0.196044022589303,0.558752650636284,0.36895571569245,0.59467545193139,0.577322935195002,0.534480157981325,0.465626595194053,0.585027615306615,0.493244249533318,0.309858878697349,0.449820707643676,0.310014684175696,0.379756242516361,0.448654945805707,0.256301143471937,0.481909261190909,0.21756890668467,0.300647948638181,0.114703511792877,0.0228002481071813,0.22527587147115,0.15153633458018,0.169801756826413,0.226225527108621,0.383306163305343,0.127480298268503,0.32886177548713,0.616636311084094
"25",0.129903309827264,0.0945668650063594,0.149106364305944,0.161318236237106,0.307987435958217,0.319160076548496,0.0671167365755068,0.0541263203669524,0.0267723346695381,0.0986337856988355,0.398308324053599,0.284326090984332,0.265990365700471,0.165089036814855,0.243132440722188,0.204556009727616,0.39572639392187,0.385122856882396,0.216532027117962,0.280290541946204,0.339754008986362,0.356380539271522,0.301685526124752,0.293723654420275,1,0.26559247201533,0.0643500664260963,0.424971493520454,0.331416571659159,0.265943567663214,0.312898851279286,0.385446580780734,0.343599892267159,0.183039897492835,0.318182489203145,0.0912148701036556,0.257628107291307,0.301612577408513,0.162983108146953,0.292795126811944,0.213654421151649,0.210510169299261,0.255727028742917,0.328719029574975,0.00581053527212914,0.185665101839021,0.0806751342415433,0.0154974418581879,0.0301468614451122,0.348423888408665,0.334856513240077,0.032334963103604,0.256792523616695,0.29914921626741,0.0850742582465805,0.357511145517124,0.374185978675813,0.452577370594029,0.358983967712862,0.299093850613083,0.406883946553233,0.394151463927197,0.396112010226907,0.250296647557044,0.24623908770986,0.278886475782883,0.27990007117439,0.194930992288881,0.124258656439954,0.303379991656583,0.0209022559286604,0.20364199064176,0.196817224722927,0.0264527829179235,0.15732988852399,0.131418145591063,0.265163146501881,0.219981751381377,0.312410283192216,0.074549238811173,0.281461817164231,0.397961731097607
"26",0.160292017739906,0.0139907046257384,0.116275007871743,0.0693967740682212,0.115642723022126,0.130142305969024,0.0339421379303655,0.0588659362558094,0.0153676796643575,0.0195184570894654,0.205262911578288,0.0577139162938017,0.247739286515656,0.209297017276726,0.0171562806197654,0.0150769064731119,0.310257582307761,0.225172388367578,0.0874903454368831,0.0482458082504979,0.154971367663298,0.224471863204986,0.00876935241960296,0.221100028329128,0.26559247201533,1,0.185865073102971,0.122069079599288,0.198029672700632,0.212757901593082,0.277438249451941,0.148939247937421,0.0735698665135999,0.0829427303476133,0.0772466686093204,0.129803815874098,0.182155116536507,0.0910485095865639,0.0426813514060323,0.122453001588896,0.00105812111614515,0.14805518106988,0.198283195563181,0.0182552482387591,0.0105998042299666,0.0350202430129928,0.0925127937302159,0.0561157627090141,0.0134387930910625,0.121756788183378,0.065897607914951,0.203563914265167,0.165499498336994,0.269603409977053,0.103786480400443,0.42736622589541,0.251488344636765,0.232249605187018,0.239094532954184,0.0486911016899393,0.197471349038858,0.0905661398071936,0.100693243669164,0.167884166377722,0.154555674371128,0.143109860113196,0.177347940704298,0.240757680588123,0.0744660718885348,0.0402667511171453,0.123596991595872,0.102711337722524,0.115536933344593,0.055531510780157,0.0402113193895956,0.24380003394027,0.0582181915636344,0.0240558512436409,0.217888400631282,0.0174458830366488,0.00377936229937703,0.249492398502763
