"","1","2","3","4","5","6","7","8","9","10","11","12","13","14","15","16","17","18","19","20","21","22","23","24","25","26","27","28","29","30","31","32","33","34","35","36","37","38","39","40","41","42","43","44","45","46","47","48","49","50","51","52","53","54","55","56","57","58","59","60","61","62","63","64","65","66","67","68","69","70","71","72","73","74","75","76","77","78","79","80","81","82"
"1",1,0.0347178975751216,0.0292560606060325,0.0838346074168404,0.155724974215512,0.152407962516624,0.0428610817539957,0.0243427705087728,0.0629953953604596,0.129817448450894,0.179124368482286,0.17213615730135,0.10979787958624,0.0816953708507762,0.0705300858574598,0.0921950750110878,0.212799563749109,0.249748729005855,0.105221559658005,0.156245839453773,0.182477202911494,0.183913176558279,0.180620906815377,0.0183657825518068,0.163438414947244,0.107203838708768,0.085293954105462,0.150924328282086,0.0904337393866513,0.198328072259394,0.0986125912782631,0.188834177259815,0.139249325989928,0.192020545576551,0.131938871897265,0.0657043535144782,0.021146046584048,0.098521049183911,0.0130952278410617,0.0878402397556904,0.0388431286170175,0.038112911422225,0.183750128559709,0.147000018570427,0.113698431456567,0.0671722681300638,0.0785580321501895,0.00939236550513432,0.116437187187638,0.183810829877852,0.111703186714059,0.030025176113723,0.0204973296229262,0.0881555787259177,0.0520102703584416,0.145705200187107,0.131048509582179,0.186554903902285,0.223523332493507,0.173337280159612,0.154400899026763,0.214254912172477,0.182377300354247,0.0841055112192598,0.103919952163073,0.102428349095309,0.135753648955108,0.10352713800167,0.208346259082525,0.0491551203099833,0.0740170681018254,0.161029831013728,0.0261245092253097,0.061814310247663,0.0259105964462108,0.0104303735151284,0.0198216878186348,0.0899804585864415,0.0987365339052179,0.0598436448384284,0.21719508571821,0.117578068977412
"2",0.0347178975751216,1,0.0478928060492278,0.301810043499281,0.196877249117662,0.0779108450526631,0.0152546520975607,0.14876059192612,0.162037383159735,0.10776874944593,0.144183832767012,0.189695699714381,0.0302181136127089,0.00125152595138771,0.0490781570116369,0.0152521013774672,0.162516257821494,0.180231516489375,0.00510678682466031,0.120325023879696,0.136162123528714,0.167376327454279,0.0626679819415427,0.105018990970618,0.11448911803658,0.231948810966119,0.0385284841673034,0.153163903080806,0.115136701263049,0.233036952866476,0.029171398028731,0.155394636065217,0.156509207096052,0.158636678103406,0.147391556511803,0.222256498043259,0.0827225503105904,0.00273587947157603,0.0317236269574138,0.0955523936942827,0.102961467504234,0.213162603648569,0.0646721856468916,0.12562328623921,0.0958904559944549,0.065417280637046,0.146005669062071,0.0283915043495216,0.259518372278618,0.198777789178198,0.145974622632367,0.0524879544894639,0.0557124787441434,0.0179087940540498,0.0865903514885551,0.0738044819741688,0.0887568508890937,0.200074256981002,0.186577379682465,0.191928062753329,0.0226623196633384,0.129916593429026,0.287069088864199,0.0751802405881151,0.154419993758952,0.135139056118061,0.189433733079077,0.125726447918177,0.107691809237209,0.00178361222527627,0.141116420396323,0.191210910592582,0.116666639078196,0.175215993741608,0.00853050585409444,0.0166082649022398,0.108988668555093,0.0419906996254907,0.254229774347272,0.249057984155765,0.194703431057338,0.220149552249643
"3",0.0292560606060325,0.0478928060492278,1,0.132602346861751,0.201142501395523,0.16410241621605,0.238517300580079,0.0721833243646135,0.391456103976586,0.159088203480805,0.276620107570318,0.283015779016671,0.254585664435646,0.0818150933241197,0.199999566514267,0.253685204063402,0.390333042660246,0.229988815667048,0.396324801251941,0.230997416881759,0.27090729435787,0.212605938689413,0.34198249415989,0.10887319234654,0.417073471517729,0.117798181518829,0.351289443808073,0.405659172305919,0.112225515922458,0.137114765841606,0.0302163032999576,0.363992474410568,0.300588198075328,0.347824084800648,0.144739741639929,0.0737236594458338,0.132076717670934,0.118012829141159,0.126073736162141,0.21488383869944,0.142545856444079,0.235309161421745,0.35040691193742,0.32825298466733,0.0712832415106694,0.257285301788954,0.21773036512573,0.105916056453617,0.229545812136262,0.346686388729143,0.311320664502769,0.279225658607837,0.19860830720666,0.278200918359088,0.222366959677933,0.150272147987544,0.305031597159493,0.124840490716238,0.255046541054669,0.385504846120421,0.451971625494255,0.443674201074797,0.249824710605175,0.245777236865276,0.163823206942322,0.236493328471641,0.241811732264921,0.325617440652318,0.0918270210001507,0.206352734438581,0.331848098778796,0.287874476459245,0.339534866305724,0.0586132183560942,0.255043885436552,0.250050079073346,0.150222900412457,0.243422299041267,0.303787204932445,0.143663031697828,0.225450145941861,0.287770197219959
"4",0.0838346074168404,0.301810043499281,0.132602346861751,1,0.651140624470944,0.227992412565727,0.0935461960415026,0.545542116631586,0.110449612927074,0.314583950251221,0.274669379990531,0.577176237892901,0.0146645907836622,0.00676863301251182,0.278763886194145,0.23543182920107,0.634842788265042,0.457480501456772,0.27672089754207,0.467692596371349,0.407042819077825,0.430202236314095,0.33712957496392,0.245902102837459,0.54756566166254,0.230676085516662,0.568106319042937,0.628439252859319,0.223813820439554,0.531830766925066,0.220837153535506,0.564849741542044,0.503825794113364,0.624323896555798,0.209087512943137,0.515483508344974,0.0141351005157814,0.342270950612444,0.0142745199034793,0.0660809181950396,0.342022600507921,0.59227274966361,0.377878489695798,0.448196835269708,0.327023480715558,0.225305896961872,0.352053896899194,0.115512687948096,0.753259407302319,0.585399020039264,0.563332602190328,0.281194121770255,0.295766823729426,0.205099763432788,0.44868294516491,0.00317453957621714,0.481082975867074,0.577178524408853,0.495272112541137,0.615579338793711,0.350988511614739,0.46160006430611,0.64526927476366,0.423144472744162,0.341311724521409,0.261597527886221,0.595905062908312,0.660108281140026,0.0371851845636043,0.268247504272357,0.0331140933893444,0.61970214767993,0.179690611226414,0.552736335327799,0.0166164374601382,0.137188321832119,0.551833362101856,0.276787524871741,0.614551514132335,0.536398516096548,0.420946184558545,0.542139732213016
"5",0.155724974215512,0.196877249117662,0.201142501395523,0.651140624470944,1,0.357769933655362,0.143257927234051,0.434922101579835,0.185463984115227,0.351090318820591,0.369047252334996,0.597762092353076,0.0945754492492628,0.0871439287154045,0.250658869081159,0.26103767671419,0.630285899186406,0.52742028157577,0.300946128353789,0.457612966447635,0.456849630599808,0.412791347893175,0.407066491095123,0.227764158423929,0.568131466356761,0.265140889397964,0.481606626072665,0.642773759659671,0.275089743086094,0.517939581153926,0.22485741666338,0.546648274680852,0.50467550467943,0.62864926617008,0.269798188076895,0.365908380686904,0.0788965517216185,0.195585504781795,0.00734303754316941,0.0119539813552247,0.325680402744267,0.570635744021858,0.446491337115666,0.552567993483414,0.286654862966964,0.229518893868162,0.351526287396893,0.158468251729141,0.644231569292775,0.62944599853643,0.541781280276191,0.247799783587881,0.377780100611305,0.259758667171435,0.35447152680422,0.120102648601003,0.502079474303887,0.529992676265631,0.540697947082861,0.651861000430299,0.462146305601477,0.5807733037965,0.646363295565918,0.445587203891295,0.417506373122943,0.073649680481737,0.584577841311231,0.576410568641682,0.0540760051486775,0.215625112934458,0.090503435482494,0.618675449855825,0.133748784940222,0.479886000412192,0.0687980903935783,0.164613563234924,0.410946444732919,0.287837465629571,0.584187815006258,0.450554835620855,0.461140464378977,0.543544447128705
"6",0.152407962516624,0.0779108450526631,0.16410241621605,0.227992412565727,0.357769933655362,1,0.00109817375749377,0.166712290952415,0.196509592586797,0.328927293300076,0.363196398912216,0.309086563018075,0.235684557670547,0.202921375072936,0.121116656620081,0.0410836256940811,0.496099324720394,0.55317312793321,0.268237622864842,0.313562537496106,0.393826870528081,0.391868558716402,0.430644755645526,0.0149216959041358,0.325655468289277,0.169141228657807,0.292074906884657,0.409419173321451,0.365116514624556,0.474529039545102,0.320836615080299,0.402847975702405,0.374185929973566,0.341128117605786,0.190844825481972,0.14016005009535,0.137182671827632,0.00702922789777651,0.0754008144349487,0.190313433589629,0.23795278074578,0.191786441769536,0.260478372024562,0.302235006671515,0.279625548886626,0.13676624175306,0.149332238673373,0.000925166813508472,0.304954417874575,0.34465930585486,0.335187347279615,0.169989735419919,0.144136820994215,0.213822347721816,0.176427693716376,0.206824987208188,0.348937880633903,0.459484929858022,0.460065084402296,0.438897317625942,0.350104322267335,0.452618754578333,0.392405014380348,0.27072496825062,0.28547623679864,0.140975947626635,0.291447057686006,0.273062780207711,0.100071190501445,0.09928812049085,0.187974199111699,0.353761352440827,0.100971198255867,0.177455272520306,0.0642531140906392,0.0148102771030343,0.087852228138277,0.170997954093307,0.349796950862368,0.153385062663298,0.228463958596784,0.306460190546557
"7",0.0428610817539957,0.0152546520975607,0.238517300580079,0.0935461960415026,0.143257927234051,0.00109817375749377,1,0.00567441666240269,0.17604025448222,0.081484675648792,0.120933853277858,0.173921397054171,0.0494312831789327,0.0840227480305745,0.135938112651797,0.165493065525671,0.190325238017628,0.122569257101238,0.176469149960545,0.145380072644356,0.160011994384971,0.103762288545946,0.188718953786962,0.0905665903962957,0.1861977138301,0.0470542600669533,0.145663249728009,0.198034645503222,0.0509948431181161,0.0887833717676359,0.0338592598493679,0.182915529716403,0.215531270898538,0.169107797420189,0.114061702751039,0.00188859750135684,0.0360879572090529,0.030530289795433,0.121754337913159,0.104440029222845,0.124812789067886,0.0633206985093402,0.163700621510619,0.199513373099748,0.00663937456821308,0.137804194433629,0.114453299138383,0.0815370091540521,0.125235979570361,0.199437877075949,0.149147129343668,0.100300850755808,0.0940886665465734,0.16393339762879,0.0680028625804786,0.105240168095398,0.116782467893952,0.079341424364026,0.183654583213429,0.188807424588205,0.213968973566003,0.240203260041171,0.157838656645225,0.115678079175069,0.1298924236058,0.0737498512407701,0.206130714017014,0.191956534417453,0.0461387140726402,0.153856652617108,0.135875922663931,0.186897296651139,0.166703862354836,0.0516358338503802,0.131648501686779,0.143174777738232,0.0504440779503739,0.175939278719408,0.120231577881119,0.0653905992913798,0.164749028469648,0.163462457918056
"8",0.0243427705087728,0.14876059192612,0.0721833243646135,0.545542116631586,0.434922101579835,0.166712290952415,0.00567441666240269,1,0.0727865650165578,0.225178944800402,0.178251147380994,0.352849355384754,0.0635193509926983,0.0778988830195943,0.0649676820450209,0.18851646235704,0.412112601778495,0.335080218462468,0.0728888633043584,0.212299117396278,0.280758753095383,0.27954504249226,0.154878059488978,0.36055835401667,0.304681462004349,0.193029986801981,0.344030642458906,0.355551127227743,0.0895696231419808,0.405206893989011,0.105609903889114,0.337918081390775,0.266512319669771,0.385583222917918,0.170067661436735,0.325915723091435,0.0313799041929299,0.206923910990752,0.122828913666848,0.160661091992596,0.31633094226252,0.576216610241863,0.195841998675906,0.302336972489299,0.211049111789154,0.0568598855144571,0.192988281518651,0.0699159722542244,0.531998876470694,0.290557841394988,0.313034413343937,0.0793392222971714,0.149765969055697,0.11161756615315,0.242405212220591,0.0419260196429088,0.28688998471471,0.31966419537367,0.225024262869789,0.447748154268772,0.180643258538939,0.296219034450977,0.416033426603571,0.230897083615768,0.1594894905558,0.17420916255924,0.380623291270482,0.403914508046751,0.0959701129453139,0.0155562320626383,0.0117258511330096,0.444986791152537,0.0482693081937494,0.396158525142781,0.00670707508313341,0.0504003685077306,0.304960530038801,0.20933890103478,0.46561304086791,0.469012252710039,0.301723819961021,0.309675826310972
"9",0.0629953953604596,0.162037383159735,0.391456103976586,0.110449612927074,0.185463984115227,0.196509592586797,0.17604025448222,0.0727865650165578,1,0.0932154874720914,0.0742552004751658,0.182916051721475,0.140324728744996,0.118165356170421,0.0966048662304103,0.0934371370766801,0.299767386407847,0.136660475720763,0.351213705285287,0.16080952990347,0.209684785399863,0.123525618066805,0.30769486937459,0.21699907189731,0.29450141427663,0.21537005216533,0.384463612131948,0.364785335234713,0.191913949992509,0.0686069839155458,0.183777153850227,0.25429135181945,0.265859134497549,0.222974485811442,0.0290155493283985,0.0698242063451725,0.0651173649023779,0.215250545043774,0.142110388527602,0.257870564295243,0.100335320080153,0.0304925840767346,0.267896638696914,0.171655658328385,0.0674554073429657,0.18440180920187,0.091550011034234,0.0743373555351739,0.201331257888823,0.195533231809105,0.317045021776511,0.357554093964513,0.196517922701994,0.129595547907575,0.108919806074724,0.0814179553945621,0.286478224061484,0.158616564767045,0.213025017855047,0.22770372972026,0.288710550792383,0.266082262382156,0.00666956937952608,0.257652307406996,0.144162926122446,0.0713098537914466,0.116468898818508,0.312407582339285,0.156769970934598,0.193799873457721,0.296527435105472,0.156573073027048,0.312241895175051,0.053372110363336,0.222061873971788,0.242343546489993,0.20996846078703,0.106668814115177,0.089119622294938,0.0395043128397777,0.0213112831583859,0.0560649822815297
"10",0.129817448450894,0.10776874944593,0.159088203480805,0.314583950251221,0.351090318820591,0.328927293300076,0.081484675648792,0.225178944800402,0.0932154874720914,1,0.31650362654932,0.351240664325811,0.246660771577154,0.101360468860989,0.142453898353918,0.110668150321837,0.409968635580627,0.392545711438748,0.241079251805467,0.287929804354124,0.237620867088903,0.243181615197273,0.248708497788771,0.0388834154128284,0.272921730706515,0.0978662555909096,0.258895921153719,0.369810026027573,0.191794839220632,0.399234236396345,0.184406340327725,0.355358295969468,0.314071084023063,0.375055688824448,0.201198375002576,0.127861411885033,0.0408760552373672,0.0743013880258587,0.0443921699354502,0.0667543787782703,0.248333204557778,0.256814786775914,0.255954300389736,0.299566888734864,0.227315507832094,0.202158089230514,0.214941880282458,0.0743900219214291,0.333581659682516,0.310999326754559,0.315135629193969,0.130600340830608,0.130448371610229,0.298385768187727,0.265664813057724,0.182688069478102,0.32772278997486,0.382822126241547,0.321995439465135,0.444396872211492,0.314507681129942,0.365072152833639,0.409803639687034,0.229506395742147,0.27193475189277,0.00524794919045454,0.298119069414184,0.32794781355737,0.0931930926058097,0.14895995560347,0.140392090950333,0.354096183814608,0.059869119819501,0.183066294230576,0.152214054837128,0.0598987622425415,0.178093301128324,0.177319283067279,0.336471702957091,0.271558908018882,0.306937275189158,0.231546977512075
"11",0.179124368482286,0.144183832767012,0.276620107570318,0.274669379990531,0.369047252334996,0.363196398912216,0.120933853277858,0.178251147380994,0.0742552004751658,0.31650362654932,1,0.417646838374279,0.239672478993038,0.026185636123187,0.280323563481535,0.244777450976296,0.512042664638191,0.483766449209324,0.320670069549243,0.452142402537509,0.396636487668766,0.345166797624863,0.468254425610219,0.0529707895459832,0.405707773347443,0.206679065411071,0.299332757258801,0.473513153418812,0.296562285683469,0.411263832935738,0.202783694154099,0.502258589119439,0.453421923352039,0.386112693172088,0.298329510678954,0.155962524949637,0.122283271821194,0.0215577155161056,0.0903406896183753,0.166783242279258,0.273348302038234,0.305984624754059,0.327755104321851,0.414302123465462,0.228180951838756,0.227008582919972,0.224920596440631,0.166515946160296,0.337974664756725,0.462613717974644,0.417570815790866,0.200153476857571,0.227985571294726,0.298693183078236,0.279261554096098,0.344245463433105,0.385401969290869,0.414781180624252,0.504970539790895,0.483971328531684,0.447628422797671,0.570329572984473,0.535490271703535,0.295992309013559,0.334125301778933,0.167540730135906,0.409684348415104,0.364275642293467,0.163000022406197,0.20410470887805,0.196392302643837,0.382203498588672,0.172935215311662,0.174453393216087,0.14212734702619,0.0547351668058138,0.189462691009051,0.215120483010441,0.377619086325736,0.272614511200627,0.457196268549221,0.407361972622401
"12",0.17213615730135,0.189695699714381,0.283015779016671,0.577176237892901,0.597762092353076,0.309086563018075,0.173921397054171,0.352849355384754,0.182916051721475,0.351240664325811,0.417646838374279,1,0.144603618356702,0.0233818508828831,0.323820903527012,0.316991777179497,0.659691508997982,0.535660303065564,0.437301093151267,0.496066310746119,0.446995512508231,0.474738166055694,0.486062080442624,0.0792242773208243,0.554535697933512,0.254934103557355,0.50232117609401,0.668176503132615,0.299357757531097,0.502634680943279,0.240783359711189,0.580014775101371,0.562278003221568,0.605423548226948,0.289171649415475,0.287683815112974,0.150773372072357,0.219667418031134,0.0494414107917049,0.0130245109427785,0.411374337480518,0.532862715301273,0.399297404595114,0.582097949829483,0.302693953504093,0.348176741321051,0.335491743047058,0.112165768048231,0.610098743653979,0.624773576565346,0.644351924619595,0.260984248195113,0.269981204072681,0.298430997366303,0.348246884980463,0.219216908010546,0.565335376131369,0.541612003744228,0.582896978795647,0.666759697123816,0.505984979365995,0.599321547354357,0.633471761184427,0.464802341712852,0.398616259016663,0.0247720995227885,0.591190344381926,0.578743581960719,0.0477701164637623,0.209703142359205,0.16438656723257,0.560097215465957,0.204901684856924,0.419090042411416,0.041530100143713,0.172937634017567,0.353838607394963,0.288406020945618,0.572604620610079,0.423681825313558,0.512437552903986,0.554615478869762
"13",0.10979787958624,0.0302181136127089,0.254585664435646,0.0146645907836622,0.0945754492492628,0.235684557670547,0.0494312831789327,0.0635193509926983,0.140324728744996,0.246660771577154,0.239672478993038,0.144603618356702,1,0.10313169520924,0.126809592614764,0.058640687317688,0.233187663208789,0.214012642794336,0.173625398639533,0.175691355227208,0.188499019519529,0.190779706613574,0.277655306481193,0.162303114616759,0.225907789215287,0.000981096591862759,0.18422270220206,0.186579915518662,0.208305491919328,0.194796447335252,0.169587924046807,0.199325886739805,0.231917388105607,0.163880325146553,0.17550241894636,0.0331593429412773,0.1078613572924,0.127012434577625,0.0034278051534105,0.216804720157592,0.0710275992596032,0.026967802699051,0.165664600326309,0.131990302132275,0.0139681544787533,0.141266606127303,0.117128841586528,0.015352429832091,0.0785548232106225,0.18768276998941,0.16966413076949,0.109136340602833,0.112078171131977,0.241548536997698,0.103580636669763,0.189468566375089,0.20853496419052,0.179744170728212,0.221374040422977,0.195108626308712,0.291991833629764,0.250774916595094,0.183921320904991,0.150307959393955,0.15086953881039,0.190206231736514,0.140546671141633,0.107001768656648,0.0856369735077537,0.167653555890309,0.270496626690899,0.137428503150003,0.150959605402525,0.0246332989998032,0.167987136240098,0.00535417741544287,0.0240011834265223,0.0730085359814248,0.104824141750939,0.0309961954642719,0.134938903294235,0.144429147458274
"14",0.0816953708507762,0.00125152595138771,0.0818150933241197,0.00676863301251182,0.0871439287154045,0.202921375072936,0.0840227480305745,0.0778988830195943,0.118165356170421,0.101360468860989,0.026185636123187,0.0233818508828831,0.10313169520924,1,0.0467500820700143,0.295997318213083,0.158794598238607,0.315714843449876,0.174513523416798,0.101654217726971,0.0557357636294459,0.277371399687448,0.207659366389985,0.27387254823687,0.0134692389938879,0.103753123289896,0.0845451508909135,0.0834189510472602,0.460529281604415,0.308358138375674,0.52067699700263,0.13968153678594,0.187307828588336,0.0120001313813537,0.0440836576576146,0.0703966503872767,0.0326220357879543,0.00828223308298206,0.10146722577723,0.171731909628256,0.0882818614897953,0.169321098199688,0.0992434924628911,0.0853583207537,0.235997340841288,0.0426273185973096,0.0807959599447246,0.122910511142058,0.0025752917374784,0.03094380542596,0.212567497316211,0.169450659436109,0.0558945889979478,0.0921059452719019,0.0201521482297078,0.0497709181611964,0.121491504855056,0.310067462744323,0.240844630150927,0.0657927424727659,0.102720235032773,0.0483055322896983,0.0291936539139662,0.154187925874827,0.155071657955738,0.015549605811482,0.0222801450956647,0.0570340487263253,0.0942873182968807,0.036052876058047,0.0728136101425948,0.0106784018748214,0.113241980910259,0.166213965851607,0.0589558881628181,0.241084361678763,0.0577566113873647,0.0301979711101585,0.0279568556734641,0.126086049042493,0.0588053728023367,0.0114558966542241
"15",0.0705300858574598,0.0490781570116369,0.199999566514267,0.278763886194145,0.250658869081159,0.121116656620081,0.135938112651797,0.0649676820450209,0.0966048662304103,0.142453898353918,0.280323563481535,0.323820903527012,0.126809592614764,0.0467500820700143,1,0.168728589513316,0.296451244759601,0.241236427842806,0.249620561552241,0.231838758648055,0.200591501756794,0.297665672332808,0.299445793384063,0.0601944074879139,0.290448103976434,0.0798217992505637,0.218042745504249,0.343642420289347,0.18908432525266,0.256753026884312,0.167277974982695,0.302859938797082,0.344948158984348,0.290605158452488,0.212437531333794,0.127060477421259,0.0305069075355637,0.0610163282550242,0.0168105716524418,0.138184314814938,0.229114121695618,0.148594174485332,0.241838692337286,0.244192260850806,0.144485174231534,0.108091085364762,0.178283130253896,0.0751470386994419,0.262434623309976,0.337133060540015,0.276495278679186,0.148914951647579,0.09892647461973,0.107582745562748,0.186537491120266,0.219237412307369,0.304572482640234,0.315868168731839,0.298702099484786,0.351724400130338,0.292238550881395,0.333120990341338,0.338206643789132,0.251397247505736,0.216777015117052,0.0110455281017056,0.24787229806108,0.273153412781364,0.0660353197243,0.212078691795157,0.118184009640104,0.289326423741746,0.183638270485715,0.160047809091757,0.0531848817181404,0.0448891799310015,0.174567196305766,0.0995768350442287,0.245622038956177,0.135293986501936,0.259746226450754,0.350685745898475
"16",0.0921950750110878,0.0152521013774672,0.253685204063402,0.23543182920107,0.26103767671419,0.0410836256940811,0.165493065525671,0.18851646235704,0.0934371370766801,0.110668150321837,0.244777450976296,0.316991777179497,0.058640687317688,0.295997318213083,0.168728589513316,1,0.2067432986457,0.0144913558061937,0.226678514658011,0.210628105814755,0.238689271990583,0.0709112730788438,0.188380602582854,0.0911294953885302,0.254002829543958,0.117211837297923,0.237462837977176,0.300286984365756,0.127614074341659,0.00911284701321428,0.285108150020269,0.275367821818475,0.227901936245978,0.319999027801169,0.185327585078739,0.17302719385797,0.00874396272660257,0.0334637331884632,0.320371139357329,0.0926785237187744,0.101002296593865,0.192261911687864,0.12260922442967,0.343868704892329,0.0632516174454617,0.186697246247681,0.147268192291109,0.0515088656963034,0.289682042894617,0.350128676527706,0.17833383598903,0.123918273653033,0.125665172466387,0.219871840546375,0.265924950634871,0.15686589006639,0.227741019896032,0.0541310026775616,0.132992552966155,0.269982494916007,0.238582668198305,0.284586484791744,0.339714435784052,0.0656932172548602,0.121552948478052,0.0600202659236029,0.214914333521015,0.254241229534736,0.0734480176784783,0.164663873402547,0.124069627082501,0.227480211158365,0.0439330931943709,0.0333574670511351,0.0754556155966983,0.35465582723067,0.198291013191274,0.176136618836973,0.278754867244258,0.284781753342287,0.356291253819275,0.175534221104525
"17",0.212799563749109,0.162516257821494,0.390333042660246,0.634842788265042,0.630285899186406,0.496099324720394,0.190325238017628,0.412112601778495,0.299767386407847,0.409968635580627,0.512042664638191,0.659691508997982,0.233187663208789,0.158794598238607,0.296451244759601,0.2067432986457,1,0.77240249518109,0.471368674080008,0.597760651848899,0.575316002180762,0.567052639932613,0.610841441546253,0.0502862466801953,0.661028839335149,0.299224068134662,0.634712139906497,0.763217248163595,0.465214555850155,0.700236185252926,0.455487297445488,0.70987835527897,0.635877289590255,0.679052588589864,0.358566503838531,0.330195717744603,0.173250314184663,0.22636793399952,0.0127690700533096,0.13945755555599,0.455019268382264,0.538535187673113,0.558572648984414,0.610399290218823,0.418138019599803,0.366219536327349,0.330863778033033,0.129194422669758,0.692094431684786,0.684396995717955,0.725777261066071,0.429323146722004,0.362740873476966,0.394382440498451,0.379090614453924,0.23458655132553,0.626638287770547,0.685976868351663,0.76114105216399,0.751301348361992,0.625377933949556,0.728750369252216,0.710235800675978,0.554730343371036,0.512133150137058,0.0869539780677619,0.679153175185884,0.680595903363368,0.0274270638407167,0.262892962011865,0.28520525989432,0.663173327041947,0.320950236169384,0.508773645517145,0.0885097028211371,0.131117899705506,0.420394152303911,0.388533676382472,0.630926451570013,0.489485870109645,0.528620525471057,0.565717505607489
"18",0.249748729005855,0.180231516489375,0.229988815667048,0.457480501456772,0.52742028157577,0.55317312793321,0.122569257101238,0.335080218462468,0.136660475720763,0.392545711438748,0.483766449209324,0.535660303065564,0.214012642794336,0.315714843449876,0.241236427842806,0.0144913558061937,0.77240249518109,1,0.358446334141222,0.526766287030805,0.476429762795291,0.607482383796921,0.574045511215399,0.0394366291048077,0.529440401567583,0.469129729106003,0.427527143644878,0.602692219643545,0.55614058125127,0.791349758993191,0.634536764358858,0.610290214993426,0.600681714734478,0.527832366782138,0.340748641809525,0.198875918578545,0.191168715578219,0.127293140580966,0.126080062631222,0.18511252560321,0.396104123290784,0.406341897638705,0.502852694996344,0.455264944922194,0.472756446606374,0.286322311898493,0.273661468364219,0.103998371108676,0.511746851340091,0.556002401262888,0.627502713989895,0.289896981036582,0.268515072618864,0.271098997681288,0.258071572765324,0.293110921013276,0.542605506507574,0.721287461542039,0.741520466287294,0.656056600224318,0.534171140981069,0.629684644310503,0.624773351078756,0.491988502558443,0.462135708420655,0.127149725308768,0.572795245713026,0.50688649232046,0.0666667295787416,0.208374784390051,0.200347493512712,0.567994365959546,0.190094762084483,0.497247139271294,0.0092138966984419,0.120892275423464,0.261177225749849,0.322836973779501,0.504769986058703,0.297442267504811,0.463393391899904,0.538512000167268
"19",0.105221559658005,0.00510678682466031,0.396324801251941,0.27672089754207,0.300946128353789,0.268237622864842,0.176469149960545,0.0728888633043584,0.351213705285287,0.241079251805467,0.320670069549243,0.437301093151267,0.173625398639533,0.174513523416798,0.249620561552241,0.226678514658011,0.471368674080008,0.358446334141222,1,0.332220926872103,0.373828773274381,0.350493455199493,0.476874572387345,0.173517102936813,0.405519868573349,0.00599640985988447,0.404135785319587,0.502808229284059,0.34596143313117,0.279233018346138,0.231760307870164,0.439351850222356,0.435461830468979,0.445369443750897,0.163945188055229,0.153436846890865,0.0649028297005986,0.157184074920121,0.13378427576245,0.234656930905946,0.213928576463288,0.208378096307517,0.317688683562839,0.364052937045756,0.262071773729569,0.36387020607967,0.212944088998128,0.0588110528640342,0.347359163513955,0.406666087789818,0.49975207782356,0.41587312249837,0.163929335060427,0.176739000165882,0.203236416189788,0.121005687424399,0.44339922781664,0.357031565646001,0.431207814856056,0.471973938955114,0.482671657302312,0.495348003573661,0.333497441030918,0.325611353808768,0.365741916405499,0.0803294642945743,0.28669143649216,0.400986294935264,0.0507050336899128,0.315695305634612,0.252065299932685,0.346722364147455,0.361501031279407,0.255654706427763,0.0770626420734838,0.214140193229517,0.155846976404982,0.199171377930841,0.298713952281749,0.164960451966566,0.264348445959259,0.315123744462555
"20",0.156245839453773,0.120325023879696,0.230997416881759,0.467692596371349,0.457612966447635,0.313562537496106,0.145380072644356,0.212299117396278,0.16080952990347,0.287929804354124,0.452142402537509,0.496066310746119,0.175691355227208,0.101654217726971,0.231838758648055,0.210628105814755,0.597760651848899,0.526766287030805,0.332220926872103,1,0.424372700887218,0.472417596599489,0.46156635038483,0.14279062574577,0.476930975541281,0.126971065594578,0.484131555926169,0.595720428656625,0.457776933538293,0.410667171649374,0.329027709641379,0.608498203219284,0.588527185104778,0.561845499887962,0.166121286657933,0.218659733909038,0.0648804732140162,0.050272441197234,0.0567507454330476,0.184378512619468,0.329845817821738,0.282628397920225,0.354431387613153,0.406007858200823,0.352947316599319,0.282596591672712,0.245443721508327,0.10860090511314,0.442790060413161,0.60481527955797,0.509711365714107,0.356396256018772,0.218934081232355,0.249415222857343,0.314844798295443,0.297265255787247,0.491471754870112,0.593039448308304,0.572942233894595,0.558537609830885,0.523597430103807,0.597007748281737,0.55303999345979,0.491816345651759,0.391842406327802,0.0664062880102541,0.491222277395866,0.503450660948625,0.0642042462853994,0.392562672703156,0.176534259669306,0.484844488230045,0.315862201858412,0.380784577050951,0.0992058757392496,0.0286907039992287,0.218976359543926,0.271745274429749,0.429977476291327,0.256299999779099,0.412637633869959,0.512747401147683
"21",0.182477202911494,0.136162123528714,0.27090729435787,0.407042819077825,0.456849630599808,0.393826870528081,0.160011994384971,0.280758753095383,0.209684785399863,0.237620867088903,0.396636487668766,0.446995512508231,0.188499019519529,0.0557357636294459,0.200591501756794,0.238689271990583,0.575316002180762,0.476429762795291,0.373828773274381,0.424372700887218,1,0.356111036318363,0.464230948593057,0.00590812223494229,0.474190085476458,0.159560810249978,0.447681250688803,0.575139381558415,0.300954559851206,0.424888122964174,0.197731052055769,0.520238359574014,0.458053993601121,0.494298059141656,0.33388575451266,0.254553006453542,0.120521791862541,0.0640482471122655,0.122699067400939,0.14852164225245,0.249178186493147,0.322596398905242,0.348087814475363,0.456175545879347,0.241380924099376,0.217942343163023,0.261226256852074,0.143798751544609,0.457751532189871,0.549517798840138,0.460683521331183,0.294718486867661,0.193502945459505,0.310866163029087,0.296061879568022,0.216973640258664,0.414713744134213,0.457068828128894,0.527916440792137,0.560262913916933,0.486333141353295,0.574117933131362,0.505471518001011,0.347259356019288,0.363320068945678,0.0620453930818659,0.461173432723852,0.432365040487507,0.0498275642868417,0.242229489931544,0.177192137123963,0.460170584581109,0.233959852040799,0.353309107444132,0.108410080321733,0.156087584231071,0.244696696215862,0.266818761287709,0.446506755698739,0.317371848047233,0.404265667847615,0.375189496564078
"22",0.183913176558279,0.167376327454279,0.212605938689413,0.430202236314095,0.412791347893175,0.391868558716402,0.103762288545946,0.27954504249226,0.123525618066805,0.243181615197273,0.345166797624863,0.474738166055694,0.190779706613574,0.277371399687448,0.297665672332808,0.0709112730788438,0.567052639932613,0.607482383796921,0.350493455199493,0.472417596599489,0.356111036318363,1,0.507008162779207,0.0290980884919908,0.364138247330885,0.268403381984177,0.369926249526572,0.49976762984061,0.500132196060346,0.547248706634386,0.418087170310826,0.490942948421894,0.505341023617553,0.395887672884897,0.205317889253435,0.215611325188509,0.0441826219660435,0.105810021920986,0.0288131626396502,0.121662692030293,0.296202470034727,0.2567294250168,0.351060536127689,0.326768766076123,0.356868493433312,0.248432964739035,0.237863973036644,0.0535661273932248,0.466022694571786,0.454129760925605,0.486255820746524,0.27467618488353,0.223416913273901,0.190138113154561,0.231839585405014,0.216588793009996,0.421581287051468,0.574060880386069,0.539269167168258,0.533862380630918,0.441238695920278,0.503696554846321,0.507764652107147,0.347008437479147,0.372894312324833,0.0014588537944356,0.465894097651489,0.408692726264168,0.0385700401827948,0.268536710716669,0.117329272865379,0.433145513659285,0.192670208683348,0.434749978399853,0.0709252749716321,0.0788527951172791,0.18401283981215,0.236085449148058,0.416906770599708,0.224547658501642,0.326391849247428,0.482701516481396
"23",0.180620906815377,0.0626679819415427,0.34198249415989,0.33712957496392,0.407066491095123,0.430644755645526,0.188718953786962,0.154878059488978,0.30769486937459,0.248708497788771,0.468254425610219,0.486062080442624,0.277655306481193,0.207659366389985,0.299445793384063,0.188380602582854,0.610841441546253,0.574045511215399,0.476874572387345,0.46156635038483,0.464230948593057,0.507008162779207,1,0.140521288827835,0.462680255326423,0.129680740325945,0.43479409747664,0.616594345901039,0.471481751426751,0.501916587729037,0.35845589129057,0.583373143778225,0.550646075808977,0.483554431492031,0.334449845305474,0.136479761212973,0.157963615003552,0.0787027228801427,0.117337295062378,0.253659393210788,0.316033826185714,0.230860412533606,0.391087889154926,0.459588505038964,0.33393839890377,0.31608195261052,0.230034129851291,0.0691793052735072,0.416061871860941,0.525371986913418,0.556463794780798,0.39577678950043,0.182848156749969,0.318062488443313,0.282086076478851,0.303695404173956,0.50399191638276,0.534998056840841,0.584901922574305,0.584999646265925,0.552897465636764,0.607861879525824,0.487392591480283,0.390814927261979,0.426658568954712,0.155373685626114,0.406202227663272,0.428043005161915,0.047772648472243,0.264659472245542,0.253499095879415,0.392384121497616,0.355976937031444,0.278328878038086,0.161304349238163,0.0833826349156784,0.156900402277701,0.283727006500662,0.442301922813151,0.204382340312546,0.399574018882118,0.43900363662931
"24",0.0183657825518068,0.105018990970618,0.10887319234654,0.245902102837459,0.227764158423929,0.0149216959041358,0.0905665903962957,0.36055835401667,0.21699907189731,0.0388834154128284,0.0529707895459832,0.0792242773208243,0.162303114616759,0.27387254823687,0.0601944074879139,0.0911294953885302,0.0502862466801953,0.0394366291048077,0.173517102936813,0.14279062574577,0.00590812223494229,0.0290980884919908,0.140521288827835,1,0.0509572455042462,0.18642471976432,0.0927815120494555,0.0338250987473655,0.254525252606337,0.127952648724252,0.229644197185943,0.124210375957178,0.132186880697758,0.0190623802647537,0.0735746089507148,0.259108696753487,0.0456817297703778,0.0675586969463346,0.105572804756801,0.316124724386912,0.047933057448555,0.333270253470542,0.00887112822852193,0.0513887434918684,0.144314006495608,0.152941119482306,0.0814352061090289,0.011466224577495,0.183223800066761,0.00815843372500855,0.0292236782419418,0.247384062430004,0.0411641646402024,0.0303289932852682,0.0251014156306445,0.174937807866407,0.105383416941391,0.075204956924807,0.0868688491394815,0.105118160668382,0.200588405112045,0.0739833281938896,0.138925035585684,0.142605251136222,0.0474577235403597,0.192834200424404,0.116746650323373,0.0398029249185665,0.0297469786685501,0.20340200269493,0.199146635475735,0.191517953826379,0.249996201292366,0.0842524510229462,0.200579233377051,0.033672008389439,0.216306448105753,0.062055648572375,0.214369691844912,0.325464843386159,0.0363294000618636,0.016446616768926
"25",0.163438414947244,0.11448911803658,0.417073471517729,0.54756566166254,0.568131466356761,0.325655468289277,0.1861977138301,0.304681462004349,0.29450141427663,0.272921730706515,0.405707773347443,0.554535697933512,0.225907789215287,0.0134692389938879,0.290448103976434,0.254002829543958,0.661028839335149,0.529440401567583,0.405519868573349,0.476930975541281,0.474190085476458,0.364138247330885,0.462680255326423,0.0509572455042462,1,0.171269870000524,0.55763289765099,0.650908815348472,0.278227382496128,0.486023078772598,0.241059979228198,0.540077834535148,0.50740209943368,0.574717490001093,0.258198182472572,0.292534432725262,0.093812133336228,0.250106562463041,0.0256077315825165,0.122872442077338,0.33069598679519,0.467993585836642,0.525084487663307,0.482949907362561,0.270305909955906,0.265977286903478,0.348296673982125,0.0907252030601167,0.577150594554933,0.648471566794469,0.611117054280076,0.379529525937431,0.296639030052668,0.345029652230906,0.314215445693375,0.142943064813096,0.532370490747485,0.479187314493819,0.587763241761832,0.646896814675861,0.543976633426707,0.600257627185062,0.560027896091617,0.458866486799897,0.384521129272237,0.0426012800157165,0.534440576187401,0.57655482738904,0.0327238562025047,0.266739487210244,0.302284524202871,0.523994186088122,0.315984008547461,0.396740340861314,0.0408730607806882,0.262383862660052,0.411793535480322,0.287904955676134,0.513322987701099,0.432444943861354,0.430549016338791,0.487281072615105
"26",0.107203838708768,0.231948810966119,0.117798181518829,0.230676085516662,0.265140889397964,0.169141228657807,0.0470542600669533,0.193029986801981,0.21537005216533,0.0978662555909096,0.206679065411071,0.254934103557355,0.000981096591862759,0.103753123289896,0.0798217992505637,0.117211837297923,0.299224068134662,0.469129729106003,0.00599640985988447,0.126971065594578,0.159560810249978,0.268403381984177,0.129680740325945,0.18642471976432,0.171269870000524,1,0.0655884677158384,0.138651933146384,0.210955364776113,0.451055866437189,0.328097136031946,0.171951657467956,0.152737749868358,0.211474971564646,0.158674686762663,0.0905640879272075,0.11005928305454,0.00950185551567549,0.144215318231501,0.115926925255756,0.182222297573673,0.281124632487507,0.171425858371522,0.194133713642974,0.201272633625867,0.0237039426460822,0.0842347403014964,0.0873584030729251,0.195945774844509,0.188265463400116,0.255238784052602,0.0408919120919007,0.131078580119323,0.085895044761808,0.0608102122099118,0.138419997763436,0.149797583160665,0.288411807922635,0.364435312514698,0.209282661963026,0.110821652250198,0.187782140370014,0.360230057608179,0.154099816261936,0.241690596781324,0.0769289571773078,0.309525391011956,0.128317926995783,0.084696437961905,0.0265324557046903,0.0792151322597205,0.192342336690603,0.148252624021221,0.289096349941609,0.201027904303751,0.211211714349702,0.111014423846957,0.0726312888613642,0.237470737164591,0.166838256278099,0.245981720690751,0.286736440144589
