"","1","2","3","4","5","6","7","8","9","10","11","12","13","14","15","16","17","18","19","20","21","22","23","24","25","26","27","28","29","30","31","32","33","34","35","36","37","38","39","40","41","42","43","44","45","46","47","48","49","50","51","52","53","54","55","56","57","58","59","60","61","62","63","64","65","66","67","68","69","70","71","72","73","74","75","76","77","78","79","80","81","82"
"1",1,0.16644484019413,0.160748712976652,0.0970050556131261,0.121867937974649,0.0140237853345116,0.22831868896919,0.0757078113836638,0.0918397974988192,0.0457587781055754,0.245386911498995,0.214716483984528,0.210908948749076,0.0374739486398253,0.0371352212875614,0.0195077338414122,0.229763406213811,0.1973208989946,0.212449277564712,0.228241899473886,0.227358128432465,0.214496150207847,0.272984653182517,0.0588322786550578,0.11647254221768,0.132704214034884,0.158610672548796,0.183751897559141,0.185354725745158,0.17297777560264,0.224321465897058,0.198505092537063,0.225748126200911,0.217309985250385,0.172907339972598,0.0668316303061773,0.0498435826591092,0.273409867670396,0.102291310527282,0.208441003296617,0.181999574800952,0.116423523230846,0.122526776342598,0.273572145265738,0.237201126252198,0.2182859493972,0.178032667764637,0.0356802396743779,0.0463414289748421,0.251700407996717,0.215147993698219,0.105190935642704,0.0939956743007442,0.145702180376668,0.231123076859399,0.167067289919111,0.163488173762618,0.0506479447091103,0.177560584131056,0.25728478160251,0.192180226284457,0.211224126563035,0.257015151507559,0.208540395817744,0.209710097466045,0.204087982364232,0.190654411562839,0.189597024604595,0.223931220892525,0.0437415249433729,0.020271015850757,0.192363130588734,0.15250564081699,0.161231874824083,0.155093017884296,0.0468440000725084,0.0134111171060395,0.169581568483939,0.089507139262808,0.0687310511668515,0.167857564948772,0.161904404294375
"2",0.16644484019413,1,0.0552946047856805,0.28463029350108,0.126179184170097,0.0163001798029259,0.289208862862427,0.0470524430701015,0.146034256713327,0.0790709309572572,0.310001483823012,0.145467387795167,0.234340123853254,0.133434187311122,0.0540012678434124,0.155641701262045,0.372313964802113,0.247180057702336,0.41024800136358,0.229714629241168,0.217012837489723,0.326115535271891,0.303848629113564,0.246334862729481,0.125682835359987,0.284457996835732,0.163599559967154,0.165889867101012,0.178403663775543,0.28362343223922,0.337540708523517,0.264831395619068,0.269778972901197,0.139151914079478,0.23026947106183,0.0747980691172004,0.108971970890514,0.273973308795953,0.298069066665597,0.412989574921002,0.397677994695521,0.221737063263646,0.0657650959088954,0.316353272500486,0.37836613471839,0.415183077695563,0.17761362520517,0.0387161354335315,0.0442511498397829,0.234692411281546,0.198262447047368,0.0673366109088311,0.305999458207665,0.278745843907943,0.46183111070746,0.163587017443788,0.168599389656235,0.183041380181045,0.16296543282303,0.254401510038506,0.361801691614806,0.26396956939904,0.279193410243339,0.34131196320474,0.317447836473339,0.148902354791919,0.222805478198719,0.217153611136737,0.0275952746436726,0.121158491786099,0.0443626182814277,0.22081728600632,0.108382646880502,0.271571369252164,0.205713261574696,0.108344736705982,0.180298604804311,0.22655643900394,0.0562297155716181,0.138499393519184,0.289713656193037,0.0597612374837084
"3",0.160748712976652,0.0552946047856805,1,0.0124006493808746,0.105323585232861,0.214031844986579,0.143705051966076,0.176472657621283,0.162110330652279,0.186516815444042,0.227043556344078,0.338210189663014,0.180532226349348,0.197252274774371,0.13658118644706,0.00946456538942483,0.165240268293616,0.29519866172292,0.132071700911494,0.141476211062024,0.27045648063249,0.0726186079443207,0.214512050516428,0.271183959339464,0.192505598904803,0.0268838965543419,0.0268792916022593,0.223369584224491,0.0642334189822375,0.155332418855646,0.145949679208386,0.216080375235442,0.216826094159818,0.318982144910444,0.118550595804289,0.0114965576213178,0.128199677091391,0.111532433554229,0.0314172919947125,0.111909883553064,0.0875890501639033,0.0169275322514492,0.145885468904953,0.111581905660412,0.119541531495751,0.0551415201871074,0.185615105375214,0.0934772739626476,0.0161741487163251,0.263431247183192,0.158208373813142,0.118715620923698,0.0754355199652278,0.127525184887961,0.0252733341863378,0.200062547035748,0.0753015407726003,0.210588823269408,0.177792481731974,0.252059310650647,0.187107393166145,0.260240232947295,0.239836552280053,0.107404900037104,0.169263149684501,0.0913940828846777,0.250353532989447,0.105354295118475,0.32311144812546,0.153451013090884,0.0960738037877784,0.0877485830374241,0.244531232874102,0.121464279379309,0.130130146828472,0.0451960012798387,0.0805084678987331,0.181559931232717,0.14075372141123,0.0195416388514784,0.151545243629425,0.277836360448087
"4",0.0970050556131261,0.28463029350108,0.0124006493808746,1,0.270520391726916,0.0843761440645347,0.333375013776664,0.18447926932064,0.179389601784266,0.0121601808811617,0.307194419493515,0.172399698733361,0.452633177624751,0.172055000247462,0.165265741042272,0.15463568385503,0.403748063199712,0.36258138789906,0.354674629423525,0.339578550813641,0.2448299098988,0.36649786599539,0.458174686618834,0.029782055305668,0.12398568424767,0.201357669640085,0.101960007802963,0.280078662758184,0.210675349748381,0.353320800129048,0.429861397632011,0.50019716041088,0.404289634401411,0.369235801615151,0.42015535255903,0.26497663743651,0.0588764064695814,0.428415158214352,0.418861468948588,0.489104760534112,0.481231243583849,0.155205818808165,0.117517585022581,0.343728896514154,0.426653631785302,0.37964308250247,0.126894482319638,0.247425388779641,0.403405754083952,0.32568579897318,0.397773870867671,0.0939435158322592,0.283462080560013,0.314586088757024,0.402071667005581,0.353088171492092,0.301343304823377,0.141197067615418,0.247944810297706,0.427592171206724,0.454752371597096,0.386005548548673,0.315885358741104,0.524989891458687,0.398791472773862,0.248171628090661,0.386515957094385,0.293136861944325,0.130854475759207,0.238515788473027,0.213965157470652,0.287298177474782,0.120372201586488,0.264478776461358,0.438304866506618,0.12845063624588,0.0268234932060995,0.365732860893802,0.0748534315053943,0.14658606720277,0.220211594620425,0.307951228953432
"5",0.121867937974649,0.126179184170097,0.105323585232861,0.270520391726916,1,0.250011484526736,0.384477650630041,0.291729704294048,0.27475586735765,0.184588356763703,0.455057356212224,0.426399784780388,0.519282260339079,0.206056808728951,0.14677120422481,0.0355510130275982,0.527393307763499,0.59586385529447,0.431106777380046,0.449485798895315,0.443532846577913,0.542653377972657,0.476012688568387,0.120095405037832,0.467756359954783,0.37877071886864,0.399908216719224,0.57541750761582,0.480905650710571,0.502499295800274,0.516062163063537,0.53706859070294,0.54517560641346,0.422028560138931,0.331473244000993,0.24779493418615,0.158318759135488,0.366399078829998,0.393528654363338,0.330099097142368,0.482138376202535,0.350858859625828,0.0135359421953894,0.365148229828252,0.344264832628398,0.467662066705049,0.279584455446286,0.0524955020223825,0.197702259168725,0.472102560788035,0.507753442494944,0.00996425134270036,0.0744959872505247,0.449061373736202,0.423006625501114,0.436682617890741,0.449846683845652,0.451007951652516,0.40425409069194,0.550745540554093,0.54690070963007,0.543730843975122,0.485056979509697,0.528657955066738,0.533833624002987,0.387230232152097,0.499497302949734,0.485655035770771,0.338215030087258,0.322745231453223,0.280361505725175,0.412043461034367,0.288635615768692,0.180259444622943,0.326342537858369,0.251088679701232,0.129050420640328,0.372934992845815,0.270537219242706,0.171990815711783,0.190328027942251,0.424716924554827
"6",0.0140237853345116,0.0163001798029259,0.214031844986579,0.0843761440645347,0.250011484526736,1,0.325559111305903,0.208374330325134,0.202302744828891,0.311713984250637,0.391438963531972,0.421069570792895,0.371546226870373,0.258998852237122,0.208503940333413,0.144093210107466,0.397287729854436,0.507183730676368,0.284505360721572,0.367103742500233,0.393961701287754,0.368022613716842,0.424223583785353,0.36420034943232,0.421684806081293,0.26423404538871,0.256925063094109,0.456330149730094,0.372879693269917,0.415295547039218,0.373966087800977,0.456484348210505,0.454623827828427,0.329702949051841,0.340837661545222,0.0184403679228488,0.072629708282628,0.290065136915037,0.158159422475673,0.235692165407107,0.271515203871499,0.343111461057729,0.0218446940202909,0.342566324232941,0.318644869298962,0.216168469567377,0.0826467390947913,0.158499586507495,0.207317334233091,0.439733441090356,0.41651304165969,0.191655633358014,0.156989272375945,0.310470887745457,0.207419244266478,0.38201129049676,0.339304307755321,0.482405001250749,0.421612557420761,0.488111588390231,0.384968130847956,0.458770357613902,0.421946140892166,0.333857333627762,0.393885615149477,0.219784660896063,0.442283265263212,0.347507239301522,0.304919618334034,0.301403256203521,0.202043181944475,0.289863688137809,0.376837891948135,0.146433370847702,0.205235368326674,0.000289678674140198,0.124284367783108,0.389045421637374,0.314719632059857,0.0371123449576622,0.230208938100747,0.528101832039657
"7",0.22831868896919,0.289208862862427,0.143705051966076,0.333375013776664,0.384477650630041,0.325559111305903,1,0.206356550826441,0.332408525595256,0.124538163427513,0.628318008351553,0.487573184254205,0.556075439306027,0.234076822693036,0.181589988342867,0.0483248685983346,0.656903404699437,0.656802332254824,0.632463504670066,0.603141154199325,0.595398685643899,0.585832297895729,0.637011777260134,0.0283620221310172,0.389568271974284,0.367629164191616,0.324417364080523,0.544362595547048,0.493538073694627,0.649631802872544,0.642309630502378,0.616805010855227,0.613282772647019,0.460669623818921,0.52225314205646,0.128737078947153,0.218803021469512,0.492352947433135,0.375036589156128,0.572821802853016,0.566563356079627,0.384451310552354,0.216275116552857,0.614561337604089,0.557975616956187,0.565894770436373,0.169901909592726,0.115402010611789,0.153334748254992,0.590140075320852,0.58208354641659,0.157961216129706,0.216002583903483,0.490595093336924,0.566168587027957,0.51861176496177,0.431034702909769,0.205660822873629,0.496276076532159,0.653645089448924,0.672743789253805,0.646872467649933,0.629602074770879,0.566298310782583,0.586207944386813,0.418014349998208,0.558251977394628,0.476702444761259,0.3612777292836,0.272331589894155,0.0963914685446488,0.407559337781775,0.462498319903112,0.329613333732385,0.451954862883052,0.155410768287993,0.249888903402211,0.561814788397475,0.323198745105348,0.187669315593294,0.464721302083995,0.529012670112234
"8",0.0757078113836638,0.0470524430701015,0.176472657621283,0.18447926932064,0.291729704294048,0.208374330325134,0.206356550826441,1,0.157272865404675,0.0185262986937223,0.220784596584784,0.308176202379504,0.3350166702527,0.171315974172121,0.104950216819133,0.0634965206148769,0.25721419798261,0.336053078594163,0.199290212553278,0.23576185091798,0.315942448159063,0.259822736145181,0.306456763046209,0.0500773096128119,0.160741246976458,0.0718251046102675,0.10427418001177,0.353575434912711,0.15550615753592,0.264098346039881,0.335084155873368,0.30183922237595,0.341166870530557,0.267541800043665,0.159097693528742,0.0189453508371128,0.00303843471624086,0.195642713409067,0.229586808917579,0.228005106818716,0.274000248682476,0.0217254675441901,0.0789280691750034,0.177234726510114,0.227837415661554,0.224299787487949,0.227904223835084,0.0917194171500247,0.161161982691159,0.30107271365272,0.214997008143021,0.0801470612872384,0.0290541491368276,0.180583353270226,0.23864312330786,0.316580709439423,0.285654000771263,0.213197222149786,0.116100563288101,0.323352978170833,0.32049987978362,0.337274750799901,0.280644799297022,0.310064006702455,0.288400555510973,0.167892765142399,0.272558184238833,0.25133224231471,0.192449818343786,0.265442244826205,0.15871840653782,0.174864652768434,0.217570114992739,0.168953537241598,0.220316000085679,0.101217753235417,0.0460206484524282,0.232110017350146,0.113095160008337,0.111377656210778,0.0864272699682609,0.306060975910436
"9",0.0918397974988192,0.146034256713327,0.162110330652279,0.179389601784266,0.27475586735765,0.202302744828891,0.332408525595256,0.157272865404675,1,0.218198612633712,0.500098737293445,0.274469403874221,0.316394795063096,0.192284862146473,0.0681552314200719,0.0691786379944012,0.426131099991438,0.448405631161592,0.457801185429082,0.405358525966888,0.347179801511379,0.36691046371284,0.399816081829407,0.163737566086577,0.431173140320616,0.26324910572217,0.276398156087063,0.291901638040919,0.439592679494755,0.422097757130828,0.380976272659577,0.357087446589404,0.398069153166017,0.432399120626501,0.300848969865562,0.0927533118769225,0.267000596642007,0.353688729412288,0.238502728671809,0.353346515428498,0.387837565210739,0.347629432365034,0.177039272535214,0.357075205882737,0.313059493759488,0.338055273662451,0.217561059921333,0.0345781949798609,0.161077651608304,0.440606796950666,0.399536217260101,0.229194206483118,0.0153009843825611,0.269400171126298,0.322969686786904,0.365547207309899,0.278543710986788,0.195955038006999,0.515586634495802,0.455918932733831,0.38584749752188,0.420671850227163,0.409792155146961,0.388936118471755,0.368786750552323,0.397094234136597,0.403335411000387,0.289778381360725,0.25197381472047,0.140206140699232,0.0579114209092698,0.321275278258607,0.237837842742949,0.0946939247834589,0.386122055188153,0.0779025570279156,0.21539687000669,0.326324816099877,0.345552706267458,0.0616912909599546,0.294212854664885,0.344854700600923
"10",0.0457587781055754,0.0790709309572572,0.186516815444042,0.0121601808811617,0.184588356763703,0.311713984250637,0.124538163427513,0.0185262986937223,0.218198612633712,1,0.186153474963477,0.202360797454787,0.170783760368389,0.250802984610135,0.1934045924822,0.195668593373485,0.144413483539026,0.248555880161264,0.0859808130914362,0.237316800266894,0.149219005897509,0.119683702935504,0.188286549543783,0.394850251582154,0.326114566119126,0.108551979446603,0.156912915824048,0.179133568510629,0.30625262353599,0.205313335268986,0.0928273185643788,0.244282366203811,0.181041436586608,0.296361366927526,0.198738198382047,0.090878077079892,0.118102181967952,0.15563165057845,0.0275766026592595,0.0287111427030218,0.0694880745227032,0.254542828834775,0.044425660999926,0.170728002329438,0.108096144969308,0.0374317554062604,0.0468229899763013,0.0675929991682329,0.170497582961221,0.260356684736878,0.249275581449159,0.256298561761945,0.224033375209822,0.123941220925844,0.0536034270514037,0.186149888672075,0.183084695289694,0.45349144050388,0.391676754230239,0.301855999561585,0.138777958241289,0.222207761699321,0.200653275530206,0.115234535303655,0.148213530292054,0.151119376366606,0.301551511768928,0.218747790384755,0.171226427043544,0.00352919803081926,0.123473902105956,0.192110272104982,0.208986725392188,0.0481119038210761,0.138944023589421,0.0324138513611665,0.0560910294394287,0.216092016950289,0.16534315692064,0.0613310902625594,0.185437471134983,0.32319429328412
"11",0.245386911498995,0.310001483823012,0.227043556344078,0.307194419493515,0.455057356212224,0.391438963531972,0.628318008351553,0.220784596584784,0.500098737293445,0.186153474963477,1,0.602623378354897,0.682296913614705,0.245841427984851,0.156871607134482,0.0100909965289222,0.842059744267129,0.822282034121316,0.812141074578076,0.755885373015533,0.743896502940991,0.751619054201346,0.786679468774973,0.120773417955467,0.556732028867071,0.530954966984669,0.450341479735218,0.681900580396029,0.70877766105609,0.790539345051097,0.764083303662801,0.709848441111916,0.776118840472007,0.55654142259195,0.63265127060327,0.146050182775314,0.363645879358471,0.61442790035292,0.460030632299968,0.694675296021077,0.696239977533441,0.500734139123383,0.283816215310643,0.732537872094929,0.662761179460041,0.720204062088534,0.316597655193195,0.076234281540908,0.127099041913487,0.765026450665882,0.728072486045316,0.312393067502389,0.160432474150883,0.629810536445075,0.711595748046714,0.644456870298596,0.541553144686905,0.301318462559117,0.708468021784404,0.777769924739781,0.782562596889904,0.807166611269318,0.81902205159672,0.684225710839701,0.741770924597497,0.573891984933284,0.700412463092691,0.626615462987805,0.502496202262491,0.334892744378642,0.0930565146001798,0.550458703291662,0.537922451670899,0.298799465410001,0.49311489141629,0.175246462024476,0.355635396023841,0.670716319769903,0.509007889679411,0.160157503029539,0.591926300304069,0.597107941049048
"12",0.214716483984528,0.145467387795167,0.338210189663014,0.172399698733361,0.426399784780388,0.421069570792895,0.487573184254205,0.308176202379504,0.274469403874221,0.202360797454787,0.602623378354897,1,0.57430430087381,0.259244782164401,0.190219787692393,0.0557731356711298,0.601279771791257,0.690455420642741,0.530348677688903,0.558566864562708,0.671742072322922,0.563138964453323,0.609992064115816,0.160872511343613,0.457943247390771,0.29973122584843,0.321466176594739,0.620429527246892,0.43982935725859,0.598119508029481,0.610316093535834,0.563642610505331,0.661793224285391,0.473265186894463,0.440805915346839,0.0744212655430562,0.0932964277115083,0.393680643006435,0.307498788981045,0.443481856382252,0.482221795651668,0.26289174932494,0.216118126835108,0.543692029879586,0.514524890564276,0.480557335940096,0.329160947088457,0.133997277230912,0.0339303700717033,0.624374278415451,0.54257374544727,0.167427056407138,0.0743106755215351,0.472203759895081,0.492663504288907,0.597022771458053,0.532864611724518,0.323365659665264,0.431428309354025,0.618152318480146,0.661532209557953,0.685002975054217,0.655539089821097,0.507780655329334,0.566640106919954,0.370410247141114,0.539475221890088,0.507450182295821,0.502187023911527,0.320779610385269,0.124987954353754,0.359769057679957,0.490995046613314,0.26424439972127,0.315204224473182,0.163182755556198,0.10342579916205,0.5455454558576,0.337576640067665,0.153010680167923,0.430476672136655,0.505056007326731
"13",0.210908948749076,0.234340123853254,0.180532226349348,0.452633177624751,0.519282260339079,0.371546226870373,0.556075439306027,0.3350166702527,0.316394795063096,0.170783760368389,0.682296913614705,0.57430430087381,1,0.234658700403524,0.243738590835999,0.101439892120113,0.721128514617214,0.796717270899365,0.630486126023167,0.709001166237656,0.680248261128002,0.742605006440872,0.758953569989401,0.205845705644025,0.497200602358239,0.491561381042494,0.48860082744513,0.695767519840588,0.622241364821625,0.699494904518706,0.738993136023954,0.734228093207602,0.75887060139323,0.555501617237408,0.587508873257018,0.168956492520074,0.150980672233907,0.60604564549567,0.457583381798952,0.634537459577925,0.628970726342235,0.325656552225576,0.221411310336932,0.614069286367998,0.639064583543736,0.625022901496237,0.30993454611087,0.176109885599023,0.191393949091057,0.706017629328592,0.698526282843567,0.171331574535329,0.0750549672017737,0.614990567602961,0.65439371224716,0.639136337693874,0.595192301102563,0.404745064787173,0.602949680955379,0.750980445488367,0.751918149996793,0.793090063887684,0.731500315170658,0.746300723694331,0.746996905843811,0.462763442017613,0.678185864863605,0.6290515045352,0.482937788492333,0.420015542684441,0.230849291367174,0.602465344186012,0.417591737388053,0.399013915657304,0.437716214615046,0.244072787343167,0.130295684481051,0.569410217840914,0.298302467562243,0.22307204978087,0.429681371441555,0.571560249665551
"14",0.0374739486398253,0.133434187311122,0.197252274774371,0.172055000247462,0.206056808728951,0.258998852237122,0.234076822693036,0.171315974172121,0.192284862146473,0.250802984610135,0.245841427984851,0.259244782164401,0.234658700403524,1,0.259253965565638,0.000750080780522223,0.214071526800678,0.293673992442852,0.145988119551727,0.239889689016547,0.216375681967598,0.145558111443699,0.254850128874537,0.197392945271968,0.270740028389382,0.0622146337501019,0.00301688328973409,0.298063031593628,0.192638223574708,0.251904500617016,0.239743903802372,0.293013279264233,0.298554217613365,0.21955514757681,0.259705613592331,0.100684940927577,0.0817051720697098,0.114647755420629,0.108543530129625,0.151107881592843,0.171687819289418,0.0538643758864447,0.168809460893703,0.235494456114139,0.18832336106001,0.113541133717176,0.0215808438500171,0.189754276338803,0.271732909189991,0.234763104461662,0.339242547001608,0.0135636796180951,0.127189717768711,0.131044244423458,0.00872256904344468,0.264946756433866,0.183356752310069,0.337967127715097,0.274620194432472,0.298278674296878,0.223999670256283,0.310099050402236,0.247637283447027,0.211275664351434,0.176062236082647,0.214953795588578,0.259191180282535,0.180434787103394,0.209047217801857,0.0822902238526646,0.17271956950781,0.0896586214633135,0.2695089906295,0.0528618394878948,0.140834803383375,0.144126838728928,0.0289662816433801,0.317292082548129,0.131865852160592,0.108050818372174,0.16851532974267,0.373790701229121
"15",0.0371352212875614,0.0540012678434124,0.13658118644706,0.165265741042272,0.14677120422481,0.208503940333413,0.181589988342867,0.104950216819133,0.0681552314200719,0.1934045924822,0.156871607134482,0.190219787692393,0.243738590835999,0.259253965565638,1,0.154714339948211,0.114571059373827,0.232566172270508,0.0192534292057329,0.183266683145897,0.177439884798054,0.125453130378645,0.264681432501748,0.277981258360288,0.178949554509827,0.0580136640313286,0.0323625903047216,0.228838387353148,0.14408597139299,0.168936055806041,0.124497043718323,0.316305327758586,0.203930466666402,0.198436520298826,0.332955841695572,0.00727673977777225,0.110897539724959,0.11342942940741,0.00564019399344992,0.114253092077613,0.154093531734104,0.0701225775462505,0.107015441656524,0.188472874719213,0.191390845673571,0.0715680677991505,0.0170924208911735,0.16271198659139,0.19114554416984,0.261199807034744,0.256704963568883,0.110370582630041,0.206836766442787,0.169475341341626,0.056280074136706,0.221802069315385,0.109607507718775,0.285816570715408,0.275154867707634,0.247974454604234,0.147496674820548,0.245842855985142,0.203398897842754,0.171858330376981,0.202293648448444,0.0835944342494551,0.252589345815191,0.197715932242002,0.166723490950879,0.138875461982631,0.201833055063418,0.210993156355794,0.11990187989974,0.18411432144544,0.0236914985882567,0.0407663007800063,0.111171430896031,0.134851825766578,0.10736796372408,0.073229473008425,0.197139641649351,0.267597447970049
"16",0.0195077338414122,0.155641701262045,0.00946456538942483,0.15463568385503,0.0355510130275982,0.144093210107466,0.0483248685983346,0.0634965206148769,0.0691786379944012,0.195668593373485,0.0100909965289222,0.0557731356711298,0.101439892120113,0.000750080780522223,0.154714339948211,1,0.0348478060976921,0.063970973502226,0.0879806011966313,0.116097302251545,0.0369643092162562,0.0700297795370944,0.0575300329851395,0.284085072692675,0.0758265508578993,0.11438266304351,0.142185544160979,0.0960739538740166,0.147062455093424,0.00734895489323722,0.06148735917325,0.107367672514209,0.0257892337370085,0.0408999709081687,0.0933538420465243,0.105608321440118,0.0869630294620561,0.00295771792278839,0.171506084947759,0.0801863162562498,0.0824055175374653,0.0167718239901368,0.0437635968567132,0.00428696289624745,0.011839594845257,0.0243377346361436,0.0336850777074565,0.0193775927951254,0.0291932899106533,0.0703343230538772,0.0946991647344583,0.170809357604087,0.21191310188612,0.0186797111953323,0.0427104382508723,0.0599317164018665,0.0515887462397317,0.236103995121683,0.175023988027332,0.060806768144172,0.0542866805294201,0.0339981051191067,0.0393807333586352,0.0187103231403442,0.0228392744761562,0.0340888805130789,0.0956271851573732,0.157980507291005,0.131001878263483,0.0176033369385963,0.0875814114949583,0.184477428189058,0.0156682859898909,0.056768110365199,0.12555280256722,0.0919311695625565,0.0733380965793728,0.0512000470254768,0.0117946680918389,0.0421646554575394,0.0143820988821412,0.0395402522950717
"17",0.229763406213811,0.372313964802113,0.165240268293616,0.403748063199712,0.527393307763499,0.397287729854436,0.656903404699437,0.25721419798261,0.426131099991438,0.144413483539026,0.842059744267129,0.601279771791257,0.721128514617214,0.214071526800678,0.114571059373827,0.0348478060976921,1,0.858276330710229,0.881307853021231,0.783430555532887,0.75145296281925,0.847445307048148,0.833944162459355,0.0222729990920499,0.575473270890931,0.651191484365036,0.443047504184294,0.735745689331129,0.748073532150915,0.858643852910623,0.855962976035388,0.776500731409429,0.840755948094497,0.527322800504359,0.660280580740265,0.191621831191966,0.358005001563272,0.629893111304489,0.534407824220704,0.767144966078153,0.785905091508736,0.572356306865767,0.253921825882616,0.78406364042371,0.689164046169845,0.826044392129917,0.274555595620281,0.0963417883983119,0.158366536892986,0.774243672877351,0.760363318093696,0.23875829452771,0.235159663540586,0.689545892855516,0.790302557271221,0.676929564196878,0.617373683989198,0.340663049593968,0.690388353628922,0.800135716715699,0.865011354890256,0.838516154621208,0.854132215026842,0.769720404457959,0.794739901181629,0.586089108503176,0.720344091157204,0.701746977778815,0.506582567426346,0.386172244935842,0.16066839077363,0.619476509144759,0.567219617152541,0.342769850480153,0.524475978080807,0.261509624157382,0.377157461253815,0.692905874641492,0.488146519968145,0.204552956989145,0.600847087307149,0.615519554655851
"18",0.1973208989946,0.247180057702336,0.29519866172292,0.36258138789906,0.59586385529447,0.507183730676368,0.656802332254824,0.336053078594163,0.448405631161592,0.248555880161264,0.822282034121316,0.690455420642741,0.796717270899365,0.293673992442852,0.232566172270508,0.063970973502226,0.858276330710229,1,0.75541911062769,0.76826945247212,0.826787765113512,0.80186225556404,0.830561884826949,0.245009113419974,0.649681345674324,0.550720898657776,0.50209269537095,0.835648032897228,0.720596953371844,0.848664680572587,0.82976636048737,0.817360762777538,0.86857168889698,0.671363566272737,0.65016630629982,0.15507199422317,0.27297204209115,0.640393509336479,0.515999816419513,0.671424082109179,0.711949896332039,0.494959867888583,0.215863824808145,0.708917901607691,0.65738142247012,0.707262563174291,0.360913445331296,0.135000217466101,0.20248889993749,0.837806285946112,0.757618174018547,0.257314799124684,0.0427989015159304,0.688401237160562,0.699307775361166,0.728306014744767,0.654017118148499,0.486101332114913,0.70893948156438,0.866996105467419,0.861293987945837,0.903929868072719,0.849409374067898,0.761917297238917,0.814200301993258,0.562214057779559,0.798576329722192,0.682137486711098,0.572131588116532,0.478227440676266,0.238251927294372,0.615532437077807,0.587523735063097,0.364772189564866,0.508740782567539,0.220591591655469,0.250736547893985,0.705109014496688,0.500126934918879,0.216475744279638,0.523922949588836,0.745987384695813
"19",0.212449277564712,0.41024800136358,0.132071700911494,0.354674629423525,0.431106777380046,0.284505360721572,0.632463504670066,0.199290212553278,0.457801185429082,0.0859808130914362,0.812141074578076,0.530348677688903,0.630486126023167,0.145988119551727,0.0192534292057329,0.0879806011966313,0.881307853021231,0.75541911062769,1,0.71607869536799,0.671964912113276,0.750803336158629,0.754345833567573,0.110845090203524,0.533165176485499,0.617462876076399,0.421854516321389,0.614229337507246,0.68878019616691,0.779469093646869,0.818623909907393,0.642605454517392,0.740687193750789,0.468969597546016,0.575615243685335,0.159751120851694,0.429902048330772,0.57951281039031,0.509609348416205,0.735330503401563,0.760252905318432,0.56285033186269,0.251702627603755,0.72167170715531,0.658679905545505,0.802465086404385,0.264358817509707,0.0232387991544364,0.134076543732536,0.661549268170298,0.664884423088894,0.205272252413124,0.308847148803423,0.613997582930171,0.761676418601088,0.603370391504576,0.526069312849142,0.179173899466933,0.634611950832206,0.72558221187756,0.77939681999102,0.729277028837551,0.799983831579717,0.696823033395535,0.713636440274127,0.59986099625968,0.619890949153121,0.602053295728155,0.429565231786681,0.307582653390152,0.0405795534002776,0.515134866007199,0.540310344776098,0.278309557155897,0.517817091297305,0.233630047814127,0.439261932369949,0.684157245592138,0.497349435595876,0.133635676660734,0.587908806851035,0.518512051099701
"20",0.228241899473886,0.229714629241168,0.141476211062024,0.339578550813641,0.449485798895315,0.367103742500233,0.603141154199325,0.23576185091798,0.405358525966888,0.237316800266894,0.755885373015533,0.558566864562708,0.709001166237656,0.239889689016547,0.183266683145897,0.116097302251545,0.783430555532887,0.76826945247212,0.71607869536799,1,0.701566340023359,0.773727330719616,0.778443402494683,0.17049787610245,0.501153546651858,0.541678130123567,0.500652414192638,0.639549746232004,0.753939083388422,0.77120807507012,0.749062454694059,0.719197778618025,0.740708019565136,0.504719377219837,0.629395425339141,0.159708735937015,0.31170905680299,0.657220794997825,0.361238452460586,0.682978971467003,0.679153646183393,0.470346141951602,0.209752438104591,0.71989737588894,0.650266916474934,0.680789476184388,0.241955519973301,0.121615389008365,0.15930189385302,0.736355099851796,0.74673642749505,0.317672484591441,0.132182579500587,0.586338784931942,0.649749399655667,0.668349216489368,0.605639649144345,0.353842308061899,0.716593690007288,0.772082002384106,0.744595084562163,0.745394508995982,0.775549911071393,0.698583722775735,0.755512827995429,0.54216702496722,0.67549675419292,0.677631608184378,0.476987858521646,0.289625349459778,0.121631014929218,0.65842029985827,0.504061740012152,0.300923195697199,0.451440549857987,0.110872317716705,0.286276644579381,0.621081142492066,0.431876150446399,0.149665803180076,0.562781109518343,0.5596468892657
"21",0.227358128432465,0.217012837489723,0.27045648063249,0.2448299098988,0.443532846577913,0.393961701287754,0.595398685643899,0.315942448159063,0.347179801511379,0.149219005897509,0.743896502940991,0.671742072322922,0.680248261128002,0.216375681967598,0.177439884798054,0.0369643092162562,0.75145296281925,0.826787765113512,0.671964912113276,0.701566340023359,1,0.697219162746282,0.73700563059397,0.147604638144159,0.501559088465008,0.445703711856848,0.380533868098313,0.710015474758282,0.585191768842668,0.730667233323847,0.715372916390905,0.694157709146723,0.758837990851505,0.565102550142827,0.608148914300296,0.0400909430210164,0.21915978659847,0.570849200808664,0.409963292105758,0.633237152617932,0.58668570928257,0.302373943263081,0.32075720152118,0.64662673823505,0.58433359773181,0.644700574116709,0.331513343291075,0.100535170337135,0.0805655836469501,0.779619140602923,0.667823200593549,0.256556398097238,0.106568509250061,0.610279513611042,0.645209336236986,0.652748627255901,0.520786751572166,0.308881414817768,0.569081905460057,0.710490744731467,0.760052938089043,0.784656797849773,0.777302331607912,0.630543218023186,0.699350455409582,0.476971100591685,0.665673448718908,0.597565765881871,0.508448462951841,0.363873422181322,0.125796007604875,0.526847845650299,0.5366478460528,0.295083765991072,0.375145196507444,0.20220425540573,0.193923015129571,0.605166784580615,0.417588563837544,0.193479615159768,0.547073447642423,0.588025322369648
"22",0.214496150207847,0.326115535271891,0.0726186079443207,0.36649786599539,0.542653377972657,0.368022613716842,0.585832297895729,0.259822736145181,0.36691046371284,0.119683702935504,0.751619054201346,0.563138964453323,0.742605006440872,0.145558111443699,0.125453130378645,0.0700297795370944,0.847445307048148,0.80186225556404,0.750803336158629,0.773727330719616,0.697219162746282,1,0.798454164531345,0.0623677224981143,0.527778028591827,0.666273120842295,0.619125735491646,0.736563610501504,0.77907925435359,0.767967254719151,0.836431923889223,0.737771751667501,0.824586935073722,0.455372661496309,0.597929407707279,0.177991803479181,0.318344418201339,0.590376213703036,0.495735577356863,0.689593786867021,0.740589287610512,0.512916485470426,0.161320256431091,0.692416565832699,0.645728463137085,0.79919536987869,0.274749579110074,0.115379676537834,0.15650996843439,0.726854275216468,0.739646499467541,0.18642390158586,0.168268892982508,0.692206097436685,0.817350304753579,0.637878093744288,0.682961953950465,0.405305669304409,0.637786359886247,0.757012621744891,0.813019199078649,0.795349421803158,0.780277033881749,0.797214237488307,0.837145151144475,0.519487428581487,0.697793116909794,0.744816205359795,0.459475801190501,0.421333616943096,0.224293173010269,0.689963184219112,0.483778150099388,0.32879786187555,0.412375489861523,0.30587496036253,0.318163009324785,0.576686174913627,0.457996874273513,0.241957160611692,0.43396658740364,0.529170771834735
"23",0.272984653182517,0.303848629113564,0.214512050516428,0.458174686618834,0.476012688568387,0.424223583785353,0.637011777260134,0.306456763046209,0.399816081829407,0.188286549543783,0.786679468774973,0.609992064115816,0.758953569989401,0.254850128874537,0.264681432501748,0.0575300329851395,0.833944162459355,0.830561884826949,0.754345833567573,0.778443402494683,0.73700563059397,0.798454164531345,1,0.151212392169044,0.533010400811901,0.569955225605442,0.448620012485226,0.71797568714359,0.692490343123596,0.771792693549531,0.809816888101072,0.814401126136379,0.823621200250006,0.580338642184886,0.723464516789646,0.136929871695104,0.169522145740089,0.653278625399081,0.484688528296096,0.760569648221782,0.741397431564439,0.446843445456364,0.261381827839241,0.751427297904938,0.734085352913403,0.739887499505189,0.243094074441065,0.205574505196436,0.236701986030502,0.770116622419403,0.766033338303917,0.240457579752507,0.192252520534698,0.632721937500111,0.742070839685362,0.697731310428466,0.596031178804839,0.393892454015613,0.686205484067878,0.822983482057446,0.803805117984245,0.83387146013932,0.823260123828886,0.783637704073278,0.791116666377222,0.531582930825404,0.730351832052957,0.660466106909028,0.505354762578839,0.42838744847536,0.221897967425661,0.626199911663951,0.544133924477096,0.375132615634238,0.47901150773654,0.203452847464492,0.229523201626997,0.665274660314854,0.366171734109292,0.230835730411379,0.567675030723425,0.62388500426808
"24",0.0588322786550578,0.246334862729481,0.271183959339464,0.029782055305668,0.120095405037832,0.36420034943232,0.0283620221310172,0.0500773096128119,0.163737566086577,0.394850251582154,0.120773417955467,0.160872511343613,0.205845705644025,0.197392945271968,0.277981258360288,0.284085072692675,0.0222729990920499,0.245009113419974,0.110845090203524,0.17049787610245,0.147604638144159,0.0623677224981143,0.151212392169044,1,0.236717870193362,0.0461644956706104,0.166101024956189,0.185084459784117,0.264509247073071,0.12733608607569,0.0519718653934567,0.235670338053538,0.135546431062772,0.317639011138652,0.145782659512035,0.00792414307754629,0.132534079834748,0.127347582380149,0.106465022158576,0.0247193254643242,0.0936649106530279,0.102773519057997,0.0376882058159493,0.0747980996255822,0.0507476673061199,0.119901797412899,0.0903228607489656,0.117062736964185,0.140473354845619,0.284854862414116,0.228665282109615,0.376340737714682,0.450780990321329,0.0648368060977323,0.124856415064776,0.162579803087117,0.107254599444021,0.506772369650898,0.431306399420531,0.227474447624963,0.0248112684011055,0.21587322011875,0.157173680584396,0.0607076048437747,0.139885402549694,0.0591902770614431,0.318302639224475,0.163171572687625,0.250662959856675,0.0722751238982294,0.197850573175132,0.279458260972883,0.0746660059766933,0.0719264498748322,0.0208090952316582,0.121249837157341,0.171579514123343,0.0578166055167365,0.0951236455521029,0.0278041703885842,0.0757460495750109,0.287016467810628
"25",0.11647254221768,0.125682835359987,0.192505598904803,0.12398568424767,0.467756359954783,0.421684806081293,0.389568271974284,0.160741246976458,0.431173140320616,0.326114566119126,0.556732028867071,0.457943247390771,0.497200602358239,0.270740028389382,0.178949554509827,0.0758265508578993,0.575473270890931,0.649681345674324,0.533165176485499,0.501153546651858,0.501559088465008,0.527778028591827,0.533010400811901,0.236717870193362,1,0.393159435585558,0.39438154810705,0.58939137052094,0.587598530732479,0.581950755476,0.542450963036239,0.50456601512497,0.553686907726633,0.466648611548755,0.412640691891366,0.0551934574130321,0.351613951908364,0.346871880814431,0.296206474591448,0.363604102305254,0.434170251678264,0.456151830514334,0.136297451214991,0.462552459514291,0.399233072215055,0.429216981798591,0.165663284943974,0.0921472012556962,0.194199321940414,0.542374242976305,0.521050224116103,0.182429267948047,0.130743675805465,0.433686168361317,0.355120629434732,0.418652708846224,0.442566315447464,0.445689259806615,0.596046496980269,0.596858071581815,0.515277383325512,0.599747879730238,0.55694462082798,0.479010293585615,0.551066094798512,0.437746156559211,0.581396669328393,0.453217760636492,0.405273198143037,0.343952771392623,0.249676908523204,0.424001056501877,0.381112543432403,0.155978655109455,0.365693771616183,0.245633978866315,0.286034360308684,0.470795317504446,0.467042911536904,0.0877973938856193,0.326959999652567,0.532138247233024
"26",0.132704214034884,0.284457996835732,0.0268838965543419,0.201357669640085,0.37877071886864,0.26423404538871,0.367629164191616,0.0718251046102675,0.26324910572217,0.108551979446603,0.530954966984669,0.29973122584843,0.491561381042494,0.0622146337501019,0.0580136640313286,0.11438266304351,0.651191484365036,0.550720898657776,0.617462876076399,0.541678130123567,0.445703711856848,0.666273120842295,0.569955225605442,0.0461644956706104,0.393159435585558,1,0.452896545959663,0.473922629533294,0.660123724394524,0.524322075139108,0.541633804061654,0.539236582112085,0.565325522313675,0.213757196224033,0.443766898471745,0.133943952853248,0.292258448990107,0.436813324888788,0.296176182925228,0.507107388776468,0.537273608753439,0.462825479604623,0.0573234738228559,0.539271828348596,0.458678563398689,0.625040649848724,0.15564126615996,0.0118585514954437,0.0639656039601183,0.496081365028074,0.536624350611128,0.251717700204211,0.083003002826285,0.491629401667625,0.589878858349668,0.412564855333102,0.489683939580314,0.324522683189321,0.564004634714503,0.498635227966855,0.519360839346913,0.507776565310818,0.543266718068359,0.56906891835387,0.582569929662637,0.419454759883058,0.490473602781101,0.591029682054401,0.330689587820288,0.22346502177164,0.167492330748654,0.600500412079121,0.340754512669618,0.259912525779247,0.310688555413462,0.2128440205957,0.266770594077123,0.350226150588307,0.31896059464276,0.151502997947017,0.350955686188133,0.324237855246555
"27",0.158610672548796,0.163599559967154,0.0268792916022593,0.101960007802963,0.399908216719224,0.256925063094109,0.324417364080523,0.10427418001177,0.276398156087063,0.156912915824048,0.450341479735218,0.321466176594739,0.48860082744513,0.00301688328973409,0.0323625903047216,0.142185544160979,0.443047504184294,0.50209269537095,0.421854516321389,0.500652414192638,0.380533868098313,0.619125735491646,0.448620012485226,0.166101024956189,0.39438154810705,0.452896545959663,1,0.480344265894192,0.615546718979573,0.46202790379453,0.493701105002753,0.368790696142637,0.438966249577759,0.331401831768213,0.235073338890349,0.0925139020105218,0.310320805326197,0.361073984645921,0.280173268724371,0.285021622336856,0.392158223744879,0.429386319963346,0.0524783338193718,0.319615289879814,0.344595031925035,0.430279276010358,0.176309146643093,0.0242308007734419,0.0515800682817897,0.413500389001548,0.428550564190173,0.203845130293182,0.0644222252510901,0.397970989799768,0.512487585551921,0.362007728077029,0.558600833890442,0.296163193555687,0.510835791475297,0.450112193780119,0.428915402294581,0.446952659807662,0.457113042805828,0.505102709611923,0.526743902636204,0.331380073483506,0.43064512534018,0.446794849496724,0.229332671175492,0.21156089096541,0.109225565680441,0.47324372717747,0.160557140076487,0.205498392706879,0.236450643080858,0.107340708984122,0.239849166914051,0.252110951744506,0.33505799244259,0.121643409317534,0.106844919362822,0.265469865335644
