"","1","2","3","4","5","6","7","8","9","10","11","12","13","14","15","16","17","18","19","20","21","22","23","24","25","26","27","28","29","30","31","32","33","34","35","36","37","38","39","40","41","42","43","44","45","46","47","48","49","50","51","52","53","54","55","56","57","58","59","60","61","62","63","64","65","66","67","68","69","70","71","72","73","74","75","76","77","78","79","80","81","82"
"1",1,0.426827183068876,0.195074680774195,0.174110401233934,0.617973045804277,0.0450448923950184,0.552261745680323,0.092946074654729,0.0631434225486127,0.522170297094645,0.478034564435227,0.457781808125068,0.516643197636432,0.379108359754064,0.415483423605465,0.232489304883319,0.564350889405227,0.656981136587043,0.398552273755717,0.683122982698359,0.590160238788502,0.539852626619943,0.606744804069974,0.290353356095955,0.50136365651621,0.140027885954391,0.25878187657226,0.527294364394121,0.590393405495019,0.654817886166096,0.395687969183088,0.61812003795456,0.520434476228759,0.448306874086447,0.484503163282154,0.107986826993934,0.505194379625733,0.353103697076077,0.402850146080663,0.452227923136883,0.57989125313125,0.643579605848817,0.370163657555102,0.662223675984545,0.330354481997566,0.575832895543068,0.43722628369114,0.282776419176471,0.32251052672709,0.699877446076202,0.594278462335802,0.523273369838276,0.158033834654587,0.468749894164273,0.475703170766046,0.632913523141632,0.571579275123011,0.582191316920333,0.407197545932354,0.664297737203578,0.651446979339155,0.666650877978988,0.514447284447727,0.185389272589869,0.516530002116152,0.600174438543516,0.150799625490526,0.547897754259892,0.456733003607842,0.56664268114608,0.274885768966197,0.586314702587088,0.562000159281079,0.56494076331172,0.597717077382658,0.023264805120117,0.0441178315041925,0.528849466077422,0.371471983745691,0.126207916980788,0.128036302410152,0.278272523035485
"2",0.426827183068876,1,0.288707695195223,0.164789694344972,0.573866143010037,0.0325230946924762,0.480137107191132,0.0636803595297046,0.0241338321553118,0.531012870546208,0.448036104759738,0.487399409206,0.448465109642085,0.364125121819411,0.326655683612136,0.265257260750365,0.544520879122167,0.565549317935006,0.311682555751622,0.547562349776956,0.486818052077242,0.490485313987022,0.541646073638416,0.216659971617356,0.450926785540473,0.0784695722585181,0.292787360337275,0.337546971402303,0.48768831653105,0.547478922917514,0.381560667017432,0.606400387812983,0.458767241183916,0.282976431603753,0.482966573523187,0.220023785777713,0.33611858232597,0.313232576255402,0.35895436422516,0.439098708209227,0.426134109233552,0.523895942486802,0.17669209923426,0.626616926445156,0.298526955419463,0.546653039026247,0.394944204201298,0.237965360037217,0.192722333632609,0.530234597107993,0.467832507994293,0.394320860331756,0.295418705804665,0.457585005533914,0.430309729339398,0.535927304824104,0.480189634740527,0.495946660279246,0.344312603614688,0.593581625058257,0.609377905633262,0.599522420418859,0.523666883205385,0.11852737708763,0.464735265195637,0.547430847276776,0.147941058191885,0.481854106326344,0.415561808008616,0.49847032001584,0.326646181895132,0.551830560390472,0.473508110106501,0.443956442101013,0.602497129076083,0.00969567199820492,0.217981882014596,0.486140296925733,0.346629102257515,0.0772131074125055,0.0767558109438319,0.260430427840557
"3",0.195074680774195,0.288707695195223,1,0.156354807754351,0.395181179836475,0.229024058198143,0.331832664385605,0.223076622786527,0.00186606614255153,0.326501837623104,0.252208547802349,0.334609016979254,0.369426966963487,0.297675507750424,0.176925416066328,0.277304626405682,0.347500060871991,0.232438690269824,0.242836749726637,0.234122954801291,0.21879960203518,0.112993253937859,0.359591983295418,0.0704186803722252,0.281112160985844,0.217165476762166,0.149865386145581,0.0483440552537037,0.265274777339458,0.406994923965046,0.25302761149255,0.394435157468121,0.236273837343957,0.100469003559534,0.106962645053971,0.239012743172807,0.230426026152335,0.221714454964611,0.300439837166777,0.17087351541846,0.336005070278073,0.504543685978649,0.0745378006340707,0.423906979422825,0.309676873878478,0.372887319127442,0.25478969876138,0.131914465724625,0.157358432405463,0.256275633000173,0.310327754773304,0.366466061174079,0.337600830231801,0.239963355121644,0.117527842452783,0.321666215201773,0.4089484674105,0.335977250101273,4.99453656768816e-05,0.351029496979793,0.383603432034638,0.367742877341052,0.372286238626633,0.0738871452325915,0.270054678023556,0.510125868206841,0.0267467992820356,0.289480599410425,0.278821341507793,0.329181864507482,0.290405254351662,0.423025153580487,0.309164051792178,0.416811256874689,0.477350217008431,0.0529648026348409,0.261354821565708,0.420734032776658,0.328808344791563,0.067921177741015,0.182507179841739,0.10067003972357
"4",0.174110401233934,0.164789694344972,0.156354807754351,1,0.262790470911362,0.030663825458858,0.228390550216337,0.254544014083418,0.0246912380924773,0.137192156108545,0.292673038354581,0.199707774488078,0.308976755851665,0.2575942557289,0.271010284199398,0.253353165434653,0.321177193101206,0.221419703809883,0.28780515241948,0.254814908075467,0.307667696550569,0.138450584695817,0.288008770545736,0.183095382336928,0.13056944132544,0.0991998003723174,0.000460247312808188,0.173521438262461,0.326718306280022,0.311376211954159,0.347295320967497,0.289128704315724,0.252213253828532,0.293065419668565,0.0206531168514407,0.205824319346856,0.180069922575224,0.265604923247574,0.144743413799054,0.192867552861969,0.245204762589804,0.33331554581696,0.0284822973302694,0.26126221953912,0.136034048033119,0.219191177585927,0.154726550416819,0.10996660523825,0.177097801518965,0.237364133178106,0.261382178974006,0.183209928478152,0.0709924499710335,0.201350553440447,0.0575828444682813,0.219690198792137,0.380641587828171,0.336850697002988,0.100489930481898,0.306875392889281,0.276276043190888,0.300509664844712,0.29673061285369,0.111812798084718,0.176403507569442,0.329322342464688,0.112306738582716,0.296501186003914,0.198169724118661,0.301080015209296,0.0319419456960408,0.292634026135959,0.298564613626165,0.3788981259734,0.336548070109113,0.103272144946489,0.156636175046843,0.362663760916884,0.0713747153780646,0.0834202572181801,0.143975613767074,0.218789538606079
"5",0.617973045804277,0.573866143010037,0.395181179836475,0.262790470911362,1,0.0391535792509221,0.7314531446436,0.214880043630952,0.101849467062722,0.690092918907397,0.586129275815826,0.569690218682423,0.706391939994434,0.550806899994245,0.460296613528339,0.392542542089757,0.788686758400092,0.770209975719287,0.591896834168275,0.766494995145614,0.691909013846394,0.63289981690853,0.744011621047733,0.401117980496806,0.638473721655522,0.213665956584411,0.394699962360222,0.566445121639161,0.712015937197015,0.755028076470218,0.618175021498142,0.813487539565445,0.664012037867846,0.535277485809328,0.498024670863233,0.204538582142369,0.500236725000788,0.492831012902411,0.422054409010501,0.538436736420753,0.72904929288968,0.7560363858834,0.33280733510014,0.838703975131339,0.425572062581476,0.703597037785552,0.549534731941671,0.309646129122975,0.327563464937694,0.757452726604622,0.741807300243077,0.651548445799639,0.365354920388084,0.615302871133217,0.482225678183687,0.746204740055775,0.770633417331055,0.77680828271291,0.438207364018674,0.772671849006972,0.824558154853418,0.817853075731506,0.743281905000303,0.236442451545098,0.579693168452903,0.791435673848447,0.225429582620706,0.65873037122145,0.559276704226661,0.673587988193921,0.349229312572547,0.75428226120818,0.657882473893456,0.664931681667408,0.788428255972118,0.180311868757397,0.216406604819475,0.685293702898099,0.458043374729249,0.111933319322075,0.19022927609105,0.456251530542113
"6",0.0450448923950184,0.0325230946924762,0.229024058198143,0.030663825458858,0.0391535792509221,1,0.0215824972326239,0.0889246966756162,0.076333142188184,0.0580367379138152,0.0244062924763983,0.0831933977148683,0.124472258729087,0.0554599905023276,0.0973608375888775,0.0798335324585269,0.0252998637800214,0.0822455650555335,0.0603638369109348,0.0170096699098221,0.049889614481157,0.131022558488601,0.0733512001314636,0.0822907997557652,0.0557143534601059,0.0790850816156812,0.089323298590017,0.106925289095934,0.0311401332496735,0.152921548744058,0.028928417503218,0.0496167837258329,0.0425362448842876,0.0811355319286022,0.0511336594776329,0.161919077121257,0.0796843058681772,0.126333912284934,0.13453044050387,0.0191371680252034,0.176246460692286,0.179355719599997,0.0300519584636081,0.0700852919951602,0.0630144467129576,0.115350703255006,0.131858776732622,0.0516490521605719,0.0354364223196978,0.0226838008419358,0.00326936991562848,0.151370637817468,0.197564989320631,0.0682532671573379,0.0131674504562127,0.116269065357309,0.14741644118118,0.048177729929874,0.208867089829121,0.00297358075510405,0.0959485709043091,0.0329322606909886,0.10829641378204,0.0781872260857711,0.0881032394637959,0.163490913980504,0.0912483981758303,0.00877952468910048,0.0131312592599086,0.0718782677188061,0.214349422427885,0.129197529321748,0.00839736964140501,0.177338313409579,0.171872851386325,0.0473170676331382,0.0992887479714547,0.126943950054565,0.185826501933774,0.0266496739199124,0.158452175345432,0.0787757943069918
"7",0.552261745680323,0.480137107191132,0.331832664385605,0.228390550216337,0.7314531446436,0.0215824972326239,1,0.240995313202398,0.137528340475687,0.604000159229445,0.538614767234077,0.471054044812216,0.604672771490324,0.521111376590267,0.356009718523736,0.269223969126221,0.699625559628351,0.688327932735837,0.581307211648828,0.713154033290493,0.609389686382262,0.590858440736847,0.641730819809302,0.382911138206052,0.631670331016253,0.188921278306322,0.356323683023464,0.531348702518304,0.629973867788066,0.64213179927892,0.527919441110442,0.721363743267812,0.566935198447812,0.496235834138148,0.454406524724313,0.142156205086377,0.434536963299586,0.427318621006624,0.290130049365599,0.466981813637383,0.682798835568901,0.663880850321144,0.323299474899442,0.752794604187048,0.380769238218031,0.578208170927633,0.455011279968851,0.229202041903478,0.335374113476897,0.677364708732428,0.696885037658192,0.558970859074322,0.291264525557501,0.516115072544016,0.445365371588227,0.689238521356837,0.663669534800635,0.705767363548993,0.401594216603602,0.683516794918172,0.727436766518009,0.749186943277344,0.629287410768655,0.176982141230885,0.48736479881277,0.65911736545583,0.141304580999849,0.576422695303923,0.518085825498219,0.554462776483147,0.278134785273764,0.614019316195113,0.617188285199224,0.603692214737431,0.670080582012907,0.18050830677682,0.184595782720879,0.602738254007135,0.370579151490598,0.132499695796506,0.183989090530216,0.428856893188829
"8",0.092946074654729,0.0636803595297046,0.223076622786527,0.254544014083418,0.214880043630952,0.0889246966756162,0.240995313202398,1,0.0924919370905579,0.118325815708428,0.210699523512584,0.205283451830163,0.311432388690436,0.248913874810153,0.175576022467628,0.185535301633673,0.238900311272505,0.13039246915245,0.330253497316894,0.228786922187683,0.165674968823361,0.150927048197298,0.227530630898044,0.146132649470446,0.195132203878044,0.207843447704411,0.113405171279563,0.223208094230021,0.263806722023173,0.25820295806993,0.256783489737061,0.256786809572897,0.211906608182657,0.137262640735546,0.0020123040971931,0.122653192249361,0.0850502601255876,0.193302118497529,0.0961910068923899,0.102702228471709,0.246243454788575,0.250331645148824,0.0315276484410862,0.223615065725527,0.194361048355094,0.120100172388987,0.124678532379084,0.0277553580336375,0.172076858834908,0.147857181793385,0.303356951503019,0.129371245079179,0.0473281385589962,0.192481917681998,0.0310630250174838,0.211847478828044,0.302180980194402,0.275735421663086,0.0674083802092762,0.180432832598525,0.204337329051831,0.261928214424925,0.28325795303519,0.11492482191559,0.153984887857309,0.302026114665229,0.0885936939087092,0.155565350936802,0.158436053683133,0.14415050828912,0.0310199894508688,0.203075239545735,0.144542661393548,0.280206873407705,0.246783126095111,0.0280079661555241,0.154787182605465,0.23029677151514,0.0138643847941046,0.112842857048555,0.131181609665905,0.15414380498701
"9",0.0631434225486127,0.0241338321553118,0.00186606614255153,0.0246912380924773,0.101849467062722,0.076333142188184,0.137528340475687,0.0924919370905579,1,0.0499867257154993,0.0198514330395334,0.0086814927274869,0.0774561490780012,0.141241952760513,0.0709335750339053,0.106737988676609,0.0775085989969891,0.160199169775773,0.263306800307025,0.0586609585978745,0.0583605741455824,0.0976548570925617,0.0986618691203503,0.120579837220844,0.116427261733187,0.133302751199073,0.0470249814216797,0.137100295021498,0.130131349256165,0.136812229736287,0.121752827650914,0.044212077386363,0.0536542257165932,0.13086251720175,0.0362855009690203,0.106743779941149,0.00639939797374268,0.0340773935581379,0.00724071244579428,0.0731641669799861,0.079693427710637,0.0879174344142025,0.0813869285655369,0.0993731291468981,0.0238137960158369,0.0355137103773911,0.042161011564435,0.0304894720710077,0.121329687987084,0.101759983844029,0.143818224697706,0.0809532685821435,0.0624814836935858,0.0308419050816121,0.0525948720687598,0.0529998792133654,0.0547188005085254,0.134393419438516,0.0896004391718488,0.0136073933254077,0.0592440133418861,0.126566315118688,0.107710970405257,0.101328766108594,0.00921813400989813,0.0137590710829344,0.00695491653333151,0.039159835345083,0.0452669331628551,0.0425671575182341,0.065545844276882,0.00205887138536621,0.042608264514202,0.0665375784150128,0.0455330453218564,0.017677497307115,0.0663255026294414,0.000914893837620973,0.0649668141604417,0.013426651210542,0.156507529492048,0.0556038358711341
"10",0.522170297094645,0.531012870546208,0.326501837623104,0.137192156108545,0.690092918907397,0.0580367379138152,0.604000159229445,0.118325815708428,0.0499867257154993,1,0.5385130491638,0.542204120633983,0.580552912775095,0.43448234629642,0.342387854943328,0.284670441887198,0.671657069979532,0.635562725585401,0.457386475871646,0.639576254382498,0.574331572545377,0.515632513800201,0.629826831760056,0.288691021594777,0.52858181916413,0.151802216227944,0.403770655847365,0.43996486835304,0.551109054406087,0.634313433257848,0.504141517529148,0.707531837599522,0.562743296764847,0.397283527380924,0.524543555880907,0.227489398835648,0.410561982559915,0.382178225958453,0.382450572078084,0.489810037019579,0.619730622139087,0.616812763734814,0.215881605908476,0.716796376996459,0.451057612499113,0.58536915465345,0.454422446315347,0.277956132790924,0.213508033420278,0.626718592502831,0.61131966118688,0.534611995918273,0.374668307346952,0.531956565956512,0.457719965410515,0.679236480982261,0.635361023575118,0.622172910016834,0.415813092447662,0.673788084969897,0.718689105685146,0.68599943055182,0.651230578187261,0.135502687582908,0.516062533656273,0.688408287167782,0.166042212904417,0.527022089058063,0.486275993150876,0.527211956885561,0.345005059219362,0.668107915887625,0.592179284969312,0.517744871460857,0.661676209201136,0.106604052231695,0.168266983529252,0.587154378336906,0.393581141273882,0.0748863499776905,0.0774215187171874,0.380563523577505
"11",0.478034564435227,0.448036104759738,0.252208547802349,0.292673038354581,0.586129275815826,0.0244062924763983,0.538614767234077,0.210699523512584,0.0198514330395334,0.5385130491638,1,0.560748325409016,0.547301438328564,0.457103206120111,0.431717583437842,0.362131949634208,0.659315035824072,0.612035238548999,0.417233762268928,0.646522530333905,0.593951459629694,0.503853665712554,0.668981325015551,0.468794033591439,0.370177955500171,0.274118577837382,0.2906639942597,0.576635860167869,0.623735327695825,0.618465682234482,0.510745396917201,0.691326210947553,0.583515406813362,0.452741356863495,0.404688667503018,0.170087693838041,0.417082304536145,0.355231438602727,0.375665730309261,0.423767933687896,0.53184002548287,0.585388849288336,0.290321386951528,0.642222291790446,0.470890294263016,0.590720626452174,0.359013594833454,0.185786047751862,0.267069333269422,0.644960877870163,0.644744336266498,0.500696465985323,0.272945297668723,0.479072277461563,0.3384169867146,0.640636677525986,0.612923685906342,0.68398468075469,0.54545593429876,0.699147336957243,0.647489656480761,0.658549120865882,0.613986395459106,0.235637901743495,0.585807565523207,0.630187775156191,0.356641567397184,0.561018609157277,0.455728270549888,0.565284507418642,0.222932490387903,0.644426865100598,0.593555881698992,0.45636810096119,0.609274497835389,0.0707844978368493,0.204809173239446,0.535932828127822,0.331466121827566,0.201997460314933,0.11656859623384,0.421619815064407
"12",0.457781808125068,0.487399409206,0.334609016979254,0.199707774488078,0.569690218682423,0.0831933977148683,0.471054044812216,0.205283451830163,0.0086814927274869,0.542204120633983,0.560748325409016,1,0.558440974135483,0.380859424351385,0.454160862543299,0.351624599782697,0.533344029461245,0.56099295653893,0.275290362992115,0.596090992239051,0.601765826040255,0.393463419133883,0.686906398756185,0.395044150382795,0.335416780227957,0.368884384885246,0.228762651537143,0.525533448148659,0.566717209328729,0.670926735275774,0.432554504641124,0.646708657423939,0.583355151766503,0.323854126883823,0.442113562573063,0.202541337740954,0.441284346493272,0.371036603960475,0.528738602058543,0.406690207888062,0.49687062580374,0.600389879328905,0.299155563884396,0.649522754420353,0.446958329462363,0.623909564316728,0.374693209745957,0.161159670657592,0.139074715263092,0.647249044561603,0.625570513597348,0.454598088427654,0.288386447169817,0.46605825647714,0.308471722183029,0.635271344343679,0.560658310000615,0.599464781423122,0.491896751403486,0.634336095566131,0.653899749371675,0.646331788688784,0.567426798159893,0.222744783220106,0.628437961136504,0.625112096720717,0.313115969316359,0.521124173364908,0.379564389166693,0.573293471543251,0.342204054893104,0.659612762028278,0.540543257587816,0.408954221703013,0.588904286898073,0.0057425221342355,0.159181788095935,0.42438722059117,0.387352791661955,0.216892035540905,0.0595035595294932,0.347033116463879
"13",0.516643197636432,0.448465109642085,0.369426966963487,0.308976755851665,0.706391939994434,0.124472258729087,0.604672771490324,0.311432388690436,0.0774561490780012,0.580552912775095,0.547301438328564,0.558440974135483,1,0.491297247912586,0.433117378700357,0.467587573142681,0.728971877389737,0.583271708960299,0.6289750962061,0.66925824414719,0.691872742167755,0.458627137737857,0.718534181639842,0.389833195315527,0.477028843664021,0.207136907702025,0.331400833327231,0.460629475308201,0.647231915390756,0.68996578426693,0.680316449071038,0.695386093948295,0.623506652243138,0.416099655142433,0.343194521664932,0.271531327300718,0.43744165178016,0.574921322749468,0.362932837092474,0.512705486813567,0.702206350256818,0.717036185838198,0.241454170622644,0.717147439559346,0.405159214419566,0.575823602574631,0.459840840893081,0.228199429107192,0.240335828275407,0.643120246265967,0.660329130648958,0.53325687284601,0.368102237150085,0.566563666872108,0.346916550227888,0.672570930918626,0.762139385023877,0.766831344694235,0.343279852041935,0.660059226661964,0.754422826168018,0.739204725308467,0.68614322224536,0.195781469588147,0.564567752872784,0.735273395862674,0.225469526996963,0.596498308536819,0.478476664502217,0.625641387217415,0.231025918114125,0.686303870111944,0.60214233262554,0.628136952134382,0.739356920455847,0.225539535012959,0.285529423650886,0.64389431680214,0.407717374393638,0.12110496042623,0.219460625484956,0.465242197867334
"14",0.379108359754064,0.364125121819411,0.297675507750424,0.2575942557289,0.550806899994245,0.0554599905023276,0.521111376590267,0.248913874810153,0.141241952760513,0.43448234629642,0.457103206120111,0.380859424351385,0.491297247912586,1,0.348478806087262,0.326912683052693,0.578518925859927,0.50053780587116,0.489536920226748,0.518561623195849,0.492958360082651,0.421893539310223,0.557264902116385,0.316547046660835,0.373613391762683,0.212365045107062,0.24135642141177,0.495203698200797,0.553648073173453,0.51913317294307,0.510139423373788,0.552740624287029,0.49582332090937,0.328999578857152,0.249118137165006,0.0780725866430437,0.349161121749814,0.309584676581621,0.189050963383688,0.306159350787624,0.476695217565201,0.523407340651956,0.279078006578158,0.575570908550683,0.248099901487214,0.435787361121595,0.323112932612702,0.112710120063255,0.322312674811774,0.504134427046344,0.550255271669601,0.472194976776363,0.245822841212661,0.414199885660293,0.246825110439993,0.499673045557108,0.556792923053196,0.59966575469208,0.376947677437042,0.564932276715673,0.520576167022597,0.566729222752372,0.53126829109934,0.158196992865684,0.414293571429059,0.521929290825979,0.177027396899871,0.479047663413854,0.404456874958241,0.45334512358211,0.163056387352132,0.478670554840534,0.526147517100287,0.461144314677862,0.496802464761864,0.0825043805301452,0.177852798729013,0.452450568076172,0.245249166488642,0.150332166952341,0.223316716859592,0.376037250629707
"15",0.415483423605465,0.326655683612136,0.176925416066328,0.271010284199398,0.460296613528339,0.0973608375888775,0.356009718523736,0.175576022467628,0.0709335750339053,0.342387854943328,0.431717583437842,0.454160862543299,0.433117378700357,0.348478806087262,1,0.358338659114627,0.461377910761898,0.481161791869796,0.349574586384276,0.471654226692974,0.502802478994046,0.366728573391307,0.560253157214651,0.397906806913361,0.280619088979286,0.280635239696054,0.109101880513002,0.433878825064213,0.516677992673828,0.56523622948525,0.427147588144343,0.50074744275536,0.493046689586965,0.374296086312719,0.252902538729896,0.20801841487458,0.35770539590436,0.336948384745653,0.334917555439249,0.27884842717599,0.456584504098987,0.499784433053362,0.301666565248257,0.503872184083606,0.339712422147382,0.480758842672103,0.371309833168465,0.107219982699795,0.201095297065812,0.526146185119158,0.459677954005589,0.4104818924932,0.18628088850097,0.376080096575412,0.198055706648484,0.492857493692093,0.518142458947701,0.531682556318521,0.281140777057597,0.51829535639439,0.531570380063694,0.547348346454647,0.48291345696653,0.176257486331842,0.487178799799006,0.475954288983947,0.282097363437524,0.414312452749923,0.294348149403373,0.44265824750785,0.157112871474212,0.482283242173723,0.420248338965784,0.413945253611388,0.508875173482817,0.106707202126765,0.13973070395727,0.429783590089594,0.27556715880758,0.126360979330544,0.176339508034985,0.3656887198993
"16",0.232489304883319,0.265257260750365,0.277304626405682,0.253353165434653,0.392542542089757,0.0798335324585269,0.269223969126221,0.185535301633673,0.106737988676609,0.284670441887198,0.362131949634208,0.351624599782697,0.467587573142681,0.326912683052693,0.358338659114627,1,0.426341388274579,0.320581458176653,0.33671920736604,0.344117233589421,0.39958764133783,0.228304211283132,0.518065330810568,0.324328432359816,0.179930452062875,0.269032685106625,0.0476676499812864,0.284437019508629,0.409098387358937,0.4489563482145,0.478446413395586,0.411254259851408,0.427896024400308,0.297716414929408,0.050939066962499,0.135130687941037,0.192505889960719,0.372986217094748,0.240376157434199,0.22897967354469,0.385814194187617,0.42316730257052,0.12051580526476,0.402403315597057,0.220381027550394,0.379641497996645,0.244987435757488,0.0601748602546228,0.0374079047842945,0.361426439228044,0.345258079957309,0.345545605882554,0.308927577766124,0.328175929957978,0.0471626257001186,0.386366523109935,0.513937735321084,0.499517770758128,0.177405881585645,0.403001543618429,0.422018800026196,0.421358291992444,0.429265631578446,0.197340205063939,0.329400918969982,0.434531204599702,0.199382091551985,0.334298439272039,0.223997031825656,0.371574007266995,0.10614164477597,0.428083370765248,0.366591081111214,0.306017762018965,0.422066552065102,0.199971951397787,0.220510320852088,0.407091843153539,0.144055988483693,0.112698748660051,0.165026691498414,0.369266750801322
"17",0.564350889405227,0.544520879122167,0.347500060871991,0.321177193101206,0.788686758400092,0.0252998637800214,0.699625559628351,0.238900311272505,0.0775085989969891,0.671657069979532,0.659315035824072,0.533344029461245,0.728971877389737,0.578518925859927,0.461377910761898,0.426341388274579,1,0.82034349113615,0.665806477637636,0.765772171597926,0.714617776058651,0.686441565921736,0.772429037027307,0.474329286510095,0.617483838805551,0.118893756300859,0.476982622352141,0.557894523061786,0.781817489889935,0.754395582253711,0.773552230260055,0.846933943968416,0.668484075249128,0.587555150842235,0.521337590751924,0.279862042621108,0.493287143746617,0.474711728300788,0.413669937523194,0.613912144722206,0.739590084667817,0.754170702318293,0.200641516065561,0.833485761531027,0.502911601862104,0.659640903612273,0.472739050100035,0.237625414433032,0.357302778505076,0.714406103374339,0.754922293334977,0.595057340479265,0.360535781976379,0.647307373394025,0.520346645451864,0.74857422709498,0.818242433985745,0.817154616963209,0.512585000225262,0.825448601474255,0.827356728553946,0.842243017228483,0.81809177343501,0.271990265651398,0.617662880207859,0.815493147038299,0.32743451028136,0.687753421376842,0.552719506923412,0.671582192019175,0.231324520943938,0.762040223465456,0.68615228668939,0.662390954450369,0.817468483681953,0.165635495658628,0.237902113588052,0.760517133796787,0.360832487185524,0.0591835815863984,0.255877238865538,0.529867272249196
"18",0.656981136587043,0.565549317935006,0.232438690269824,0.221419703809883,0.770209975719287,0.0822455650555335,0.688327932735837,0.13039246915245,0.160199169775773,0.635562725585401,0.612035238548999,0.56099295653893,0.583271708960299,0.50053780587116,0.481161791869796,0.320581458176653,0.82034349113615,1,0.507510299580457,0.808481782417302,0.719362145304406,0.766493509148563,0.763411078105639,0.50539966753873,0.683261025048153,0.173632860827255,0.442183645433154,0.651176657629119,0.765435036038551,0.795858928551739,0.649777791641192,0.847854038519069,0.692701222367705,0.608648997551197,0.617861960493376,0.135007163772357,0.522369684270492,0.38752420113699,0.482620011243838,0.559921248297693,0.699398490945282,0.720038856654331,0.358765931895643,0.826111937938973,0.454114577956902,0.709241846054814,0.512869337922609,0.302216044830616,0.346214253804598,0.81005986063163,0.795107709296934,0.643730094928123,0.276792976154752,0.615130878350939,0.589381347211922,0.765431877242433,0.710390356588476,0.77339066663817,0.623760536920935,0.839360654531706,0.836287077083032,0.858834353705097,0.761005183017977,0.296726172680955,0.63927960195938,0.748498682154226,0.357326023879836,0.695349501793256,0.555073838998723,0.666976780374235,0.346379298294744,0.717327210124068,0.647644310574768,0.569321506307219,0.744418419731555,0.0504663312687401,0.100119174238173,0.678037959691869,0.347208073073292,0.063870732744114,0.279370290976593,0.454338134623543
"19",0.398552273755717,0.311682555751622,0.242836749726637,0.28780515241948,0.591896834168275,0.0603638369109348,0.581307211648828,0.330253497316894,0.263306800307025,0.457386475871646,0.417233762268928,0.275290362992115,0.6289750962061,0.489536920226748,0.349574586384276,0.33671920736604,0.665806477637636,0.507510299580457,1,0.545767908091058,0.492871873596272,0.44937490286097,0.525496966542843,0.355817081884533,0.502139522056488,0.0648727640623653,0.294083283920946,0.406935887411868,0.560373575939082,0.484161627598254,0.623405929932334,0.549063790826688,0.471790959915739,0.478071745358836,0.2010047755708,0.170807258414446,0.307667801917057,0.38418216490305,0.103914482068085,0.455898164567343,0.650323374750736,0.555509442478428,0.174297962486251,0.580257647927169,0.278960270144481,0.357731441622418,0.27518749343853,0.169261718127741,0.292079660802939,0.47117126742216,0.555762900475682,0.436705793547822,0.214988015847005,0.442626720113423,0.380084010410709,0.53788517454304,0.649373011741805,0.654252642611133,0.241352345446446,0.484232496222248,0.583770594346002,0.606140931222437,0.593128358953026,0.101191814450092,0.312609252366831,0.530877417481877,0.167869806112093,0.452242836743128,0.416161532680265,0.48815511880448,0.0455259357726632,0.461284297215143,0.456305990777458,0.55346107664664,0.572272201794488,0.351672661583253,0.164911244115797,0.568810679831798,0.213966559137393,0.048051565309098,0.343829947902362,0.40597582988465
"20",0.683122982698359,0.547562349776956,0.234122954801291,0.254814908075467,0.766494995145614,0.0170096699098221,0.713154033290493,0.228786922187683,0.0586609585978745,0.639576254382498,0.646522530333905,0.596090992239051,0.66925824414719,0.518561623195849,0.471654226692974,0.344117233589421,0.765772171597926,0.808481782417302,0.545767908091058,1,0.74172864648757,0.70073024976443,0.760884659244367,0.484970935711151,0.620391224222353,0.181864335754498,0.433171247395362,0.661168838576725,0.72632339856243,0.752343633345308,0.613258517412236,0.809185835292665,0.704274744074137,0.52330576330902,0.604917832029028,0.149225825800397,0.524378239049964,0.469708776423421,0.429038039885332,0.536641722070676,0.699978451757133,0.720018505804224,0.379016103031338,0.818809913900328,0.449235800130679,0.67528036843618,0.549884160787886,0.305770729536428,0.352114212666774,0.803937319892513,0.776770656788707,0.581129741132656,0.254190621788393,0.641281265493836,0.509255574988267,0.770488694936203,0.729648090444899,0.774782336028319,0.561466692186729,0.81844527486204,0.810899994002272,0.839013287338827,0.721897441628838,0.246088870490428,0.630769838556552,0.729844446061808,0.283442717374536,0.712074872620063,0.56525436005111,0.645158203266942,0.304067198538926,0.710193313105495,0.666814570716465,0.607746854702819,0.728440450223876,0.101175661518505,0.143565656059596,0.647074203323554,0.388389692575252,0.128985298447499,0.25874203763695,0.462375628583131
"21",0.590160238788502,0.486818052077242,0.21879960203518,0.307667696550569,0.691909013846394,0.049889614481157,0.609389686382262,0.165674968823361,0.0583605741455824,0.574331572545377,0.593951459629694,0.601765826040255,0.691872742167755,0.492958360082651,0.502802478994046,0.39958764133783,0.714617776058651,0.719362145304406,0.492871873596272,0.74172864648757,1,0.590900638261713,0.790821187999671,0.474229027447497,0.481067891823122,0.295933272251201,0.340414325990393,0.637733655909073,0.708304092609249,0.74528019471884,0.635012607231899,0.748734573343002,0.737226372530128,0.521390014791924,0.461092694377023,0.190037048738493,0.523160486231758,0.502623470220346,0.398173223386063,0.554631035014048,0.693301291028465,0.674271497339776,0.343848025592107,0.746456622616992,0.455235049698393,0.67322867501245,0.486514205897234,0.201914123718949,0.249622709796261,0.767534862387627,0.711660645528406,0.608367366918473,0.299268473945868,0.586410585195486,0.462703592738843,0.763198168142287,0.729325092913267,0.786635855370486,0.517217548792129,0.752552293400479,0.787843852876387,0.798284030079373,0.690625580887204,0.28068349566231,0.677865715564825,0.702750946142205,0.356510271020014,0.662818522158032,0.474192818127479,0.632946721944971,0.268135520678626,0.714318567431451,0.678850802821633,0.580705817296877,0.714704723112198,0.183667478157314,0.152231913745503,0.60629570135992,0.34203227988268,0.18682600216917,0.276672589270004,0.519208381435704
"22",0.539852626619943,0.490485313987022,0.112993253937859,0.138450584695817,0.63289981690853,0.131022558488601,0.590858440736847,0.150927048197298,0.0976548570925617,0.515632513800201,0.503853665712554,0.393463419133883,0.458627137737857,0.421893539310223,0.366728573391307,0.228304211283132,0.686441565921736,0.766493509148563,0.44937490286097,0.70073024976443,0.590900638261713,1,0.58808798374471,0.404679832929439,0.570845949078786,0.0878007245806627,0.459560877454452,0.560834103360911,0.627846630205152,0.584104006309652,0.533417185182924,0.68952304109271,0.578645344732155,0.47134435243602,0.594731254186442,0.0776412010646203,0.362105391312112,0.262141122108044,0.359396908733962,0.476757266931758,0.537014347521289,0.536308174527582,0.28293434646531,0.68700536545787,0.335710306545407,0.543194412545247,0.410748106102723,0.325654952934108,0.289432342672294,0.644846355871709,0.6472788379956,0.457407963578833,0.189119789896725,0.527244564715754,0.487696421739212,0.650243400236432,0.55012460059626,0.60797125239981,0.561771485847552,0.681530908969411,0.656857583216211,0.702005546170921,0.632678479901451,0.212930063407311,0.528237271640286,0.565911545241337,0.277005765201324,0.602175658143065,0.485349483627009,0.481071728274505,0.168663054396476,0.528012120163598,0.501548837359337,0.445896353419911,0.562534991604313,0.00936142403387528,0.054995918313491,0.534741064169463,0.239694692717634,0.0144859782112524,0.304342801856148,0.427466131568921
"23",0.606744804069974,0.541646073638416,0.359591983295418,0.288008770545736,0.744011621047733,0.0733512001314636,0.641730819809302,0.227530630898044,0.0986618691203503,0.629826831760056,0.668981325015551,0.686906398756185,0.718534181639842,0.557264902116385,0.560253157214651,0.518065330810568,0.772429037027307,0.763411078105639,0.525496966542843,0.760884659244367,0.790821187999671,0.58808798374471,1,0.529666513838795,0.51589925201491,0.371518341640159,0.322541853404094,0.662699084287684,0.75355095437535,0.821946424462943,0.695289722966524,0.819261838355745,0.773959142934229,0.50982085320269,0.459615773593069,0.175766231851002,0.537548100258754,0.524660438085697,0.50966149746406,0.524623662495445,0.729768632099226,0.76435893024551,0.420639169688792,0.812970999823654,0.532514363750433,0.76579984759056,0.532821669174663,0.212657088302345,0.298975354370429,0.801107736418538,0.768503698351921,0.690911631094772,0.424503319740042,0.588038654533921,0.407956817201435,0.793413769757888,0.811446252444674,0.850368315024613,0.556861764108039,0.8227918211898,0.838967381342931,0.851128015133707,0.787161021390789,0.334383063257828,0.725270430002181,0.778273244915787,0.355302590353915,0.667788012334447,0.502290880335917,0.670207831224901,0.346003099610309,0.768860716883236,0.710304435761608,0.592966966122761,0.777791027768003,0.140703416707818,0.25726012726654,0.662815398915738,0.419707973127822,0.211881019080275,0.215533224517996,0.571301910446345
"24",0.290353356095955,0.216659971617356,0.0704186803722252,0.183095382336928,0.401117980496806,0.0822907997557652,0.382911138206052,0.146132649470446,0.120579837220844,0.288691021594777,0.468794033591439,0.395044150382795,0.389833195315527,0.316547046660835,0.397906806913361,0.324328432359816,0.474329286510095,0.50539966753873,0.355817081884533,0.484970935711151,0.474229027447497,0.404679832929439,0.529666513838795,1,0.275402388548863,0.200163179574497,0.239803183141774,0.482145834728791,0.462710005707888,0.449920672483498,0.462878189025579,0.506009876922613,0.492515488405756,0.455827168778772,0.310813592769632,0.0103712284200919,0.253792327085735,0.259933858476949,0.258122002658949,0.287605215138333,0.378497782793909,0.381048634117354,0.254541446798569,0.438071188281663,0.376328862067331,0.430506990257129,0.256227028738944,0.0987354432969926,0.0763454607255453,0.48952695012389,0.508364990502639,0.357303117818016,0.177595573483308,0.336605632117129,0.246067347930546,0.459512623688103,0.433567490641457,0.547865622116689,0.45800786872154,0.499403598841943,0.486841454704555,0.523874064881463,0.477321386894292,0.279678178043639,0.417960721424567,0.402456840155206,0.382965252649655,0.426808818618794,0.266917266962375,0.397245581018834,0.102029415683658,0.431576213750376,0.405298212010644,0.236791710208149,0.382994732292356,0.164223759948411,0.113944099733487,0.379839721647619,0.112742397730753,0.141607375490711,0.243205177163958,0.450469317593728
"25",0.50136365651621,0.450926785540473,0.281112160985844,0.13056944132544,0.638473721655522,0.0557143534601059,0.631670331016253,0.195132203878044,0.116427261733187,0.52858181916413,0.370177955500171,0.335416780227957,0.477028843664021,0.373613391762683,0.280619088979286,0.179930452062875,0.617483838805551,0.683261025048153,0.502139522056488,0.620391224222353,0.481067891823122,0.570845949078786,0.51589925201491,0.275402388548863,1,0.112026074894178,0.3918841411286,0.428874921859237,0.525579921128661,0.554936754333277,0.454310213510886,0.643718534930957,0.439130695072855,0.434081852479891,0.478724101303759,0.0950092927060123,0.3580484806918,0.302852230350064,0.314711582288754,0.428565377918932,0.613784347085209,0.586938554434838,0.255081452242331,0.671253432103738,0.299097572042489,0.487088723404808,0.461018823107852,0.315112593360532,0.273791981505421,0.596884092502774,0.615666789999431,0.497519288359418,0.269733708995879,0.508998010219919,0.494569540301652,0.593207883679251,0.550889148320129,0.568852425408754,0.358410773385414,0.587878489147514,0.647204591734058,0.660469875392422,0.599197677506875,0.114644906323113,0.382525314369591,0.595734813134902,0.0917448690680521,0.537999424634797,0.49011635248897,0.505419337286625,0.305199645170699,0.526372346332817,0.456420055530098,0.536006059234,0.586578799183436,0.0600718074072385,0.0971224990179882,0.553823190616371,0.353154719878956,0.0166774492742175,0.166325274745178,0.293703314751942
"26",0.140027885954391,0.0784695722585181,0.217165476762166,0.0991998003723174,0.213665956584411,0.0790850816156812,0.188921278306322,0.207843447704411,0.133302751199073,0.151802216227944,0.274118577837382,0.368884384885246,0.207136907702025,0.212365045107062,0.280635239696054,0.269032685106625,0.118893756300859,0.173632860827255,0.0648727640623653,0.181864335754498,0.295933272251201,0.0878007245806627,0.371518341640159,0.200163179574497,0.112026074894178,1,0.0831732367790225,0.326468701826861,0.228128985598594,0.37708532541822,0.149514153425933,0.26952009405708,0.297723825579548,0.0978950246338768,0.020804680544723,0.00720836427100593,0.173858203940174,0.124816037855624,0.303617352306963,0.00233047057389495,0.242339569030223,0.24721281507974,0.36673164826743,0.263527031701389,0.166290729757836,0.351666672765002,0.255070046286591,0.0127623316577126,0.00450129211921472,0.333168329185218,0.296268397467978,0.375515522742518,0.258907979830741,0.156525300516909,0.059230123722821,0.324076101866303,0.256363940622583,0.311354775831804,0.251237027057894,0.23342216337455,0.233169680074106,0.259454803154324,0.264933166046512,0.170308053267112,0.291108702538999,0.273085057548905,0.11454476555113,0.20340136556125,0.0816205447162834,0.168239537618895,0.239020202291502,0.261095138823976,0.259441891386782,0.178125378346583,0.230261266135565,0.0468206408681473,0.119484138628197,0.119592965207675,0.195270199170264,0.288798254691164,0.0121478163692471,0.215669744031969
"27",0.25878187657226,0.292787360337275,0.149865386145581,0.000460247312808188,0.394699962360222,0.089323298590017,0.356323683023464,0.113405171279563,0.0470249814216797,0.403770655847365,0.2906639942597,0.228762651537143,0.331400833327231,0.24135642141177,0.109101880513002,0.0476676499812864,0.476982622352141,0.442183645433154,0.294083283920946,0.433171247395362,0.340414325990393,0.459560877454452,0.322541853404094,0.239803183141774,0.3918841411286,0.0831732367790225,1,0.259865815535373,0.34544964711491,0.263579691311201,0.363132541847739,0.424272902242735,0.293462426404133,0.164919309027242,0.467463211616892,0.0398247646109442,0.178816459944161,0.148672321362606,0.140999225425815,0.322045678930635,0.293544723483154,0.324814609246695,0.0408015665637286,0.454690718720951,0.38836135752957,0.311272546767279,0.235614369577845,0.197227477849308,0.218444165412024,0.340275447320819,0.381600729394901,0.22663186185601,0.155311476977747,0.355296137401794,0.370131641245121,0.367356363476802,0.335499236122854,0.315234759317221,0.366509823361164,0.4242848438972,0.401735939116195,0.430895638455355,0.407849330000428,0.159742991678718,0.364358874774038,0.387037130332009,0.165274418384196,0.406018216530468,0.339291726984905,0.255551213773129,0.0955324387638014,0.323936725772815,0.286270952465007,0.262622340492704,0.348294231604451,0.0402347207933404,0.0801391028028349,0.289628898590067,0.152999325269047,0.0276734325699129,0.106854611751506,0.227511967323041
