"","1","2","3","4","5","6","7","8","9","10","11","12","13","14","15","16","17","18","19","20","21","22","23","24","25","26","27","28","29","30","31","32","33","34","35","36","37","38","39","40","41","42","43","44","45","46","47","48","49","50","51","52","53","54","55","56","57","58","59","60","61","62","63","64","65","66","67","68","69","70","71","72","73","74","75","76","77","78","79","80","81","82"
"1",1,0.154556581383851,0.36597995719957,0.265305428935684,0.257139007226287,0.313970557133095,0.43294219381365,0.411961509463556,0.3836151880827,0.415346335651914,0.467469402390372,0.506680166251876,0.487292452242829,0.496245028912533,0.276966172298542,0.433655877296609,0.490562302077434,0.531369446121428,0.462999997986738,0.505380449326342,0.485982380178557,0.484917504544754,0.482985521868322,0.137576905451915,0.568008458088057,0.422985632935538,0.409629097803544,0.5059582119711,0.443080623334087,0.495369465130461,0.486317607794257,0.47720554948559,0.504635783867371,0.111705537690089,0.383068464532779,0.306413314870818,0.446920899420262,0.522313597772086,0.456901293378808,0.501052862921383,0.433428396240523,0.178189954265923,0.0594495947185725,0.414513975725115,0.46284629542289,0.406520901542552,0.182883898371461,0.152259295554045,0.0640530966626026,0.535296364193782,0.435467163142626,0.0721921497563413,0.0347779523087208,0.383906835191381,0.532045168559019,0.476475844551991,0.481054813055013,0.49956742220442,0.392720947085068,0.475966867049617,0.496882856053049,0.522154636608412,0.491728642729742,0.470088366374526,0.445111763905126,0.422659322794335,0.404000491408417,0.48053290088837,0.448085702316908,0.488630215177523,0.269878927746178,0.455506269343997,0.449138156118779,0.210472584417385,0.334012934555533,0.352844118249554,0.371691925616143,0.218342928029703,0.378512384847466,0.0614004960210193,0.469450387553758,0.482135655909207
"2",0.154556581383851,1,0.171566498389665,0.118770147328159,0.0158465732220357,0.0752953191919721,0.0185205590642714,0.00847868652477271,0.0950378362873257,0.00970552943644327,0.0329382936231602,0.00156685790092918,0.108497406260326,0.0168685439813907,0.148146174587984,0.13268519796192,0.00806181535354462,0.01491489939523,0.0272707370064895,0.0463872351195097,0.0423388809060858,0.00189455836947274,0.0113501783680277,0.201916569275921,0.0278305625725784,0.115437329972956,0.0303391878697232,0.0518976424881,0.0101328714907811,0.0102996870411631,0.0169958412302239,0.0043953774975039,0.00492999381700753,0.0270647973455017,0.153804502007181,0.104646131565736,0.0691450289741222,0.0926733305386182,0.0179430748789115,0.185684693292087,0.0859903913038878,0.123565741809873,0.189735989845859,0.0903217235890602,0.0297918537083357,0.026851907191378,0.0375068530246477,0.140489551225194,0.0729872221722073,0.0469466937140525,0.0938208005626716,0.0662292995275249,0.0141667654261426,0.0407393929543379,0.115316291784239,0.0293303707013549,0.0363213342791251,0.00479142811522112,0.0442838952464501,0.0270680031473752,0.0121638772217939,0.00989676827027796,0.00203665420016858,0.0934684573372176,0.0411212183790662,0.0634781446674098,0.023149012086799,0.0765982998184882,0.0858964897153894,0.136494133371946,0.0219665757966518,0.0571147182400224,0.000659182753812986,0.176286500387645,0.0165537160220918,0.0487992633984181,0.145854121324839,0.247983769890818,0.0673021586342936,0.0475949810310842,0.122898476727274,0.0226660832895782
"3",0.36597995719957,0.171566498389665,1,0.645444626027559,0.49563050630798,0.672947813177212,0.623965625867709,0.538653631085352,0.597714395113433,0.660128325270227,0.772520777730439,0.769722374687469,0.652780898336717,0.737807769819524,0.199617067383901,0.594273135414717,0.789209938871753,0.790217336179838,0.799152285569653,0.747660238074618,0.763258258167961,0.75961729185106,0.787805115206855,0.0540065979917777,0.672235292233824,0.733226678188595,0.776296367654048,0.78161025333032,0.763439112378642,0.770334365991215,0.7882472109769,0.761707828957319,0.76489983916617,0.148307347614798,0.553160777274712,0.629124214651369,0.682616157953881,0.616923414425291,0.524778396879227,0.511824974705928,0.695240882073383,0.447080773972278,0.378744313306677,0.803588724701044,0.695938945275797,0.777349192594639,0.304394547262591,0.294045230912417,0.314045115776434,0.672890082152141,0.771019964371021,0.201883180975644,0.156020068902428,0.533341674386611,0.651597035252007,0.802623111778084,0.751779164416881,0.769849277706321,0.76049192361561,0.737775052158195,0.751001206573921,0.751158007395428,0.768716000812444,0.712213623137256,0.786215997519442,0.73684010345288,0.599199935923028,0.628973341318017,0.674942287502631,0.592829514483325,0.413766889615845,0.730560382518552,0.718634402150697,0.0227859770599376,0.621466652884087,0.64882387809252,0.266252127127735,0.624428350954028,0.700067349669481,0.136992572402354,0.579463115035983,0.695277705629633
"4",0.265305428935684,0.118770147328159,0.645444626027559,1,0.407642609970029,0.515901104000472,0.488341520552416,0.409017062476769,0.53239539260716,0.540940429201711,0.648569447821503,0.677433759133237,0.525654851166986,0.624731148038548,0.115028139818621,0.617243800737439,0.658077050480305,0.68157324028547,0.711848490415574,0.577055957908451,0.627929966805181,0.671442808132644,0.687988355122613,0.0572418412696757,0.590501031967363,0.677163889842701,0.610303980450195,0.647210840757418,0.629919835838506,0.691453083218306,0.682835260597072,0.597686631766013,0.640871657162658,0.0938041459123111,0.525529797962543,0.653965721610653,0.622449855058394,0.464902160451602,0.405557461970084,0.494617668939722,0.542513272537224,0.279906168894495,0.355387201048415,0.673351164904446,0.576345230188534,0.676960220781161,0.327834765333213,0.223581674716253,0.300677823199786,0.524393063788782,0.643464603056326,0.0690057163746707,0.145727550188037,0.373417922473234,0.583450585384648,0.66944830769743,0.671074034013884,0.654987648418138,0.555647686593454,0.593804849938525,0.638325196175846,0.60211382409074,0.630976719974504,0.631057382996889,0.627474481129307,0.583834801887551,0.429805500268968,0.482865489929122,0.629832887145316,0.541318125159689,0.298661300358412,0.611536414775619,0.671901559699756,0.0287814043480339,0.511311619110944,0.582189065366737,0.37116794429314,0.436243838140825,0.59728120108385,0.27805500652109,0.474025178649727,0.559907356549873
"5",0.257139007226287,0.0158465732220357,0.49563050630798,0.407642609970029,1,0.618546766814754,0.483212326253586,0.474192380045925,0.387432769934963,0.556676914287649,0.575115710367914,0.528311226988415,0.470767250436989,0.524863595795649,0.359214960060342,0.573964502066617,0.55894616423098,0.638284090356266,0.623934633088089,0.556751580673638,0.593442978033138,0.590654891816042,0.648529681536133,0.202018707402764,0.478000272095165,0.393938888873495,0.578685491786877,0.522085157837006,0.603852924493886,0.605873242296858,0.625175347445728,0.612973871473332,0.584282938606306,0.303621432887555,0.664327669009376,0.413734177606971,0.457311957394272,0.435791482040928,0.42038825028858,0.452995367899782,0.537883222241876,0.324794477214757,0.382437676584066,0.609003742369027,0.548080236063322,0.618512529488997,0.191990851830452,0.0707027159498522,0.229309614566785,0.539566843247548,0.517567063921125,0.0960219501248303,0.0189160118443593,0.417805380779657,0.466425010541923,0.558939649065224,0.517636788979067,0.540879388322438,0.475884977434529,0.561139182973175,0.625217119725014,0.608503072007943,0.543295422167826,0.542121416676746,0.585095845466973,0.590559179451799,0.440545363842168,0.373958949432456,0.576928354747384,0.516354304866186,0.228593248592681,0.586676556579998,0.568446174443628,0.133510604400815,0.434891809097866,0.389757395737168,0.266937414295319,0.389278546973038,0.498718759448658,0.196787251339293,0.534747938459984,0.55260893356314
"6",0.313970557133095,0.0752953191919721,0.672947813177212,0.515901104000472,0.618546766814754,1,0.649166190216911,0.597045768179205,0.558544836806238,0.657221567666769,0.749652807129681,0.72219866609999,0.668009274264773,0.708970058481538,0.38167243770347,0.622101923520804,0.770217847376372,0.784021307222832,0.776458805870953,0.724741081521209,0.760613282550021,0.744979022417928,0.765625285677186,0.146474816103525,0.66123753819605,0.630759965555895,0.750429381983524,0.732682915781003,0.747869530727969,0.747609635458645,0.783088488454001,0.763112359658546,0.754307006845113,0.30627814433184,0.645038117594425,0.536211269732786,0.590256005437815,0.606715290979524,0.516374415767214,0.56407404364004,0.683888101629649,0.352379772802204,0.390932638792076,0.738636356986159,0.685649225289226,0.720333204368225,0.277997894821739,0.204926424107498,0.274082585066649,0.710724445510544,0.761479061809216,0.0913436986202099,0.0639920106608528,0.583118121092973,0.646045817376206,0.752863701870223,0.713930945908091,0.724838116014562,0.71235472198519,0.710747034839256,0.752853082325879,0.788508560779172,0.740910208070372,0.68487984917622,0.748159435769019,0.722203639220827,0.606150472101603,0.59521040524312,0.648623619471153,0.668873802258888,0.4604564248901,0.704934932541152,0.69943675405003,0.13092965216232,0.577198302180592,0.548877791569874,0.321388755710966,0.536450634115612,0.602025092639385,0.120707935712048,0.658545179746936,0.735969682141587
"7",0.43294219381365,0.0185205590642714,0.623965625867709,0.488341520552416,0.483212326253586,0.649166190216911,1,0.636378520240375,0.599074701021076,0.632009284961127,0.744615009377575,0.752237842454524,0.722681094040353,0.724659078974263,0.410274215583334,0.604136175504077,0.768137105869378,0.761667305448632,0.74512035467052,0.75851852942728,0.769054414253862,0.761671427694068,0.760792809860594,0.127951654690171,0.714309631547224,0.65862035700964,0.71904124905213,0.746191841454867,0.711263892601353,0.73267309548288,0.762721405633335,0.74226857732449,0.76400151109642,0.20098263000772,0.597912605361592,0.534144006384766,0.638073952329324,0.68256396219665,0.492223998120206,0.648162425128033,0.711560856497799,0.28080740963229,0.258712995597041,0.701542205621389,0.673235382438728,0.671192675164958,0.253018649014565,0.165361879151442,0.258117644604507,0.747370955787076,0.747277798045854,0.0680989645362715,0.12635106854206,0.600929201792103,0.734648248897953,0.739361638169669,0.729715955397837,0.7540976638041,0.69736562175441,0.684183034586772,0.741236866519835,0.773636809368875,0.763159698526301,0.708929347410205,0.738058727027868,0.674859489920727,0.584139627026156,0.695246070337282,0.700524108539434,0.678178615339544,0.419332166222466,0.738493072049788,0.715966332417011,0.241915702426471,0.541238564363867,0.585491016698774,0.40770268279021,0.441364340609395,0.530348074262783,0.00734286694275626,0.677065977053028,0.721590330688378
"8",0.411961509463556,0.00847868652477271,0.538653631085352,0.409017062476769,0.474192380045925,0.597045768179205,0.636378520240375,1,0.52406929271461,0.590162165328115,0.699225432336408,0.681330922630723,0.676045252135956,0.65913283229513,0.414660470063947,0.564705052687104,0.704384444845708,0.715770496203948,0.702708903439574,0.708763911087513,0.729156810946291,0.718632278829278,0.709213354009468,0.190346205167734,0.672184449598352,0.607112858626524,0.656769152178725,0.683598196832415,0.668904208953431,0.715055732519502,0.727161872009675,0.70253450396194,0.727691295151451,0.230090949078742,0.601706688198928,0.476674217371408,0.578163385816078,0.6286639921802,0.49625216499497,0.631433471036036,0.660667809545725,0.313507973963766,0.325544397403708,0.662665679254449,0.631596639547544,0.644010371930037,0.282683086344793,0.0974181073227148,0.20414186413353,0.717476911145372,0.680146631599704,0.0579363689697118,0.105744063081078,0.583731386637394,0.692243072004142,0.708824986613462,0.667283918326417,0.698267076951579,0.595122675627691,0.661245686934426,0.711066536826664,0.732468595986763,0.713526879074193,0.631082233944269,0.712634455208794,0.620330151115409,0.550885989987133,0.63988389468129,0.628096336679859,0.66781701478031,0.387450583839612,0.679499038206594,0.695175179908297,0.224465496226412,0.494319926283436,0.559967535961405,0.324832767799878,0.430456322423928,0.494426457726156,0.0170898317211127,0.629365378450575,0.647204076046908
"9",0.3836151880827,0.0950378362873257,0.597714395113433,0.53239539260716,0.387432769934963,0.558544836806238,0.599074701021076,0.52406929271461,1,0.578731197598677,0.700911372811404,0.74708410030515,0.718108123916848,0.719098070778922,0.320359353685002,0.489912238250938,0.761571591164459,0.733657567874298,0.677496515168484,0.692386868007069,0.704653016990534,0.717705064276019,0.709534487001835,0.0762735267078527,0.717037365851637,0.667665424431691,0.664490253010517,0.738340885373669,0.684758803972939,0.709846024021361,0.721278382814265,0.678683185563653,0.739219870792666,0.109259932466115,0.505783011823935,0.555942150329718,0.591336117221216,0.641774593668901,0.469977332629176,0.655336866187312,0.634332541495911,0.235437833415322,0.121694424905332,0.65050385109169,0.647093902412309,0.595295952870116,0.273682233552837,0.279860115098168,0.282002976774615,0.737177029991573,0.749141396695526,0.0267501139010301,0.0563023348916048,0.520965942785603,0.716499373283276,0.709833357479624,0.730068823837603,0.742134059738201,0.682684170303866,0.693085709194772,0.682062686623325,0.737558069279374,0.730902558755873,0.682429468736274,0.674251093330634,0.611497145241887,0.624265153341831,0.691519674295087,0.654691287375277,0.647822093157612,0.413592396504983,0.652857480881229,0.659379798985459,0.200899707054017,0.493345714110345,0.596252201881089,0.478353799273113,0.405068297905439,0.49439096879328,0.0136610695508023,0.606099982880194,0.681197479507562
"10",0.415346335651914,0.00970552943644327,0.660128325270227,0.540940429201711,0.556676914287649,0.657221567666769,0.632009284961127,0.590162165328115,0.578731197598677,1,0.756782924909256,0.737041166381779,0.69348368522762,0.72779662142696,0.347779754036479,0.642639381012966,0.761284587030998,0.790503944611535,0.7703892172279,0.722997885164941,0.750439029082623,0.757771478184486,0.772414655676996,0.163403230398233,0.682029721716546,0.643621995313918,0.722510831242387,0.722557039172625,0.756450937012435,0.763655647578237,0.776153336806135,0.763027570413152,0.770837079731408,0.237649954030745,0.651102577881612,0.54090897031162,0.647988366257889,0.628338964482056,0.53537704005466,0.631788098855691,0.693916853869203,0.395523573255874,0.337843800554111,0.720868549768466,0.670332031058819,0.718843067615319,0.300756359887905,0.200195018699013,0.268057650004551,0.708789066676261,0.724849352328515,0.0605658978588985,0.11153443571182,0.510283303593858,0.681585766177776,0.749676831313197,0.726947101555922,0.749992192363076,0.677389307870471,0.714081546570464,0.759402491145766,0.764942665568226,0.756694816572876,0.711734058611154,0.753660693309027,0.703322595107311,0.560238965517527,0.614912965247381,0.694948575216144,0.667347027334417,0.413377897084835,0.726696036514301,0.735325388830856,0.120204854505404,0.554463191497446,0.561835578665956,0.376830099557859,0.512905779056994,0.621732698164569,0.071723316736279,0.668568719668269,0.714061602905845
"11",0.467469402390372,0.0329382936231602,0.772520777730439,0.648569447821503,0.575115710367914,0.749652807129681,0.744615009377575,0.699225432336408,0.700911372811404,0.756782924909256,1,0.887416972552625,0.819993224989279,0.854907117881098,0.409528405915384,0.749155334225465,0.909687487490866,0.92491170663469,0.902021346424135,0.859272839108285,0.897760080736586,0.897544066550576,0.907290687953661,0.126535772332701,0.846840054521984,0.808127156761245,0.837686372549952,0.882362254513746,0.862866884294071,0.911879608450129,0.92189088500092,0.869229256358608,0.908034627017326,0.202122854891019,0.735669578621743,0.673262369631928,0.783011796660534,0.754346332433242,0.637396335745532,0.742366080271087,0.80068087364802,0.391381886609963,0.34655481865063,0.873520628223392,0.813966948092909,0.848732366001781,0.376513483782732,0.254117816080062,0.325714971864282,0.840593833470518,0.869812990281236,0.0940183843555928,0.146035482321564,0.633208785516727,0.839559091289276,0.889192932355009,0.865058246848318,0.883548569338135,0.815544244946919,0.823432067701708,0.891495240664691,0.901062993362608,0.893247178097002,0.839783875609265,0.880410150678199,0.827183117592668,0.686359063961106,0.759427868607077,0.826564206637372,0.784522376829442,0.48197015186139,0.863576143026942,0.861672930118498,0.16785277550684,0.688562434508287,0.726211132500372,0.455352917316235,0.585457923106214,0.714129680539269,0.100042574346086,0.759971122174337,0.836231324329659
"12",0.506680166251876,0.00156685790092918,0.769722374687469,0.677433759133237,0.528311226988415,0.72219866609999,0.752237842454524,0.681330922630723,0.74708410030515,0.737041166381779,0.887416972552625,1,0.863222819699401,0.871426815058033,0.377646123164722,0.737980760788606,0.924624112072234,0.921543179340792,0.890311163344627,0.876560668745794,0.900749640595952,0.892498786669215,0.906008708990615,0.0982334915573875,0.881384284659859,0.808140586172947,0.834214279991357,0.897434420352796,0.859707803703225,0.907768110242733,0.918393733757716,0.875896917028805,0.908501220545038,0.168863267064261,0.698530088416927,0.697317343765006,0.812113059510535,0.787423361289594,0.630777563802451,0.769993521001022,0.813308025257238,0.322692999274549,0.260590031556745,0.844476325504104,0.814469839336057,0.819476283690608,0.366246856385931,0.289233208254616,0.340147112521805,0.864302780508341,0.892685204300567,0.155237057930249,0.14290190547927,0.629914534157855,0.87082295742837,0.890313633219809,0.902128091123723,0.902499926459359,0.829064044924192,0.851854946070119,0.868929615990965,0.905064562527823,0.914553310066164,0.85945097118144,0.862648504141912,0.792223797545682,0.694539583591477,0.816765087718716,0.836822249780753,0.807661622573481,0.518857134331659,0.860065910508401,0.857481272944046,0.196336597189248,0.680039296211379,0.744790605215815,0.525437930925175,0.547315486504263,0.672606087278655,0.0908357197343555,0.786995066906555,0.841529345919228
"13",0.487292452242829,0.108497406260326,0.652780898336717,0.525654851166986,0.470767250436989,0.668009274264773,0.722681094040353,0.676045252135956,0.718108123916848,0.69348368522762,0.819993224989279,0.863222819699401,1,0.811027991017,0.44657187908013,0.655754602821823,0.886776358515773,0.869549760211196,0.808355604908643,0.849143890694788,0.858175417531407,0.839823636947381,0.8339910977574,0.167931968127265,0.824392632380409,0.751517128620189,0.774778624614958,0.836782430889679,0.826897706891511,0.842839174092771,0.863456537972642,0.840708543110726,0.866381530952993,0.24141758678449,0.650986876979037,0.592298744240481,0.751225453696989,0.795735691171795,0.580509160969492,0.767256545136589,0.780171331891877,0.279282783549161,0.179454187979267,0.774395021634424,0.770635952036464,0.72812271801831,0.290224630423044,0.21697495740038,0.273370585752894,0.8597754418768,0.834011992561551,0.134620245943256,0.119991289711571,0.631897888381677,0.847090947614681,0.832847594286767,0.842987000420332,0.862000703406275,0.800441687791772,0.805311040475653,0.822566466255834,0.869580255624576,0.865546318819186,0.82490291914825,0.812071777505151,0.739749365359203,0.677512696586771,0.822821662487902,0.793118208414418,0.785888306862774,0.523993149394547,0.813148213806015,0.7953738081652,0.279411715544443,0.639671992494648,0.685205862953633,0.488672719960322,0.47627275355171,0.605009368246367,0.0400918428770407,0.752044335343576,0.805837128187038
"14",0.496245028912533,0.0168685439813907,0.737807769819524,0.624731148038548,0.524863595795649,0.708970058481538,0.724659078974263,0.65913283229513,0.719098070778922,0.72779662142696,0.854907117881098,0.871426815058033,0.811027991017,1,0.373906061776852,0.704133281350942,0.885169737061431,0.885782455188671,0.852827445831962,0.8451667354282,0.866788894885513,0.874755843689462,0.872415816153893,0.111917103424594,0.833916790911165,0.797463937901196,0.797318113349343,0.862519499319762,0.819850911563688,0.86992278626664,0.881043619865387,0.843092460196668,0.883181887401198,0.147596018546753,0.660707095511303,0.673475570476088,0.771139482942707,0.742171539034217,0.595837312484581,0.736770935423244,0.766299225252534,0.355995707633601,0.30585464098672,0.821909986183898,0.771334696083126,0.791824666622758,0.335520363814204,0.279939935373396,0.285544470501156,0.821704452434165,0.84818563730822,0.05251460294588,0.137519673041633,0.598753389899052,0.832675435427331,0.863603192849484,0.844083390090493,0.864150092977332,0.773854695403766,0.796250800925004,0.843792503684947,0.853957440002641,0.870623673004728,0.816986030003834,0.839291735564943,0.768998587864532,0.685686849200365,0.78039985900135,0.79526743252406,0.790201028661369,0.466450853032067,0.824760708364368,0.827528535851592,0.209231634514189,0.657022458715081,0.704041464493018,0.46227320310101,0.533888897503411,0.681200740713763,0.0664017647144278,0.743188178981788,0.809727842960211
"15",0.276966172298542,0.148146174587984,0.199617067383901,0.115028139818621,0.359214960060342,0.38167243770347,0.410274215583334,0.414660470063947,0.320359353685002,0.347779754036479,0.409528405915384,0.377646123164722,0.44657187908013,0.373906061776852,1,0.346225413691442,0.395101438241145,0.415575670948604,0.383593918540328,0.452494213786941,0.428116195753663,0.412698994543484,0.407555074499565,0.311092102507689,0.397792749843617,0.225323814533283,0.385750019316143,0.377013678125626,0.40798173101955,0.406190502372187,0.415613459339565,0.421584523165285,0.410365805383501,0.283599467785975,0.450002158697695,0.197717848704291,0.264011096979317,0.406600932058018,0.292245834370241,0.40044199807602,0.427483225686744,0.103031416092608,0.0616833941587007,0.338263040253805,0.374071607241218,0.354616375646291,0.186656545836242,0.0228696190325424,0.117978652140714,0.472905807949948,0.364250174555659,0.0261370224448429,0.0467463256824897,0.376650639148083,0.392367763615408,0.368964268706597,0.381920540633589,0.396237376423778,0.339406338548312,0.439852632882298,0.423301814840879,0.470689051781454,0.4038971357172,0.416502501519421,0.362115604683067,0.33391952722664,0.363101143266814,0.414963962746876,0.415177700740894,0.427553918543656,0.263478233131177,0.415310568105604,0.371845391180937,0.246051996734212,0.285894043860297,0.226748805925846,0.245190997518215,0.174268660488685,0.178662356061599,0.0562508747690009,0.457398052490071,0.423858855109438
"16",0.433655877296609,0.13268519796192,0.594273135414717,0.617243800737439,0.573964502066617,0.622101923520804,0.604136175504077,0.564705052687104,0.489912238250938,0.642639381012966,0.749155334225465,0.737980760788606,0.655754602821823,0.704133281350942,0.346225413691442,1,0.728473737755039,0.793932806232453,0.788212812248418,0.700421772942395,0.762249960418448,0.766924534911879,0.797354303093487,0.188117069019925,0.710955189247171,0.636864167766114,0.697521088749445,0.705754886644155,0.73392746978734,0.805373520234431,0.794103028775915,0.70279265239423,0.750145984921419,0.0584595252954964,0.773094752176157,0.581427481458853,0.704711519392915,0.566110781716976,0.556922792812298,0.679653460299196,0.694150244561535,0.271490747384327,0.333284252856228,0.728437785616314,0.666875123190659,0.733509974139369,0.321170583643005,0.154668242604981,0.239555055876014,0.675591994288675,0.654920826350838,0.0562882224287007,0.0737198810318427,0.46061436887659,0.7267582057791,0.72880249676915,0.755210524808213,0.730219333778287,0.576559591484258,0.672087833203237,0.789007472070643,0.746637627538676,0.731674088064193,0.75862336226045,0.694519222300719,0.706092677712153,0.494594592471897,0.569801786608908,0.764689672260891,0.749735778974395,0.320580936689602,0.758919909299536,0.763680679219984,0.224390440775494,0.597013638432458,0.551432024673763,0.510805013433441,0.37485572585829,0.598100994829154,0.204191509676396,0.672538276977057,0.676306566749262
"17",0.490562302077434,0.00806181535354462,0.789209938871753,0.658077050480305,0.55894616423098,0.770217847376372,0.768137105869378,0.704384444845708,0.761571591164459,0.761284587030998,0.909687487490866,0.924624112072234,0.886776358515773,0.885169737061431,0.395101438241145,0.728473737755039,1,0.950356857766034,0.916591561335442,0.894950223555131,0.921953400030473,0.917716273113049,0.927711456134626,0.137327692409372,0.869972758843939,0.844251912054514,0.879499929480932,0.924170445891962,0.902978909142811,0.927430847792092,0.950465375152811,0.912390076957708,0.938637355855654,0.227222694253309,0.709473069314659,0.701776638962768,0.810462358827508,0.80352637128747,0.627860857773621,0.76871847188498,0.849783121124388,0.363356081484129,0.271779381572117,0.881795468652016,0.836643034232563,0.836480479319323,0.349467875135251,0.295097125869839,0.288844898597587,0.893695849891194,0.916467599245242,0.126431481362406,0.126069108566854,0.678374432151015,0.883310358438289,0.920620574264422,0.910517622508152,0.932324562707465,0.886822179162072,0.872553101942758,0.903844215449861,0.93997097788721,0.939155051140949,0.882961469294256,0.897557664930226,0.8301076011119,0.745827176374087,0.82038453310891,0.850716837964501,0.812648444305938,0.553901605750058,0.865380596431223,0.867485828853778,0.219488119183923,0.704905454852793,0.737099917337908,0.485658535359008,0.584789051284222,0.718690850961282,0.0675465843670717,0.787972039211264,0.859082649262106
"18",0.531369446121428,0.01491489939523,0.790217336179838,0.68157324028547,0.638284090356266,0.784021307222832,0.761667305448632,0.715770496203948,0.733657567874298,0.790503944611535,0.92491170663469,0.921543179340792,0.869549760211196,0.885782455188671,0.415575670948604,0.793932806232453,0.950356857766034,1,0.933782149848381,0.894894221439002,0.930397931967974,0.940706406659978,0.950856485073951,0.164031427236349,0.876908792326614,0.828224624272421,0.869327302797684,0.920690009001553,0.902888990916134,0.949285130635441,0.961060822798939,0.907032886520014,0.947715131179792,0.211879384416992,0.769368214911447,0.712778183043665,0.809141568119987,0.783727715098539,0.669453035925295,0.783113697641595,0.833660336295207,0.403941971663974,0.361912410960052,0.902011279083569,0.841454495426545,0.857948534314294,0.38570977759416,0.27475811088893,0.31489873849146,0.892689777803764,0.899539089329393,0.0513033585064339,0.10081370324091,0.645075760294882,0.876248949606593,0.928667322619114,0.913928549468273,0.936952883652407,0.833615775840351,0.873420428327796,0.925552882625766,0.949929082207876,0.927284540806467,0.876057994367423,0.907193150381518,0.849384586089203,0.715756707133672,0.798153681489897,0.864047566576878,0.844290663667933,0.490354527897075,0.895432406945776,0.898646970615254,0.220576723964434,0.706761359051889,0.737710954139669,0.509332137463419,0.589251358108721,0.749808119460303,0.120618535632054,0.80005431581867,0.869839352490623
"19",0.462999997986738,0.0272707370064895,0.799152285569653,0.711848490415574,0.623934633088089,0.776458805870953,0.74512035467052,0.702708903439574,0.677496515168484,0.7703892172279,0.902021346424135,0.890311163344627,0.808355604908643,0.852827445831962,0.383593918540328,0.788212812248418,0.916591561335442,0.933782149848381,1,0.853934098217385,0.915573488154407,0.909224876191914,0.932687924233186,0.0876466842874775,0.828894710814897,0.816873371750521,0.866721875651313,0.886434092281058,0.890354471413006,0.930365069759605,0.939980047178697,0.881880528034612,0.917181520121452,0.171697012090049,0.778281135882722,0.72281224899274,0.80712952006067,0.740041136729078,0.64411986076766,0.720005284357619,0.832712941352432,0.403664988398799,0.419444640268479,0.908748444085524,0.825574557637969,0.888901713594782,0.370339663602158,0.230011632259455,0.337645731115732,0.825759746762586,0.857703530357198,0.124903268883863,0.160335833919643,0.640588461774576,0.844812043666333,0.904992893548922,0.886332038095036,0.888615682316093,0.812376535663272,0.819568062644606,0.909654000030521,0.8962533622502,0.895957557578644,0.864126574528733,0.893990214935276,0.837337091458296,0.656589906087279,0.736396292785558,0.843683534629259,0.802414855961888,0.490929363813412,0.877732409025914,0.886406441152131,0.158852535591626,0.714192033187348,0.739703789105379,0.450592341391638,0.587729588986057,0.737285434397257,0.159290362451228,0.759802293116336,0.81995088759334
"20",0.505380449326342,0.0463872351195097,0.747660238074618,0.577055957908451,0.556751580673638,0.724741081521209,0.75851852942728,0.708763911087513,0.692386868007069,0.722997885164941,0.859272839108285,0.876560668745794,0.849143890694788,0.8451667354282,0.452494213786941,0.700421772942395,0.894950223555131,0.894894221439002,0.853934098217385,1,0.88912893833275,0.876562441212404,0.875757248373812,0.18100327446397,0.837765411659039,0.763184617660009,0.813274030314314,0.860072821263449,0.834522507342029,0.874154748739589,0.893141554241685,0.873213121605661,0.887438850752375,0.276001410915257,0.696863653383251,0.624913164639187,0.759013725478399,0.789621867995875,0.591849105407911,0.74163446885672,0.803392610564331,0.351022536718351,0.290303823733111,0.803586935211993,0.796252094290528,0.790273209037953,0.343978276527118,0.191416789938975,0.295502103672882,0.855965818193359,0.863431037725226,0.125887057276326,0.123211803583357,0.656099816487952,0.830088936973232,0.870909780919623,0.843672962669616,0.863482069217449,0.794896319003928,0.824534887975236,0.86296092049314,0.895916519871178,0.876106771223548,0.827381360936967,0.851176056674659,0.780264022042062,0.683634492329567,0.800122680409507,0.806927615363455,0.786813016682287,0.500992142520008,0.848819776780986,0.824051501729169,0.226568316885059,0.637821467910189,0.694092124679749,0.420266700812797,0.557275980887283,0.636941587766085,0.00346325210540328,0.774602638005288,0.842050834401064
"21",0.485982380178557,0.0423388809060858,0.763258258167961,0.627929966805181,0.593442978033138,0.760613282550021,0.769054414253862,0.729156810946291,0.704653016990534,0.750439029082623,0.897760080736586,0.900749640595952,0.858175417531407,0.866788894885513,0.428116195753663,0.762249960418448,0.921953400030473,0.930397931967974,0.915573488154407,0.88912893833275,1,0.905317572646317,0.927945127724038,0.123743804521985,0.849081984488131,0.798084599049567,0.848319261152574,0.868208026335364,0.870252851637125,0.92336180015966,0.943207722094699,0.893990721176196,0.929563043317037,0.220755739899292,0.760614458079754,0.684284552438823,0.818937078780869,0.794902704139784,0.647535387303212,0.779413194757949,0.850021662033885,0.368916648520602,0.356476432779375,0.874887641393296,0.834232619617169,0.85660397598231,0.359001157586747,0.21622609548625,0.342740829106882,0.862561455764894,0.876793264687628,0.0941588269390804,0.160521741460374,0.655477016633251,0.88081026910839,0.902875555989701,0.880866690132571,0.89056838135032,0.8021232502776,0.839445598335537,0.902258670264713,0.912614056374368,0.902020501601261,0.860622942990597,0.898310607719474,0.816152230932807,0.698376624438036,0.805517380932113,0.850751661254854,0.825530868736357,0.495515757780742,0.889906987371197,0.887077057498158,0.236849973642987,0.701835890055978,0.74005257192142,0.462306785970675,0.554567455751409,0.714406084602424,0.0486471681164775,0.79280942973863,0.844171221221319
"22",0.484917504544754,0.00189455836947274,0.75961729185106,0.671442808132644,0.590654891816042,0.744979022417928,0.761671427694068,0.718632278829278,0.717705064276019,0.757771478184486,0.897544066550576,0.892498786669215,0.839823636947381,0.874755843689462,0.412698994543484,0.766924534911879,0.917716273113049,0.940706406659978,0.909224876191914,0.876562441212404,0.905317572646317,1,0.92604904036775,0.16104704803846,0.860139453176871,0.822353301556683,0.855170840083348,0.896070531438097,0.866371083158866,0.926501801224032,0.934121409283956,0.874906417290601,0.928025894695254,0.166685591199178,0.764137987403918,0.705445196426488,0.79372822227382,0.766681938191462,0.619883992629397,0.782176978604647,0.817410739938373,0.345585400830084,0.346143713897285,0.882460950689174,0.810659115667495,0.845269359324512,0.384361419578293,0.247975049394733,0.319314305249569,0.865848947008908,0.883191232039915,0.018089982410283,0.129996361607723,0.640253945117284,0.874397835026978,0.908905713493284,0.896405674117076,0.915077525806902,0.794790065544703,0.847380900700363,0.904687090422884,0.917341131855653,0.906786694937693,0.864510244133115,0.889561502286248,0.823010892088417,0.683330491598061,0.802096581002091,0.852492287385476,0.825169807869301,0.478937629074534,0.87861610752268,0.891646422742639,0.214656368565867,0.682159543819898,0.702424996854278,0.501698019572921,0.563897379842101,0.672605288153775,0.109675822235048,0.775043605707008,0.837890636262695
"23",0.482985521868322,0.0113501783680277,0.787805115206855,0.687988355122613,0.648529681536133,0.765625285677186,0.760792809860594,0.709213354009468,0.709534487001835,0.772414655676996,0.907290687953661,0.906008708990615,0.8339910977574,0.872415816153893,0.407555074499565,0.797354303093487,0.927711456134626,0.950856485073951,0.932687924233186,0.875757248373812,0.927945127724038,0.92604904036775,1,0.174539344490945,0.841334550782913,0.817122558708518,0.8644178073875,0.889995248681539,0.890737935465943,0.941719222628936,0.951150726172481,0.893045728896338,0.930013438834719,0.201550265153533,0.787311874829815,0.700593029831624,0.807049066237518,0.747269663287387,0.643055324020201,0.766266897184767,0.840200435922892,0.381055657402176,0.362454554576598,0.894042629630213,0.837905499983608,0.868156987343825,0.389508492510519,0.229743147601955,0.32733844114524,0.864361130179466,0.885600777576475,0.0721416089804747,0.13092336329113,0.637474506669588,0.86224765070903,0.903651369605672,0.892641847284668,0.900457043479905,0.811470542627766,0.862378582108846,0.922447128555814,0.923437783100714,0.919069712187961,0.891089356386718,0.896658221267108,0.834970864100132,0.698218444492934,0.777894072256199,0.872543603624581,0.826574665892968,0.484639255189027,0.886193890420732,0.894839891725237,0.190586679526031,0.713983106045166,0.717552528856852,0.503511724858611,0.584336720826876,0.721010357545131,0.131215737836913,0.791724810808951,0.851682174626563
"24",0.137576905451915,0.201916569275921,0.0540065979917777,0.0572418412696757,0.202018707402764,0.146474816103525,0.127951654690171,0.190346205167734,0.0762735267078527,0.163403230398233,0.126535772332701,0.0982334915573875,0.167931968127265,0.111917103424594,0.311092102507689,0.188117069019925,0.137327692409372,0.164031427236349,0.0876466842874775,0.18100327446397,0.123743804521985,0.16104704803846,0.174539344490945,1,0.106534631037213,0.00351157032885006,0.159370522098778,0.103251886837733,0.167516838580378,0.170576500833478,0.157065601321697,0.167566142085664,0.136811060746997,0.225385401497805,0.26081191305111,0.0513042297745125,0.023341270822687,0.133503972643057,0.0636313598552358,0.151981060166045,0.147218442030418,0.0542463381323688,0.0718968017108073,0.0545449602657795,0.135625660163604,0.0643203374626096,0.0482426808354164,0.0761252779697699,0.0753944818727008,0.264130905510563,0.129632767519504,0.256746987113511,0.167127602186239,0.132334399941897,0.113997148472992,0.0902594891172248,0.128220425279173,0.149904342905248,0.154056059759436,0.19413883630147,0.164551663226499,0.21770990011363,0.165867119240894,0.217230820131963,0.0815095991051428,0.0993058546637229,0.180139717284105,0.165517226685443,0.181462670206149,0.193622480078555,0.136082857752388,0.123814932660314,0.0995637521122707,0.128473571397118,0.0884719083611077,0.058294409903045,0.162425889878641,0.0265352305183981,0.0439303549939194,0.0906118161289916,0.294253744409402,0.164478174616509
"25",0.568008458088057,0.0278305625725784,0.672235292233824,0.590501031967363,0.478000272095165,0.66123753819605,0.714309631547224,0.672184449598352,0.717037365851637,0.682029721716546,0.846840054521984,0.881384284659859,0.824392632380409,0.833916790911165,0.397792749843617,0.710955189247171,0.869972758843939,0.876908792326614,0.828894710814897,0.837765411659039,0.849081984488131,0.860139453176871,0.841334550782913,0.106534631037213,1,0.759403771840264,0.777990322993939,0.871668339924731,0.787907465890365,0.850816054539545,0.870178225235658,0.80551699640745,0.867286813911138,0.122435187287408,0.675130845873349,0.658584318165144,0.759002970816039,0.771337645047118,0.632131131187331,0.779109467468584,0.755789292488882,0.268490389616026,0.257351287416437,0.778221610443284,0.755797703146667,0.755523618052603,0.363795513521635,0.233793103997247,0.271194524592739,0.853966931109892,0.834239553982889,0.0506489722662127,0.113713359301021,0.607197611382699,0.861696510623954,0.849138424912245,0.86059968038698,0.870658108977734,0.729412818620794,0.780459278668401,0.819469566450327,0.875424837820993,0.844666281850453,0.806725417730629,0.807106159576418,0.737716832030096,0.654033974114678,0.789037822421642,0.789482592535396,0.818552469820136,0.452842588296598,0.816921014107969,0.823651712061172,0.290244958336506,0.615493748856997,0.682100454288193,0.56060629945888,0.451935661681966,0.603077110765329,0.0532677872665158,0.753896052085254,0.788710499118249
"26",0.422985632935538,0.115437329972956,0.733226678188595,0.677163889842701,0.393938888873495,0.630759965555895,0.65862035700964,0.607112858626524,0.667665424431691,0.643621995313918,0.808127156761245,0.808140586172947,0.751517128620189,0.797463937901196,0.225323814533283,0.636864167766114,0.844251912054514,0.828224624272421,0.816873371750521,0.763184617660009,0.798084599049567,0.822353301556683,0.817122558708518,0.00351157032885006,0.759403771840264,1,0.753213064272513,0.820691348310864,0.764457593083982,0.815624654951057,0.832727056043626,0.756567021990654,0.829859607794317,0.0878811956368567,0.554193567783779,0.712196775918442,0.739925502710103,0.657390348769166,0.531448526978733,0.646371657648963,0.722308840985028,0.366062035159176,0.296959275377281,0.798622609476809,0.72879223470729,0.747303921838668,0.346431069181456,0.231066035432406,0.316464151867954,0.734591165741541,0.816063776319991,0.0941120261404495,0.215388339936441,0.546122546027484,0.784788784207769,0.823796734539956,0.787183828425593,0.823960600804821,0.732121587819335,0.726785137028802,0.787729946354383,0.781844881474329,0.829431521342545,0.758742591530311,0.810559393545049,0.737372656827621,0.599276443055438,0.730316985959183,0.735353985513126,0.698643328930908,0.459623922259899,0.756813614719196,0.797243219996577,0.106724483839466,0.625242444025649,0.745408374284269,0.384735366312878,0.563953781401139,0.675841222892165,0.103219840950235,0.627778975120919,0.721847062570036
"27",0.409629097803544,0.0303391878697232,0.776296367654048,0.610303980450195,0.578685491786877,0.750429381983524,0.71904124905213,0.656769152178725,0.664490253010517,0.722510831242387,0.837686372549952,0.834214279991357,0.774778624614958,0.797318113349343,0.385750019316143,0.697521088749445,0.879499929480932,0.869327302797684,0.866721875651313,0.813274030314314,0.848319261152574,0.855170840083348,0.8644178073875,0.159370522098778,0.777990322993939,0.753213064272513,1,0.84938690552643,0.86007763718258,0.85548023033616,0.878989058961088,0.83714830084088,0.853230482493273,0.200684764959537,0.701371049042882,0.651445816693099,0.729368928056208,0.716456194271751,0.566124321508997,0.645600696888566,0.799876467412103,0.384461320285934,0.304096715804628,0.83161513047394,0.778881937385155,0.814231784915263,0.328824284538601,0.232527460073337,0.287625240903984,0.785029204018324,0.831107804287661,0.117493469706784,0.0986811645498255,0.634007354557166,0.774469792458254,0.844598033359101,0.847739020706909,0.849563170902245,0.83782181974146,0.782529247242808,0.825736450838604,0.86026336382743,0.858634345635757,0.815575454151692,0.836797798576713,0.780670066602245,0.674669464174873,0.71685624222306,0.788816438777749,0.746429503064445,0.496109757253059,0.806694236523628,0.806832249516436,0.150200097147134,0.669304001703772,0.662598117965326,0.38753958697478,0.576900537525476,0.66345791190319,0.0741111333805003,0.701158441621585,0.772239407375482
