"","1","2","3","4","5","6","7","8","9","10","11","12","13","14","15","16","17","18","19","20","21","22","23","24","25","26","27","28","29","30","31","32","33","34","35","36","37","38","39","40","41","42","43","44","45","46","47","48","49","50","51","52","53","54","55","56","57","58","59","60","61","62","63","64","65","66","67","68","69","70","71","72","73","74","75","76","77","78","79","80","81","82"
"1",1,0.399551852365755,0.357662820327352,0.145951733969838,0.430349264273458,0.50811645597464,0.469882984642241,0.36563878541586,0.402043249959566,0.252503855645277,0.570349819661056,0.521735826013995,0.574332426774706,0.526922475495736,0.441821946763432,0.442364709298793,0.554533069210644,0.470344558825019,0.498553214213386,0.503448478877564,0.53089810650181,0.537313789865872,0.555170559840717,0.148977971101633,0.448394301267096,0.39660591901032,0.0869329967272305,0.56403682174871,0.542353944848383,0.544730656737903,0.498992694687427,0.516677469345998,0.496317277883104,0.339375251223669,0.248895190553125,0.118020461908241,0.340456289577765,0.434202857339312,0.397078412125977,0.455847627509266,0.456236986365219,0.111802948330921,0.384999150547123,0.52212612093903,0.410321535186825,0.522873982016114,0.186473146646311,0.312489376037526,0.253192573667906,0.540085390545817,0.526172169598067,0.48424464484393,0.214209005664282,0.517863488409271,0.48567037357349,0.529396329051898,0.438517604903996,0.545006281394608,0.566722292730097,0.559654392055935,0.548466145141515,0.504429717803434,0.559325498661543,0.343612180147005,0.476257094113265,0.540529564220616,0.491653750133254,0.446243534853521,0.531688027142472,0.355462860764889,0.19379157053267,0.455001877030064,0.458189063784546,0.0536990060310457,0.185333869760035,0.357659784834503,0.196302134640839,0.215609712873423,0.360350343249264,0.262925320865479,0.396896299635289,0.503072205276616
"2",0.399551852365755,1,0.321280839800455,0.280739328044469,0.420508016980968,0.541089196332054,0.470834252796514,0.331140771720045,0.531402406667779,0.235875415081878,0.608618126010939,0.585147581994876,0.575719744108127,0.623734606529923,0.457394326705882,0.430975585075749,0.602726402174496,0.500055680838055,0.590092337676274,0.536413124533287,0.584219255193222,0.576747475413072,0.636081658960154,0.128639091473604,0.505676221867089,0.459123111010234,0.0767713197230176,0.617535713094415,0.622567493319803,0.590797601094266,0.549737392474425,0.546195880914587,0.575720647198453,0.343964491750415,0.186091709055599,0.0941472740197196,0.356489985952639,0.515588059431771,0.412797009468741,0.443396307271857,0.510663029176995,0.0917252777883264,0.33415190858802,0.535879915421332,0.432808566640983,0.561833953847484,0.312186866675141,0.334901759115336,0.275199515697163,0.580142615365477,0.566591583154478,0.436681528430715,0.218383238567858,0.545738781136709,0.447063205558103,0.602176290148842,0.501074359639552,0.576349880746227,0.58543601506263,0.594956896244011,0.563328499766401,0.53143379827996,0.570930270319822,0.343840467476188,0.540167693696412,0.554815557983223,0.535243613488374,0.474323048625469,0.584044038177518,0.424035976665629,0.248830215287633,0.507188007814569,0.407561037472951,0.0439545577201001,0.0491461356485059,0.476657550414061,0.305502292295231,0.344643537179772,0.337631474438009,0.229518822174363,0.455238038256023,0.568258168419819
"3",0.357662820327352,0.321280839800455,1,0.109949594956091,0.34024730889153,0.449515042484779,0.410221123271229,0.338387210306686,0.370061054389005,0.294559585762319,0.51151862517188,0.45847763631661,0.486211254101882,0.471168448424375,0.435031641231713,0.303866766404356,0.484111574842164,0.426944938263284,0.466185299846394,0.559947061595979,0.502703315563147,0.53204304087256,0.495647530222398,0.124739152892201,0.427270447396153,0.342097111031129,0.0516836533831994,0.536258456848987,0.423621495560087,0.502281185223955,0.467768531362225,0.47487219301375,0.54576540808399,0.344489710219173,0.11006775892819,0.312530025022059,0.29171144100701,0.512281921194975,0.390813465603323,0.383304558103466,0.400771141547121,0.185286909787145,0.463856977859187,0.467302828760065,0.348168449517763,0.50193532568787,0.146043747961384,0.256857156374574,0.262631474721097,0.451903408531119,0.490456625672886,0.467788438613166,0.118642801345345,0.487536655646666,0.454744041401914,0.54723936136176,0.341151168247792,0.540952993304813,0.489375938375556,0.504122223982266,0.470590679010855,0.476948017424283,0.498438238132365,0.30731808427445,0.535906836639447,0.486581377872041,0.418899433381938,0.394826836538682,0.439089229499548,0.410598124979204,0.311605069400554,0.352034029420479,0.353063448500042,0.00632005574529191,0.137089414084423,0.332892943724524,0.138494822560757,0.198085746376486,0.396889485806919,0.412457455600309,0.340560594897668,0.482326328150111
"4",0.145951733969838,0.280739328044469,0.109949594956091,1,0.114395757767995,0.209439065308594,0.201412828047594,0.0565278354475831,0.327353448138803,0.13801345756919,0.250437644631481,0.360550530760802,0.28316755196889,0.371074519543114,0.217478814623007,0.27580502817211,0.305178896038223,0.287162913519146,0.288292637112996,0.202093660062447,0.224789068337497,0.231649597936305,0.268069341567522,0.14700711194902,0.285290264830779,0.242029045568702,0.0304267388095552,0.334790848913241,0.361860100235983,0.346231947184048,0.270162453287794,0.133060851215496,0.236419174708896,0.0130422447311469,0.00325043346107619,0.135326009634087,0.190750763568397,0.213293068072716,0.227211972508981,0.152200854452883,0.339404422261214,0.226585899731641,0.118711153877539,0.172478912641084,0.199800789116915,0.241688665774551,0.297166114199054,0.195519911605685,0.0854834631106423,0.36092487500155,0.314255450595137,0.214280874420423,0.254980637472299,0.201829937935154,0.124531172468218,0.255074833226896,0.333502238558935,0.242237747727499,0.28612531514067,0.246414309799142,0.2543625087896,0.188858259044826,0.287818323646046,0.369185293293314,0.169053495441516,0.303153052164593,0.314179679466089,0.262607996897345,0.450468610930476,0.102080322946433,0.192902847762649,0.259260200227215,0.135499463044498,0.2700178176613,0.165346178133607,0.141124080545023,0.19117236878031,0.244394429384887,0.106497029765419,0.146380960827524,0.229076366392228,0.225882576241721
"5",0.430349264273458,0.420508016980968,0.34024730889153,0.114395757767995,1,0.781958422960626,0.609921718603415,0.474262930257694,0.509991800384989,0.446563711560972,0.710659061374915,0.71601443783249,0.673149978708543,0.624655073487683,0.624765203210309,0.501618215443492,0.762751487522497,0.752216898181399,0.728378842228246,0.716513028605261,0.707953653089711,0.686396141921267,0.736724920413315,0.393880554788378,0.606913603411296,0.526890907056797,0.27253272276222,0.732223900478223,0.713259967818987,0.721958968225909,0.707724001443538,0.759859218651492,0.721447202928664,0.57316035575336,0.397859873987666,0.14452733489359,0.357219281897579,0.576052668486588,0.583274029344617,0.577204533880095,0.515577187728642,0.0143057334456852,0.56508227494446,0.680654581528211,0.577044108149001,0.593905074455861,0.331072913491635,0.379953025141718,0.224118755008454,0.711050532199212,0.683794451676862,0.573409771414638,0.370444421027651,0.626121139369449,0.611028116774531,0.701582622830485,0.678182193174579,0.733519668970726,0.727127505214699,0.716820436417331,0.760962792151358,0.77892710103432,0.742675594849753,0.563991568623905,0.609949516727235,0.686430934383496,0.641810751783977,0.618355364899939,0.634406298301645,0.623634079751998,0.275623484539207,0.642658384770022,0.617732796760415,0.0335245433027356,0.132216459816991,0.500378504422141,0.300081845930384,0.152849920257491,0.439014182055949,0.378492995134504,0.663832905109192,0.713855686975436
"6",0.50811645597464,0.541089196332054,0.449515042484779,0.209439065308594,0.781958422960626,1,0.706229454283536,0.612409809618948,0.650796918340793,0.43423651317195,0.87497691281484,0.845803067663811,0.827897136781678,0.790048437043453,0.746361569021976,0.626877643308725,0.885355311111486,0.859534725488955,0.83936286535552,0.856598380326911,0.837326217276553,0.854724752613876,0.885562606420725,0.407448096663339,0.728418926471964,0.656987836547255,0.288615354805319,0.875109559959422,0.855491195074929,0.84970197854505,0.830991826983703,0.856152871945619,0.853661297636115,0.601163633003431,0.402231369559591,0.172031692744956,0.44380157439048,0.742987763393741,0.704090288314436,0.708653183890094,0.650005610101201,0.0354332099819972,0.618675446338985,0.811791877001213,0.692838341800458,0.770887251058719,0.436302642462413,0.441574916594336,0.339917799241039,0.846279457597299,0.826144674622507,0.729032256602643,0.360304403356041,0.759823766531494,0.730394512104147,0.83632925988516,0.777050525812883,0.892101730345196,0.880667065826165,0.874128584999679,0.892280590268735,0.895226683837981,0.887200523368584,0.66410462771086,0.742251587820534,0.835547721796712,0.772894830590292,0.676839085088194,0.791454449193518,0.73013511194783,0.352628112090942,0.722886317475047,0.70328538870556,0.0372693708140478,0.142445627030943,0.582746355540707,0.312215795203602,0.284975034275645,0.585670115994793,0.401289108551091,0.758195743935017,0.867586601700576
"7",0.469882984642241,0.470834252796514,0.410221123271229,0.201412828047594,0.609921718603415,0.706229454283536,1,0.494611346292518,0.521032915279873,0.306516594727127,0.743629395396889,0.746635816318913,0.68748073411194,0.69672894486689,0.671912712924478,0.574979608357994,0.73390824246139,0.693691629824569,0.720146214712369,0.725762763743394,0.714849750639789,0.740940868871824,0.763784675000029,0.27244799052222,0.604990544108617,0.579314919693189,0.21277655539862,0.746652169243073,0.751179887735721,0.739234761902502,0.710849649009314,0.729789488307997,0.727044040080746,0.501355647672282,0.271488741844043,0.156980225644913,0.3799168762718,0.674024544612349,0.620690007451597,0.60102140042806,0.577815088036363,0.0514244052032399,0.485456247426598,0.701929975625339,0.610052194773796,0.692681381948171,0.336919812100395,0.375970329222586,0.323902906836126,0.750141849033366,0.700351841129603,0.584204183275461,0.326736222319575,0.655202632677514,0.637259219278189,0.730093635504416,0.699992165777333,0.758950400581358,0.729762367315898,0.770326117988791,0.728825139718788,0.724231605479237,0.749737030961519,0.531259713468312,0.685305439240212,0.745421122938531,0.697810897408191,0.589317433706967,0.738908852264224,0.638418446301343,0.343419673221227,0.661077783318995,0.574586807704575,0.0274018075018783,0.122653395066468,0.464008332836802,0.291015784757286,0.332488538034426,0.518078016882626,0.288748889289492,0.644571173574922,0.744189065025326
"8",0.36563878541586,0.331140771720045,0.338387210306686,0.0565278354475831,0.474262930257694,0.612409809618948,0.494611346292518,1,0.484380125041772,0.283506696999746,0.639354812818458,0.578657848659115,0.650616437369796,0.574775355767813,0.562897713311966,0.486804737414154,0.58957286936847,0.562668773993582,0.573005458000648,0.606374227232633,0.588037330207853,0.638633971612567,0.629354316237568,0.215542678883924,0.496242588586453,0.49080930472926,0.201086941176103,0.603448161824805,0.603857077800743,0.604399418279903,0.593430339039571,0.629037527370052,0.586499452918025,0.366856941349091,0.263908464949329,0.169559619635613,0.332614888784844,0.519830922575621,0.461014207308003,0.498530700680112,0.457084069985209,0.0296421060785034,0.428742538708641,0.607493753978992,0.478111451617241,0.572624817777803,0.263977153267888,0.303835303218861,0.311866860464366,0.591779177988379,0.56491412132267,0.527947070220444,0.25594051688949,0.579019977197874,0.578294580052614,0.597900729604441,0.536317787721113,0.657033224857137,0.613213261894925,0.652380105553241,0.627577245534446,0.591648112763249,0.624316180968901,0.401115260901291,0.556938980333582,0.617473763002631,0.529655849453657,0.439974692537728,0.572258823052935,0.526846307547359,0.287698941457474,0.51154932390454,0.550475083386847,0.0533796494363127,0.249536666788207,0.333830586022123,0.152558250166866,0.180980358403324,0.473801769966815,0.391807493317005,0.522104931601511,0.653987363317299
"9",0.402043249959566,0.531402406667779,0.370061054389005,0.327353448138803,0.509991800384989,0.650796918340793,0.521032915279873,0.484380125041772,1,0.272085623555662,0.728246652247502,0.73019482176279,0.697881196793383,0.721169218327391,0.591625979703119,0.52708522392933,0.715796616283361,0.640465576582103,0.697136667544876,0.686306444186785,0.675538046118971,0.701534108575812,0.72490579221638,0.221813829189355,0.604446855647128,0.676779402957143,0.181664132858714,0.716400559170723,0.730372162474217,0.732709360238128,0.676209696117434,0.655172528769976,0.684769191289413,0.379944270330756,0.199780021007901,0.104731745985643,0.373060593230947,0.613175173024374,0.534715810906941,0.592652816038891,0.655276697855698,0.113916444007858,0.417643160859361,0.65060421541153,0.570344101605628,0.717458696221261,0.330473530223665,0.356794982094484,0.338868931259885,0.719457414488207,0.694557716087001,0.569346363032319,0.261809741153598,0.635062419768173,0.557734328610068,0.725126419142867,0.638693744941584,0.707183251568102,0.723530799697767,0.721318239247794,0.715732503368099,0.653014122825987,0.710823344555473,0.55162413611075,0.644606320472058,0.686464406943993,0.656473863992176,0.521917033191199,0.718964483886983,0.509254796490288,0.364616052248132,0.612675789273799,0.502925134034713,0.116215121454004,0.0716439488979147,0.462440667678171,0.32571191193059,0.328805715237467,0.417914335911903,0.28198536076145,0.59071264796567,0.679167457821048
"10",0.252503855645277,0.235875415081878,0.294559585762319,0.13801345756919,0.446563711560972,0.43423651317195,0.306516594727127,0.283506696999746,0.272085623555662,1,0.41525413755193,0.435891460355776,0.388564424515016,0.376199973572356,0.365531316833647,0.297402805630707,0.466473762919591,0.46587921695238,0.420395746114591,0.442227882919193,0.420351700536086,0.39288952505825,0.420189505526641,0.329229458771201,0.364076774113765,0.276422835322713,0.0633033134306514,0.436669961167524,0.416005984369622,0.438948618361014,0.417944839862842,0.472316556905349,0.454672526639418,0.336120677714816,0.256056557373368,0.12342420026513,0.163197557420462,0.298702744979929,0.364785575098163,0.337941424655354,0.351640368111415,0.0695959708022837,0.324506774094514,0.371801451213105,0.364942523952957,0.350099634490927,0.198829079115298,0.147045748613965,0.186730955736132,0.420535433857392,0.432818674668427,0.340052343340548,0.300358948509986,0.366636283915575,0.385603202248621,0.395084180963397,0.394089499545271,0.430071607829123,0.448796644670091,0.423217208314945,0.466360284039515,0.440514225352421,0.459329087722603,0.388140529676796,0.307259957346022,0.402632355567704,0.412240686296021,0.415445980409561,0.332584671325222,0.376010368378905,0.205374611891195,0.387848692873417,0.389933232491646,0.0836413974742566,0.0818855827693301,0.26659169617311,0.114804651664979,0.0730671636350796,0.236921971550097,0.187204659352933,0.432222395342935,0.384808039607388
"11",0.570349819661056,0.608618126010939,0.51151862517188,0.250437644631481,0.710659061374915,0.87497691281484,0.743629395396889,0.639354812818458,0.728246652247502,0.41525413755193,1,0.895993498233291,0.891299355508212,0.853807911471775,0.771454119980655,0.687181416452422,0.909895570338987,0.851277124527819,0.865309478167355,0.880361941081509,0.887526276391794,0.918826947127417,0.929971264474552,0.329703597128549,0.75086062376113,0.721481988212286,0.246813542801297,0.919520221022212,0.912941176924263,0.905278806280377,0.850925617171993,0.872954856545546,0.891299221021903,0.580550878709076,0.36383655707926,0.204304719054057,0.458986758644717,0.80073777900711,0.720153767116182,0.744791509483054,0.720493151435193,0.0471816113306101,0.603801655018437,0.834310650298988,0.730981199797129,0.861301719712611,0.422144208751535,0.472045126690145,0.374245517465519,0.900634475997616,0.857701286730041,0.719694133392713,0.391743896887613,0.809242679042726,0.768322725446304,0.900694151839686,0.820087190838596,0.934795668541618,0.910371906059305,0.925724639806718,0.913756830730701,0.872251732811524,0.918265071095998,0.655609668436112,0.820666886129877,0.880315915998499,0.811798917103661,0.716843922901498,0.852606568234329,0.745887753484779,0.388096368483895,0.765720698006009,0.712897244128063,0.0346404471575811,0.184115444945972,0.591364837101089,0.356619991732903,0.375646372677697,0.604208407724981,0.443649021756215,0.763185804410097,0.898771362300179
"12",0.521735826013995,0.585147581994876,0.45847763631661,0.360550530760802,0.71601443783249,0.845803067663811,0.746635816318913,0.578657848659115,0.73019482176279,0.435891460355776,0.895993498233291,1,0.848231484292658,0.841441735402918,0.768503319281988,0.665431373285085,0.907935691808864,0.869557146351048,0.859957365646997,0.87483633407572,0.859602775081774,0.886343561195766,0.911611773799983,0.391623890754764,0.734525820370114,0.74758660745662,0.259588106453015,0.920442561635145,0.918590705567148,0.909417003182787,0.859998623326239,0.862434705446989,0.883503315285149,0.550948441057751,0.369687100886,0.115357134670814,0.440121294986669,0.775975578770503,0.706373214174889,0.741750111633912,0.738297530563695,0.129795470978597,0.545544970189229,0.811906407661972,0.750502714989695,0.816874282980086,0.465645007167308,0.460156009437604,0.354824194134235,0.909728960200174,0.861481502759856,0.7174829122887,0.449855114204908,0.790498488346415,0.721469379230636,0.880570325267483,0.872540215696109,0.914088636602282,0.893164037259011,0.900600987124255,0.901961239700877,0.871732960898677,0.916668562402257,0.688202767236844,0.801436115483389,0.850651416872331,0.83032435065056,0.737782731950772,0.866401789672573,0.745028519941451,0.404637609430813,0.788394052823282,0.686382412743725,0.159231436636551,0.0877735859706847,0.579719726548654,0.362015312265996,0.367097807886247,0.510612746975994,0.392814626858951,0.79234332839849,0.884172625961032
"13",0.574332426774706,0.575719744108127,0.486211254101882,0.28316755196889,0.673149978708543,0.827897136781678,0.68748073411194,0.650616437369796,0.697881196793383,0.388564424515016,0.891299355508212,0.848231484292658,1,0.815959823743083,0.732092526695576,0.675180387677853,0.854192123551924,0.794659487939293,0.810904540804162,0.821455637770142,0.840384049242079,0.863087317923098,0.886356327785808,0.316019885514121,0.70444371616477,0.678668273609837,0.198320572731615,0.869672990816639,0.880564122093296,0.863564134766858,0.803753500858754,0.818102053005825,0.811572071745364,0.535065353755889,0.347285491572885,0.189430975489326,0.484001681624547,0.727158234929925,0.665185878016517,0.715515509415554,0.691039440729614,0.0768755062531817,0.552673530006771,0.810426152437107,0.66372374513578,0.810657620613843,0.40371079165431,0.469421307625046,0.347844917036536,0.861345796573634,0.806976027603325,0.723226053018773,0.343839341151441,0.772933027398479,0.739939630223997,0.851056518811727,0.767798781408135,0.883737318360732,0.861663772772113,0.878200454044071,0.873771071788422,0.809319804305066,0.877871467125858,0.603932251986847,0.755869789267808,0.844866307335511,0.768278821388517,0.652069182124496,0.82949060845338,0.661069022473877,0.362552637163665,0.706568080673913,0.723611702828403,0.0250510120590702,0.190558311500545,0.545332850484347,0.300895336197909,0.341789861806952,0.586875392050712,0.414391106193259,0.705144816634388,0.852447541322442
"14",0.526922475495736,0.623734606529923,0.471168448424375,0.371074519543114,0.624655073487683,0.790048437043453,0.69672894486689,0.574775355767813,0.721169218327391,0.376199973572356,0.853807911471775,0.841441735402918,0.815959823743083,1,0.700113719211978,0.632811800068812,0.859182022088064,0.790136174711262,0.824752333637193,0.798519947098899,0.804090785957586,0.826101370628197,0.870586441831212,0.318621130333143,0.730897186201144,0.693489419420929,0.221650383150514,0.862102791712756,0.871504914688671,0.868891652537043,0.829905059705666,0.795268712117056,0.83507894518623,0.516656179728957,0.289731192718029,0.147496668250316,0.475938748343222,0.756209891310518,0.640451195691873,0.693170822191565,0.718819179884496,0.141551492360996,0.541312773283619,0.769799981124555,0.679470795555792,0.806204340972798,0.430839999874884,0.472402713299215,0.376442775561717,0.855620609544338,0.852092004746027,0.666271595877186,0.389649156140725,0.765134035709234,0.647460427370183,0.844590847730927,0.779520961267723,0.853132570164734,0.864720825038775,0.854196250538984,0.840162314465142,0.793597582072042,0.859535282503598,0.648003813671483,0.759699661877046,0.833443513462749,0.776534096211942,0.682005135528407,0.850136542705283,0.629274807950782,0.401731847730247,0.71476517082256,0.580247479048565,0.110655675808844,0.0906916960853405,0.548770799861507,0.340806683366124,0.377945273731356,0.526183981812774,0.322399076361741,0.718838897533311,0.819358218961446
"15",0.441821946763432,0.457394326705882,0.435031641231713,0.217478814623007,0.624765203210309,0.746361569021976,0.671912712924478,0.562897713311966,0.591625979703119,0.365531316833647,0.771454119980655,0.768503319281988,0.732092526695576,0.700113719211978,1,0.588032971190087,0.741218755114137,0.699611737439797,0.741613365815952,0.765718040635648,0.743156484002179,0.767889868674949,0.777221425776017,0.297321967905251,0.608025776227262,0.621280448847216,0.252942541350021,0.772183244215248,0.780516080673006,0.752739404634231,0.725719064117023,0.759234229533117,0.777174421107149,0.429001028433316,0.274889851462747,0.189396258954266,0.382844786402289,0.671191116280942,0.658805172082408,0.664623001445151,0.611180674555271,0.0212705191247762,0.526208561327365,0.726123830752587,0.610061758213576,0.704701669097593,0.372271256316618,0.421915956251482,0.339172800492482,0.757392845604396,0.70756863199449,0.576816140694467,0.322043817980576,0.680212907983828,0.650222967583389,0.751287815921867,0.725836642600232,0.808118854403253,0.732459427176974,0.801620097833842,0.784843358838712,0.765406588358237,0.77636026402233,0.522683664767509,0.7161620431548,0.723340827045079,0.694435230790158,0.577834154834936,0.758544932629173,0.674392791115341,0.336120673749829,0.653382580884003,0.599356816187454,0.0315380499384142,0.129691521542081,0.443705963135386,0.32929546472882,0.280486718103631,0.446573651263833,0.422415326491337,0.662378742004194,0.810001750434107
"16",0.442364709298793,0.430975585075749,0.303866766404356,0.27580502817211,0.501618215443492,0.626877643308725,0.574979608357994,0.486804737414154,0.52708522392933,0.297402805630707,0.687181416452422,0.665431373285085,0.675180387677853,0.632811800068812,0.588032971190087,1,0.671073727945352,0.666530225188593,0.65608031294817,0.624041091021568,0.646012236400719,0.671975022052771,0.691932078727874,0.26448641869896,0.502737380048548,0.597700173041266,0.130099541579749,0.677889089244201,0.714886862440853,0.686297860573967,0.627617677777458,0.631388400975371,0.633265752311775,0.393059519070368,0.28547810571508,0.0211660778359169,0.311814568597119,0.540338446192979,0.550229260661392,0.558134342544258,0.54255278158493,0.0575309674396207,0.409789429861862,0.639874345234476,0.476398734832519,0.634577337516574,0.366373795118698,0.367281020245286,0.340247448318075,0.70912575105988,0.635623826420822,0.534635062402973,0.317046532412724,0.596540813670787,0.59126165495717,0.64000011713114,0.64844807623927,0.677036942190692,0.693594694890397,0.699480314062039,0.674016585323151,0.626770596006267,0.696183898017212,0.542007575123424,0.576752953266026,0.667016153269727,0.653029060079247,0.527424357743992,0.691643317890845,0.508810420542036,0.33109639506024,0.593772968503078,0.579140378495877,0.0332379949349699,0.155707219785675,0.381174561829545,0.291687545483554,0.242243001564918,0.494714240822803,0.214876820224003,0.619430229134444,0.670878717832412
"17",0.554533069210644,0.602726402174496,0.484111574842164,0.305178896038223,0.762751487522497,0.885355311111486,0.73390824246139,0.58957286936847,0.715796616283361,0.466473762919591,0.909895570338987,0.907935691808864,0.854192123551924,0.859182022088064,0.741218755114137,0.671073727945352,1,0.923190555346758,0.890779939032919,0.88663366620223,0.880683645280185,0.896107228369226,0.932071744951974,0.446797148721042,0.788118522484848,0.717127942138984,0.281169231428863,0.93078079299973,0.919423052633698,0.926419549884296,0.892224165406746,0.899685818076101,0.907345764964946,0.612603694476834,0.409489667637042,0.157151044203091,0.440212887678785,0.772373521938384,0.715257800385419,0.740642856596751,0.745958993175322,0.0866198784503417,0.599370763808961,0.829259688918719,0.733591013702416,0.818156762873682,0.436428185252846,0.457437844379528,0.373071503814211,0.914583745336277,0.901797068744048,0.729164587468202,0.460009330867033,0.790415330094827,0.742385389097134,0.88523303571415,0.856921936490669,0.923310402501398,0.936498938649187,0.910438203018134,0.926855397019002,0.913421301057348,0.935505134532004,0.74121836081992,0.806877283946992,0.863317416381118,0.852180800206003,0.772689689459642,0.845253414368295,0.74036277213691,0.424668570910182,0.788287105319797,0.703915672117745,0.116410324000517,0.123529386561021,0.596227038393199,0.35822600571845,0.335131292977146,0.548182610658833,0.372530581643119,0.821796007565184,0.881800875548234
"18",0.470344558825019,0.500055680838055,0.426944938263284,0.287162913519146,0.752216898181399,0.859534725488955,0.693691629824569,0.562668773993582,0.640465576582103,0.46587921695238,0.851277124527819,0.869557146351048,0.794659487939293,0.790136174711262,0.699611737439797,0.666530225188593,0.923190555346758,1,0.855792864008086,0.863176136769673,0.846498815736755,0.861258818975864,0.882005385840664,0.520829521036333,0.768282578004373,0.691227544585418,0.3007748585293,0.8883594321145,0.879587470822434,0.895866088417915,0.88294419276798,0.87111759069001,0.879669116333165,0.610493953682721,0.440809035646276,0.0950378644748845,0.375170906345895,0.700642853504315,0.717613533960319,0.701860219595281,0.725686600131921,0.0990444013615273,0.58619408985553,0.79457270253486,0.715963140591617,0.735668023473644,0.47638142251812,0.438097431469576,0.382397945275287,0.912764104651736,0.868336573427905,0.730207998103011,0.534152596197203,0.72120806211645,0.722145751504036,0.828032345995632,0.855169413296237,0.884513127205342,0.905053618861441,0.874314190194631,0.895140021628119,0.898055460990121,0.909138298240889,0.808908736695482,0.759458488349843,0.824983137737991,0.856526172675557,0.767448328561395,0.791944155784906,0.731819397765502,0.442928549931465,0.739944350898457,0.707214330320329,0.120701464620261,0.159321366801614,0.521786413901593,0.299807844401061,0.243974649225158,0.547946481477443,0.32061466634883,0.833520596942593,0.843910073152497
"19",0.498553214213386,0.590092337676274,0.466185299846394,0.288292637112996,0.728378842228246,0.83936286535552,0.720146214712369,0.573005458000648,0.697136667544876,0.420395746114591,0.865309478167355,0.859957365646997,0.810904540804162,0.824752333637193,0.741613365815952,0.65608031294817,0.890779939032919,0.855792864008086,1,0.853489869841002,0.826981172356839,0.858049514777202,0.895827154667786,0.377814420359855,0.732266142193639,0.69252219776709,0.221853278414709,0.888630780935275,0.880933961450313,0.886749970211537,0.857307560921882,0.844532998080268,0.873367875463619,0.583430051062163,0.352880821941677,0.155343723789311,0.463027959992444,0.757330894728927,0.699246720128156,0.699881223086925,0.717185468589399,0.0664875151590746,0.611856862940115,0.806510707268848,0.686561365959424,0.804892398870116,0.432556425501117,0.479347817197455,0.373841937711168,0.881695595087579,0.85567760336808,0.686004965139233,0.42392233191561,0.752253357061166,0.711149915091973,0.853293200980937,0.79730652705076,0.890904632909771,0.884294014733091,0.889939188041255,0.877348283851031,0.860254262182364,0.882637799862043,0.6827144531783,0.786845704300537,0.852600943202036,0.812371130321298,0.707866878920153,0.832395957312804,0.702457068407571,0.432452957887908,0.735100756015654,0.669552287484847,0.071328665720902,0.160488472673899,0.554100181906583,0.360342050310797,0.334206462309218,0.560273384260401,0.351613679614777,0.766844942616858,0.86125389080885
"20",0.503448478877564,0.536413124533287,0.559947061595979,0.202093660062447,0.716513028605261,0.856598380326911,0.725762763743394,0.606374227232633,0.686306444186785,0.442227882919193,0.880361941081509,0.87483633407572,0.821455637770142,0.798519947098899,0.765718040635648,0.624041091021568,0.88663366620223,0.863176136769673,0.853489869841002,1,0.868883751615195,0.896763684312255,0.903911709856591,0.354428015780282,0.739757415126734,0.697879554030436,0.284211967892494,0.903923968108866,0.871035693024771,0.890165546361696,0.863301253769261,0.87786641454327,0.915593797268488,0.59135919894573,0.356059842606874,0.216401818337483,0.4395269263688,0.795743036232144,0.731208586269956,0.733915692024278,0.703408539638856,0.0248269298232751,0.617634479001348,0.8336333736892,0.696985242897852,0.826133048681469,0.406067579309718,0.476511882676771,0.401881750190092,0.86986433010118,0.841809852532063,0.719244207949966,0.398349682652393,0.783839577675679,0.743524966914906,0.877894061864647,0.786833197905068,0.924863260664069,0.887762654186239,0.905080972081994,0.887442323616625,0.893054547751087,0.896532202067645,0.663158581535304,0.828256100965521,0.847836536133006,0.789162863297881,0.699463922810014,0.809928514852223,0.767514853576204,0.441753892992585,0.731287848901713,0.684245042705256,0.0619514443006728,0.195824796427116,0.543631463993646,0.319720973113455,0.311090045284565,0.589572268013749,0.46065675125419,0.776157019129325,0.88168490624212
"21",0.53089810650181,0.584219255193222,0.502703315563147,0.224789068337497,0.707953653089711,0.837326217276553,0.714849750639789,0.588037330207853,0.675538046118971,0.420351700536086,0.887526276391794,0.859602775081774,0.840384049242079,0.804090785957586,0.743156484002179,0.646012236400719,0.880683645280185,0.846498815736755,0.826981172356839,0.868883751615195,1,0.898097926312294,0.89554592071683,0.382631353209519,0.730024430302528,0.696971910397928,0.273549886929112,0.883635402963679,0.881107232644458,0.892952807394085,0.831646889154614,0.858304030201724,0.872085271904661,0.575636979277822,0.411876133270234,0.192474569090032,0.415346039404808,0.748823930621812,0.685448930529239,0.734768564341064,0.715334449073096,0.0274009472039869,0.57021929868848,0.835332313011456,0.69136065399844,0.817834140519915,0.452711233430573,0.47984423429559,0.395856094531075,0.869835613067045,0.80809021509737,0.732736738037622,0.388895769763433,0.773179824632243,0.742026950343667,0.860829856087239,0.782918365135346,0.893609152924465,0.886910218621835,0.891113612136851,0.872353979746963,0.863796920078689,0.880676422681001,0.664049186831314,0.805094297958702,0.82947008612606,0.798069658956936,0.695743115676863,0.794727069668112,0.72299747952515,0.396415105848168,0.71475398638105,0.704559525074664,0.0417694740436732,0.15790201625539,0.561515673939237,0.313394345886156,0.311698536319884,0.617679408900542,0.414450844354276,0.743904220262764,0.855876007197675
"22",0.537313789865872,0.576747475413072,0.53204304087256,0.231649597936305,0.686396141921267,0.854724752613876,0.740940868871824,0.638633971612567,0.701534108575812,0.39288952505825,0.918826947127417,0.886343561195766,0.863087317923098,0.826101370628197,0.767889868674949,0.671975022052771,0.896107228369226,0.861258818975864,0.858049514777202,0.896763684312255,0.898097926312294,1,0.927073858155606,0.362436365624727,0.738106190075934,0.728365508570026,0.263016130296247,0.912853096633987,0.902887630283385,0.904787098228093,0.863508015155706,0.876465053513111,0.893750630556234,0.578721626680649,0.383629508752693,0.213694378706453,0.449375829154624,0.778818957908516,0.704797972374716,0.750846831170128,0.730591536578594,0.0315366617140689,0.588714476806063,0.852415896520415,0.742180293112887,0.840691871601967,0.433581933391823,0.483172181330098,0.388743676903742,0.895776248360535,0.847115992900404,0.744643829503395,0.382694939143588,0.789104862706502,0.77575436540711,0.882379344510198,0.805495385801936,0.932067482130034,0.902635893376529,0.929378812976149,0.908217500346189,0.882950894092584,0.913355733719077,0.660257530007419,0.832973462748486,0.861995443751923,0.820367406849136,0.710957440307184,0.832961907533276,0.757278937657384,0.41632791434722,0.746270556229175,0.725553493074519,0.0161542573600926,0.208914653667299,0.570961698071004,0.320185111726818,0.351783846551479,0.628465771150794,0.443688780319847,0.775891026314284,0.896467896204846
"23",0.555170559840717,0.636081658960154,0.495647530222398,0.268069341567522,0.736724920413315,0.885562606420725,0.763784675000029,0.629354316237568,0.72490579221638,0.420189505526641,0.929971264474552,0.911611773799983,0.886356327785808,0.870586441831212,0.777221425776017,0.691932078727874,0.932071744951974,0.882005385840664,0.895827154667786,0.903911709856591,0.89554592071683,0.927073858155606,1,0.356151041214213,0.753700620382654,0.738115538424841,0.242090606820136,0.937623406246907,0.940405374281854,0.924758588028858,0.887150178206293,0.904794050071688,0.915877454547609,0.593252705472413,0.375942108594412,0.17796860211,0.479216106586769,0.796740153782759,0.735220064602634,0.770158079960487,0.740473419542856,0.0879401975947829,0.603820120354763,0.859785089866331,0.733255091854444,0.858849665627237,0.43501279025498,0.490176707115634,0.383505024561281,0.927714752835297,0.876543476271537,0.729395768944971,0.419113114755007,0.831801855569286,0.787304183074011,0.9171486295174,0.848423803163898,0.942821125052013,0.923576287935336,0.942425165160118,0.9351177496583,0.903627302608526,0.930868638987576,0.682648070892355,0.828219045519361,0.887450514350638,0.84774140720423,0.733585931905846,0.868712541149596,0.780405226747131,0.422512442217173,0.782648261284508,0.715700254281349,0.0416844024374412,0.17452110099923,0.611846222532493,0.39527507604209,0.384335231916615,0.595381162767579,0.423823151612414,0.793433243409559,0.912697954275736
"24",0.148977971101633,0.128639091473604,0.124739152892201,0.14700711194902,0.393880554788378,0.407448096663339,0.27244799052222,0.215542678883924,0.221813829189355,0.329229458771201,0.329703597128549,0.391623890754764,0.316019885514121,0.318621130333143,0.297321967905251,0.26448641869896,0.446797148721042,0.520829521036333,0.377814420359855,0.354428015780282,0.382631353209519,0.362436365624727,0.356151041214213,1,0.340693673973438,0.297696737185433,0.232188248414229,0.376869354297591,0.386598347077382,0.423056834918056,0.453311329365747,0.461917784868864,0.388828145446557,0.267040074300313,0.330410262957509,0.0750008279134462,0.0237510790626054,0.240899658647617,0.281314394718437,0.31649578746538,0.333705672601957,0.0789948193000668,0.184192832865382,0.31748912924791,0.356522715046092,0.2318258217647,0.235694800436562,0.147031567137884,0.147705798463894,0.414348684129652,0.42628844211869,0.287548386639478,0.320942750821401,0.267014129994949,0.290467812601727,0.296243368863297,0.428728580798949,0.372412589304578,0.419525158912119,0.371702213930121,0.437199952840911,0.46509371394911,0.436554209909872,0.506934088360768,0.315955624055523,0.3067005630638,0.392369290504608,0.412598567951049,0.269846527785426,0.405706273671035,0.223252587274811,0.379177299897055,0.361901642349827,0.178231001616937,0.0089237276767053,0.205340332737499,0.0504372313907466,0.0750143698823627,0.132102459478751,0.0808128141772077,0.530616632018402,0.361562067518352
"25",0.448394301267096,0.505676221867089,0.427270447396153,0.285290264830779,0.606913603411296,0.728418926471964,0.604990544108617,0.496242588586453,0.604446855647128,0.364076774113765,0.75086062376113,0.734525820370114,0.70444371616477,0.730897186201144,0.608025776227262,0.502737380048548,0.788118522484848,0.768282578004373,0.732266142193639,0.739757415126734,0.730024430302528,0.738106190075934,0.753700620382654,0.340693673973438,1,0.573195266241822,0.25994959101245,0.766493034156838,0.741272475884995,0.765360026355991,0.746754376720413,0.715844572244478,0.769382059949581,0.514697588878734,0.307222125014583,0.142272139319015,0.441531683450047,0.660222075177413,0.593576076319252,0.582789999583597,0.591488103627199,0.0818741858264704,0.547418393603589,0.684507101923496,0.608529587243943,0.671088435449706,0.403611994079247,0.392189264742773,0.365067393765329,0.747076359464669,0.771538654348974,0.623570162735897,0.384286670568128,0.646198304157334,0.578892415129066,0.731757038394851,0.689250730436723,0.772635214669697,0.785006339489317,0.744629298752815,0.750508051373403,0.755487662482899,0.752543970573691,0.637808179044401,0.681988616204635,0.743270764223272,0.705406156662709,0.6404404162165,0.70016127690301,0.559850713018514,0.379462266647136,0.60522031714612,0.538961722930678,0.102243018629266,0.082472366118074,0.456469798302076,0.289249758577553,0.287005056655493,0.477175047355881,0.263330394462356,0.647211101112552,0.730179878586111
"26",0.39660591901032,0.459123111010234,0.342097111031129,0.242029045568702,0.526890907056797,0.656987836547255,0.579314919693189,0.49080930472926,0.676779402957143,0.276422835322713,0.721481988212286,0.74758660745662,0.678668273609837,0.693489419420929,0.621280448847216,0.597700173041266,0.717127942138984,0.691227544585418,0.69252219776709,0.697879554030436,0.696971910397928,0.728365508570026,0.738115538424841,0.297696737185433,0.573195266241822,1,0.276466854034291,0.731855319047314,0.760521206472965,0.748725976239139,0.687206753881875,0.680332427833891,0.712270310896259,0.406398971936518,0.253830148020233,0.0470155705777938,0.279894842389707,0.621340424481056,0.556199124020824,0.640656794484358,0.639183404879174,0.136690964714251,0.386695667249229,0.693708554684133,0.624944113785167,0.70350521993836,0.438716672928745,0.404665071804085,0.318895019023182,0.754722828868395,0.680670535172756,0.596657734075594,0.32913012560626,0.601871408964165,0.569749116910976,0.709012862348437,0.716483771444223,0.736045306264596,0.714811741547512,0.728779796694846,0.733227706693666,0.705048939102133,0.761676943348999,0.570512716396956,0.686745471092421,0.682561596891037,0.699160953907826,0.570764800706845,0.709175038009027,0.570023267831071,0.338903727336729,0.671264980833813,0.531128158741316,0.143518470462533,0.0282394063510621,0.44450151479439,0.365601023263668,0.298251540032271,0.401226892232289,0.297323018259389,0.658781434099735,0.718289856009166
"27",0.0869329967272305,0.0767713197230176,0.0516836533831994,0.0304267388095552,0.27253272276222,0.288615354805319,0.21277655539862,0.201086941176103,0.181664132858714,0.0633033134306514,0.246813542801297,0.259588106453015,0.198320572731615,0.221650383150514,0.252942541350021,0.130099541579749,0.281169231428863,0.3007748585293,0.221853278414709,0.284211967892494,0.273549886929112,0.263016130296247,0.242090606820136,0.232188248414229,0.25994959101245,0.276466854034291,1,0.249519039285573,0.243295366474746,0.257479893432905,0.274793519513844,0.310370577077392,0.291421116900423,0.195490232465404,0.158682375565474,0.00454901039510411,0.0835343634979702,0.248542515929882,0.156711534869625,0.247143221808993,0.191463746037582,0.00388775550780152,0.18108488046946,0.265311839659403,0.336123458791569,0.196724744749286,0.0925762802984108,0.151417973860248,0.110918282042302,0.223919282488675,0.211315568235818,0.152386374283866,0.137981480739892,0.192994880727,0.206603562880989,0.22512094144843,0.242095519615854,0.288644604237664,0.260410252129655,0.262922089859413,0.257177129836996,0.350036630316537,0.292489990486922,0.230345566613676,0.241856783548792,0.201663972698701,0.262060405300232,0.187827426070942,0.188709974420873,0.247652980702454,0.0993710650253009,0.231652744652654,0.144243321919922,0.071022438837445,0.0224555423929957,0.0890320069654624,0.13899087036432,0.0491073375526194,0.110267941154028,0.149271432924726,0.254580694803486,0.281636676064839
