"","1","2","3","4","5","6","7","8","9","10","11","12","13","14","15","16","17","18","19","20","21","22","23","24","25","26","27","28","29","30","31","32","33","34","35","36","37","38","39","40","41","42","43","44","45","46","47","48","49","50","51","52","53","54","55","56","57","58","59","60","61","62","63","64","65","66","67","68","69","70","71","72","73","74","75","76","77","78","79","80","81","82"
"1",1,0.0843560180521442,0.0592642325738126,0.195977847946835,0.0402549511548841,0.0780104030957655,0.105060777705583,0.0706285495352144,0.0435963234310279,0.0336013836072885,0.0674203903387139,0.0650470649120192,0.00286825763840205,0.041735267347824,0.0421857851863874,0.0164807955715509,0.0371679996395882,0.00882772926920215,0.0827825830218507,0.0363164960401834,0.128438645372843,0.0412592409584525,0.144329058452157,0.0507086313896684,0.0130904243670477,0.0482747467756621,0.0212793588958407,0.0188610278877927,0.0605295575834797,0.0290033364176707,0.041583563658659,0.0186615061254756,0.0158918426421448,0.0253574029672763,0.00501603541640837,0.046012665415332,0.065864037404559,0.107153615597712,0.107588652522263,0.0227707904908373,0.021726356853022,0.0281700325526038,0.00153902764092582,0.000948702085558678,0.0351567803312402,0.139605346277573,0.0222883986241968,0.00157480514926359,0.0363139778710644,0.0166826635985303,0.0114790913732586,0.0708758896280687,0.0311545142908615,0.0195827362349653,0.12469667283196,0.0311791753197115,0.0537654156688584,0.0872960276188094,0.0373209168282177,0.00841831202999433,0.0322440987143879,0.00952942749052819,0.0814023876124816,0.0393519337958109,0.0124516182948242,0.0465960490284886,0.00962760739864633,0.0517883881271002,0.0673466772442438,0.00940733919282796,0.0159766282317805,0.0588987962486189,0.00695492704231843,0.154437269834481,0.0715889207165957,0.0206514570135969,0.0582926312827039,0.0327129586038538,0.147279746378077,0.0172629102385923,0.0321347200704574,0.0570706201715904
"2",0.0843560180521442,1,0.141918346180756,0.41687879819287,0.343736541998227,0.210075628379762,0.145113753352462,0.255168787014204,0.0141977435840087,0.134916017014001,0.22891685452933,0.305587526838854,0.0940444553561509,0.165465395105659,0.13805118236086,0.102230965599434,0.364999200395107,0.361304052480351,0.344975387143422,0.127140000694687,0.219537958521975,0.395561675242058,0.18921663289342,0.282092863336191,0.0159132639898247,0.24888746294173,0.198856702558073,0.0435850471243926,0.27365165250646,0.331077318463146,0.310937150399141,0.267566662420245,0.268926834814362,0.322972495711783,0.204760823727882,0.237947421986788,0.072547224454124,0.0033805708247065,0.246539535362661,0.275172743944138,0.0506442472230065,0.243791022505238,0.188205473999226,0.0496849221973015,0.281149435670883,0.243709460232779,0.263669580707632,0.0343260005226886,0.067777432961079,0.128482472144275,0.0279833585637111,0.282991811310223,0.118129105010755,0.0868249668658685,0.37506040006425,0.0548715409249111,0.19082052935126,0.21573296742662,0.283527703913444,0.302661547061362,0.162666151793729,0.313196153533408,0.372839051169985,0.0445348329562895,0.319111925131909,0.133381345000705,0.152116926452848,0.286367212708115,0.00272460070411586,0.230243286461847,0.0741232180356052,0.297611646474813,0.0430828861085195,0.339581709032639,0.204029985520164,0.021920435481925,0.114231127311468,0.359433886516749,0.155082907614967,0.0196394870865978,0.150918093160969,0.359560140354037
"3",0.0592642325738126,0.141918346180756,1,0.126784885834952,0.162776484892821,0.0255114728451098,0.0351841506107538,0.0021194603529225,0.0931265608707319,0.00773729602147139,0.0479623319701574,0.0441355474188596,0.123994281012129,0.0160130744221337,0.0436933596401548,0.0743554054925287,0.0584798178152234,0.00557777035827166,0.0673308233297473,0.110886944984075,0.015447700883469,0.104016830366589,0.0372976402149824,0.00433474097427332,0.142184019943741,0.139213129727762,0.0393307196079685,0.261210475724281,0.0253324274479681,0.010717143145647,0.0159515613053018,0.0212819657129752,0.136565652380746,0.00836958734993856,0.130837977101185,0.0851074568123617,0.0265072738526297,0.117369662467847,0.107796009416448,0.0159222969766692,0.0626357533550704,0.0234010925178115,0.171572695646966,0.190542084066379,0.216134983355921,0.0415168764824657,0.034731683254188,0.0722007009809322,0.0505073903547519,0.137175862311992,0.0288154623136997,0.248651190028862,0.0847834532335001,0.0938467307146168,0.0191412922334892,0.0775139648027836,0.0421677651649576,0.0285362150034569,0.0967517906441691,0.0155247934741376,0.115650724918107,0.00489472787804953,0.0815204732970937,0.0315413026490387,0.0261140853553825,0.0372899064615432,0.0134549707981566,0.0432395568904128,0.0686122383303703,0.0831209134819766,0.0407530481780258,0.0164480519267771,0.172324897096734,0.104073213979104,0.129241600723623,0.122976481243931,0.169387581578163,0.0658867258681778,0.0320943733232617,0.0917933604897715,0.108555659313397,0.0287709176718877
"4",0.195977847946835,0.41687879819287,0.126784885834952,1,0.615414372337548,0.224165106785484,0.342855304823743,0.37281770279988,0.0321266722314093,0.131374807268472,0.315273176242993,0.465787362529842,0.360401864047659,0.122540909142938,0.214297822507986,0.238608988422677,0.475876370300362,0.473612536884837,0.480598535223573,0.303041126538141,0.298101188365126,0.611557939738031,0.169541385476945,0.419662976480072,0.126627275672925,0.533918481563026,0.255372547943294,0.113678179097218,0.480212425696307,0.468183843352838,0.494847621397869,0.333395888796715,0.348352052156329,0.576005938831364,0.317928044498692,0.270427246991539,0.0909215256279223,0.0590625433713933,0.419443779261382,0.346191890996904,0.090311230703892,0.283544505518112,0.154060974414791,0.164913018792642,0.293712664211623,0.426043929073101,0.317541295469396,0.0960685250456926,0.233088647147542,0.346661635065252,0.147068064644105,0.401598777101068,0.131769762636841,0.129126566500886,0.557723840438437,0.15846984260555,0.386235193662885,0.353162621421196,0.479301865478238,0.428284622989523,0.244067586601993,0.533029793409073,0.63070303052502,0.122738179268772,0.31309716075619,0.303400501252197,0.361157031023944,0.522342000458543,0.0530134988556343,0.42065615730126,0.0973310555491563,0.426517746789833,0.145154939888271,0.659521179656499,0.167436117082749,0.0567341770417794,0.23874858665122,0.535938160943657,0.265750714877656,0.0683349596535592,0.143546813043516,0.503750561762464
"5",0.0402549511548841,0.343736541998227,0.162776484892821,0.615414372337548,1,0.412257561685844,0.258043550910156,0.34430172236592,0.0586441038822047,0.234853630591063,0.404037375547323,0.484264727477432,0.342100295735855,0.265627060497196,0.232695707195367,0.263397365976715,0.621230776892484,0.628514811918591,0.48363898859089,0.322909511156616,0.356209310063904,0.614382148821492,0.385772627354185,0.464637668941817,0.100563373376899,0.448848587049005,0.323037719336773,0.220847932954197,0.503874565497131,0.561504356093661,0.541363865020906,0.485348907272191,0.391627415188928,0.600936257523018,0.282277240844907,0.217468538667092,0.00188688946433994,0.000368078313330608,0.303642080197026,0.410096133977692,0.184350709726773,0.357040211142018,0.19413666200017,0.270642818588439,0.388353439954842,0.324428999752497,0.294119043437748,0.0706063642350307,0.273349187766953,0.373824819812404,0.27458621697526,0.351204978923925,0.00105564818493705,0.132659953192378,0.485048012297199,0.268589356003371,0.46249917471938,0.524129667278142,0.59589059563043,0.509495168517108,0.440395938456903,0.59843672336437,0.593628104002522,0.00628495550546654,0.390131580203757,0.340165128304908,0.380895814556518,0.457451963678157,0.161079653152365,0.410437082979954,0.221748560372055,0.478744468759326,0.226819683932474,0.541581094892932,0.173545855370434,0.0653684057292016,0.356907164147714,0.454668904101203,0.109076861135561,0.075303663541733,0.224055292487619,0.541382536284713
"6",0.0780104030957655,0.210075628379762,0.0255114728451098,0.224165106785484,0.412257561685844,1,0.176705567063847,0.226825424018272,0.0352491324970551,0.225655421013152,0.480684737211476,0.407262022702852,0.191661984712757,0.294834329097529,0.173290907979355,0.236944188780821,0.506121504789469,0.602207974503018,0.411071015049466,0.261353740672304,0.40259935676595,0.394263702740985,0.370863117172297,0.374463832553359,0.0224822254681564,0.266295704948506,0.369444036148514,0.267918204886511,0.257128111407074,0.499943752582688,0.321513044279709,0.514236770911523,0.447062356541147,0.459158266648109,0.216739082301729,0.187175954897464,0.0465024990553707,0.150851327457353,0.0367968084654679,0.281482471185631,0.109638715960558,0.39795003647519,0.189791726466168,0.205603853518055,0.349775676268845,0.158248657188343,0.165855412367065,0.0175480101074135,0.328241846344808,0.231175747203596,0.274965746557058,0.221766276097443,0.0949112220365519,0.264797603938871,0.173051836769447,0.281482570064084,0.402295878907092,0.458957706253716,0.499256968938182,0.525185045944978,0.4067977321266,0.521456391424586,0.482618993302408,0.152485747942605,0.383675710451578,0.361191600794783,0.213048664075192,0.292313737387916,0.220731362440738,0.335022677530464,0.210653879458072,0.382280860300895,0.204270154398441,0.253967895056114,0.112463307839988,0.0125938866868046,0.301310030560037,0.356818911888038,0.0909689916682891,0.0722589713923833,0.297335759326121,0.300877444490823
"7",0.105060777705583,0.145113753352462,0.0351841506107538,0.342855304823743,0.258043550910156,0.176705567063847,1,0.182371462065865,0.0667240785675544,0.176530588282413,0.246668859190979,0.249531293226111,0.251661406911973,0.00415098087770571,0.0716675785519563,0.186433823485006,0.219533348137707,0.285435796261193,0.292459684002551,0.19091118706066,0.232490265633903,0.249249119506805,0.149914528057714,0.174815823029922,0.196522519694904,0.246847276427796,0.146683325736123,0.179130926189082,0.215552577602614,0.236511717638387,0.233411864517014,0.167253894789189,0.326933266368912,0.315323454142431,0.167041829319182,0.180485716078452,0.11135715838294,0.146727560454113,0.0331155449882069,0.222223348784169,0.140377229276234,0.146114222331973,0.101139409470779,0.217605160462252,0.0813680654142035,0.22295110960647,0.192081740623403,0.0812549852309043,0.112212562128791,0.199814755643437,0.186813560867869,0.0224160217882837,0.00859408344275761,0.137429293734141,0.296014878007257,0.20561012242705,0.231591651233443,0.1723818833181,0.319074300520301,0.212838154468511,0.274666496850776,0.353649237406025,0.276471796542556,0.0637485111754994,0.192420595034973,0.24535767593098,0.193463598263185,0.243244625839614,0.0170943837219353,0.224091424395459,0.158901177341033,0.246928077182163,0.172319946960077,0.259458183184594,0.0136919856919694,0.132924689552102,0.0150057932196328,0.249312453969931,0.057999770368266,0.053244225077169,0.157797984811446,0.242823161402159
"8",0.0706285495352144,0.255168787014204,0.0021194603529225,0.37281770279988,0.34430172236592,0.226825424018272,0.182371462065865,1,0.0167314699650428,0.0646266454397914,0.224747342684058,0.277446829456621,0.193684466990282,0.131378926900898,0.0774461005061094,0.153193222017437,0.367021339036019,0.322329444789182,0.326608992498066,0.240465376555015,0.184896521176862,0.32566306075398,0.182943671602545,0.314229515845812,0.109821022576865,0.250904083161749,0.265180288707744,0.146317213300145,0.309930203621067,0.377489910567518,0.347265027095645,0.2387542286795,0.300736768915232,0.33985239682743,0.0973542786462159,0.228991127619988,0.0213442079580128,0.00426169166054331,0.138604757194111,0.266015021960602,0.0762030130335566,0.349258581145702,0.208680997166174,0.216293043112628,0.199956579712962,0.299255964458523,0.191402638630358,0.0503443821046415,0.248210586095967,0.288751109410127,0.117078480477589,0.226867192965563,0.0857965106572703,0.183894276656268,0.279013575135123,0.164995302109359,0.27491369760432,0.216183648128894,0.406985746301339,0.383389275058823,0.245970092941504,0.377229482734207,0.354242871755913,0.0581883959126439,0.238149590595917,0.275929562484357,0.118904320434572,0.348393314613656,0.031441622554759,0.338958073284699,0.15622155002735,0.286966336977148,0.266033260371048,0.315414365693374,0.166209722391521,0.0568123157324498,0.271296303062583,0.295417107804926,0.198447523600562,0.151872903734577,0.137528723526386,0.247686858264359
"9",0.0435963234310279,0.0141977435840087,0.0931265608707319,0.0321266722314093,0.0586441038822047,0.0352491324970551,0.0667240785675544,0.0167314699650428,1,0.0329111154905751,0.000847161089137275,0.0681104144448608,0.000600629982911131,0.313992052353063,0.0168132453332325,0.040030965135094,0.264274236330017,0.136346629634741,0.168065679199547,0.108800691543285,0.0239125254818358,0.194301239248009,0.231014376410008,0.252737472053069,0.0963696587182177,0.196057812018144,0.188542726750495,0.256537191500738,0.30036712706032,0.151374127273969,0.313020365792182,0.0445007302309568,0.00815677297204193,0.0659947803671913,0.205767655723881,0.0109677709384337,0.0107920698293267,0.135121829498902,0.00830632560591645,0.0499736837580699,0.0856072502018291,0.0699555805849988,0.150097963632453,0.123741011095546,0.0198955609684197,0.0405578166730885,0.00976180152569906,0.0622222869682761,0.109079935214417,0.329851922126775,0.031738205323492,0.00551289243841072,0.11049794855835,0.0372575789604555,0.0673045451082224,0.0507233669217556,0.165140950417589,0.114958201434958,0.210454432365713,0.15044402708334,0.0962967768862595,0.0918942941707469,0.00660553309977252,0.0794327483732656,0.0674509597093763,0.0522228551443815,0.105994423848677,0.144255913009953,0.0678297697959562,0.163269598754898,0.0184095929136188,0.0199531546171116,0.285379616065759,0.0575088001130471,0.0267558497457072,0.0355808663623928,0.117332405728568,0.0806568086370498,0.0422301997751266,0.026232152677842,0.122157659164339,0.204723207536635
"10",0.0336013836072885,0.134916017014001,0.00773729602147139,0.131374807268472,0.234853630591063,0.225655421013152,0.176530588282413,0.0646266454397914,0.0329111154905751,1,0.198478075681983,0.258421205665748,0.145600353081965,0.0589448985839952,0.123602958017559,0.165386989535827,0.194431544077237,0.256572001575029,0.151532848086655,0.104254992581729,0.163952087927598,0.181995901883955,0.175449517549712,0.0317858394083928,0.0180898491862417,0.190516810945445,0.121511818768785,0.0630731816106449,0.0827354293200768,0.156081349115461,0.127646609123232,0.193649206091812,0.250794185337634,0.217457792485363,0.090699410958892,0.121838804628345,0.0213575590156907,0.158641306892618,0.0203582125276141,0.0650732100522375,0.113799019372624,0.203734011592026,0.0587552123121326,0.0659052879319044,0.15630592720011,0.0569655661108426,0.0951275091802163,0.029906513441189,0.0753113494325322,0.0272603120856091,0.161245307173776,0.123245117543175,0.0238833563729326,0.0854536302000624,0.0963259846375004,0.116804528569375,0.123293789653369,0.202401795607016,0.179864701295989,0.21114578376648,0.166732045795201,0.199395503265237,0.237598038276187,0.0616000609153772,0.210288039411359,0.139313161565351,0.155010992485598,0.109326687634477,0.0650199133147132,0.104963867986016,0.0901136727322086,0.0954177757190463,0.00830273204072879,0.127027576851386,0.0451360325559578,0.0397462678502549,0.00931150795781173,0.205915191900182,0.181586506823033,0.0298680612897284,0.170538265315875,0.11734362556285
"11",0.0674203903387139,0.22891685452933,0.0479623319701574,0.315273176242993,0.404037375547323,0.480684737211476,0.246668859190979,0.224747342684058,0.000847161089137275,0.198478075681983,1,0.39546304550313,0.378268480581117,0.202328532340477,0.243759914624274,0.250646034264163,0.460622078123888,0.574957316812064,0.432629698893898,0.411427032624839,0.456548715755922,0.446109569423736,0.462418467622099,0.43556847410142,0.14986737823427,0.26683704547319,0.325565272646655,0.341978231346737,0.401226670712884,0.505804657737436,0.419400350483389,0.45402063553175,0.50981720344171,0.500712263171478,0.249467534929386,0.261387378722955,0.00445993587468278,0.171380376821043,0.100490646316355,0.334034768990613,0.103958647496598,0.300011612540552,0.0691105970709613,0.293579641076825,0.305004710368912,0.270114331456675,0.278147547740422,0.030594292793533,0.173993633544225,0.370635938073137,0.308014577958698,0.0646030065941512,0.0212957071298102,0.18800475515402,0.343964438374839,0.363446835061096,0.416380501521939,0.490514380884091,0.531948536343978,0.501953886386295,0.491224069681029,0.574689954092751,0.471625413114402,0.18674860553701,0.40557181784276,0.305364946145243,0.315581294002293,0.373009658185129,0.240965243221763,0.448628308258108,0.245581045666779,0.457963373264339,0.19899932744106,0.302432408601313,0.0117275650787419,0.109425729079092,0.149349773489256,0.301602280684886,0.0763909915057866,0.121267397679115,0.342711787399021,0.424483057980718
"12",0.0650470649120192,0.305587526838854,0.0441355474188596,0.465787362529842,0.484264727477432,0.407262022702852,0.249531293226111,0.277446829456621,0.0681104144448608,0.258421205665748,0.39546304550313,1,0.237065725064882,0.253971145919145,0.199665618061732,0.237737546382354,0.476604981877872,0.538617503798095,0.381168827039255,0.286442926033028,0.311714299880402,0.502803842377389,0.334855494820851,0.341319546651452,0.0766922258784838,0.399100557233439,0.29889315327141,0.201272716505034,0.391176299017005,0.473766813201179,0.459981747177868,0.448164069992774,0.406514356705387,0.483063891648796,0.331723528618083,0.249121174531306,0.0580866754870516,0.113884711939863,0.204087843135519,0.284908254268573,0.150487474704165,0.29686987572768,0.096556899448783,0.21368613987892,0.307179818090457,0.264915560354285,0.223653416364682,0.0528778208932683,0.143376208483608,0.267246565451481,0.261969044897909,0.235340340692932,0.0314365594093362,0.139037828080614,0.349079249485835,0.233389676240034,0.349245157706169,0.461125241066284,0.455291025445469,0.440034705077884,0.349119923034301,0.535217970081659,0.541859397068974,0.0628305758268712,0.384507392510053,0.32060612852744,0.309803132555928,0.377937227025757,0.175895877300061,0.318526004271289,0.121082513686391,0.361040406687554,0.165237312647338,0.387944147870681,0.0801286832627837,0.0183095728732235,0.172779544510859,0.412225475421104,0.0629021910328795,0.0356216764242676,0.34055966629996,0.421099693314389
"13",0.00286825763840205,0.0940444553561509,0.123994281012129,0.360401864047659,0.342100295735855,0.191661984712757,0.251661406911973,0.193684466990282,0.000600629982911131,0.145600353081965,0.378268480581117,0.237065725064882,1,0.0720478433993864,0.188965044769962,0.253370436083996,0.289164915674626,0.402320304623807,0.394122843184488,0.366470368449776,0.328394643908292,0.390859369999858,0.325719696699145,0.342781054544968,0.279682178050985,0.23489980179015,0.240341766612486,0.371155313760307,0.439604728751672,0.314872330226755,0.375132558364703,0.266320432277425,0.423796973422306,0.375346278509151,0.1650254338987,0.181485862533156,0.0137623186975144,0.14888207569114,0.122634911451141,0.327603576053542,0.110239785057305,0.262299332676858,0.0417959845042618,0.353644592974267,0.110243904475701,0.294656656244046,0.240620273758749,0.040403521499137,0.0880974447798765,0.418053227585644,0.233660447604697,0.0309797164338727,0.0802880955630011,0.199824149701318,0.319808495366271,0.311601594750757,0.365736557147653,0.30815326093581,0.455203669860879,0.325529543113048,0.36933981321013,0.477372593770971,0.391832283498076,0.00189794011427345,0.275516071129217,0.21193800394957,0.254642527451301,0.373824313845008,0.155505305759412,0.388728666517867,0.187019284963515,0.304251621867792,0.210079069470467,0.28394027126019,0.0729215766444148,0.250394535924427,0.0391254828634119,0.237620731945397,0.0869104886525236,0.0828270382234283,0.224253723809035,0.36655731987774
"14",0.041735267347824,0.165465395105659,0.0160130744221337,0.122540909142938,0.265627060497196,0.294834329097529,0.00415098087770571,0.131378926900898,0.313992052353063,0.0589448985839952,0.202328532340477,0.253971145919145,0.0720478433993864,1,0.133534315974963,0.0223676206053706,0.460575075452091,0.395921574280651,0.248300978613461,0.158576055227067,0.194370026378536,0.385002435242452,0.407142328495465,0.411658667337263,0.0213362787846378,0.0725673924544706,0.34269666001447,0.187954845892501,0.364502815906983,0.410137406862437,0.464042773110301,0.359019132654395,0.159636242841015,0.268529881221788,0.0690604222259011,0.117773390821305,0.0569172740852642,0.0867735365844828,0.115986254020898,0.12284236139089,0.0942594409808898,0.122327226479209,0.227734108329153,0.0984636391715095,0.286165758120704,0.0631299992172295,0.108168345535231,0.0201188725447305,0.158367176792121,0.310163479627882,0.151963460770853,0.174733328178442,0.129576413291182,0.012052232251175,0.109306507024723,0.112424596486388,0.267220578443677,0.367138805280699,0.365842540988093,0.372132306851216,0.271786231117972,0.342566981649707,0.2926011021304,0.0962889908217395,0.266230910093687,0.20402476393876,0.153059096491013,0.179376783462188,0.275845585414504,0.168879948060218,0.106160797965141,0.12100310365614,0.138625912106844,0.230687872282106,0.0338903689224128,0.00756092175775595,0.174313004797116,0.154766436062525,0.0368484292891917,0.0225947816739587,0.26485275148777,0.367213816892465
"15",0.0421857851863874,0.13805118236086,0.0436933596401548,0.214297822507986,0.232695707195367,0.173290907979355,0.0716675785519563,0.0774461005061094,0.0168132453332325,0.123602958017559,0.243759914624274,0.199665618061732,0.188965044769962,0.133534315974963,1,0.101613794070152,0.195828273888154,0.260970176641426,0.15020635774667,0.145849834084999,0.0790211110712338,0.257834092784482,0.174019639474364,0.140806535656701,0.0245831969592838,0.190950871828701,0.0502503862165901,0.0755728958937588,0.205361846575561,0.201863037061409,0.215089772504051,0.220994940565431,0.188122215288594,0.243527246129705,0.122739484886083,0.119436841616038,0.0513717563333744,0.10064290447963,0.0592257933109707,0.121846238735816,0.0621655800764229,0.0506416831238794,0.0239239659035986,0.10438744169083,0.159749667757516,0.113799291963819,0.122076295253209,0.00374463785942258,0.0316957742089643,0.129464162201597,0.112305636411651,0.125275797597375,0.0661924666465794,0.033716535490248,0.220344714259969,0.0757253117382036,0.173164673699268,0.202972566279075,0.20254283972469,0.279745206750509,0.181993461707182,0.265063121486994,0.239843767150838,0.0231578333598824,0.235851376724298,0.122602431028192,0.200687518225108,0.187833468666867,0.150382010419195,0.137668894715379,0.106946684364164,0.210911000663884,0.000190460788448841,0.214907280469204,0.0417235676739154,0.0301843940092294,0.00996819070745656,0.224464959282147,0.0338982011773116,0.0135194542871354,0.172247536976195,0.253685408922247
"16",0.0164807955715509,0.102230965599434,0.0743554054925287,0.238608988422677,0.263397365976715,0.236944188780821,0.186433823485006,0.153193222017437,0.040030965135094,0.165386989535827,0.250646034264163,0.237737546382354,0.253370436083996,0.0223676206053706,0.101613794070152,1,0.214414522889974,0.300826557783033,0.290400532613102,0.191465546011115,0.192669670616717,0.250804557853824,0.106711043099703,0.176167018458929,0.110785554709712,0.198091698978234,0.166489225772023,0.144390242238712,0.141371761451507,0.237097261016352,0.189044308900667,0.219150908440657,0.27380497116562,0.277015273089593,0.101072069143714,0.0899148130102368,0.0255693044510875,0.0983189281002548,0.0678612734536417,0.194014538279769,0.117044929472615,0.257229258005168,0.0553333520647673,0.177812404872152,0.0617377577686596,0.239940628691944,0.198631125055763,0.0202071791608816,0.122464662837902,0.137235087920943,0.11999550616932,0.0365066993438631,0.036477053521422,0.191313736703283,0.157126418391355,0.126668357409841,0.15419440073779,0.1562399241494,0.260661110554915,0.209936776028155,0.303626793384473,0.305754652280886,0.294420651175396,0.0162059800375779,0.240593029367245,0.208824317357866,0.162087021036672,0.252272174452828,0.0245835688939845,0.268670281268762,0.133907423429886,0.21645019469464,0.154780138652669,0.259176352447918,0.0401622535949312,0.13971577577789,0.115514531985727,0.307330302328869,0.0310300341378768,0.0707576249140563,0.112679605404977,0.213640911326131
"17",0.0371679996395882,0.364999200395107,0.0584798178152234,0.475876370300362,0.621230776892484,0.506121504789469,0.219533348137707,0.367021339036019,0.264274236330017,0.194431544077237,0.460622078123888,0.476604981877872,0.289164915674626,0.460575075452091,0.195828273888154,0.214414522889974,1,0.756177158481481,0.58603647586683,0.482297279498356,0.365707786289041,0.726755705036326,0.551995688683979,0.636849581508179,0.0415933901506723,0.280339891444167,0.522311541760019,0.392596529997635,0.665273748817315,0.737468501668961,0.720764038929337,0.592670193980311,0.440183393848707,0.593891321057657,0.234877726072189,0.248101515579682,0.0581499952778439,0.0372914746583171,0.232907297800351,0.342936246364927,0.237887792528183,0.438308834749576,0.344935225072615,0.345406416872039,0.451743988914051,0.392958520363241,0.20714114315289,0.00559082032458866,0.381885446877695,0.512064271010404,0.275219905595884,0.309558825857558,0.0886035743645447,0.185549064479461,0.444583275606497,0.246991523052227,0.502392644080496,0.630603426588685,0.755876239920736,0.615073851362948,0.496901446415276,0.636178303302231,0.638852785794391,0.146171153200466,0.49801314539408,0.390855479811384,0.348064064827901,0.522353607541721,0.252280890424858,0.527895231609286,0.242396417011453,0.427482843409494,0.355385873658758,0.523323890334954,0.11475554256756,0.132908912924423,0.348842501202926,0.443145920541303,0.0452157980619455,0.169607771617019,0.468622529894432,0.595724390411013
"18",0.00882772926920215,0.361304052480351,0.00557777035827166,0.473612536884837,0.628514811918591,0.602207974503018,0.285435796261193,0.322329444789182,0.136346629634741,0.256572001575029,0.574957316812064,0.538617503798095,0.402320304623807,0.395921574280651,0.260970176641426,0.300826557783033,0.756177158481481,1,0.582213231625548,0.46935388307244,0.453794770927098,0.689621928469054,0.583639198398219,0.595142409213148,0.174746591262909,0.36385091172769,0.448007129697382,0.424802962149259,0.626225542482581,0.728472657481484,0.656800008139934,0.649003467318585,0.527516072390891,0.66628684884331,0.341009656877977,0.246833544137674,0.00320114341556903,0.0940971497221963,0.171582816412094,0.423548845755383,0.245429812605893,0.417481237599592,0.180196203480389,0.394939054526275,0.428720332407387,0.374888030697757,0.296486910666607,0.0192541068980966,0.301595915225987,0.500592952296553,0.355859974171224,0.216335863475219,0.145878234310725,0.226032581036539,0.456138072752145,0.357133303097975,0.570370541672059,0.671383684635473,0.744213852137243,0.641942563168783,0.555671594364114,0.736410896392946,0.667962124732202,0.212029003251274,0.507823281059662,0.419990623963532,0.421246592312937,0.498991158653537,0.279494479462913,0.50682051073505,0.265617274113452,0.509330405573883,0.316421350304286,0.47196804013443,0.077629481820089,0.0778268220649199,0.282768176863605,0.479250264100708,0.0244614359209731,0.175007233435829,0.462404859338107,0.623435347575907
"19",0.0827825830218507,0.344975387143422,0.0673308233297473,0.480598535223573,0.48363898859089,0.411071015049466,0.292459684002551,0.326608992498066,0.168065679199547,0.151532848086655,0.432629698893898,0.381168827039255,0.394122843184488,0.248300978613461,0.15020635774667,0.290400532613102,0.58603647586683,0.582213231625548,1,0.454048845760753,0.40305667707194,0.622537705649338,0.409015891458335,0.547539767317711,0.222763601374603,0.231797286165505,0.472617467141634,0.437210534757929,0.604012987316199,0.576944160488397,0.600731040624276,0.455745238142105,0.550026796923686,0.5898900427307,0.13784361000498,0.250829780187409,0.0680359762310272,0.049201743659562,0.199821881593459,0.444004746252679,0.138584120604374,0.367398013076323,0.147691169116345,0.389196474937642,0.300150680966653,0.450296504365003,0.283452168161938,0.0714714733484642,0.237889129352053,0.566745172198429,0.270145702683963,0.164288907079523,0.000553081348477255,0.289939611160228,0.521950380152649,0.286614115357389,0.493131018095079,0.430318397259471,0.664683554246347,0.586978729821622,0.465876737507148,0.638681280867891,0.514497683874212,0.00373637318333743,0.420036623800571,0.305184875453986,0.254595305167817,0.571870025000901,0.150230092648932,0.547527264751831,0.263654513771823,0.425888926740091,0.402872232563768,0.481138888267434,0.145541230878454,0.140426437984886,0.187531343212794,0.445494986051968,0.127645101943639,0.171262333442761,0.369019071334685,0.547118439162477
"20",0.0363164960401834,0.127140000694687,0.110886944984075,0.303041126538141,0.322909511156616,0.261353740672304,0.19091118706066,0.240465376555015,0.108800691543285,0.104254992581729,0.411427032624839,0.286442926033028,0.366470368449776,0.158576055227067,0.145849834084999,0.191465546011115,0.482297279498356,0.46935388307244,0.454048845760753,1,0.342906539060412,0.401425591206041,0.404751724107481,0.480709816832259,0.229851446163544,0.172499610368968,0.341142179226672,0.453235490022947,0.523111484518499,0.467369542255433,0.45949643935821,0.397294033770519,0.41452940392955,0.449186204503658,0.0847933578985925,0.104418082661991,0.0533328397671586,0.124388652524024,0.139404116749873,0.247445757282404,0.16199882526429,0.215670095297925,0.05301130152766,0.352938020596202,0.216278582911153,0.331288359711437,0.190699806393701,0.0879651850231218,0.154571003520373,0.505392743468377,0.323895277504854,0.103252285038407,0.0366867796900029,0.199807855473337,0.341110886224317,0.278446009005387,0.442483436730547,0.424788685463251,0.551665284211541,0.408181379148117,0.482676749017718,0.484274646862673,0.424120456355446,0.116425993826208,0.388712145820653,0.269065090176353,0.302323821945032,0.470809475295716,0.175148172005346,0.538596540363233,0.255926721678983,0.280398373245535,0.309439260944852,0.318881155679348,0.0389496178883239,0.144177103359279,0.125514660459274,0.260566110218317,0.0621838047344143,0.125598797805412,0.420375876173217,0.452540335039632
"21",0.128438645372843,0.219537958521975,0.015447700883469,0.298101188365126,0.356209310063904,0.40259935676595,0.232490265633903,0.184896521176862,0.0239125254818358,0.163952087927598,0.456548715755922,0.311714299880402,0.328394643908292,0.194370026378536,0.0790211110712338,0.192669670616717,0.365707786289041,0.453794770927098,0.40305667707194,0.342906539060412,1,0.371158133735004,0.369992143720821,0.317022245985869,0.173739131706537,0.314545201923024,0.283025546576887,0.273334169191427,0.338261405078428,0.403422145437195,0.323755797173002,0.399297453360643,0.465408634881753,0.428256833584091,0.206467590053049,0.216559908750367,0.0128879797493204,0.0824828968432005,0.0158453720221345,0.315933371864616,0.100354353426286,0.293184238233019,0.0709084347076772,0.285940117108582,0.188214925791851,0.292303484538005,0.280231772813145,0.0201460000071066,0.179489774731811,0.305441928833057,0.331986436546605,0.066032049574439,0.0513312217619225,0.12144492386482,0.268099773447943,0.306927069717062,0.375462453202155,0.408428861779943,0.466715501003032,0.391344764113137,0.411810701241737,0.5096795600148,0.468868715018399,0.128044574146869,0.336395777869154,0.296948587620609,0.236795392157176,0.315093578285281,0.143953344365786,0.332229528740669,0.240016571797411,0.42129907967756,0.137949625333904,0.279700192583394,0.0679478106334723,0.0292010408580342,0.135170554581966,0.340447862265768,0.0319577669935677,0.0156445027123882,0.241667265445328,0.356056874407612
"22",0.0412592409584525,0.395561675242058,0.104016830366589,0.611557939738031,0.614382148821492,0.394263702740985,0.249249119506805,0.32566306075398,0.194301239248009,0.181995901883955,0.446109569423736,0.502803842377389,0.390859369999858,0.385002435242452,0.257834092784482,0.250804557853824,0.726755705036326,0.689621928469054,0.622537705649338,0.401425591206041,0.371158133735004,1,0.48028265290545,0.571237920842226,0.128917505532848,0.385811264797058,0.430836619509291,0.315995814506925,0.676380062890077,0.664100098311012,0.673247538476339,0.552825613572114,0.427417034731934,0.622262088955095,0.314435483332825,0.268440243380334,0.0101918392259937,0.0127513193966741,0.346937526658739,0.42456470384384,0.196194629789078,0.346212968390087,0.245771280646368,0.313772609748567,0.438813206695285,0.406552570479581,0.32697181566625,0.051805631130013,0.228938140000075,0.477045586236381,0.233631730991873,0.335773416450395,0.0284445481496786,0.180324065803781,0.564747738298324,0.241994413691168,0.533110937900769,0.567579942198469,0.67042068738187,0.602330023470462,0.448918741615506,0.661581248144888,0.672797280465479,0.0416937890203412,0.433681374851774,0.353878317487863,0.402804724656801,0.538945165651255,0.190159313656842,0.500387289539579,0.198634404483902,0.455722582371495,0.29470540996826,0.597676336933697,0.108726872937552,0.124082034240554,0.245510187938737,0.506221674595069,0.113397596260603,0.118553916179049,0.406063229895474,0.651747983078425
"23",0.144329058452157,0.18921663289342,0.0372976402149824,0.169541385476945,0.385772627354185,0.370863117172297,0.149914528057714,0.182943671602545,0.231014376410008,0.175449517549712,0.462418467622099,0.334855494820851,0.325719696699145,0.407142328495465,0.174019639474364,0.106711043099703,0.551995688683979,0.583639198398219,0.409015891458335,0.404751724107481,0.369992143720821,0.48028265290545,1,0.514130291931559,0.160738136770586,0.163972633663745,0.350886563924329,0.443990289806727,0.582959013726668,0.493668987445742,0.574364335662837,0.533493317133027,0.380838459905051,0.477171895812561,0.195631983633175,0.182463792476411,0.00343089072616624,0.129336839647176,0.138752350762081,0.303747623485354,0.155936824813783,0.194419129453931,0.0544969025389779,0.305201384373145,0.308142007929487,0.167987819042319,0.164322605021703,0.00275672583945944,0.088656643904486,0.487846392112832,0.30914164769523,0.0143050043151692,0.120802220658179,0.119160397405296,0.312991959017541,0.324757306746669,0.482910150455771,0.551982671478997,0.565721922451563,0.508103331073764,0.497780310394303,0.569510128857461,0.42691353745145,0.170492955320247,0.423926416980194,0.257414330593165,0.313009025602024,0.351560704128002,0.369699107008089,0.381388089251412,0.305501422883249,0.33686155922044,0.301845572457737,0.221500466168957,0.0036261880232359,0.114684761814153,0.125650851218543,0.259898233182432,0.0778217284326632,0.0749979602685033,0.391775884316647,0.545792670491884
"24",0.0507086313896684,0.282092863336191,0.00433474097427332,0.419662976480072,0.464637668941817,0.374463832553359,0.174815823029922,0.314229515845812,0.252737472053069,0.0317858394083928,0.43556847410142,0.341319546651452,0.342781054544968,0.411658667337263,0.140806535656701,0.176167018458929,0.636849581508179,0.595142409213148,0.547539767317711,0.480709816832259,0.317022245985869,0.571237920842226,0.514130291931559,1,0.155764543192698,0.196642202254616,0.433570833567694,0.457405518018338,0.632071747624545,0.549153546665803,0.655770258473812,0.420632539619434,0.40700357675306,0.543725800816234,0.101999537479072,0.195046338097798,0.0566458018964121,0.011830463195454,0.188661345167687,0.32627655722076,0.0843092392881879,0.319340823751387,0.249416045868737,0.315262863003852,0.303700790166342,0.356206091277696,0.232948815788175,0.0771516926166141,0.304273178580637,0.571859845101801,0.242685612033399,0.053035604726292,0.107078082296478,0.232748480801465,0.395634079825034,0.245830905793608,0.521230325792247,0.529777017599476,0.680855884401237,0.498126440589049,0.488592601436884,0.597818612925919,0.463820982566413,0.0503052987098042,0.377292589688414,0.354386419714848,0.216431006166176,0.522418028805549,0.239857395453371,0.504128404114563,0.25661478120263,0.285741012554348,0.367760193865448,0.424274575487336,0.0365133464450989,0.176747069301531,0.31919528071637,0.357917742310421,0.121210324400315,0.138493398327939,0.375220152217341,0.603900647115747
"25",0.0130904243670477,0.0159132639898247,0.142184019943741,0.126627275672925,0.100563373376899,0.0224822254681564,0.196522519694904,0.109821022576865,0.0963696587182177,0.0180898491862417,0.14986737823427,0.0766922258784838,0.279682178050985,0.0213362787846378,0.0245831969592838,0.110785554709712,0.0415933901506723,0.174746591262909,0.222763601374603,0.229851446163544,0.173739131706537,0.128917505532848,0.160738136770586,0.155764543192698,1,0.0380877792065047,0.126317609631827,0.318160717001603,0.270279898220644,0.090576561442461,0.192830867549865,0.0838996897855187,0.227908766344919,0.195301698567287,0.0187532143367106,0.0463422051473352,0.035230525173452,0.109185197575647,0.0329042911288947,0.163760995022323,0.0370913339609655,0.0534646352121173,0.140910029167106,0.287818660843405,0.0690907368540987,0.16322061056282,0.0835010981976145,0.0578264187778754,0.0401253515834183,0.340198499956251,0.197655886965739,0.236977551196259,0.117449655026535,0.0892184833719213,0.196982982178235,0.246767399006971,0.157644907631849,0.13790400500464,0.244607750029531,0.110133176603916,0.22591742655212,0.276649144414041,0.140557306684938,0.0497881125064199,0.0679412006001945,0.0670965580267013,0.1171592464206,0.222948874776194,0.00140139067022077,0.185339935176366,0.108276536073156,0.146369139955905,0.140105466823646,0.0826560296359413,0.0631810851200927,0.163623402703502,0.00560687658776029,0.0238721147711037,0.0478916614836731,0.0962660176384811,0.151937797930102,0.218192559208019
"26",0.0482747467756621,0.24888746294173,0.139213129727762,0.533918481563026,0.448848587049005,0.266295704948506,0.246847276427796,0.250904083161749,0.196057812018144,0.190516810945445,0.26683704547319,0.399100557233439,0.23489980179015,0.0725673924544706,0.190950871828701,0.198091698978234,0.280339891444167,0.36385091172769,0.231797286165505,0.172499610368968,0.314545201923024,0.385811264797058,0.163972633663745,0.196642202254616,0.0380877792065047,1,0.0930253520938371,0.0353921750561825,0.224859805382401,0.296164831274678,0.245748379542768,0.308547853913114,0.308784354832249,0.410615799983486,0.334983396318916,0.158730864227522,0.0720021832054809,0.113131343747467,0.214091756666588,0.259569016825709,0.0984438496243508,0.126963295979326,0.00183151264251319,0.106962200750341,0.211043906517157,0.185340436040309,0.266851576321453,0.042883749891031,0.128156286095782,0.0797129202942725,0.14489298460806,0.292977377028934,0.0896393126834029,0.096177487023834,0.296947112141471,0.203585399109566,0.257495415273271,0.337616973047563,0.299353172244563,0.302499645869614,0.260030671714796,0.414306709199965,0.491162916120919,0.0732532410024739,0.249219442383312,0.327642841225348,0.344594023100052,0.298704832153299,0.0495155753718441,0.215683093520894,0.0768177882348463,0.36584559238868,0.0264543342731832,0.430973150255413,0.0821088369816766,0.00606857084070261,0.109418027174983,0.428134351451322,0.0933206726377026,0.00564443755315143,0.0883187403624746,0.265876200047703
