"","1","2","3","4","5","6","7","8","9","10","11","12","13","14","15","16","17","18","19","20","21","22","23","24","25","26","27","28","29","30","31","32","33","34","35","36","37","38","39","40","41","42","43","44","45","46","47","48","49","50","51","52","53","54","55","56","57","58","59","60","61","62","63","64","65","66","67","68","69","70","71","72","73","74","75","76","77","78","79","80","81","82"
"1",1,0.218952346557623,0.172764569697005,0.190171824724263,0.52752287621783,0.131508592629774,0.537060688605981,0.428451242318639,0.483091323047376,0.276999833479084,0.614959872559403,0.583217589535872,0.593489541588015,0.478405944175919,0.535157756615798,0.142603460976914,0.655413625862963,0.63632180607745,0.519732149277038,0.635115263831908,0.478481100345312,0.648613181119146,0.685024925053137,0.115958252874273,0.351233416846354,0.428658661860395,0.5209129490086,0.639492336130308,0.593562751255781,0.585869939704567,0.603731232459248,0.531646054035606,0.557338713116017,0.0828689071420004,0.527220379376883,0.209844735719335,0.552178832301469,0.391199558793487,0.00834287161259284,0.411932778672263,0.645794034285208,0.417524862819665,0.374704829937145,0.5196132296101,0.573078532371246,0.623935680927993,0.165411716006855,0.185661983215904,0.270630524129497,0.570649988662799,0.646171140126044,0.320498474110629,0.206698285077149,0.541022865252783,0.575222812178191,0.62836536124253,0.329469312554992,0.345705535046172,0.42235104399029,0.650550660862239,0.616330591482305,0.562586115649095,0.609144267074537,0.64603348343719,0.498808177370702,0.475440946204559,0.453934864632623,0.463140976422153,0.457868854966716,0.400263510778715,0.186758538532782,0.568719452979921,0.554243775855322,0.0928645001529069,0.018366883586008,0.356790415039842,0.457494375029077,0.425458338500759,0.378846231216336,0.184678216689184,0.316083844226304,0.522267494222035
"2",0.218952346557623,1,0.0145036398548954,0.0864379056782097,0.232278280809979,0.0993855503669688,0.11224291896765,0.1290204101203,0.151138400449671,0.177317178829525,0.285913800733743,0.274446631286768,0.335411431667247,0.180931312072176,0.275948632576325,0.104177873929389,0.27793039116501,0.26277986653401,0.325048766706434,0.251690823936284,0.240678927058447,0.332588465240376,0.237528338950005,0.275264486675916,0.0703184261077919,0.093812822805714,0.291788911946271,0.185512688070726,0.283935418873329,0.274509249672121,0.191447688169261,0.205623116183051,0.303425246295387,0.133860109095419,0.283259693299453,0.0700153312375415,0.0362624465068666,0.126435381421276,0.0351074053702562,0.241886436923377,0.254128213260096,0.037025309664295,0.0299404415433568,0.226957368440368,0.228399711121295,0.218025096799005,0.106559886913009,0.150617927488924,0.0289082872718228,0.27618384115705,0.273975331083395,0.0477539999513257,0.0591918036273846,0.306866035008636,0.389971807774117,0.2901388614695,0.103120200693926,0.0749916529856022,0.0361536470318675,0.215465530180254,0.271508321918295,0.217855840116332,0.310917549942588,0.219103626675431,0.205540689580459,0.200088832522904,0.240431205546468,0.104809719698834,0.152220076361613,0.126300179046087,0.0154460136503415,0.200664496693414,0.244187058469796,0.23349862880197,0.0148362304384645,0.124258305400967,0.0809538053185088,0.144481150675197,0.0989612515289237,0.220013717570865,0.206640047779232,0.144710432825707
"3",0.172764569697005,0.0145036398548954,1,0.184551643517388,0.266559148318069,0.0116542087009308,0.276847214080903,0.260871872134148,0.294867658890869,0.15041075331253,0.188407771344713,0.18225970902419,0.208652389599131,0.0673360945064425,0.17145370988775,0.144808835731128,0.186790044771648,0.185706573098284,0.147976999860155,0.23407807830676,0.098484612448669,0.19529903037271,0.250488073192506,0.0486469388837501,0.0608286894370057,0.176224260317711,0.0956400518940562,0.211018112768475,0.0746316343076309,0.162557769841369,0.233801950921513,0.104712641566332,0.0738347703626176,0.263756453933313,0.214763559892108,0.0712412895201972,0.359966648937373,0.103183696646063,0.0955884690964339,0.155752875521252,0.250482416932467,0.336468157009161,0.00875854758964026,0.151073846944218,0.209995325761708,0.311768574184009,0.0176087707930639,0.126446473661189,0.116871517666324,0.161771674846167,0.185089930151396,0.0732307894132341,0.025668331753453,0.211975484629919,0.26439781765111,0.235011147227679,0.0253010603609026,0.0899363289186242,0.190394246600785,0.164443652722822,0.208311648006745,0.152390980675717,0.16145512121984,0.225128335270265,0.139213053130974,0.137824456275492,0.0183711283369873,0.122884354855347,0.249874375681374,0.116312651804344,0.0373562911778435,0.261552490313281,0.202232372441107,0.0378721547882632,0.128005302515906,0.132793578590742,0.339352097065794,0.103779964425685,0.0573476484870971,0.0627675028559238,0.167632958458823,0.102414330316134
"4",0.190171824724263,0.0864379056782097,0.184551643517388,1,0.093512705055123,0.0428621813131322,0.215164976331687,0.292092720561366,0.116929759437136,0.0194042722604383,0.148706062044049,0.123928100759263,0.0697871605575819,0.107990831418065,0.0910742881365228,0.0434317165727641,0.159815562238733,0.143134496619405,0.0280194396018007,0.136368929979814,0.0531943080019245,0.123641181540285,0.220771245383671,0.183728358533118,0.295194371231338,0.152759566702462,0.0629523642700176,0.218056810992315,0.0812170211989889,0.0878861218848452,0.104901498491604,0.0835694845094779,0.0487887271127779,0.210247534500875,0.111011651565198,0.195737230066276,0.372400613984257,0.0130978129422191,0.00420267704039586,0.00430446501611238,0.229601068143783,0.309410565847376,0.242290190207238,0.100260429477017,0.149140619948639,0.233848048689883,0.0544162394803545,0.0196538212100897,0.145225430593844,0.067602715883781,0.15499136283467,0.211886392232992,0.0390880510094071,0.147249910638323,0.0517103471362877,0.176867158060197,0.0716379403732786,0.0031158598283698,0.197958265609922,0.214185133486094,0.127361787289277,0.119864975002275,0.104675158257683,0.301603632055686,0.0916135595648003,0.211705670532203,0.0269486771035581,0.203237318806545,0.130881283908852,0.118529570421107,0.0340652657582829,0.186561556880521,0.158792699685987,0.0526107214034653,0.0692986838858869,0.141764010623975,0.233002294458791,0.194531553761543,0.147105841093827,0.0472861262771708,0.0264569754538736,0.136007526533891
"5",0.52752287621783,0.232278280809979,0.266559148318069,0.093512705055123,1,0.252604592233171,0.553376025285715,0.528669804657048,0.577968108605911,0.403027350948129,0.703704537779809,0.676903173277853,0.721365202271723,0.511731507123941,0.649199756882947,0.0941566299317875,0.728351703929055,0.754457190760898,0.617863924727567,0.713990907902966,0.554889478474224,0.703539505571632,0.738985082959763,0.331390641500078,0.350151404335137,0.381907301530643,0.593239289622131,0.713428648657294,0.705994987296806,0.711947194423492,0.721535969386559,0.636970911028018,0.664679196152336,0.0580589857413948,0.646848405243808,0.126753149370546,0.553030736204896,0.489131792139933,0.086281069557504,0.516362414592949,0.70240786627763,0.337862215214466,0.265866830076221,0.633120952796253,0.631066074591403,0.610566022510563,0.240537011586189,0.236991044810955,0.226658358452895,0.692961652813521,0.723723540210697,0.2313530245858,0.238207573370487,0.60691196803702,0.66871213181488,0.695689043788711,0.444133124280201,0.534679912194676,0.534191604188532,0.706636551268869,0.679165434981485,0.720981294424942,0.689012235900116,0.65538410853845,0.531789949409005,0.558341457305675,0.51984665157194,0.488048128222021,0.493259803910047,0.407674831749804,0.171024199071749,0.671054864028093,0.565092841848253,0.280536775366831,0.0512560703680023,0.316688554550798,0.412281620797882,0.471906280232468,0.34189246922321,0.0897951331352815,0.584583645239527,0.666807747612035
"6",0.131508592629774,0.0993855503669688,0.0116542087009308,0.0428621813131322,0.252604592233171,1,0.161494159331078,0.08881445621719,0.144009499679936,0.267446963882998,0.127259382791061,0.218522707006255,0.215387227600809,0.276027513019644,0.193292911234734,0.0103648564121457,0.272564594783005,0.317179018436371,0.269819304372262,0.230137073936751,0.248916914877201,0.200380911266734,0.184845444722391,0.183811899752791,0.19364392617001,0.185273117872155,0.262113536817854,0.263838555948844,0.290690386407802,0.289016318788687,0.286340682073959,0.288180344243779,0.248621361405239,0.253553681431729,0.115401364760871,0.0382607845732968,0.0568076233366776,0.310722157080853,0.123026081269171,0.240639015171551,0.16933571513373,0.0716867770831949,0.0488369265917211,0.176499967555006,0.161014855438814,0.107646881033226,0.0955404075169784,0.0184449928516516,0.0712256253062416,0.236863037117508,0.195501303971776,0.0226127305408496,0.216862844015465,0.130781075445781,0.121957877801678,0.186503817295719,0.221403778769584,0.364991923408731,0.424594607507788,0.272103204691267,0.22229403386402,0.340634608549561,0.23577340652618,0.132240576824589,0.251588934343802,0.160721677047823,0.300382047007681,0.102463882307307,0.196555375618548,0.188718811256511,0.310798597298519,0.235639279695972,0.145086828690287,0.0239013239760494,0.0748363702359176,0.205034662995404,0.00962254530350857,0.160046262079987,0.223024214282716,0.01201197914165,0.274656573056791,0.311124296326371
"7",0.537060688605981,0.11224291896765,0.276847214080903,0.215164976331687,0.553376025285715,0.161494159331078,1,0.477347324429635,0.51538914635699,0.32453022823445,0.623560312999263,0.612141195066354,0.60590420771641,0.470665382888309,0.495123228821177,0.136268672784933,0.656669503881852,0.658537239008547,0.541452598436947,0.633902677654975,0.478519012456543,0.65170193782018,0.701082126355295,0.232214491230063,0.360833036780998,0.441736960403478,0.517978725489657,0.657480848881798,0.581292911597686,0.570282280273099,0.644598050178496,0.497170961024131,0.524096970372736,0.0559631828046602,0.527741426597862,0.166958899647189,0.586209483558278,0.348656283007941,0.00712789468560141,0.425830249088312,0.64545522063881,0.424923627285022,0.33002283462868,0.553052590330061,0.585873595385596,0.636686109227334,0.227642471856209,0.228337889029782,0.163429008551133,0.593367218236698,0.660305684451129,0.336706581923957,0.141357931909324,0.56660615342562,0.560689737030518,0.633592084150387,0.368561119181134,0.32508835762612,0.467345216455936,0.644559285464671,0.646542198394318,0.585700894656145,0.573314287499132,0.656297830230161,0.504022853570494,0.507261515197983,0.429618503089082,0.477244826175162,0.49876580204352,0.458725570338453,0.174762424030281,0.609174338350168,0.579908360766834,0.114715790676504,0.0495235615473712,0.338284583215623,0.40495384823548,0.408110500682907,0.269502641022532,0.156898540342619,0.40625004473746,0.596168995316333
"8",0.428451242318639,0.1290204101203,0.260871872134148,0.292092720561366,0.528669804657048,0.08881445621719,0.477347324429635,1,0.46236147107071,0.229976888947974,0.548352557422686,0.526743015487246,0.547198237115547,0.428733725398799,0.482209267012667,0.0893442040199995,0.576694466922184,0.563330349758817,0.445640770497321,0.600972210584886,0.420011759496313,0.572899337491207,0.638650989167107,0.21984596780148,0.353985230731857,0.361183819445715,0.472287329425416,0.626163294142069,0.553004674926869,0.547819380984864,0.575136603745378,0.482474501740664,0.482168952276205,0.0869137471290551,0.528097545040068,0.188254741516367,0.549307297394397,0.298462136084694,0.0390570590745077,0.344945524957879,0.553841647140778,0.457793657392388,0.318782928496221,0.535181576995437,0.50721959051919,0.572922888279023,0.258470648151556,0.222723239536231,0.223161317663007,0.554572556394552,0.611242359414978,0.180440735728949,0.179898159318809,0.497572910548526,0.487854386868091,0.574609037320281,0.36956324304888,0.335302869105384,0.470883908078627,0.58419990480869,0.527665336378974,0.572015676747044,0.515244975409263,0.617439768018111,0.464180959864471,0.469033416902046,0.371240591166145,0.393076800613059,0.435743414431311,0.415639846472872,0.0953913448255032,0.546258647975238,0.529087966608423,0.115129463225949,0.0335697692327937,0.270664623974025,0.441445659445294,0.425482913791009,0.28960780147106,0.100686083083094,0.367413320151952,0.530632240509794
"9",0.483091323047376,0.151138400449671,0.294867658890869,0.116929759437136,0.577968108605911,0.144009499679936,0.51538914635699,0.46236147107071,1,0.356492217401137,0.609646582695977,0.60676924080101,0.646468335021409,0.501428848525989,0.57466706213219,0.213613037079253,0.632091676557628,0.678585840377683,0.611206443543774,0.641711735262071,0.500776109310943,0.646934923142601,0.636065204122642,0.309291109581263,0.167650650262074,0.384047839884227,0.514555196285502,0.616480832354405,0.595265014418641,0.627624922751773,0.679104702675858,0.540332450185982,0.546710730509878,0.0425711240863649,0.549956998884863,0.124281445552433,0.466181200527211,0.367678498878596,0.0156283043605461,0.474353233249581,0.595538011585808,0.380920316508865,0.184042546468245,0.523121247250933,0.557660166284123,0.603853224215391,0.186075209200919,0.244854803613948,0.179987134350433,0.63449577546029,0.610056509451283,0.178011411188074,0.141182349739949,0.548440878011803,0.607179835072702,0.619407748897108,0.362672242877131,0.309933506543139,0.514715129525572,0.614505945637916,0.620474693243654,0.617561488381087,0.628599043834628,0.581773986934253,0.5188146326389,0.470357233516915,0.51149866707599,0.438023293296085,0.527566155977619,0.360277231256901,0.135729548909418,0.616360638693892,0.54210538365932,0.153050834906007,0.0498143774942121,0.368021065791627,0.461165847591785,0.398448595371607,0.301029199607375,0.073671370532416,0.527733889923889,0.509516055810049
"10",0.276999833479084,0.177317178829525,0.15041075331253,0.0194042722604383,0.403027350948129,0.267446963882998,0.32453022823445,0.229976888947974,0.356492217401137,1,0.376341052734097,0.388567850369899,0.453435325242428,0.319185450445238,0.395740827547674,0.170010907461766,0.468945231749366,0.497009802158972,0.507794861534239,0.418444526256086,0.407993691938402,0.459858588693662,0.392650839261091,0.317848620134352,0.0251289021977334,0.262307918270948,0.438824797737369,0.420314343743457,0.390697329031414,0.453076321018697,0.459117452385204,0.431471501571148,0.413310244368297,0.158356693268162,0.337712128513227,0.00691249908176274,0.135457424259352,0.312050721963846,0.0834593003960662,0.381441912096685,0.311567490834426,0.0626648020246155,0.0360090163466383,0.36021903611704,0.394564712106201,0.34525755843999,0.154310451805631,0.147228434223961,0.106057778786579,0.453643674196017,0.386430248661529,0.0565131087928733,0.0496961402432285,0.352031110524445,0.43590058306697,0.438630522965237,0.352885478319995,0.311438704974216,0.439772307206623,0.404784731512309,0.417965454981293,0.465243931933861,0.469554343703,0.338083156171658,0.293321229804164,0.347982567533305,0.403266079156523,0.225651676875398,0.408460973227554,0.256339062992283,0.226792099989669,0.365978874514193,0.342775885488742,0.151121676001347,0.0728968421682053,0.335469357325655,0.159968295227086,0.274378432017423,0.283596979838975,0.139166795994726,0.422497893691953,0.38383471276379
"11",0.614959872559403,0.285913800733743,0.188407771344713,0.148706062044049,0.703704537779809,0.127259382791061,0.623560312999263,0.548352557422686,0.609646582695977,0.376341052734097,1,0.766257145207642,0.806711877458766,0.634320238535489,0.668059651743138,0.100698678068869,0.827507584712649,0.830103160759516,0.686917562640034,0.817596161635791,0.631968216066915,0.844145252421443,0.864256783793021,0.445313599545003,0.352251534752396,0.468432746154954,0.687506926861398,0.7767357406895,0.800163380253724,0.766080318962983,0.779857486328823,0.702034600847768,0.766595390153201,0.0503946666099536,0.747963152974205,0.119481776218196,0.582813747670008,0.475000367667667,1.16631437827137e-05,0.545321297254842,0.780431986375566,0.423247792842052,0.383192770405304,0.707881878540113,0.705993102135715,0.718134896364915,0.265148930343106,0.357383934249569,0.164481611266167,0.811360831178012,0.831806968652966,0.340886309174367,0.230443301997738,0.721456631498822,0.749896832134901,0.814795062425074,0.502293334869011,0.484644500860986,0.494068224675558,0.793546393329842,0.805183229720334,0.76946661304567,0.784016400846355,0.785873945329339,0.654883946915818,0.638554745988147,0.583162828603167,0.585146089277708,0.554467625874604,0.550297309198801,0.158686469239817,0.73823601629211,0.69452604990182,0.254666520739475,0.0482634279923302,0.329648619444917,0.422728031581925,0.477222394393481,0.333589104438234,0.187692115040126,0.553136251304966,0.684690799265513
"12",0.583217589535872,0.274446631286768,0.18225970902419,0.123928100759263,0.676903173277853,0.218522707006255,0.612141195066354,0.526743015487246,0.60676924080101,0.388567850369899,0.766257145207642,1,0.7778545154182,0.607792011834947,0.669531331711366,0.154934275650653,0.804250160544124,0.808977897576822,0.721205486374324,0.803686137188461,0.648578493026836,0.788038952231475,0.798381037400809,0.41010271951743,0.28851454448908,0.468396948016248,0.68477073869113,0.754978034963042,0.738042467509627,0.740028590290798,0.769916476346071,0.668709623797533,0.734869832487778,0.0467880677713181,0.667986071214095,0.0931962866368478,0.52121068431609,0.517840262369719,0.0381102560392997,0.589775080547517,0.750426478512991,0.386535931846898,0.329402814693628,0.666984532585988,0.677476687741713,0.690146207233014,0.225238648550696,0.334311764690753,0.229938492929512,0.77200020868613,0.788902812192901,0.244440243852913,0.172943675795292,0.667173724346091,0.745267211175585,0.779442247882636,0.457964169339852,0.479366749540288,0.527964010755384,0.773854059198112,0.772259072259851,0.747532114632025,0.770203449274525,0.725132225698519,0.658265057426049,0.566466519200028,0.601750331425054,0.511908403646193,0.57242948252958,0.540925334882693,0.219973444088028,0.725545165500902,0.690206514456757,0.192919446133502,0.0555501462914066,0.399787037600888,0.395940992208774,0.451999155510582,0.320340658474193,0.170117467786726,0.568702247641131,0.678189308681623
"13",0.593489541588015,0.335411431667247,0.208652389599131,0.0697871605575819,0.721365202271723,0.215387227600809,0.60590420771641,0.547198237115547,0.646468335021409,0.453435325242428,0.806711877458766,0.7778545154182,1,0.605194404712519,0.694605585385616,0.148638350029609,0.820634203549601,0.843630797496337,0.760654068058888,0.824941023377865,0.669618792297064,0.845255615389273,0.815635181023759,0.485884539434646,0.260745385313474,0.431683267572806,0.69352690196241,0.779332352758095,0.816554607202863,0.800197950696192,0.800196922103111,0.717476396087528,0.77142601526663,0.0747994327929607,0.740767344972406,0.115996938722371,0.539313918949701,0.510094169985777,0.0326813814960156,0.614071620755122,0.746222572615398,0.393430296624894,0.295269357109682,0.702882537185226,0.720536568449167,0.68844215918722,0.236593278383226,0.378292669005912,0.188731337095853,0.81410647590816,0.806759617921786,0.195912605255682,0.187603029795882,0.710605915148905,0.799345936489889,0.820392318039498,0.494917693476849,0.498834624377967,0.546396455120826,0.783432285610803,0.780573740929121,0.768586476484684,0.812242611860605,0.767096699368221,0.65397441951709,0.622333244207086,0.634690994719615,0.521084853862598,0.60936620892432,0.519929957408741,0.195236817848055,0.721128340424294,0.677030172440224,0.262728366596305,0.0995947413649662,0.416009738161971,0.451626517211428,0.48411341400257,0.369416784100884,0.172728924205392,0.634284528561667,0.690198163933736
"14",0.478405944175919,0.180931312072176,0.0673360945064425,0.107990831418065,0.511731507123941,0.276027513019644,0.470665382888309,0.428733725398799,0.501428848525989,0.319185450445238,0.634320238535489,0.607792011834947,0.605194404712519,1,0.561144514027939,0.182471445339561,0.704800895469905,0.7179566111593,0.56677311238576,0.656985040976438,0.526989499429404,0.640196260820329,0.646059045520843,0.293834979224946,0.322576715179767,0.412185098001577,0.603937894072385,0.646610384758888,0.64997371002793,0.627465060166504,0.660328429710698,0.595832075643462,0.644241177279577,0.134151526889973,0.496982582996115,0.0819603757239496,0.333264384380196,0.50470469731037,0.0788139077902619,0.545074882390622,0.598229041986144,0.199558174851046,0.328663529335388,0.537626624835563,0.513569754608251,0.544320305032427,0.195512817574278,0.232030312901317,0.0737644013901945,0.63175859470423,0.660336895042034,0.288655779623678,0.183133966576387,0.509789122541512,0.553907777508455,0.616926584166669,0.408698075822742,0.428053177570303,0.537829267772801,0.696287896803429,0.631939579187,0.702369389552299,0.640432576222953,0.573138681510303,0.605019852238062,0.490161132263684,0.607685657925658,0.478891572778155,0.502419978962246,0.532738488333774,0.286494273636402,0.597596026892107,0.53479631647025,0.209187585615193,0.101822076734394,0.402995677564924,0.278219700736683,0.394293108755874,0.352010158446382,0.181207607579843,0.488968158478206,0.581086541692591
"15",0.535157756615798,0.275948632576325,0.17145370988775,0.0910742881365228,0.649199756882947,0.193292911234734,0.495123228821177,0.482209267012667,0.57466706213219,0.395740827547674,0.668059651743138,0.669531331711366,0.694605585385616,0.561144514027939,1,0.143294483858298,0.714537103024877,0.733643359653047,0.629501285328455,0.692079339058181,0.590407022748729,0.704198989657331,0.691117080326775,0.325740781367649,0.269815993819155,0.382340882078638,0.619438791295325,0.680589286047149,0.669772340750366,0.664195581541913,0.704434066554622,0.614227958442955,0.673144721858524,0.0670491706226711,0.608073875748098,0.0977836270782249,0.466705102861949,0.493478931649652,0.0120276663422815,0.545368489373068,0.674647748904897,0.26662015027557,0.256348075779279,0.586975350719031,0.59313218840317,0.599408051642225,0.241932411345149,0.258367995879043,0.144445027263382,0.67496975357864,0.69822674404138,0.256289758131132,0.188845576302349,0.608258810744258,0.643127835705358,0.684052668863604,0.459546357817484,0.48961543362327,0.501717541546369,0.692330400070569,0.672506277350166,0.697826095354853,0.681712267226948,0.618795994321577,0.544884609155611,0.519960474774292,0.564271582408556,0.480693122048384,0.502880271281083,0.435075369726682,0.191578099239273,0.611856829863729,0.585461039199153,0.240981383107287,0.0847168371866661,0.335362820892046,0.341897068741671,0.45723938718433,0.353461887544645,0.151973009080232,0.524348556227904,0.612240314691453
"16",0.142603460976914,0.104177873929389,0.144808835731128,0.0434317165727641,0.0941566299317875,0.0103648564121457,0.136268672784933,0.0893442040199995,0.213613037079253,0.170010907461766,0.100698678068869,0.154934275650653,0.148638350029609,0.182471445339561,0.143294483858298,1,0.231917702350694,0.2001606141556,0.227988344965689,0.202394687325377,0.165458492540493,0.136503994952095,0.144995881357226,0.0511475105061088,0.0441002329537863,0.25153064858262,0.211507479048991,0.146290457604945,0.0864477514181699,0.145972928552005,0.194312745535999,0.143798802047805,0.173802904404182,0.0145991144353451,0.0643750910499402,0.0746698503799151,0.050922415837525,0.154902523885754,0.0362577602523566,0.265459152643324,0.166181173966371,0.062793451496823,0.0322810475398532,0.127409105093764,0.124812976619272,0.206611362898891,0.0382401503312282,0.104345640378591,0.0335976864436574,0.16956046667681,0.151767931008376,0.0937273912754502,0.0886070133470868,0.134410230960318,0.18712354666867,0.183391844806773,0.0570010727584572,0.0171333948235874,0.176060373583274,0.146999523153493,0.15552669432405,0.178583174276473,0.138565535541616,0.186598441069102,0.120214104397182,0.0301512639649374,0.147674401503852,0.148296441071614,0.205152543982383,0.177427780141574,0.203527923290274,0.173768110989356,0.151352483204037,0.0271624459877485,0.057198541747593,0.297327892737076,0.0655055470419152,0.0175140404878335,0.0840547099101106,0.103175889888116,0.122597640744835,0.0745206785090224
"17",0.655413625862963,0.27793039116501,0.186790044771648,0.159815562238733,0.728351703929055,0.272564594783005,0.656669503881852,0.576694466922184,0.632091676557628,0.468945231749366,0.827507584712649,0.804250160544124,0.820634203549601,0.704800895469905,0.714537103024877,0.231917702350694,1,0.92843891841359,0.789262513902232,0.860974026861963,0.725519542407803,0.867350007477582,0.88648643444985,0.372851231587967,0.415678358745387,0.564853118809397,0.78147012700842,0.862317864390588,0.843279347621678,0.853084409097928,0.867581180480592,0.786858186982428,0.837506275280376,0.0949856392243122,0.712659950073345,0.101114868596573,0.562151772873811,0.589852806729245,0.0756705661466456,0.635312689429042,0.84305730630788,0.368644893220201,0.39648418740132,0.754356306213146,0.739705516914127,0.759075301511812,0.261049370917881,0.331087292273504,0.208616594103567,0.850884493047662,0.872326395083674,0.380112025172786,0.234226426651789,0.734319304992865,0.77098867292157,0.853665634793197,0.553111283367135,0.598773763136163,0.637505998053075,0.874856911438052,0.857211153155518,0.859141871797753,0.849789736329247,0.811670419495406,0.690746258813911,0.658051506830441,0.686066367361835,0.616283189890552,0.633732703739848,0.612408330599217,0.312498280011992,0.789191841212202,0.693820892345272,0.241308748995901,0.0555316657039451,0.503567664458541,0.464523192634835,0.504294482456004,0.453694829253429,0.203524680113606,0.60634035834664,0.73089305371682
"18",0.63632180607745,0.26277986653401,0.185706573098284,0.143134496619405,0.754457190760898,0.317179018436371,0.658537239008547,0.563330349758817,0.678585840377683,0.497009802158972,0.830103160759516,0.808977897576822,0.843630797496337,0.7179566111593,0.733643359653047,0.2001606141556,0.92843891841359,1,0.806701976310518,0.871410406600162,0.746220967075772,0.878643478163099,0.878075760574412,0.416579575996516,0.404676265783893,0.560644403040081,0.791118124925078,0.869019612190647,0.852670827212424,0.866347133932864,0.883473387493576,0.799394768778213,0.848183962599628,0.13780627088275,0.701016437111265,0.121721752267016,0.54252040447094,0.611053255894978,0.0736881336277849,0.639120665114446,0.825120491193062,0.36055560630711,0.372130941977993,0.755142254724534,0.739038149269841,0.756997786821846,0.257407600494457,0.327686611257642,0.20486876013775,0.86661328949069,0.860993104724296,0.362281976729189,0.253405880999839,0.729048841922698,0.788151404660755,0.863640077070819,0.575773115712005,0.597465418187548,0.690197041955365,0.889444957302351,0.865750751901135,0.890490028555776,0.874065095597755,0.814392272918243,0.710314511990214,0.682615901154222,0.73506147051248,0.606613288937285,0.67022933419538,0.593766532441605,0.357238924239998,0.79632830691264,0.699733039852257,0.241919477911215,0.0758530621558608,0.528553148311808,0.44204393331128,0.542827286062301,0.474301967382744,0.173776370208603,0.64519041282323,0.765966569348752
"19",0.519732149277038,0.325048766706434,0.147976999860155,0.0280194396018007,0.617863924727567,0.269819304372262,0.541452598436947,0.445640770497321,0.611206443543774,0.507794861534239,0.686917562640034,0.721205486374324,0.760654068058888,0.56677311238576,0.629501285328455,0.227988344965689,0.789262513902232,0.806701976310518,1,0.740410282162678,0.637644108310174,0.786448855965389,0.715593093830011,0.482699775592424,0.144336961047175,0.43670950237526,0.725694544320863,0.70326192089105,0.722660180968907,0.728786454382836,0.764265307422785,0.669005979793468,0.698189321395352,0.13377870421424,0.615244168573491,0.019543217180126,0.383100192366674,0.482700795329706,0.0622532297577898,0.613809232594075,0.666563587214188,0.253385387409922,0.174133707526766,0.635757973546115,0.659901654901794,0.60068718018954,0.22078631452115,0.281018969846972,0.13621967779628,0.7432175646656,0.736270535901931,0.114184703008558,0.133187792314148,0.676556661840433,0.734676981985554,0.749632293347172,0.47997176165537,0.46263522377955,0.574577825898408,0.691365520483625,0.702040207785921,0.714621450617455,0.766393764300926,0.647013850759304,0.547987111199166,0.544314494948148,0.619217328980477,0.426688278246895,0.5941880050114,0.466980469766832,0.287916606788443,0.693949192866773,0.602521203442115,0.255548666955127,0.050057696355094,0.472857502964969,0.376813473088513,0.405434286117339,0.329451252596349,0.21357833126331,0.602298620672103,0.601840651310983
"20",0.635115263831908,0.251690823936284,0.23407807830676,0.136368929979814,0.713990907902966,0.230137073936751,0.633902677654975,0.600972210584886,0.641711735262071,0.418444526256086,0.817596161635791,0.803686137188461,0.824941023377865,0.656985040976438,0.692079339058181,0.202394687325377,0.860974026861963,0.871410406600162,0.740410282162678,1,0.723041516974882,0.857899693256646,0.862974309818884,0.394343643406288,0.373724486403236,0.51519742244103,0.752590304873698,0.81708381997042,0.813085872419998,0.8092815359963,0.82240871781973,0.74997136735783,0.788390718836227,0.0446024896367984,0.714478548792819,0.104064939794222,0.571999271231097,0.552322141023249,0.0184831846774286,0.647187138338133,0.807991153214012,0.406098067148912,0.352332028079439,0.723569551560818,0.701785485153581,0.76109548764973,0.295408693603872,0.377920281853524,0.219880579312842,0.848139366887753,0.822311887268018,0.337653810220437,0.249168897368785,0.712369276460346,0.773148180037752,0.833001007569357,0.487364503639088,0.522179681180971,0.580272344608749,0.843734115074836,0.801672979489317,0.817271113041778,0.799088183140567,0.773370692330098,0.696457889556103,0.608243795894763,0.640335943828077,0.576632596561806,0.610718283906397,0.587006633780068,0.296971153692149,0.784028751675823,0.700843306570817,0.238322799277842,0.0524651413530822,0.431935256646605,0.418494636112889,0.46760536109412,0.381004073983046,0.167337101667524,0.597898794698274,0.713747468308964
"21",0.478481100345312,0.240678927058447,0.098484612448669,0.0531943080019245,0.554889478474224,0.248916914877201,0.478519012456543,0.420011759496313,0.500776109310943,0.407993691938402,0.631968216066915,0.648578493026836,0.669618792297064,0.526989499429404,0.590407022748729,0.165458492540493,0.725519542407803,0.746220967075772,0.637644108310174,0.723041516974882,1,0.668566183937464,0.666243803488874,0.350850735441716,0.357076378463019,0.458303798286191,0.646550858608651,0.651107788594297,0.681411399632519,0.675393154079386,0.686449775357173,0.652350748570318,0.700291514499683,0.167582201145622,0.539133289043808,0.0764567526797035,0.341535893773922,0.531150139257421,0.0874951472207132,0.560865146674315,0.624047677405321,0.19268181276942,0.270537484555506,0.557910208276592,0.54516250204377,0.615061269324307,0.229050456588556,0.347702737974953,0.173309053844171,0.745693901472482,0.643241380280782,0.339670847017,0.228849615063703,0.533462978633396,0.594599549819214,0.659957491947212,0.424869106988979,0.507770231171325,0.481100715162124,0.703399594486486,0.676875456702396,0.722418739825898,0.648601645570148,0.631308719415166,0.625270222307488,0.467206166422804,0.591061698906631,0.429513368756478,0.512395812672131,0.547715084947923,0.365516793586568,0.604558443094273,0.538401692120355,0.187924523109051,0.0950848645083635,0.398685998825225,0.285877023817971,0.369698695448119,0.33452842498797,0.126743400614688,0.493959364692686,0.53790052225865
"22",0.648613181119146,0.332588465240376,0.19529903037271,0.123641181540285,0.703539505571632,0.200380911266734,0.65170193782018,0.572899337491207,0.646934923142601,0.459858588693662,0.844145252421443,0.788038952231475,0.845255615389273,0.640196260820329,0.704198989657331,0.136503994952095,0.867350007477582,0.878643478163099,0.786448855965389,0.857899693256646,0.668566183937464,1,0.872470640976884,0.445089105484947,0.291520063007981,0.509987013215787,0.747560146770144,0.829114722157978,0.846042563797449,0.829783134800121,0.844482009282871,0.737964830533316,0.785866533364031,0.0767169552196431,0.751485898687579,0.123602617481959,0.569917418805737,0.49648033227259,0.00948083151998214,0.594961400928399,0.811305058952732,0.436058996230862,0.33564491611767,0.739763863504548,0.756917110357352,0.753834312298644,0.257326185291414,0.371071336778875,0.198332307473715,0.841124242568215,0.865324110043844,0.271254954993434,0.187219160226229,0.759571646191583,0.838596709048036,0.856569635736299,0.521419097721765,0.497952651975031,0.582191953739017,0.820667474204362,0.81852594188387,0.795261092687616,0.850557105314175,0.799956529864209,0.683044342425348,0.67416200848179,0.665111427949473,0.583773085146128,0.614451441840151,0.517040060230368,0.213579873278642,0.777592249998912,0.706907810408237,0.266185277547343,0.0656778179232463,0.421923553286746,0.474024687385318,0.518934247602789,0.373159683356023,0.17063284621268,0.604911285386179,0.700918286666769
"23",0.685024925053137,0.237528338950005,0.250488073192506,0.220771245383671,0.738985082959763,0.184845444722391,0.701082126355295,0.638650989167107,0.636065204122642,0.392650839261091,0.864256783793021,0.798381037400809,0.815635181023759,0.646059045520843,0.691117080326775,0.144995881357226,0.88648643444985,0.878075760574412,0.715593093830011,0.862974309818884,0.666243803488874,0.872470640976884,1,0.351690185916751,0.453537992298291,0.528077755598976,0.704738494029395,0.86288936497675,0.817801095938667,0.814731152795515,0.835688259648583,0.744112237670682,0.780171203408662,0.00891215423798902,0.743794701703992,0.188751562595174,0.67915874022663,0.51198566060788,0.0204944253514823,0.56369088395211,0.846377379223465,0.509603728320691,0.416721553064045,0.744278648221908,0.768104559537391,0.80284186208367,0.266880567141941,0.377489170263417,0.250157586337599,0.839294586284075,0.871689079921119,0.379609158960741,0.229543599520297,0.742356964937201,0.783321292300178,0.870873588194379,0.50484459054005,0.51915638028808,0.555614803912301,0.853320770154423,0.838288508815457,0.817503314196018,0.812000306595593,0.863250691407416,0.68142820224487,0.684790778522097,0.592728311394818,0.607747306081126,0.615680374232961,0.5715559549141,0.190968407843269,0.789225051588517,0.740215519481411,0.202103662200409,0.0196010609265565,0.396946936487848,0.518660390714787,0.527059271529634,0.413779556895479,0.176959655046347,0.537787961713129,0.734992390435054
"24",0.115958252874273,0.275264486675916,0.0486469388837501,0.183728358533118,0.331390641500078,0.183811899752791,0.232214491230063,0.21984596780148,0.309291109581263,0.317848620134352,0.445313599545003,0.41010271951743,0.485884539434646,0.293834979224946,0.325740781367649,0.0511475105061088,0.372851231587967,0.416579575996516,0.482699775592424,0.394343643406288,0.350850735441716,0.445089105484947,0.351690185916751,1,0.0313185380863021,0.125579657607887,0.434945149505968,0.327756177447455,0.458141349679726,0.402069808018062,0.379715981621364,0.386701061541551,0.412164017595563,0.278336554505871,0.401690101074224,0.126430581473655,0.0267837696722612,0.225525306401693,0.00546838509171596,0.294346094496583,0.23598917955162,0.0092206349604579,0.0600156185403588,0.408117574798872,0.385274615781518,0.206882479395373,0.175587398137597,0.324978324469874,0.0395376616066071,0.501959917126671,0.409925416884345,0.0561411655618493,0.122734069274455,0.371827974093953,0.411536607750193,0.421787920517565,0.338757978807882,0.250943921999015,0.267949903871119,0.273961754648829,0.409050912371457,0.402715505478296,0.425941035869762,0.279021755466177,0.334451953998383,0.314187119743883,0.407125668042169,0.169133241080187,0.276877856238314,0.314321810057537,0.000842469352446097,0.339812966314568,0.343615417669409,0.312031273194253,0.0660927815314614,0.0399016312802263,0.0231100230889102,0.158976024563747,0.0925956115629581,0.088164663958859,0.503311045742934,0.308951982924459
"25",0.351233416846354,0.0703184261077919,0.0608286894370057,0.295194371231338,0.350151404335137,0.19364392617001,0.360833036780998,0.353985230731857,0.167650650262074,0.0251289021977334,0.352251534752396,0.28851454448908,0.260745385313474,0.322576715179767,0.269815993819155,0.0441002329537863,0.415678358745387,0.404676265783893,0.144336961047175,0.373724486403236,0.357076378463019,0.291520063007981,0.453537992298291,0.0313185380863021,1,0.302378077337054,0.281841056663754,0.462577418896762,0.356108239281993,0.369968578396189,0.342289931535508,0.395247595892302,0.35365361667778,0.0670665442939539,0.261817667483765,0.196499601444558,0.432608271417528,0.327022856388847,0.0791098101643316,0.137781233855334,0.41811875118112,0.260867620935439,0.447930714962005,0.33387142563972,0.243555844331114,0.334555244980072,0.160797720973221,0.0639346162855096,0.166381403657336,0.350533122922937,0.373245081113581,0.48810665182863,0.351162791102906,0.247976792666043,0.130640360468778,0.322272404603846,0.258765656090141,0.440185161286217,0.360480131851102,0.489648541864024,0.389928336393135,0.443577910393524,0.298902717135123,0.447303234503571,0.331941894490993,0.354911323380154,0.247283079678336,0.370946051502748,0.151505815747635,0.353455226935698,0.221097175156633,0.280785464937488,0.260120408053211,0.00521880897068561,0.00708472541213563,0.129823080489851,0.190639447674078,0.290146648977252,0.334730788765159,0.0649133262057057,0.128589229477117,0.423961916337441
"26",0.428658661860395,0.093812822805714,0.176224260317711,0.152759566702462,0.381907301530643,0.185273117872155,0.441736960403478,0.361183819445715,0.384047839884227,0.262307918270948,0.468432746154954,0.468396948016248,0.431683267572806,0.412185098001577,0.382340882078638,0.25153064858262,0.564853118809397,0.560644403040081,0.43670950237526,0.51519742244103,0.458303798286191,0.509987013215787,0.528077755598976,0.125579657607887,0.302378077337054,1,0.41462590532567,0.513972268810148,0.423586510663804,0.472777507899837,0.535960445977526,0.496692746483011,0.467012272290273,0.0655141292268012,0.370100676127355,0.0500199458616413,0.320180812318048,0.38448199074305,0.00947540614717316,0.354970697251099,0.537698646270774,0.169426250144533,0.219301593819983,0.442237044152809,0.438445650044256,0.553331719792945,0.128457196567683,0.270203441697589,0.0709800021629199,0.509557695543922,0.48996908681807,0.325654217589606,0.132175856639077,0.395162361458943,0.442280637981303,0.524322632486055,0.278746911893184,0.2340811236985,0.430736897727926,0.518802176000347,0.525445578079695,0.53341467591432,0.495846702114881,0.507668155239463,0.409235652298134,0.422045022115474,0.429408005844999,0.329749887157862,0.458747605526989,0.39891418722046,0.266928707420523,0.477387179829403,0.402153983322076,0.07851600087733,0.0170167995148355,0.373293570510491,0.227123294846317,0.265100611190087,0.282782247655713,0.173225981885424,0.307294833264149,0.405904551044469
"27",0.5209129490086,0.291788911946271,0.0956400518940562,0.0629523642700176,0.593239289622131,0.262113536817854,0.517978725489657,0.472287329425416,0.514555196285502,0.438824797737369,0.687506926861398,0.68477073869113,0.69352690196241,0.603937894072385,0.619438791295325,0.211507479048991,0.78147012700842,0.791118124925078,0.725694544320863,0.752590304873698,0.646550858608651,0.747560146770144,0.704738494029395,0.434945149505968,0.281841056663754,0.41462590532567,1,0.701513366305645,0.722851898706224,0.710209853259743,0.72857435214431,0.665179089251364,0.698527688631293,0.133827540874421,0.577340920124006,0.0379482273860241,0.387630528410145,0.499385207636259,0.079703237614556,0.573266480891819,0.671381701597292,0.279091718843195,0.278407149529645,0.610422482019925,0.610212832834461,0.587786803502278,0.242209371360988,0.294489709844414,0.200448267453199,0.732817119008087,0.744005268017012,0.275745061897347,0.24144776999222,0.611840048216002,0.658948830998226,0.715007244112182,0.443529930426952,0.526837462495748,0.575680936070112,0.714529357965988,0.704929607090584,0.747992632137656,0.736803876184994,0.652236686403681,0.579623769638281,0.530309324624707,0.610504486756186,0.460263518745703,0.538584476865808,0.496755548013132,0.302292411639506,0.674855571433488,0.590949484322738,0.262075657357754,0.0795531787762454,0.42523145776468,0.327237558317334,0.401401876861654,0.349632369756436,0.168426746757787,0.593106673284831,0.629172859115008
