"","1","2","3","4","5","6","7","8","9","10","11","12","13","14","15","16","17","18","19","20","21","22","23","24","25","26","27","28","29","30","31","32","33","34","35","36","37","38","39","40","41","42","43","44","45","46","47","48","49","50","51","52","53","54","55","56","57","58","59","60","61","62","63","64","65","66","67","68","69","70","71","72","73","74","75","76","77","78","79","80","81","82"
"1",1,0.302240237387319,0.374478116676084,0.555810488463303,0.228716670090547,0.491128313130287,0.338643089090536,0.624006625392446,0.0798906454436191,0.58423846472731,0.743534062818708,0.61528942231308,0.0771903375047682,0.643403956375494,0.449450006174126,0.193255348595633,0.747429787903212,0.663199369973919,0.729278405056698,0.6686292572992,0.469350445954348,0.745286329478757,0.714253809784522,0.479054670937874,0.0544991709959599,0.25507136483238,0.690126356677287,0.665129397670271,0.675365431103752,0.709486772342708,0.678193496236111,0.693772471417856,0.725072568236848,0.66787076301323,0.549994371095173,0.0429763640538763,0.750471649975055,0.745444535484412,0.636804637161688,0.607690830763868,0.711827819571325,0.655200840392134,0.27963492934812,0.678372765969971,0.691179459430295,0.626169836012941,0.609819239059603,0.187836856595681,0.495256773075136,0.659529894054197,0.59105111381494,0.0632568370169593,0.150611492387925,0.566000587773133,0.345246013923288,0.712919033716012,0.63861210067989,0.702895962227412,0.499966492816146,0.641228453717527,0.770341556454033,0.543581119113421,0.658718203166252,0.610737417068485,0.659203176808821,0.637741333874449,0.668975444507634,0.543850087622958,0.40265194596107,0.362289646233087,0.529119934509315,0.343264245587955,0.609883275503769,0.117693961397432,0.653069246978557,0.471336231243671,0.60586235964523,0.508210437835564,0.507311374650705,0.590734964174667,0.632687488014944,0.480617139954842
"2",0.302240237387319,1,0.175218597768244,0.0710421909728423,0.00848106587594016,0.0123253457210972,0.0211193123937438,0.254797986511389,0.00471095575022328,0.256271754684147,0.324782227956647,0.259254474488687,0.18763763816556,0.180255067037061,0.143098276971965,0.059826667649227,0.252543679416293,0.142444506695023,0.212309562253202,0.284361744287608,0.0668079644780573,0.250048595571421,0.203264411265656,0.145130266727276,0.00740255031294141,0.0506350667238712,0.264260481424679,0.25200223873175,0.125067591836782,0.278033830651607,0.212063614465556,0.162634833345046,0.193022904829473,0.232575907421057,0.185457615783923,0.00269410813401428,0.38186905406171,0.310892367475025,0.254838436882034,0.17267092559378,0.26750748023072,0.373980437272429,0.158315616441114,0.165776942010889,0.251585899196373,0.175230104702684,0.313073687609136,0.0610731263070978,0.449695129782745,0.191464357217445,0.0502776080323638,0.0731906001283119,0.0269624524454294,0.186847999664278,0.0243701190831561,0.306843470461411,0.203574402291991,0.264135610958829,0.0925871086200862,0.184601636572111,0.283576576578518,0.147889195605119,0.175824230437736,0.224260576854493,0.262616054923793,0.193145791342774,0.316442756431665,0.150096854980972,0.124261788743548,0.138408711550343,0.0793763649722753,0.0704147784316526,0.224526356137742,0.166552322174387,0.219923047509991,0.276606438356893,0.430150611449737,0.219436106229013,0.308898133212105,0.291047625687485,0.258355751067123,0.0172446673538629
"3",0.374478116676084,0.175218597768244,1,0.335949253115922,0.160569265982726,0.254480267056899,0.215104839713992,0.312614723368249,0.139730450037695,0.439166819947872,0.459084837789661,0.402759356314227,0.204760650199139,0.354678329353023,0.345085935673829,0.228422414441186,0.504149060563531,0.479751805552649,0.424409963928437,0.472751587117506,0.390610345628822,0.423139029577054,0.44909902751766,0.358069522318023,0.0411793687476165,0.232712210526404,0.449167183967086,0.455328281957458,0.462019371934656,0.466849854180688,0.481884107048655,0.468804396606862,0.473806435517681,0.449840473083051,0.315758825341062,0.0560478337452622,0.412058191309886,0.435620676835874,0.350550152170558,0.400426073375794,0.44297446743146,0.364537202655836,0.0635973604679448,0.416846420241786,0.42011442691794,0.402135932488286,0.364978945961633,0.104780514907707,0.284444499469828,0.41296337512873,0.36027451361963,0.114073288199436,0.0501159363564687,0.36553778936133,0.351822569211578,0.44177156612262,0.432966757375711,0.483600174170128,0.375673923207329,0.477764813182195,0.44736799084374,0.372629513595675,0.482723988638196,0.350571530590132,0.462887896395156,0.356161790082249,0.404524948687177,0.405912113250008,0.283036020391885,0.300930215042011,0.331864386599829,0.308379733294041,0.411663774968598,0.0167668059997427,0.368282875875652,0.159876098994222,0.283172620911986,0.447159428197794,0.402772393909977,0.276806854506824,0.389597541234015,0.408815296859395
"4",0.555810488463303,0.0710421909728423,0.335949253115922,1,0.195563831311804,0.507861039680476,0.425456753249094,0.631081037017634,0.0512867125886527,0.608591191911982,0.649546397096309,0.530892982209777,0.205535680962607,0.522522978150521,0.413169938654332,0.313809895241398,0.677550943497064,0.639236348891559,0.611816001112026,0.569766127177986,0.477808828900034,0.670066692991325,0.621569956215225,0.316456440772803,0.106857941232177,0.234985094806182,0.655479912115348,0.53798213746086,0.629474804910942,0.59993756569471,0.660031609361412,0.678364901239514,0.666536488909762,0.623670024933421,0.609485766916105,0.0732774936471828,0.619786838966533,0.639993780317752,0.587985909962036,0.592810415550311,0.671228579503655,0.549079542486317,0.352385357237092,0.596678808122588,0.675406007739784,0.617614393900233,0.427931889137143,0.0184141455153441,0.32278159445171,0.551600559710799,0.536536694122152,0.0531377875714663,0.112450408089101,0.640034817978507,0.57884150768767,0.615937137949822,0.608393959089944,0.672973506929693,0.445237378370358,0.551258211966609,0.643540381907566,0.421700162877389,0.615313490977233,0.425345599073234,0.547981266198179,0.425206744274543,0.477661264898777,0.509956370603817,0.164117443999122,0.201728463737626,0.472820665737419,0.296779437333792,0.552720664522269,0.178611105276928,0.596208905176411,0.448498059601142,0.44563902613213,0.571191781003153,0.442766682832887,0.467916679892218,0.622714869489417,0.556896848270572
"5",0.228716670090547,0.00848106587594016,0.160569265982726,0.195563831311804,1,0.322999583141452,0.262342799977475,0.317529326453586,0.0610082915096377,0.300143995660301,0.294684710239267,0.36471800327676,0.178549793437185,0.29937573171255,0.300492953094261,0.0897028289622693,0.286358979174173,0.444366888894978,0.343141220249615,0.382899269214513,0.321812984453775,0.390948284785141,0.400426101167268,0.179909899999217,0.102053229187,0.21265884549171,0.297478805936124,0.31307159007216,0.397389994629362,0.309895902260216,0.405584180775443,0.362465358005143,0.366417849496053,0.259406190221341,0.278402695919315,0.00500618083283576,0.165828279636583,0.350913413074816,0.160121142461515,0.228389368093892,0.252030600071446,0.16102816121782,0.167013381909149,0.398681426319717,0.366998641106508,0.326678430569377,0.194680237656989,0.0231625781456435,0.156995008383245,0.453603630656437,0.469337800575912,0.0832146059084994,0.00697486099319927,0.312221171851215,0.219641833625725,0.275635780677837,0.243719474202516,0.273231935123419,0.414896225246108,0.328877250493046,0.3326148968902,0.453979375993103,0.401655575882712,0.313011722701314,0.27262591129231,0.28018006894858,0.331393299731335,0.298359727556255,0.142865283964631,0.234106075269272,0.223902973233799,0.105978640209294,0.247932491567317,0.212017453957435,0.203309219947934,0.272993878586146,0.116577072871075,0.214050585776868,0.285918105970483,0.202963286298322,0.367030222615763,0.333200105704694
"6",0.491128313130287,0.0123253457210972,0.254480267056899,0.507861039680476,0.322999583141452,1,0.418248237067958,0.575778110572902,0.18368199844879,0.502556485686478,0.607896183677807,0.601540342747059,0.239286389527785,0.533654510469954,0.459181064482144,0.280983290331192,0.583409689318003,0.661007246506867,0.574342082153787,0.619515016473783,0.543064713547104,0.646578783177808,0.65207270717405,0.433706941997441,0.0445009964546637,0.306191477238241,0.542430965915577,0.531391780429848,0.642839823503933,0.580355027346659,0.580983959500242,0.61855642458987,0.60500765991627,0.508156615810543,0.589742592088367,0.0017285945550318,0.473878755411741,0.59018700867821,0.448774238754851,0.471597094514321,0.545249197097549,0.429658515775449,0.209824621144186,0.612479790690321,0.578734621150736,0.521442885518282,0.394429303346918,0.107215873260497,0.313170067327161,0.618962347777433,0.607875181863678,0.265313120820015,0.18682695556399,0.498666857114651,0.423507184093377,0.621685133758554,0.587986475032085,0.581440268695868,0.618126706585846,0.598617335818161,0.599561606648163,0.59257343197878,0.588640739568797,0.522064599317453,0.571495808782336,0.484594567310422,0.525343301245667,0.50492430287774,0.293303260058181,0.367325333164478,0.471963991762325,0.236806551232811,0.538658807399555,0.144692264397746,0.492814147969313,0.246973805262551,0.369223601743564,0.491726839724713,0.41100927993565,0.388600820164938,0.436976590036556,0.550026833500031
"7",0.338643089090536,0.0211193123937438,0.215104839713992,0.425456753249094,0.262342799977475,0.418248237067958,1,0.518885809249558,0.211204535947079,0.400264524833553,0.536016506494653,0.531787870649026,0.167072265541763,0.44775694921678,0.334586843375315,0.326770545341549,0.543259028014472,0.610278264049344,0.453752728097629,0.456753497745466,0.52871206369532,0.457806750154975,0.493579775585815,0.169663688460697,0.110185922214848,0.3722541248342,0.426988542439208,0.468264867475062,0.55086122606701,0.475676285599386,0.582367402579017,0.535884441237821,0.563156425159729,0.404657389233423,0.508710120521863,0.156660459943213,0.340240222256904,0.465969781740489,0.389927040624605,0.477828473091117,0.441020784491189,0.295542301017489,0.173923047686113,0.461942325913057,0.511527166321998,0.492796933413873,0.319883307013106,0.114644065908322,0.185651398805593,0.499406339431704,0.468363991282087,0.17849491592352,0.0301464742496741,0.527841913918454,0.452413394850362,0.468333202529276,0.488418937872468,0.532064576486707,0.519673386665157,0.484293070133987,0.506506976602192,0.503250551493654,0.542984066920193,0.372976592335291,0.433204161793166,0.305203511955715,0.379639608450675,0.486291731464729,0.0822467741540666,0.289459185410689,0.402678299266709,0.274464244265758,0.484265980932627,0.0779980210917164,0.338405071221883,0.237424474106657,0.254190840749454,0.35903068968155,0.48276268596168,0.341792910868757,0.425828967872501,0.507334763680673
"8",0.624006625392446,0.254797986511389,0.312614723368249,0.631081037017634,0.317529326453586,0.575778110572902,0.518885809249558,1,0.133950607062848,0.552951861161965,0.789312762119257,0.735754905469916,0.135535254788028,0.638886470952789,0.467923141906497,0.347604724593172,0.733425018377323,0.718571632961308,0.607640804417692,0.689806285272575,0.556266108081422,0.704576977108978,0.668535504740641,0.321572952595511,0.012800583885013,0.304898777271723,0.699615787217382,0.578099931309838,0.658045523974887,0.695170517650673,0.712340529216173,0.708600332381179,0.714744588012485,0.628039491769622,0.674780618121396,0.0622089171614292,0.680578751394086,0.735937750490821,0.560926845042878,0.626057898468604,0.669593756101756,0.681570549180766,0.343867014651914,0.627803295908897,0.731712458590594,0.652370567234739,0.556603156231094,0.00623588435976874,0.507784449853173,0.639778389541255,0.580160484556081,0.195673332793554,0.123997451683534,0.669451144742438,0.453377159047407,0.752890046969716,0.703635714292862,0.753793489963893,0.592606202804183,0.644634266068443,0.756192432725233,0.556770922456725,0.641353467809376,0.599175773613202,0.682682731384225,0.48389802700888,0.659572429690542,0.600915014783293,0.170817081843924,0.362137614363257,0.512841080966907,0.280608771005228,0.663608453041087,0.135528602558902,0.565369705996777,0.452897262410048,0.625760487463867,0.556577830552001,0.638384623278803,0.5609487231668,0.611825016167039,0.520559889448044
"9",0.0798906454436191,0.00471095575022328,0.139730450037695,0.0512867125886527,0.0610082915096377,0.18368199844879,0.211204535947079,0.133950607062848,1,0.109504014897718,0.186811913191543,0.261878178568928,0.102667597415131,0.189321763990147,0.0909359211018166,0.079560459451655,0.214218720416417,0.268297859824427,0.159058168050944,0.243734610487556,0.280715746557193,0.160463910963862,0.188394292403443,0.0919384018258348,0.218165800768521,0.140820077720839,0.0690939073741907,0.258825446517242,0.215317665089778,0.252584341736687,0.220802148223508,0.187261811131353,0.220679697349977,0.122423916798359,0.0614559922587139,0.0346406512616281,0.0678384047634333,0.15223346351009,0.0980800977098032,0.143096477142926,0.178864036511502,0.0724265075945897,0.182261425274765,0.142801799102827,0.167305377266348,0.173423047490351,0.218075578225679,0.0841380908614921,0.0504949390080632,0.242097099293893,0.187881288305279,0.0643204324864609,0.0612222966953913,0.178910647260604,0.176858881791541,0.209398087080441,0.211595354802473,0.198714785662636,0.216574795187673,0.258794590982375,0.192234671471632,0.30274897797509,0.246757352655156,0.250970047076045,0.211022823002194,0.217897682145549,0.217712144720367,0.198598213637467,0.180055999996897,0.187911228532138,0.212682259448201,0.206579414296562,0.176395423407096,0.00360949428490423,0.024810988285261,0.0525251201142259,0.103404874895325,0.0556119801553732,0.118919276871927,0.0720403340510894,0.101554017477125,0.146850367455032
"10",0.58423846472731,0.256271754684147,0.439166819947872,0.608591191911982,0.300143995660301,0.502556485686478,0.400264524833553,0.552951861161965,0.109504014897718,1,0.678194387983767,0.551320409494726,0.15000329553856,0.562182666224485,0.457618191944998,0.214245409423477,0.69257695061407,0.69239899112245,0.689147300018081,0.66770798109689,0.480756380586419,0.720218492105266,0.704821791514682,0.427000378753509,0.0143619758088653,0.334107115648807,0.668963268614208,0.652012518033885,0.660183965338106,0.671183802276986,0.703617451505928,0.666070572365081,0.699742250403091,0.619790388974802,0.554636789628115,0.0156617781189235,0.638526516664048,0.660943594438214,0.604490994835546,0.58372761674328,0.674680272892639,0.507111284372594,0.305727243305175,0.647650116755435,0.679359104977851,0.608144827050358,0.553543543343281,0.0673259929631191,0.361458415680063,0.621297857621819,0.626440783178912,0.0374494021996769,0.121631223040349,0.540664469873617,0.426873338058315,0.628877424593542,0.640362659222669,0.655521229304595,0.527917399819645,0.602618600259214,0.686519413753552,0.536551526259399,0.687145628976935,0.537958711668719,0.597284487584808,0.554398734960539,0.57006197402928,0.516856996965533,0.325843444158124,0.302407983585782,0.454338011381623,0.313720346620271,0.552230683660598,0.151034764761005,0.627658408934642,0.450444890156531,0.455454894686294,0.594588071600972,0.487053641842191,0.484089020092591,0.658047730133173,0.571667952485417
"11",0.743534062818708,0.324782227956647,0.459084837789661,0.649546397096309,0.294684710239267,0.607896183677807,0.536016506494653,0.789312762119257,0.186811913191543,0.678194387983767,1,0.841083922335673,0.166843034111615,0.80421453877636,0.590434758381899,0.361627769594346,0.910889858919065,0.845284758242477,0.819296677516564,0.85638606457883,0.675832304237325,0.859947953996544,0.845469024540652,0.531012526016575,0.0641175246861286,0.339858538135879,0.833634545829043,0.782640145413714,0.816067157604846,0.868630520889462,0.858927420663725,0.864506594953699,0.867277055719979,0.74972898970948,0.738783159073365,0.0050303827957773,0.835649258323495,0.860844452440971,0.722418866043137,0.766452985291487,0.846152497030164,0.76853454776692,0.313249962959796,0.800820122558918,0.838768480981001,0.787857935713743,0.692946678979461,0.106348586997212,0.560846160946889,0.804532155052316,0.69865112985244,0.25536310857841,0.163377002510841,0.717423963871974,0.551170937359029,0.903888196031,0.830927515318599,0.913809108357441,0.691019845836925,0.817805247405936,0.917384103602877,0.68867705498436,0.760368534822402,0.721881742315008,0.831284826282325,0.678021683036014,0.801255373367142,0.736845455149106,0.407937282890491,0.459990950850757,0.65597794240357,0.453384984999641,0.789057050371882,0.152014074999957,0.731281831582949,0.464066007960961,0.69878977005635,0.65059887472908,0.697981717236594,0.688279965467491,0.72684136750487,0.645095009406838
"12",0.61528942231308,0.259254474488687,0.402759356314227,0.530892982209777,0.36471800327676,0.601540342747059,0.531787870649026,0.735754905469916,0.261878178568928,0.551320409494726,0.841083922335673,1,0.205080012714874,0.717072958046269,0.550216130378332,0.379759362335834,0.791989869565717,0.813837336535064,0.684150790241489,0.77406783247843,0.694739913860988,0.762531269964051,0.744912578179068,0.446786865007026,0.167791593925533,0.403934453225136,0.684375865858509,0.729767601131228,0.758839121213334,0.792651709242143,0.79146113457274,0.763670772425071,0.79608645591364,0.59714781154537,0.665809906886905,0.0167920477309752,0.647167347640369,0.77082053317398,0.543875721795169,0.660559275758486,0.696272002108926,0.641958822438745,0.211913109522291,0.686303713043685,0.743747002988072,0.683364429238879,0.586817825882331,0.0765667066896331,0.466197061364663,0.782814008486555,0.65636673735676,0.323654117965559,0.115435040174024,0.668415539824637,0.512853950725945,0.814258250818668,0.75213381159395,0.793813747859247,0.713934693264327,0.789836520626333,0.81268327282932,0.715766682655694,0.710278219704408,0.665773242954121,0.764762435726306,0.546390401028184,0.746258092732927,0.675823306926074,0.348217193736314,0.493358307957331,0.584878820563207,0.420708013160388,0.710766189782601,0.102820098500312,0.564083562057775,0.352105058458987,0.619587416277725,0.538439796494128,0.69706007449903,0.599925786367648,0.610786268013647,0.574377652552058
"13",0.0771903375047682,0.18763763816556,0.204760650199139,0.205535680962607,0.178549793437185,0.239286389527785,0.167072265541763,0.135535254788028,0.102667597415131,0.15000329553856,0.166843034111615,0.205080012714874,1,0.15373228000671,0.227227022381208,0.235113984154978,0.190527789185464,0.306152850637036,0.158129698434474,0.195513411739205,0.275582477822718,0.184205037570269,0.25558262802418,0.13112263533668,0.0265357063475646,0.182055153129841,0.202133097527958,0.197979158552704,0.287617972809726,0.189625544095557,0.248382005684792,0.213567910501894,0.215317852057833,0.178835592011424,0.25911100580336,0.0116243336869707,0.0542159299488965,0.120151083810102,0.0991967442817745,0.149749111045091,0.137664015541178,0.0172236677368817,0.0628315222690071,0.234707668612997,0.177579266296536,0.179070543228321,0.0403935004218098,0.0371521385736338,0.13798209120619,0.191437897817302,0.267048440563641,0.166379371407426,0.0392969952075188,0.227187166631997,0.259629918627898,0.177459191192835,0.218390916145534,0.20449586095962,0.287253395810423,0.253668645322482,0.161983718201421,0.269609126298929,0.210519204473951,0.174930235181375,0.180209719132766,0.0994093463866442,0.122306907560098,0.219990476305847,0.0997877726635824,0.179770659897125,0.188909027462448,0.0916550480513391,0.165083724427237,0.0943782036909848,0.154413944456689,0.0126968749632853,0.109530610710357,0.24279959028111,0.0963477385842444,0.0411146380635365,0.091378150760578,0.366089321646782
"14",0.643403956375494,0.180255067037061,0.354678329353023,0.522522978150521,0.29937573171255,0.533654510469954,0.44775694921678,0.638886470952789,0.189321763990147,0.562182666224485,0.80421453877636,0.717072958046269,0.15373228000671,1,0.522119394723188,0.323501466700216,0.792200643480817,0.753458882082638,0.725914983985469,0.71638553520835,0.600841774276292,0.762189046790627,0.752639473471347,0.474753506665128,0.0379209045836744,0.277821230320298,0.712087189604531,0.684967577105305,0.727384992265457,0.735210880790563,0.721891965068953,0.774463628549928,0.766140524368697,0.601001964075106,0.609746638898882,0.0863242874552373,0.700780824735925,0.738477845136005,0.592005086341091,0.679693758351355,0.720572331438423,0.626751917252265,0.263933636265734,0.721341959630877,0.700871334176484,0.683700330218833,0.562829364452195,0.174883583565482,0.43249542688953,0.730140299799745,0.666458359356253,0.263799031753597,0.164807179776599,0.584087610713762,0.446526372974673,0.772822697362185,0.68902869613078,0.785124590971071,0.644604570107105,0.731561594851634,0.797016334456874,0.621676838882438,0.680228958199296,0.635140447957194,0.698309658714609,0.662376028275813,0.679707723263392,0.663921604108468,0.403939318577266,0.412740739571375,0.629447786844512,0.40599718303009,0.676244918862338,0.202589447521429,0.626225537493156,0.369296170491684,0.558995545171756,0.522217118216892,0.542887085293993,0.572724895315692,0.60956309038519,0.592022951645569
"15",0.449450006174126,0.143098276971965,0.345085935673829,0.413169938654332,0.300492953094261,0.459181064482144,0.334586843375315,0.467923141906497,0.0909359211018166,0.457618191944998,0.590434758381899,0.550216130378332,0.227227022381208,0.522119394723188,1,0.182034776530153,0.570817923467521,0.588281417265485,0.530011815404414,0.570652643554838,0.47682066375413,0.584187391431235,0.57168845577427,0.383863335053385,0.0182576312350594,0.22832022713184,0.512584020291782,0.539785609431497,0.557853938902149,0.583999828683393,0.583249523886066,0.547265170521328,0.596276053694853,0.452142374451033,0.43991713388299,0.0423037349547695,0.498828843566087,0.558515395874381,0.39427463446161,0.468068948263773,0.5269729133658,0.473823041322565,0.149582161259554,0.542508800069596,0.543490292334104,0.504589543668865,0.40953823281473,0.155904762214058,0.318157289165935,0.58008051470666,0.564984502872595,0.0780403503349124,0.189598996462396,0.463722456996654,0.35095433773396,0.559090899063483,0.524265732181143,0.569886227282184,0.520561429820909,0.58328945886349,0.604135073180793,0.501474987882481,0.543954813447024,0.479699877663948,0.570004974894115,0.453469952783436,0.568653898779568,0.484011015193532,0.306084174388405,0.331492169917567,0.431885906617187,0.266299473956842,0.475724861512049,0.0625397590895152,0.478070934065257,0.30939277229851,0.381844107486843,0.425280190066953,0.406834675864561,0.381864744800602,0.495007750378881,0.499911755481771
"16",0.193255348595633,0.059826667649227,0.228422414441186,0.313809895241398,0.0897028289622693,0.280983290331192,0.326770545341549,0.347604724593172,0.079560459451655,0.214245409423477,0.361627769594346,0.379759362335834,0.235113984154978,0.323501466700216,0.182034776530153,1,0.409127463072482,0.384990750074023,0.232386655085015,0.266967776574154,0.400490131530694,0.225247729459584,0.29638574181775,0.109087372083796,0.0294344153477539,0.21317500479312,0.314082946360934,0.208701881480699,0.32634693938874,0.289349417370855,0.322615689220986,0.359030702441531,0.326960345458694,0.279514254222856,0.44876340934278,0.135650715642581,0.255156962106389,0.276965825925074,0.295235913865401,0.417729752308761,0.274580697080874,0.181678763678578,0.0137978728681267,0.273857792199858,0.272788960895469,0.324193229466097,0.189619024195862,0.153642541389202,0.0293932751934427,0.2420452336107,0.195655310354089,0.403002289502684,0.00262815216020764,0.396115088070869,0.442531021035325,0.394796541465131,0.409749604447761,0.444733824912563,0.383746122889084,0.332666778350783,0.312298489806971,0.218636536276105,0.272060665069773,0.173804617347949,0.253015934402909,0.0992393340003168,0.153233819603428,0.369341000033021,0.0209202960666037,0.172234924802442,0.385801478670916,0.211222632146481,0.412662603147048,0.108334898110789,0.219420834017262,0.0334614238138202,0.126755294308266,0.360105988192175,0.332786529126202,0.261411711634245,0.0908187227520087,0.402338091730804
"17",0.747429787903212,0.252543679416293,0.504149060563531,0.677550943497064,0.286358979174173,0.583409689318003,0.543259028014472,0.733425018377323,0.214218720416417,0.69257695061407,0.910889858919065,0.791989869565717,0.190527789185464,0.792200643480817,0.570817923467521,0.409127463072482,1,0.875005433415271,0.854924002203118,0.810556827729107,0.695077492602954,0.852755091227349,0.857483680318192,0.558087363943147,0.109295531941491,0.394911701663395,0.805419737057781,0.817899820285994,0.846881691056404,0.86886806605751,0.885069922231219,0.893004496687759,0.890908821456051,0.802897866216844,0.721908493537542,0.00128442475878358,0.835094391662175,0.845541194694838,0.779346728838782,0.826411589801843,0.865042454015192,0.703710067168622,0.277208301755298,0.813628220656311,0.82527915010874,0.812188881798899,0.677932568339361,0.0821132674955667,0.486477546592498,0.811222949379171,0.711272241088034,0.182338795875382,0.187695160576019,0.739349399282408,0.584242155110151,0.882092000916836,0.880353019064443,0.935528326161652,0.705957230738643,0.850558306976157,0.916296871837153,0.700128253302376,0.813797094852169,0.724480164139336,0.815226706497775,0.685108993259802,0.756038335151154,0.78216624877919,0.456002452326224,0.477320752391079,0.735763461529988,0.54864171201682,0.766791277942433,0.183845516033708,0.734824111640177,0.417920928127833,0.606035521977504,0.689217002215982,0.70849713398354,0.689226967651495,0.737566836237372,0.712350346593936
"18",0.663199369973919,0.142444506695023,0.479751805552649,0.639236348891559,0.444366888894978,0.661007246506867,0.610278264049344,0.718571632961308,0.268297859824427,0.69239899112245,0.845284758242477,0.813837336535064,0.306152850637036,0.753458882082638,0.588281417265485,0.384990750074023,0.875005433415271,1,0.808767856873179,0.830213581521583,0.761089988660413,0.843711373734156,0.867123343732378,0.504798274327662,0.151060216141188,0.434858930611498,0.741407015423953,0.827414856589525,0.869957138583482,0.83984118731255,0.891499104425142,0.861213768599724,0.900266512490965,0.717888283181297,0.708304372827412,0.00257798309999407,0.682473382956026,0.800584741241604,0.654826112435842,0.738204044371938,0.772378353055402,0.551060327930915,0.229394074917585,0.811668789012735,0.806097328446967,0.772222070642337,0.577100880740879,0.068254680263995,0.359357733039756,0.866006024261188,0.805915689638538,0.207785719858678,0.147540583116581,0.759787017698383,0.622574577528806,0.810721906183842,0.794396860543653,0.841671135842689,0.785329244040644,0.841876191266105,0.869039550692378,0.797052116190998,0.840854878353746,0.71665204927902,0.776156899654186,0.663667229465345,0.73524349776012,0.724385898227245,0.406266452081441,0.469829112429798,0.680917992221023,0.475811182099851,0.726901780840485,0.215097099453645,0.661130271778807,0.416484886716624,0.481143543414808,0.673393362722494,0.679105297632749,0.578211927571033,0.686222688955513,0.74618687700997
"19",0.729278405056698,0.212309562253202,0.424409963928437,0.611816001112026,0.343141220249615,0.574342082153787,0.453752728097629,0.607640804417692,0.159058168050944,0.689147300018081,0.819296677516564,0.684150790241489,0.158129698434474,0.725914983985469,0.530011815404414,0.232386655085015,0.854924002203118,0.808767856873179,1,0.807412993234284,0.579465198714631,0.848681880718899,0.861129458930958,0.573639448443791,0.0686007652601723,0.322236020837708,0.754186199026868,0.786462044034864,0.813525732859281,0.808032176661935,0.817163018286628,0.82164169156178,0.831126917322031,0.709418183043892,0.660133227602155,0.0817094791854879,0.772351735601813,0.779301516549884,0.691722948156011,0.688647348577647,0.828355664054732,0.609193533007314,0.293991376463619,0.810299537017109,0.797041684649729,0.76312908542651,0.624622167501772,0.191079005384392,0.422412565192312,0.804295201840063,0.751420733850594,0.0974622438294603,0.139495707619059,0.659653473673919,0.513363065437208,0.779864631566525,0.749441644309192,0.807822210187811,0.669332155422911,0.770282134620992,0.859639645077897,0.683270905192805,0.772630976360597,0.693878421868538,0.74178405278567,0.756288202060311,0.750136869124026,0.670685938216941,0.532333053061315,0.449079358743928,0.639575528498456,0.439566441782173,0.688418461962334,0.189710794783935,0.731425804204113,0.458955237832847,0.566226709874105,0.617052306878166,0.566719894679393,0.60892320280198,0.743896277707202,0.628201441144595
"20",0.6686292572992,0.284361744287608,0.472751587117506,0.569766127177986,0.382899269214513,0.619515016473783,0.456753497745466,0.689806285272575,0.243734610487556,0.66770798109689,0.85638606457883,0.77406783247843,0.195513411739205,0.71638553520835,0.570652643554838,0.266967776574154,0.810556827729107,0.830213581521583,0.807412993234284,1,0.641831931412219,0.835713570524154,0.824133358693825,0.575474953066722,0.116293586149905,0.360084207138324,0.762352815670948,0.796660927570167,0.79365820031861,0.857593091456663,0.814244862858554,0.794738751464413,0.822255778079436,0.668865881114567,0.623716752677654,0.0260475828485841,0.730220881185523,0.809405401452119,0.644929496609616,0.660717684075827,0.801919911131602,0.674288430927806,0.249866512643813,0.755696743263602,0.780539539722642,0.711485379667918,0.681829903301348,0.198947338058068,0.530164751501064,0.820941564743812,0.743473807670258,0.177147504847191,0.141968666152215,0.653378706591281,0.523744830672425,0.814762619935105,0.759501507393167,0.804310007890788,0.690939324477994,0.806044026864368,0.847090421393066,0.744301098989294,0.74247997726199,0.712647364465035,0.792236986382331,0.683899193725066,0.810687271904177,0.664387220488485,0.50315869561822,0.492169611278127,0.599489768407954,0.394138627743944,0.689938943932262,0.0704099894934787,0.658297619430814,0.402188822259653,0.611843848719847,0.634475221744751,0.589948003178194,0.557779490576959,0.686071393811607,0.623643986309509
"21",0.469350445954348,0.0668079644780573,0.390610345628822,0.477808828900034,0.321812984453775,0.543064713547104,0.52871206369532,0.556266108081422,0.280715746557193,0.480756380586419,0.675832304237325,0.694739913860988,0.275582477822718,0.600841774276292,0.47682066375413,0.400490131530694,0.695077492602954,0.761089988660413,0.579465198714631,0.641831931412219,1,0.628798834040726,0.641696590704992,0.408752215814965,0.22150494026865,0.438853022357382,0.553508540589346,0.670893219283588,0.675423827687112,0.697503431570771,0.672102591904791,0.681034931397062,0.718172792584346,0.514740839663931,0.534234467357238,0.0178632260881695,0.482226698733647,0.62988201880567,0.492738993217214,0.623741413104069,0.600863673096917,0.453234754467099,0.0516682769261926,0.616165850278587,0.595082086305602,0.613603536392881,0.446196380960777,0.0415522495941893,0.30042476716763,0.698394414440639,0.599527473530333,0.262912339991038,0.128418353900162,0.605857161750463,0.530333742303704,0.676705701519396,0.652577267965153,0.68712106869368,0.661627653171514,0.71050215080898,0.670756317938239,0.646824279526518,0.684872151898642,0.600677867646341,0.625058600272271,0.462140938683335,0.607697701946958,0.583232658022941,0.265249917139668,0.429343281254556,0.60309108645463,0.428569839664464,0.609275651102138,0.078520681982072,0.454984300777484,0.18796412766207,0.394582667641782,0.477098301744651,0.538143697856237,0.466938777082984,0.493209774187218,0.581810570663326
"22",0.745286329478757,0.250048595571421,0.423139029577054,0.670066692991325,0.390948284785141,0.646578783177808,0.457806750154975,0.704576977108978,0.160463910963862,0.720218492105266,0.859947953996544,0.762531269964051,0.184205037570269,0.762189046790627,0.584187391431235,0.225247729459584,0.852755091227349,0.843711373734156,0.848681880718899,0.835713570524154,0.628798834040726,1,0.874240468998456,0.565229509408328,0.0520316170096494,0.343256861981269,0.796195313087577,0.799876600430773,0.843295473294686,0.842170666622598,0.85832655148677,0.840481697667832,0.886048338479405,0.710913859830941,0.681093524477375,0.0495131280615946,0.798464913577074,0.850503072888395,0.66682051513659,0.700669448678168,0.832059081810548,0.690642477795577,0.334450521225516,0.812316808547149,0.836324400399901,0.758858155565452,0.662919582341595,0.161484240092849,0.479640611690064,0.855167618596243,0.79421922243179,0.12671161407142,0.218094134131471,0.692247717962427,0.504677233162173,0.823243481659053,0.777093561713281,0.823040762634877,0.700489479756258,0.787526420097769,0.885680886797021,0.726066980603749,0.807082943304174,0.701469541059028,0.796037431762008,0.724199736943164,0.785079619812607,0.696500905915527,0.49820816596015,0.442320171685967,0.623803321519408,0.377456903980097,0.712559649003866,0.166329407783197,0.739933070210624,0.506127003330203,0.605922255222619,0.639313836535941,0.601645352290912,0.644280617481608,0.790448816930239,0.632466184984132
"23",0.714253809784522,0.203264411265656,0.44909902751766,0.621569956215225,0.400426101167268,0.65207270717405,0.493579775585815,0.668535504740641,0.188394292403443,0.704821791514682,0.845469024540652,0.744912578179068,0.25558262802418,0.752639473471347,0.57168845577427,0.29638574181775,0.857483680318192,0.867123343732378,0.861129458930958,0.824133358693825,0.641696590704992,0.874240468998456,1,0.585730947813884,0.0366255948517169,0.353860317289814,0.760573892615482,0.801518686925312,0.85849071523229,0.829286624981454,0.854088690008096,0.870876799230495,0.859905277315623,0.732141524901024,0.692396137378734,0.0681737682996294,0.782356045886808,0.800948587957341,0.680718057530299,0.686975269546527,0.796080378440072,0.59093595744458,0.308709163355995,0.831341061328421,0.787969682468467,0.781653615199356,0.61536409771841,0.144525162942447,0.400696855786121,0.827799878507929,0.811105390314215,0.148501209817331,0.205313145625235,0.680429055002337,0.506081076692713,0.813396830346179,0.785438722171288,0.812424364621072,0.752157088271531,0.810742943651017,0.86544078251387,0.749809396303778,0.790707330686844,0.723696471439095,0.787622983619786,0.742347164729393,0.749714148662086,0.695408420384952,0.516886507301907,0.473039625535624,0.6655652293917,0.405810348184382,0.703738398931332,0.248568368510374,0.732592698147591,0.454782151479489,0.525527797162936,0.680971137414106,0.632513733649935,0.607905446228636,0.735719904322723,0.705261001379589
"24",0.479054670937874,0.145130266727276,0.358069522318023,0.316456440772803,0.179909899999217,0.433706941997441,0.169663688460697,0.321572952595511,0.0919384018258348,0.427000378753509,0.531012526016575,0.446786865007026,0.13112263533668,0.474753506665128,0.383863335053385,0.109087372083796,0.558087363943147,0.504798274327662,0.573639448443791,0.575474953066722,0.408752215814965,0.565229509408328,0.585730947813884,1,0.0289478632087434,0.144346032418931,0.421989015988745,0.540781650735724,0.521621089537113,0.564047618645766,0.478400592562656,0.612184592093001,0.522231204679172,0.54115306836652,0.279252130378618,0.226926024404628,0.555628702365925,0.51952000028949,0.471071539386432,0.432228778482962,0.524412563887734,0.515205211150174,0.107941242810453,0.518999700952002,0.378724276378403,0.466197313495985,0.447303131122572,0.239682827533316,0.434304445899233,0.542982212381082,0.491843422214539,0.173940057063306,0.403167781943775,0.27220825032985,0.163754437161863,0.569072434868525,0.566963103597402,0.533798148342676,0.476217724805385,0.57418087966058,0.588422862029499,0.564382763250436,0.479234833877909,0.559359256332228,0.608658971862577,0.588422169600114,0.596397058276033,0.464595942842718,0.56277303154936,0.458098146873946,0.44679806814379,0.409428897189431,0.388791735460602,0.10477892896974,0.495418883247004,0.180323978527514,0.361070622540022,0.464262735977669,0.24797756323796,0.375332300594048,0.424888493172844,0.466215501435046
"25",0.0544991709959599,0.00740255031294141,0.0411793687476165,0.106857941232177,0.102053229187,0.0445009964546637,0.110185922214848,0.012800583885013,0.218165800768521,0.0143619758088653,0.0641175246861286,0.167791593925533,0.0265357063475646,0.0379209045836744,0.0182576312350594,0.0294344153477539,0.109295531941491,0.151060216141188,0.0686007652601723,0.116293586149905,0.22150494026865,0.0520316170096494,0.0366255948517169,0.0289478632087434,1,0.343808219833554,0.0649646687838017,0.246368587226959,0.113756295387432,0.227043171230817,0.124518001208131,0.01538951096904,0.161278342785122,0.00811374342264766,0.0911236806786297,0.0384646849290271,0.111553321120986,0.104281896325867,0.0762188301217484,0.070879650466922,0.0651277140151512,0.054898793710742,0.25066879335329,0.0516432117944163,0.0929287898317036,0.00384843285837812,0.13751740500573,0.0235149018202777,0.048865270678891,0.211303134359068,0.142429809251576,0.205706745184459,0.015265174950908,0.0737406849433598,0.0181087361870733,0.00317574997768044,0.103112787178457,0.0642380139061115,0.138721642562204,0.157746280562389,0.0994986291918929,0.266296543468049,0.194955547971741,0.162153502711991,0.0716278159061676,0.0194354766904419,0.141282103225008,0.0371447777672735,0.153808291566231,0.201305190262728,0.102910876991873,0.1356397958558,0.0344752069410731,0.0660440768005265,0.0604684700672125,0.135065592535835,0.0545617932250023,0.0966952041959574,0.170693175293583,0.0784463796903041,0.0835326004929599,0.0110115694782101
"26",0.25507136483238,0.0506350667238712,0.232712210526404,0.234985094806182,0.21265884549171,0.306191477238241,0.3722541248342,0.304898777271723,0.140820077720839,0.334107115648807,0.339858538135879,0.403934453225136,0.182055153129841,0.277821230320298,0.22832022713184,0.21317500479312,0.394911701663395,0.434858930611498,0.322236020837708,0.360084207138324,0.438853022357382,0.343256861981269,0.353860317289814,0.144346032418931,0.343808219833554,1,0.294358661439286,0.37311846402258,0.395022658647503,0.395541946867147,0.417427558278835,0.335010944721184,0.412607637385232,0.322695195393333,0.280940738536489,0.0352065778119903,0.20200806817853,0.361822748397617,0.312431661695351,0.351990634092593,0.304895281622316,0.204535971773079,0.0658360675579787,0.324296423510678,0.346259506123894,0.364973909573029,0.197273996062959,0.0128613252613244,0.125409656988846,0.384392219094987,0.379788155322187,0.0269388696140222,0.0163282191084151,0.354024901336068,0.248422867338349,0.317753169398471,0.380511484743968,0.325453604716237,0.39142376818756,0.378196175839277,0.32663102235099,0.392900872715388,0.424942765445103,0.35335233697878,0.304725898119484,0.204919461083041,0.31092231601601,0.266102538406436,0.116664579379818,0.235447749227167,0.304448399604063,0.243257641290425,0.266274854180116,0.0269809930307138,0.235358087447188,0.0323099610968013,0.178808512634505,0.261236521500086,0.388874220942195,0.30952060142853,0.328736360096249,0.300720391832507
"27",0.690126356677287,0.264260481424679,0.449167183967086,0.655479912115348,0.297478805936124,0.542430965915577,0.426988542439208,0.699615787217382,0.0690939073741907,0.668963268614208,0.833634545829043,0.684375865858509,0.202133097527958,0.712087189604531,0.512584020291782,0.314082946360934,0.805419737057781,0.741407015423953,0.754186199026868,0.762352815670948,0.553508540589346,0.796195313087577,0.760573892615482,0.421989015988745,0.0649646687838017,0.294358661439286,1,0.66591559838217,0.733734967934691,0.729763446509074,0.768642979873394,0.764751367003769,0.761046154821508,0.696675673229254,0.721648800566227,0.0625263549434464,0.776454443166657,0.757849060656544,0.661172631554083,0.713047971005023,0.784829893219058,0.695145874648944,0.361563243839576,0.744770975797525,0.786850862028264,0.700695594197858,0.612414328052086,0.109319396199145,0.441552075612497,0.681916404852604,0.612909002469457,0.188214505642384,0.06140293394909,0.660331127620758,0.555613340620021,0.804964309743021,0.705323514231977,0.808827744332803,0.583125444163222,0.694536375427277,0.810977384542139,0.511473790001671,0.677043188922582,0.568718810165287,0.701333682222524,0.586042413639774,0.667020508350096,0.644042442318375,0.296203799335563,0.340171697072077,0.549560225967953,0.306106085979915,0.730948276350481,0.103883880004067,0.69189781716157,0.477298855296836,0.606962310801632,0.637857270867013,0.598937490339822,0.61014433741042,0.663532169691931,0.597573126326746
