"","1","2","3","4","5","6","7","8","9","10","11","12","13","14","15","16","17","18","19","20","21","22","23","24","25","26","27","28","29","30","31","32","33","34","35","36","37","38","39","40","41","42","43","44","45","46","47","48","49","50","51","52","53","54","55","56","57","58","59","60","61","62","63","64","65","66","67","68","69","70","71","72","73","74","75","76","77","78","79","80","81","82"
"1",1,0.300657524395381,0.487342036434014,0.28152498743547,0.491521226302292,0.193857325703683,0.352890633205654,0.0685726799112652,0.132235000696094,0.050942279002461,0.425686683913401,0.21500852280182,0.299202160627003,0.0255458217743389,0.249417517006776,0.27912853524099,0.392545361828125,0.395204544329483,0.347904461387451,0.435444422994611,0.428818440002875,0.190400575269049,0.463358846953083,0.271301408786722,0.464185084741499,0.469486520480243,0.45174451466473,0.37797201031344,0.335036353280124,0.256458412421625,0.372201972263742,0.248040594635777,0.374311319655337,0.53365095567032,0.505590503414608,0.206591595526919,0.510808782843386,0.499455036732859,0.4449010032095,0.299845601535444,0.465411145714507,0.0161686379616457,0.290069317526657,0.471635349280586,0.223237362029681,0.16484434390784,0.455846626272075,0.11474956439262,0.444579021977835,0.395720446143222,0.0545514519399532,0.0186771644285731,0.440293321228438,0.43625921663087,0.0781440467471708,0.51731306042921,0.469990600399117,0.367500610693516,0.461553012976202,0.373912896158038,0.480084831852714,0.360861892991888,0.0203362952425616,0.147313808283605,0.421277294054017,0.252052619848834,0.353542526442942,0.400429371096352,0.214225502308228,0.472490997004524,0.204821740818596,0.0990785025553438,0.411712756988928,0.12450934375781,0.43850674346517,0.165291071201304,0.103672198878824,0.288334642033237,0.423454887122511,0.340151776134133,0.00614921017926763,0.0126007099034218
"2",0.300657524395381,1,0.416310848417622,0.211762792458115,0.385151537596922,0.191100941222607,0.33201693725036,0.0392722724815272,0.118579167491414,0.00922472945105486,0.33302007626522,0.181525086930434,0.161948251070218,0.0376744022771106,0.154248730919337,0.241184898903748,0.262079573856253,0.248593784758836,0.214848949805483,0.303567066682324,0.321252978222975,0.0893265705756973,0.326162308440153,0.129817519911105,0.359241613164879,0.373675003974131,0.340918601162499,0.266351471650742,0.277884233150533,0.159252364147153,0.268601551425824,0.0886186814143165,0.317610875072456,0.403734665740796,0.381997953140683,0.180788248612819,0.403770241495687,0.360174020637304,0.306114776103566,0.153867292410157,0.401619755585048,0.0504994829546786,0.312916957640622,0.32746839190399,0.164725615899337,0.0704507230413822,0.364315823749564,0.109497344733785,0.465656337382004,0.297789626803284,0.0278985034993689,0.131212150819945,0.313547842455595,0.38192744887286,0.046846565055425,0.342429885677601,0.315846256666796,0.241072353230386,0.347899128523358,0.287116900260337,0.293074905934091,0.269104334535423,0.00398248531929305,0.0448446687029735,0.309644096084919,0.224590106438072,0.24629303079656,0.242872184304474,0.252591704538018,0.325957724685545,0.155410565333182,0.0423082069708669,0.274585120506948,0.110114017501406,0.336968609283134,0.126298101293173,0.035751380651031,0.236698164682911,0.358960485500726,0.326068160638496,0.0877089994787806,0.0067589188047095
"3",0.487342036434014,0.416310848417622,1,0.421939736728711,0.68222989042902,0.385978055576274,0.478012664974528,0.00728548530996234,0.195652872939357,0.00485076734556481,0.659107396095176,0.263137188954519,0.478514786535912,0.186664677928207,0.466674869480779,0.333713755270898,0.67359155216938,0.626319094635647,0.547525621874707,0.730535862904798,0.690618087605204,0.427802000959174,0.711521625924634,0.473162466331069,0.696375703920818,0.712454195897884,0.682515819563952,0.686117956455189,0.622240758723026,0.522175525163217,0.655219763798606,0.457387809503765,0.652933205398455,0.716331595453399,0.655013215596128,0.304179645010173,0.708971001529233,0.674802409639227,0.569288995836588,0.465219926706578,0.648845837598298,0.0401804793704694,0.475973025654386,0.715238618055702,0.371239271998664,0.210511155652727,0.661689707959685,0.284275331179602,0.697830426230825,0.666359329931693,0.245700951812212,0.00304194759696186,0.60262692564721,0.729400740628816,0.10762023271353,0.699060627293518,0.713273516760871,0.643185747119948,0.744672351280623,0.700224948497127,0.682113339344795,0.65922905290935,0.298074279506523,0.22462405659106,0.69074762567913,0.442076501365777,0.603961486642723,0.531216942647952,0.223832327843451,0.681425476393568,0.12215790221425,0.226625670722304,0.5704787700117,0.138073828292352,0.682541129687567,0.273274232620239,0.0531890901076146,0.473385417148641,0.65448375798675,0.542177686578754,0.0150346772967882,0.188278317321531
"4",0.28152498743547,0.211762792458115,0.421939736728711,1,0.390099060996936,0.233897934348221,0.30254366983374,0.0802108801454346,0.10175808818659,0.0420778815213215,0.369846379111589,0.163599671479951,0.323109198769444,0.147432131465733,0.316404992883147,0.168711584280432,0.445430087055459,0.413936838867774,0.311690967315607,0.436626456527056,0.411310709003074,0.269663731703537,0.450551510377486,0.30591637848075,0.450936460101852,0.373160880575759,0.445863604184374,0.422937043810719,0.418914785850326,0.323677366748857,0.407084117707531,0.290830154460443,0.396597982545915,0.455550693316118,0.420152964375972,0.189737152209607,0.446516728851735,0.397647974586557,0.336568905908144,0.283732520353337,0.422401254774233,0.0202882354556592,0.221318032612903,0.424132898585997,0.267907207984758,0.115321209102259,0.344299564437928,0.181061955805298,0.409976846672108,0.406455114016988,0.17399329206519,0.0161400488216389,0.409922941578292,0.437640838498948,0.0340916210070912,0.419611268453888,0.428048723027513,0.426222416419255,0.45739366550967,0.428476226243522,0.419199617524651,0.371935757724662,0.17418470827378,0.229186720262775,0.40395242360431,0.304210656219467,0.325543819643805,0.403847232739967,0.127504492085918,0.420327372149444,0.151612602598135,0.176534320038102,0.340857422368613,0.0652941983019274,0.39202103350582,0.191449600241486,0.0545987215398313,0.299865184926048,0.409324492093105,0.253561795462241,0.0351779714942928,0.180761364179499
"5",0.491521226302292,0.385151537596922,0.68222989042902,0.390099060996936,1,0.521664246837128,0.494788649496505,0.0890460089588178,0.14159375392451,0.0151428093891182,0.738111882509391,0.264512529501522,0.519979969970279,0.210132276710563,0.515063568419193,0.356002170340671,0.735137799907086,0.733414410018998,0.528671813047469,0.752706187281661,0.736519054956494,0.50470848592383,0.801170878484117,0.515964229155662,0.769607286851177,0.687339344344172,0.692055801447109,0.674865988588124,0.653564723517655,0.545484561150711,0.719439218104337,0.534090899339926,0.681457943676051,0.826353542505032,0.75591471370954,0.327449672834246,0.723435848177734,0.743027276290919,0.568090683077118,0.522817541053313,0.692801217797784,0.163698003243039,0.428979091592386,0.771540914845046,0.360964627128645,0.2416801039568,0.63723913431273,0.248538913500372,0.699548630538056,0.728795556855789,0.276032961095566,0.00370403272156189,0.6160285972179,0.752823051834286,0.179126873113079,0.794364103339861,0.769589090676732,0.669456423867905,0.779999416758445,0.733532317878619,0.730383951659466,0.747665876243329,0.368129951802098,0.342089807980614,0.710455188379669,0.566727133274195,0.679259176911691,0.566732588492966,0.247705560134808,0.714150248441823,0.0588140620957981,0.257295012177862,0.583554555911718,0.138576016142237,0.714886437353583,0.355501043094811,0.0991173031220951,0.543730749437389,0.684905648306988,0.548527073705154,0.0561599264364364,0.239449723448769
"6",0.193857325703683,0.191100941222607,0.385978055576274,0.233897934348221,0.521664246837128,1,0.32552240023284,0.0578499899471579,0.123998447563582,0.0816462719598793,0.438487873054151,0.056412826760286,0.323021834806598,0.182853572496707,0.386306369009285,0.160922755672871,0.455888563281522,0.507851463012978,0.297691304222131,0.458638308556528,0.454176213600135,0.504812100941965,0.481191175540694,0.317721351754993,0.381501144341805,0.446528642583329,0.324831635532405,0.408998118172328,0.371632799934777,0.363568955082297,0.412035767822875,0.479919405985304,0.491927363200584,0.483024049532122,0.446769713947135,0.126134280685899,0.387504661894761,0.4809593451277,0.434806029585057,0.428363136576905,0.357917152554097,0.0942261196634612,0.267410869667582,0.435605345513798,0.21367303034343,0.219841301730287,0.344120997184068,0.124547134765962,0.395553021226241,0.54383493508104,0.372598436953166,0.0583020451211804,0.241913291950696,0.456754924509883,0.105723539258496,0.469624809861319,0.483872413080557,0.467866901826591,0.462419240905419,0.436503488551301,0.498842849666494,0.59301407417516,0.369567129410003,0.242811702674917,0.433949734547469,0.38601922243149,0.446151026445156,0.322451660626561,0.0572144864458871,0.372772156295658,0.10699946071597,0.293743982374075,0.278945935765789,0.0780266720103667,0.3362558019747,0.116828155854376,0.140020091776888,0.30692873558943,0.300652006696714,0.285055416132602,0.0629082086246071,0.294337020717333
"7",0.352890633205654,0.33201693725036,0.478012664974528,0.30254366983374,0.494788649496505,0.32552240023284,1,0.0540867374283085,0.169138967586263,0.0309556599739309,0.473446416688869,0.162245798338092,0.308791165512238,0.0876150709850952,0.329853799496286,0.268725688808419,0.429321397956389,0.437071889885046,0.374066017526076,0.489383226862593,0.512557222854069,0.339822413037787,0.480531082090869,0.292621100150907,0.453407254824654,0.527941626515966,0.412126782666044,0.420814390424917,0.354049061036101,0.282295071699635,0.380077647557182,0.318370703304545,0.432804281671706,0.541437133396926,0.509383095033647,0.242122951411106,0.499119801892745,0.487984411505797,0.441354107155702,0.287324875338324,0.452287288827326,0.0416698887411394,0.396108460466596,0.495681988005476,0.177096134826971,0.0922582112133398,0.419539657781564,0.156870617711865,0.533826568137979,0.473757592000695,0.163865577518603,0.082362873988634,0.374015653753674,0.507438327939899,0.00673836672997538,0.502316451609028,0.427677648988602,0.39527839952045,0.519412984628799,0.441403100078723,0.48285314847144,0.453569631294093,0.186982728696783,0.0439811909673695,0.466921396411943,0.338432089110716,0.457229711743858,0.390478941872053,0.147117080752467,0.434538209987542,0.104093162101536,0.143314571160765,0.379504305931113,0.149551583156168,0.445656345414364,0.142542934330652,0.00694453054635755,0.338751052709625,0.415594004273674,0.351749660036397,0.00593773224000853,0.142977690799946
"8",0.0685726799112652,0.0392722724815272,0.00728548530996234,0.0802108801454346,0.0890460089588178,0.0578499899471579,0.0540867374283085,1,0.203841838115797,0.135703986642717,0.127856292056824,0.0996252657735462,0.03004430722516,0.16402632572004,0.0916611351284452,0.262378600951198,0.0198665559932955,0.0019313598787012,0.110081488431614,0.0691678713405992,0.0624630209985319,0.0492787837247467,0.0640784214290277,0.0580635700265955,0.0531219101676989,0.0785999810323102,0.0139971638549482,0.127540251860868,0.0479374828536333,0.0694948208365308,0.0363193659651699,0.0678547212257333,0.000551235025118998,0.104613193058435,0.204506466489822,0.0356530133288075,0.0380247473211073,0.164271557580878,0.0494188206155225,0.120276388182094,0.186717108590511,0.32679102239137,0.18472987248966,0.0632995297838503,0.0435499101679225,0.0844484799241503,0.000187798986640704,0.0382821169295921,0.077661760203973,0.0418972313246753,0.0446470464586311,0.224317921487854,0.0570720702916184,0.043884196326564,0.109167010834996,0.1989590977599,0.12045933111052,0.0215763066947757,0.0375754347188022,0.0570863489534479,0.0683287420310525,0.0396168684799608,0.0792530598434823,0.0877540169264675,0.00264027440094359,0.0182375934369902,0.0873246849990551,0.000214835846526247,0.110688158451961,0.0889626463457233,0.0270550274736174,0.0943420142074902,0.0899109454223606,0.0141188285252582,0.0812835917320093,0.0980115837387697,0.115392218110389,0.131523259165234,0.0849098446112225,0.0526156366129014,0.0143137229879125,0.00966409520475287
"9",0.132235000696094,0.118579167491414,0.195652872939357,0.10175808818659,0.14159375392451,0.123998447563582,0.169138967586263,0.203841838115797,1,0.0702465773637871,0.162217378094778,0.00147727712363176,0.1409918535316,0.00436674688660371,0.0417019464485375,0.078615926371235,0.188265134290983,0.242247371786258,0.207330227259012,0.178452553522499,0.207602008340788,0.00967837633269168,0.191408140572135,0.297469166594021,0.189359947472084,0.247997243012227,0.237195778087833,0.296479064499577,0.151353675943851,0.126922834580589,0.161931821145818,0.116198573193032,0.166068265144464,0.109277273943922,0.0877551190355009,0.103376257660682,0.201778043050252,0.108596986854101,0.141783774267876,0.119368111061593,0.0791937969149097,0.352288399971319,0.288305508721213,0.245766779386355,0.169840754595486,0.0680486717673336,0.134532891938285,0.0722293779307147,0.274726014496404,0.199628608143317,0.177714521640771,0.290465277194356,0.131366764542701,0.210572658167453,0.114389781436023,0.145084216735016,0.199835255183892,0.254054187088485,0.287458446579389,0.163578955087469,0.263480883680178,0.134367194060507,0.0057023575697967,0.192926126984363,0.158789375083442,0.0622864631943462,0.158199508732866,0.250138286509842,0.115416210759206,0.18546152923186,0.051745550738268,0.0661112192107359,0.226048091818337,0.057993996144465,0.118527969439166,0.036017443625702,0.0631426906322454,0.0296087701142878,0.0988571632810652,0.0990736773845807,0.0326182040392482,0.0240177610305823
"10",0.050942279002461,0.00922472945105486,0.00485076734556481,0.0420778815213215,0.0151428093891182,0.0816462719598793,0.0309556599739309,0.135703986642717,0.0702465773637871,1,0.0322479793959781,0.130970746782711,0.0075066700382916,0.0640139672239526,0.0485157219922272,0.1282562237884,0.0361944239122544,0.0408998842050122,0.0104472438361531,0.0195971455439923,0.0296952748207793,0.0597365469246106,0.000789369305718483,0.0471379692022307,0.0083319735938244,0.0462171943539989,0.0181441336861588,0.0443180696085305,0.0692650210941824,0.100644061339919,0.000779742751021043,0.00639661373205611,0.0335681024234981,0.0642662214700538,0.0714028347677562,0.0550639505252704,0.0209049094747002,0.0334819428021502,0.0376439479706611,0.0684998404471525,0.0325938586311629,0.177428548760598,0.0819683429371826,0.025167154309282,0.0585939874474333,0.0121244412778033,0.00585467150100239,0.0839203886569776,0.0444171056178133,0.000379092424807812,0.0324301632626415,0.0352129559693799,0.0358930145234826,0.00895248284285563,0.0808104396326617,0.0376518930415692,0.0228808241853777,0.0637338791689078,0.0245795909261187,0.0208361024631856,0.00411123205872384,0.0210474678965032,0.102696594955235,0.0625219919268144,0.0552039277053586,0.0173293103944144,0.0370942549973725,0.0423033060172401,0.16622043780497,0.00741336770865325,0.0949841250648867,0.0218699426353765,0.0624532357990562,0.00166329084633716,0.0168846666857208,0.191265635835786,0.0383334439320917,0.0334131739365202,0.0463071094499818,0.00113541133784361,0.0506127069325305,0.046772871640256
"11",0.425686683913401,0.33302007626522,0.659107396095176,0.369846379111589,0.738111882509391,0.438487873054151,0.473446416688869,0.127856292056824,0.162217378094778,0.0322479793959781,1,0.183365959994218,0.615815340682519,0.267015001722653,0.542435032165799,0.337132803726263,0.779350727385338,0.773027449183788,0.611391046424829,0.809393925658201,0.742955018732017,0.512917183149228,0.825010251580893,0.633705123077065,0.756114101246363,0.658934731208257,0.714565790497698,0.715248726877753,0.676733910456854,0.601609177319014,0.74880409350216,0.622271949520032,0.723270991392127,0.782955123647646,0.755276449384785,0.295611671468388,0.718748317177442,0.746185818594672,0.516393531863181,0.513876900754661,0.681804148918952,0.235640705617348,0.396344550130365,0.7856974530772,0.449152658341706,0.320773877660944,0.642227543492206,0.206711868968091,0.602218286496501,0.770918105165706,0.403482293653737,0.0461876093428557,0.554056631599723,0.746644961530788,0.248504533511711,0.802203834854663,0.773350913361326,0.743676288268114,0.799163295263816,0.768632435288675,0.782552921389607,0.768076550670908,0.413349827370674,0.365855416722277,0.746655595984109,0.583338211533591,0.677942333742697,0.611619568429317,0.192850992864234,0.733270288905747,0.0237773107923249,0.292704549109783,0.562699346552174,0.0456459360291147,0.720605632695442,0.378078721911071,0.0969384486947516,0.505852375699919,0.671744888706187,0.446689331251329,0.167798493009674,0.366173501928551
"12",0.21500852280182,0.181525086930434,0.263137188954519,0.163599671479951,0.264512529501522,0.056412826760286,0.162245798338092,0.0996252657735462,0.00147727712363176,0.130970746782711,0.183365959994218,1,0.0508406574248268,0.0314684473266443,0.0847430496221443,0.292457388810995,0.264549669727458,0.104502207336284,0.175022012007152,0.236384332429471,0.193252811046623,0.0845447490392987,0.247195619118235,0.0609518770444858,0.32671762918684,0.256016356702592,0.303501359917408,0.234166975785988,0.193383060230881,0.132112177787821,0.250030231007498,0.0678753313088873,0.0754493506438755,0.314029073399482,0.260060907874326,0.217436597846248,0.375083104928721,0.252007480802047,0.155468374586698,0.00578708083539637,0.292983804494589,0.145229536112447,0.00987758294176879,0.229831773763886,0.0662112883288036,0.119861063297892,0.255360899520706,0.170960971804891,0.385432383660266,0.0899832885903234,0.228805876382456,0.130050292990299,0.369447035685857,0.276929619693024,0.176113691585806,0.245704271320923,0.228159511749264,0.112813497911463,0.244362651466372,0.219756239997469,0.133986125931682,0.094053284391713,0.0929523267575352,0.0693780530081609,0.208703336293642,0.143764818802189,0.165095468476442,0.123363166970682,0.278959754796591,0.263453267296322,0.262309895310909,0.0269467110483106,0.221448663174337,0.101323452931061,0.281619768877443,0.242467872604922,0.00197059313764861,0.253512801244814,0.408697501275822,0.282476601757108,0.144542454036962,0.229726077755486
"13",0.299202160627003,0.161948251070218,0.478514786535912,0.323109198769444,0.519979969970279,0.323021834806598,0.308791165512238,0.03004430722516,0.1409918535316,0.0075066700382916,0.615815340682519,0.0508406574248268,1,0.292294283635274,0.402965248054567,0.15546678900575,0.687337952416746,0.692781326019382,0.641056753019422,0.65176100233751,0.564663590497088,0.382568714425906,0.686482686838207,0.623073243109389,0.589088248122071,0.488157659249909,0.587386506149936,0.650675992005157,0.593915059017157,0.595357081456865,0.693014900211404,0.564802626499158,0.592337019804844,0.570849701567529,0.518557834469128,0.228383655389864,0.521320815049064,0.507369301018977,0.282963119927562,0.423601567875629,0.470636561978904,0.180609927392136,0.345638559170583,0.659752721617894,0.474782015738615,0.290457996930094,0.489762110266693,0.144787091340764,0.427625055281459,0.60044750920804,0.451493232892747,0.165391160668527,0.389777458038906,0.614433695411811,0.260058043527541,0.574282417449889,0.62836082598621,0.62579085705276,0.689573639280309,0.666450067615889,0.598622020870359,0.627396332200139,0.385406230091795,0.303437793232747,0.632798127801428,0.493816195710321,0.572530417740674,0.587527317008353,0.134996839668632,0.572413427059609,0.0718854746177946,0.274097960288846,0.517372827223569,0.0237816004884418,0.532270733764089,0.27706612669636,0.0278368079657786,0.37464429203405,0.502044384469484,0.324098273055778,0.179625325717178,0.315271129133475
"14",0.0255458217743389,0.0376744022771106,0.186664677928207,0.147432131465733,0.210132276710563,0.182853572496707,0.0876150709850952,0.16402632572004,0.00436674688660371,0.0640139672239526,0.267015001722653,0.0314684473266443,0.292294283635274,1,0.235859452408256,0.0688950731551549,0.406390317989057,0.40190791690983,0.338816971580539,0.347711920884442,0.253959700778995,0.338129884560336,0.348502134335328,0.367067566393192,0.235959787255912,0.101127060766451,0.26815493803871,0.426669659850691,0.43305245391881,0.521018110165626,0.39187870118458,0.364347799678753,0.322956284304314,0.268390918635131,0.155363442629295,0.0990647739146373,0.194840625466297,0.181494323858419,0.071886152812785,0.137857538006501,0.123257634283173,0.233911396806001,0.00270650568875631,0.290150971498121,0.364606152334993,0.18163937585098,0.174236589042112,0.0464139536502171,0.201599076944879,0.278048997648573,0.315547029146349,0.146592819419881,0.10403567210094,0.289564199860246,0.0874497006767915,0.194913376740364,0.263333092036578,0.310882369020253,0.348726468653372,0.435676123959338,0.242369002045712,0.32767095261904,0.365657873583573,0.285375090853799,0.3477963133376,0.287314513245488,0.237835739330065,0.174809759941587,0.0523449541097658,0.253346640373248,0.0377802443792848,0.154129304949726,0.284311394425402,0.0114966820343234,0.286427594016439,0.15975111605841,0.0235238326047264,0.163531483796561,0.280573279392286,0.107026287108702,0.124249910284292,0.173285807179677
"15",0.249417517006776,0.154248730919337,0.466674869480779,0.316404992883147,0.515063568419193,0.386306369009285,0.329853799496286,0.0916611351284452,0.0417019464485375,0.0485157219922272,0.542435032165799,0.0847430496221443,0.402965248054567,0.235859452408256,1,0.165328404499037,0.568254714053152,0.564750835615076,0.381660491445099,0.584753528942607,0.497018615533789,0.544918088448088,0.586746858359717,0.386883188337656,0.533673842537298,0.433715499422199,0.490201551690114,0.480456232859738,0.551156920041409,0.491361203245161,0.559383501791968,0.501693899701371,0.562927353558514,0.541537361788984,0.534139372343922,0.152168139146691,0.449827655586127,0.480606591570189,0.408458394374108,0.449059873253904,0.505308287321543,0.251218319703322,0.284597064853082,0.503064575117454,0.288890976207991,0.302682705125447,0.433515086769399,0.231698400586655,0.362838466774337,0.523253706650132,0.334503303313248,0.0686883306664174,0.403289272466264,0.527009704985582,0.115458419675007,0.554180300988691,0.5875914596094,0.528250403991631,0.538584429356007,0.591137409637948,0.5373806988749,0.61241216268016,0.429103302158817,0.391858846605103,0.576108339437159,0.438762340441299,0.507896540231552,0.430833672609439,0.11748254333961,0.53800446246032,0.0294118072612851,0.342020313163808,0.412598571770344,0.0602296836571649,0.524658289346338,0.173506535564586,0.119451619700625,0.397541087737981,0.468338950986208,0.368674105730619,0.131687637536084,0.353259847154683
"16",0.27912853524099,0.241184898903748,0.333713755270898,0.168711584280432,0.356002170340671,0.160922755672871,0.268725688808419,0.262378600951198,0.078615926371235,0.1282562237884,0.337132803726263,0.292457388810995,0.15546678900575,0.0688950731551549,0.165328404499037,1,0.249474449179923,0.207420188321693,0.127652555630719,0.308402867129104,0.292297804091129,0.131595398838212,0.311750637217469,0.135015897486533,0.347927600129728,0.355094802334082,0.273641271859662,0.192506706825559,0.158192746017145,0.11368561882329,0.233986959108049,0.0703116730916401,0.208429885918661,0.393150966968599,0.404311190739454,0.135473652002689,0.395843972251753,0.37996749689646,0.304811450103751,0.212101917526075,0.406475499626717,0.215297459674681,0.118859275003349,0.328812587574464,0.00396225531421844,0.070113377620946,0.281015279778029,0.137547775741101,0.316257223065801,0.282094480841281,0.00942782005546203,0.156751480067258,0.372203547969711,0.342031266002647,0.0319980634420189,0.403371507686588,0.359425111465172,0.184056135115707,0.284037823007351,0.212813525543762,0.288326951023751,0.213968434363565,0.0163927901026786,0.0415314611217709,0.24139798470524,0.134167893085677,0.291037602572404,0.247812428584758,0.232874419702702,0.295184100554319,0.189381531636552,0.0434931590156926,0.190629996015427,0.0797455799602001,0.385567752000463,0.204717561350341,0.0455769763333778,0.244831741925791,0.434579466830326,0.224632635933942,0.114264616598533,0.0602630005360696
"17",0.392545361828125,0.262079573856253,0.67359155216938,0.445430087055459,0.735137799907086,0.455888563281522,0.429321397956389,0.0198665559932955,0.188265134290983,0.0361944239122544,0.779350727385338,0.264549669727458,0.687337952416746,0.406390317989057,0.568254714053152,0.249474449179923,1,0.89829636112875,0.723586516637101,0.864566452772421,0.77149901123503,0.527397164365785,0.895803871041764,0.772220427412854,0.810326949071731,0.629621132788546,0.78759230004331,0.870633248713391,0.837124557291457,0.827677088703125,0.909610999534547,0.67308111932429,0.784404421231708,0.83411011041707,0.702593563655388,0.312463266144913,0.732461614103551,0.700940694036017,0.472232388839657,0.528553777547131,0.684037176363426,0.200666587470606,0.41069363422845,0.840670775585933,0.556304656847389,0.278755702379339,0.672848135177822,0.185196676376013,0.667904076532544,0.770082019929288,0.446130386267722,0.123324572099563,0.576314840677706,0.78605100541521,0.204369497525555,0.783721903714662,0.8055708936215,0.835710914742723,0.909037639827644,0.874191846860022,0.769054865395674,0.818097739666866,0.513036894123609,0.482183138327031,0.826752523698064,0.657246169241038,0.689867000029717,0.655869254161825,0.176801733077109,0.769665859955126,0.00991632598029544,0.350567166555874,0.672889273940834,0.0360661151204959,0.747840553751577,0.357691489679661,0.066815310484967,0.559381907548304,0.709027820243712,0.463774049948307,0.179926023552231,0.298983016433675
"18",0.395204544329483,0.248593784758836,0.626319094635647,0.413936838867774,0.733414410018998,0.507851463012978,0.437071889885046,0.0019313598787012,0.242247371786258,0.0408998842050122,0.773027449183788,0.104502207336284,0.692781326019382,0.40190791690983,0.564750835615076,0.207420188321693,0.89829636112875,1,0.705768573701458,0.830453942332001,0.759880376099651,0.558658852993472,0.875467246775677,0.774948886551163,0.784726359936707,0.62508689027394,0.728154082756439,0.818593905125613,0.807932528462422,0.779645495062461,0.861039008691365,0.732453304312698,0.814786114997519,0.801819602818866,0.6966947579777,0.291711055747621,0.667562332795789,0.672987617185089,0.4973673906932,0.546754900503076,0.64101984245183,0.16738150027443,0.45018724932868,0.811290501705432,0.5180760810554,0.308103244048509,0.6202737324135,0.146992371214411,0.609420966970195,0.78229416140624,0.518566499882148,0.143844589598849,0.500721650743057,0.73214450221033,0.24377694665671,0.776509854970781,0.768842772847394,0.826836702387002,0.898845504167541,0.84505517215659,0.794703284971423,0.850955427758173,0.55582385167157,0.459543070732345,0.786809701846443,0.656770596896381,0.699172852872337,0.69202457682073,0.119323544804937,0.749658638256381,0.0328172557602795,0.329688649421941,0.633077937274102,0.0511949270267664,0.718431127734684,0.307172372718166,0.0457647339617763,0.526097943663474,0.6226155059039,0.424976164494723,0.252733248665412,0.387384792011986
"19",0.347904461387451,0.214848949805483,0.547525621874707,0.311690967315607,0.528671813047469,0.297691304222131,0.374066017526076,0.110081488431614,0.207330227259012,0.0104472438361531,0.611391046424829,0.175022012007152,0.641056753019422,0.338816971580539,0.381660491445099,0.127652555630719,0.723586516637101,0.705768573701458,1,0.689921508613784,0.621441006380044,0.345413155044416,0.706156882976093,0.689920141033475,0.614668311053394,0.510139993390557,0.613449093068203,0.737259208042852,0.645357532801889,0.637429533229967,0.719354356716112,0.519580833420703,0.621896975191737,0.635454716284788,0.509235530651454,0.268134426415576,0.543016657794537,0.538666344376062,0.336390988003695,0.349111653222798,0.503307882274465,0.0681340129988207,0.334488448458618,0.697459776358894,0.446656760670918,0.175639985973431,0.53322793544819,0.146351707371509,0.582395010173306,0.592003280333943,0.389913820795936,0.260317557417796,0.442232565647484,0.635949340850738,0.133429697316144,0.574282084227011,0.610087622312345,0.655930126673368,0.736977570660556,0.709648806993725,0.58102111922806,0.5851098879123,0.348948788511958,0.287941176655598,0.666493842157596,0.509634783228643,0.541966510423164,0.574592077404507,0.0862133866766094,0.608967123474108,0.00486806126664823,0.202587219062666,0.595742567055041,0.00393812816773241,0.57208467165131,0.245434965701678,0.0427435684160098,0.380257878257529,0.557908461927656,0.32769581170451,0.127839530747819,0.249604566523012
"20",0.435444422994611,0.303567066682324,0.730535862904798,0.436626456527056,0.752706187281661,0.458638308556528,0.489383226862593,0.0691678713405992,0.178452553522499,0.0195971455439923,0.809393925658201,0.236384332429471,0.65176100233751,0.347711920884442,0.584753528942607,0.308402867129104,0.864566452772421,0.830453942332001,0.689921508613784,1,0.797514858660348,0.526286693927513,0.872338450388667,0.67773260973009,0.799520757203794,0.674860341172045,0.77325673641533,0.817482308687882,0.787582874471083,0.705740090263145,0.816788511231551,0.64131215361754,0.763501696135096,0.833078307313346,0.742349664424779,0.291517264147661,0.736707289641651,0.757699540616726,0.527054544962932,0.553715685904028,0.684971521764668,0.183389937842783,0.431255336260885,0.828474381798592,0.519961875636685,0.282287776335601,0.663553522144207,0.236106519844499,0.668002393229425,0.799538927687032,0.420566195210671,0.0878468829799665,0.623254551838147,0.794104210250706,0.203634414298475,0.820254930761136,0.821767288668386,0.787833682825893,0.859050588935235,0.847801586709969,0.80154285753736,0.809057947907432,0.454194219679437,0.403192876589608,0.793165161213604,0.591124260040061,0.725561803523004,0.660765866457057,0.148560958019633,0.791838229550821,0.0176946432478628,0.316452996199967,0.655388181441495,0.0980139804626155,0.74111655965399,0.3558475531302,0.0990223656047707,0.526011437924143,0.71542064992583,0.491430164343128,0.134281530404671,0.303310383977341
"21",0.428818440002875,0.321252978222975,0.690618087605204,0.411310709003074,0.736519054956494,0.454176213600135,0.512557222854069,0.0624630209985319,0.207602008340788,0.0296952748207793,0.742955018732017,0.193252811046623,0.564663590497088,0.253959700778995,0.497018615533789,0.292297804091129,0.77149901123503,0.759880376099651,0.621441006380044,0.797514858660348,1,0.508069867388165,0.807364903104791,0.614519845226009,0.719704093955898,0.669421537239793,0.710020604787038,0.721501947760138,0.681043448070949,0.614229156114194,0.725087096237735,0.596569221651025,0.675090357579682,0.775108723362437,0.679946883895237,0.354233394448599,0.696333484877469,0.719187158656349,0.52440390258195,0.455924037583325,0.652423189728152,0.0948148255619783,0.439771663258953,0.788807699068317,0.431674297219674,0.192189467364568,0.611209827243749,0.183111336950513,0.641688604071328,0.739078685461094,0.354371543752676,0.0932790358595719,0.536643487105851,0.741130893160903,0.150779066256352,0.751037156011865,0.759394413026533,0.723276992221206,0.800035919888962,0.756021372681091,0.759976301981262,0.751257015688253,0.401653189415908,0.326012786788819,0.725878662283173,0.545876871444027,0.668312207224135,0.598126316088431,0.162296016889526,0.72858917917285,0.0445331677785791,0.273765573783899,0.589319720634614,0.0643862434306539,0.707561926345851,0.329314150780089,0.0850589354360119,0.490139500196384,0.647593364720295,0.482353898010905,0.129365509567236,0.293986431076274
"22",0.190400575269049,0.0893265705756973,0.427802000959174,0.269663731703537,0.50470848592383,0.504812100941965,0.339822413037787,0.0492787837247467,0.00967837633269168,0.0597365469246106,0.512917183149228,0.0845447490392987,0.382568714425906,0.338129884560336,0.544918088448088,0.131595398838212,0.527397164365785,0.558658852993472,0.345413155044416,0.526286693927513,0.508069867388165,1,0.556197521872785,0.391975619166099,0.433809404402368,0.406105309860506,0.413325801704737,0.443818725230411,0.493805920487257,0.463008693902348,0.504407120705328,0.610899434052686,0.583578320274552,0.516101302883488,0.470437829367438,0.165022341408248,0.423815099720668,0.465076748690192,0.396219427662558,0.448777750557691,0.464577164647998,0.215395959737098,0.295050856480828,0.476860606063827,0.262712667036128,0.355249378178745,0.358581587466003,0.197518281141171,0.325065014567182,0.585084295569799,0.45400775417361,0.021657854782417,0.277777979805346,0.506690259761648,0.0955355405554716,0.537567440476746,0.517877011457735,0.500511017363632,0.514687382986005,0.576051006626495,0.501150276228482,0.628252986617694,0.519413126949475,0.369326614557953,0.539081664847349,0.465970102219457,0.514706553723589,0.400019362567459,0.104169117856576,0.440660548399707,0.0661619477870403,0.336728798532253,0.308553409957675,0.0419802288436059,0.464366665018859,0.156480424916389,0.10767325586597,0.417076857704037,0.347025759945044,0.312488141622718,0.206004007108744,0.383152229906985
"23",0.463358846953083,0.326162308440153,0.711521625924634,0.450551510377486,0.801170878484117,0.481191175540694,0.480531082090869,0.0640784214290277,0.191408140572135,0.000789369305718483,0.825010251580893,0.247195619118235,0.686482686838207,0.348502134335328,0.586746858359717,0.311750637217469,0.895803871041764,0.875467246775677,0.706156882976093,0.872338450388667,0.807364903104791,0.556197521872785,1,0.714310741030439,0.82708320214289,0.698962449692591,0.79234619595785,0.819000353517528,0.783937974307245,0.721129238633163,0.875621604957329,0.66969064218605,0.805898700900391,0.854230914563309,0.78246098591242,0.311140077319779,0.760139138004312,0.767194514677782,0.519060693036141,0.557266812046554,0.729047805871505,0.22544928868519,0.441817007608141,0.861706356503187,0.534684130498111,0.297843610500814,0.698754180488974,0.208344101822572,0.679522798032851,0.795370605301692,0.425270695637486,0.0915216975049114,0.62495614559494,0.812223616156852,0.225855354515058,0.823163294604198,0.836447973920517,0.815842194284269,0.903525029573286,0.871704225386446,0.810195482016648,0.831964852969567,0.493522627330956,0.428413163014971,0.826245811039101,0.651911213664974,0.732613256475111,0.690836518542827,0.19734279748742,0.78401252984538,0.0371418245487379,0.347856514036598,0.681388884722605,0.0448402074470255,0.775329794587128,0.357209801093256,0.0627369111957494,0.569021672251621,0.719197854024872,0.483388710493395,0.167963919209691,0.345926197939682
"24",0.271301408786722,0.129817519911105,0.473162466331069,0.30591637848075,0.515964229155662,0.317721351754993,0.292621100150907,0.0580635700265955,0.297469166594021,0.0471379692022307,0.633705123077065,0.0609518770444858,0.623073243109389,0.367067566393192,0.386883188337656,0.135015897486533,0.772220427412854,0.774948886551163,0.689920141033475,0.67773260973009,0.614519845226009,0.391975619166099,0.714310741030439,1,0.605110021752155,0.468510655887947,0.646135934482463,0.755751328756962,0.664035846859002,0.686489575819995,0.756957883195412,0.626860915907284,0.631200393097339,0.592304013210201,0.476221372695778,0.20124073498237,0.51330524783966,0.484747395237828,0.272102356494883,0.365645924524076,0.45053422166124,0.0739995023582457,0.340820004800679,0.708719254425691,0.538393889421183,0.221252670163531,0.509473425572383,0.0389106959045999,0.472771031355998,0.615799943919039,0.505025991695663,0.323211941897816,0.36831687952301,0.599722737726977,0.279486091183036,0.580107036235748,0.637174773696497,0.723164232643143,0.76584018202712,0.69078456105983,0.643868180793262,0.642922194898904,0.409770033832661,0.284882777791451,0.657061487254563,0.508361691912766,0.551976276793155,0.594235227293543,0.0492637453153565,0.585745243179095,0.0827649919118286,0.213452828592146,0.575705632217554,0.0215688997684094,0.542489805391245,0.272991031774039,0.0012348851368093,0.326094245065258,0.533400601700599,0.26525780459432,0.246199920151463,0.307104757494019
"25",0.464185084741499,0.359241613164879,0.696375703920818,0.450936460101852,0.769607286851177,0.381501144341805,0.453407254824654,0.0531219101676989,0.189359947472084,0.0083319735938244,0.756114101246363,0.32671762918684,0.589088248122071,0.235959787255912,0.533673842537298,0.347927600129728,0.810326949071731,0.784726359936707,0.614668311053394,0.799520757203794,0.719704093955898,0.433809404402368,0.82708320214289,0.605110021752155,1,0.685654302319473,0.753648082765071,0.755508273000151,0.737350942844852,0.612603288122866,0.786217984453321,0.513892524592215,0.704481356530087,0.826737080854544,0.741250258175778,0.314923865361209,0.755761232006527,0.720404290694525,0.511356434439765,0.470027229996276,0.698131890927776,0.148547394021052,0.436623892416077,0.798716990881554,0.444648895333609,0.21908990478298,0.689269804519731,0.233462827050533,0.715316596379832,0.722010646811111,0.256963797335691,0.014115159361193,0.602429087261582,0.748926509931422,0.174011966205548,0.790514703059975,0.777811736766442,0.7333484888207,0.836359980108678,0.767550905738692,0.750665510876662,0.741540183501149,0.353845940331207,0.353686362270965,0.745017216635193,0.569415469686925,0.649832996131965,0.647724160232183,0.220876554983985,0.734218803098341,0.0741516160948143,0.282539644102331,0.628232430064063,0.0690839521610315,0.741783151710807,0.401663233643572,0.0795551686667212,0.551434419381184,0.716224670791017,0.484853919705546,0.0781635724825577,0.242513040748732
"26",0.469486520480243,0.373675003974131,0.712454195897884,0.373160880575759,0.687339344344172,0.446528642583329,0.527941626515966,0.0785999810323102,0.247997243012227,0.0462171943539989,0.658934731208257,0.256016356702592,0.488157659249909,0.101127060766451,0.433715499422199,0.355094802334082,0.629621132788546,0.62508689027394,0.510139993390557,0.674860341172045,0.669421537239793,0.406105309860506,0.698962449692591,0.468510655887947,0.685654302319473,1,0.627975264694249,0.610464090664977,0.534669612524155,0.43050960736597,0.600752792653388,0.453099254967497,0.62630558267643,0.718959309175153,0.699035597887731,0.289484967733439,0.67484809147441,0.675352925421579,0.579009829073282,0.445960248983767,0.652878535915474,0.0128692920541404,0.502736593968286,0.698114441713798,0.337864001671228,0.204351239224372,0.581078595741954,0.251231351634969,0.674063652744289,0.672701124636555,0.243989974362017,0.00700320429621479,0.548124500777106,0.674916866434456,0.164494908108537,0.717410011662721,0.677183432913943,0.588705195628335,0.71322938308639,0.623652152977951,0.665752087746142,0.640484965996411,0.275162078795972,0.151652397994214,0.621380358814063,0.477588631679572,0.617663384679914,0.57557914466871,0.218758644042509,0.631807672708914,0.0628607764784355,0.219401659553113,0.528474603145988,0.117244493783585,0.666232775997962,0.286316445450762,0.0655722861060215,0.447976141809537,0.57711385279297,0.497734745152847,0.0312018294406723,0.165605646890982
