"","1","2","3","4","5","6","7","8","9","10","11","12","13","14","15","16","17","18","19","20","21","22","23","24","25","26","27","28","29","30","31","32","33","34","35","36","37","38","39","40","41","42","43","44","45","46","47","48","49","50","51","52","53","54","55","56","57","58","59","60","61","62","63","64","65","66","67","68","69","70","71","72","73","74","75","76","77","78","79","80","81","82"
"1",1,0.0427230496701435,0.268695443942655,0.0827036298289886,0.248570569283655,0.298017327200434,0.309503634120273,0.346976363245125,0.331901548326316,0.0865177387993419,0.397493304605569,0.369353301009324,0.390674911904221,0.372198143281226,0.260685309532489,0.119999673946979,0.36490461270457,0.400675535805385,0.349967482596245,0.429946758158273,0.422440587877121,0.363370347636308,0.344544470411093,0.0801070626165494,0.183746147064903,0.237943903364134,0.35519008960084,0.38073323444669,0.384507238057938,0.441052182313312,0.384301560096006,0.428991884067015,0.445042392914399,0.356977919468277,0.409665227887864,0.159272145504657,0.00936697951626618,0.395268300640989,0.103880663471632,0.414303757654792,0.373488339391566,0.0663342623120894,0.0643586499618846,0.400287230113688,0.364186479302706,0.212025881028931,0.297786416708449,0.182770611619491,0.0165337438863485,0.358451946282124,0.365897545944032,0.0448835616235791,0.321789899336393,0.410853851198458,0.388212568146061,0.413114354863886,0.342540514050216,0.376547583117073,0.363199200124934,0.392380035922159,0.39701943010148,0.276060277659287,0.37001319820725,0.282997274852841,0.366731516577429,0.257324680734866,0.210412984788996,0.358711000200882,0.174110680843811,0.327510073040201,0.230115285702313,0.307794508827092,0.308768133165261,0.0128770442053628,0.132802132338198,0.283317088560923,0.0774849761128991,0.095919176942477,0.397214528053955,0.093620923791404,0.378160538266683,0.325693350408317
"2",0.0427230496701435,1,0.0163867522239536,0.185286159407317,0.138842324884473,0.0825715442076745,0.0501036870303042,0.160594320161192,0.069222645842275,0.0813774705879864,0.0852148295447646,0.0791764145590564,0.0789196418941816,0.0461609206859405,0.00446556696492867,0.0526793678748219,0.0410486429687801,0.0619924097398933,0.071678766188535,0.0738372433311262,0.0871274207556647,0.0692297896933439,0.0281120809550061,0.047278743429885,0.131282825368825,0.0246906586598723,0.131897921040602,0.0337585469169749,0.00293234535764708,0.0317908057709795,0.10046297529553,0.070572767431368,0.0147364308998066,0.105080212292201,0.00878078842410416,0.101299514318577,0.102313077840721,0.0593613966898675,0.048237784898357,0.0635505645722355,0.0567910840999713,0.00187404753048596,0.0778466504978157,0.0842748862285291,0.10757513288362,0.00998427804846484,0.115476289021897,0.0638643910089697,0.0752322197735014,0.0120127784211427,0.0519532457180493,0.153855433974501,0.129259147107237,0.00162694349998863,0.0771123353560874,0.0129626047414383,0.0486099736453069,0.0483470783300784,0.0402950778484012,0.0405949358703043,0.089797200479167,0.0211653895659947,0.00843732265820772,0.0660125848926141,0.047201209020573,0.0189473683618726,0.00799750909472623,0.0638216698143588,0.0540330582882792,0.041706540551153,0.0882696927751826,0.0805154998713781,0.00810295901531184,0.123381403853674,0.00343289564260561,0.0746979098270876,0.109912017062214,0.0945024106014871,0.00606372260225402,0.0431904438526982,0.0829533542736528,0.0206859595192518
"3",0.268695443942655,0.0163867522239536,1,0.127067801289074,0.225644269712256,0.234503848994807,0.317330675162837,0.270345104287989,0.316991932223113,0.116434383025321,0.365821750535145,0.325880687669629,0.377984834180596,0.301197556874458,0.262597815440909,0.00564376407959341,0.435714171156369,0.392359104225499,0.33780044167997,0.380065745953054,0.379878392344014,0.259305247452631,0.302092491383559,0.190058254398291,0.218435435791819,0.14944107783904,0.359594518664298,0.415900358229054,0.342077237691972,0.381564940970285,0.383414653533013,0.380857045985695,0.470591276597065,0.343805551760483,0.266637124059662,0.141044314957798,0.00205941060536889,0.256572545246652,0.130167425382993,0.358124183433201,0.358889776474819,0.0157125129387163,0.154549806505572,0.414796009105689,0.303768384517746,0.353295410020237,0.269983994437088,0.12792118266477,0.0624621124386829,0.3287296757004,0.364612836413461,0.0138898214139155,0.199915717132594,0.301722386176051,0.406627813437076,0.366962721077869,0.32183184236598,0.439262365945768,0.363543793622005,0.403830418557316,0.420480574423407,0.306916706296579,0.338371377311286,0.329667528030782,0.322760826441806,0.185477836776065,0.319108527408737,0.278939647557979,0.321689959515092,0.340185608393386,0.251266178942231,0.323470298373716,0.262738613743137,0.000278526304926517,0.236254874882152,0.333660139929325,0.0273520525647515,0.14830937946739,0.391390971521076,0.0692859466117834,0.337506660486038,0.325849464022352
"4",0.0827036298289886,0.185286159407317,0.127067801289074,1,0.352663880277741,0.189690171726893,0.339130628864006,0.440083775516172,0.339246614235875,0.15973890853692,0.422260373671844,0.405190039351975,0.370727314565034,0.446896517132913,0.272442442202163,0.135792822957394,0.39538026634563,0.427520525690749,0.419033369440371,0.381016158461016,0.180438799772922,0.437300610511098,0.372709600350695,0.117205227087268,0.0663210454714205,0.220860998688038,0.351941175675738,0.412523367276056,0.346394752701716,0.377669532702267,0.440642045010679,0.415334391940769,0.274717012079302,0.34934530734565,0.322954387470133,0.138862828333832,0.0448343590660987,0.278701960289236,0.0831420457133673,0.327865507605373,0.275213458931107,0.00475870825765537,0.0613677117830363,0.306522399353416,0.409121789983133,0.285711337549077,0.213610935396835,0.0886891908816904,0.245217436536123,0.374862246069085,0.434179138139388,0.111310580767343,0.29773811727086,0.298422977041326,0.326059073722341,0.38735297098105,0.347370139144991,0.332028419127757,0.334025905092093,0.360818316489881,0.394987114217657,0.313515662247179,0.32271626430078,0.307825707441806,0.418480787499475,0.342525384926396,0.296116982288469,0.351359246435645,0.235144562216918,0.313878849158544,0.234845474584335,0.368229028971654,0.323675118317093,0.105951443303382,0.32793216225491,0.294211347278837,0.0176235843713216,0.250463805493322,0.228371533990769,0.106208729697687,0.362393647826776,0.350424839313642
"5",0.248570569283655,0.138842324884473,0.225644269712256,0.352663880277741,1,0.334274816064061,0.600392564509537,0.637776388214239,0.544249501459561,0.221571002500275,0.611655105565597,0.607786776753718,0.619623957970476,0.602724307629461,0.286741154671714,0.136838109491453,0.610096607536181,0.686570140195974,0.635549161085072,0.662299115108729,0.458673162653591,0.680628744960267,0.589015714132034,0.190583335691406,0.213434446660175,0.531069872542813,0.600044217766949,0.644906311497964,0.60278233253652,0.581023206297228,0.703313970397658,0.619081331526535,0.54421854632331,0.641606511050149,0.412379098404665,0.0939381260041745,0.116978278270936,0.547313810448854,0.186576290284495,0.486035340721468,0.520731334798924,0.137422676373711,0.0236447699164568,0.550493521791109,0.651837259845169,0.393323501936937,0.351683813885172,0.232560096798394,0.354452160556091,0.64474871096607,0.650654293475837,0.237601033329369,0.39284327578875,0.452577440041777,0.524266220319411,0.605123689765081,0.494168442221928,0.446300771885033,0.526320747899281,0.610455399173565,0.676069113949256,0.538016563951057,0.620463352623387,0.526729004914462,0.580891167833297,0.538450877610491,0.500361273168148,0.61109388761225,0.451696165452895,0.48454368745101,0.347061207925403,0.510612424091891,0.431699189673943,0.0104280835485469,0.338980439000533,0.434873231124504,0.0717068946434818,0.285173224405084,0.437310891122058,0.235160530893837,0.60298918881597,0.597656902317263
"6",0.298017327200434,0.0825715442076745,0.234503848994807,0.189690171726893,0.334274816064061,1,0.421542806162856,0.466320312357821,0.383880219600879,0.136889510329147,0.512178691683663,0.467252901101599,0.536600027210465,0.451147972222236,0.39364014886526,0.0359530554959298,0.543506564003399,0.546520243502637,0.480254003974386,0.518103273843775,0.459521096841348,0.502457956667652,0.53021601786873,0.295289648258766,0.331375773605738,0.30374193181218,0.476780599095257,0.553939442332517,0.534530730024718,0.552572448023351,0.492648584096125,0.546843022385253,0.49262127639031,0.422812043444451,0.388341400098882,0.131852376600784,0.0230308155037309,0.422161290822821,0.0508976252287558,0.46646121718753,0.44487673485917,0.0535179001361823,0.169633005469415,0.408189438232898,0.478056926729639,0.382687713277215,0.280803897481403,0.116661702455946,0.154270689403901,0.50189277127584,0.480000155033989,0.0176023065198364,0.10324007734762,0.453890249228345,0.374461006802482,0.541870305563922,0.494399706996476,0.517335640681008,0.533747839712405,0.5598921259397,0.512778202260781,0.563644504290302,0.542785181341175,0.464152880014675,0.470240619717622,0.450776670058314,0.424609752033414,0.456155869544273,0.354787075963749,0.421399325822753,0.36894202592654,0.512715652103343,0.384662063984696,0.042224125037022,0.313792087293099,0.340812677492592,0.0450999103691581,0.313465753943444,0.393373971430361,0.0496845517494746,0.490017479888116,0.513838837038494
"7",0.309503634120273,0.0501036870303042,0.317330675162837,0.339130628864006,0.600392564509537,0.421542806162856,1,0.703334137880706,0.637408346654981,0.0677409664708521,0.741108136083017,0.737280653047914,0.740465032682797,0.725987106071034,0.480150261505832,0.00892925672875803,0.729029511174008,0.80642097821925,0.768822906844158,0.740731091772814,0.560059688796837,0.725282294236088,0.725984419380487,0.233159710113064,0.423481645504127,0.5819427861034,0.633531060727159,0.756913030994422,0.756050881169536,0.743536494717923,0.789287342894422,0.738479441732751,0.697034113985911,0.576240993631433,0.573237269513464,0.161933412240827,0.0217430098262655,0.59580319522515,0.190265770509628,0.718977121140704,0.691802120507542,0.161844622451395,0.146719536863234,0.69035583081629,0.755474108635105,0.54018670261658,0.364741441045513,0.212512556099865,0.502540235977005,0.727090704752722,0.795884626876936,0.187425845956092,0.395820420998336,0.546419537848017,0.668760377210507,0.754919646686471,0.631363986112917,0.544354789109593,0.632319364580071,0.747681308040587,0.784210646500765,0.627282907612692,0.721560753177253,0.58446477921273,0.663363712368439,0.672333495315404,0.535552183506226,0.656742560339236,0.6146905005928,0.654505744394484,0.55113716599691,0.652859657403082,0.549011447110935,0.0355347636228279,0.503209640604718,0.590876359566997,0.135682962541599,0.332683001450443,0.569314869713189,0.214350308740965,0.729201971540144,0.664631918990996
"8",0.346976363245125,0.160594320161192,0.270345104287989,0.440083775516172,0.637776388214239,0.466320312357821,0.703334137880706,1,0.701729256677111,0.12955204231289,0.800499710485829,0.776404708307952,0.766260783016957,0.806765096108386,0.476969016134129,0.11494523136015,0.719971337287657,0.819092028762261,0.782860041786925,0.762417422286827,0.574011879669593,0.779664917242612,0.768582185482746,0.193790537671652,0.298654470149768,0.471655942222771,0.671687196089452,0.793430572074461,0.765255800852408,0.738571076522049,0.832612096998126,0.779907759277111,0.63561610791042,0.634825730452047,0.659745730242475,0.173025221387136,0.0685716961956343,0.581506783647023,0.104443848724147,0.681873211409092,0.641894674828597,0.113813291682191,0.0761772019592303,0.69348576358404,0.803650583739173,0.528178688322638,0.384238891206431,0.208168987898008,0.477013744922258,0.745450732056522,0.821387051984375,0.0625004881477698,0.452309350172838,0.596559259469777,0.64248826823733,0.776565315222648,0.623662947425994,0.607083215995864,0.727318782258607,0.769377941986237,0.789140151446311,0.676699550662011,0.729636984688843,0.601977338065279,0.737517836927265,0.676826434285536,0.53721907746954,0.694731316269867,0.540565475512683,0.689854233004404,0.469879966188438,0.620148597476937,0.642138640911476,0.0218322688070906,0.510879874473964,0.61467632734134,0.049526180427731,0.403721525293938,0.583625137496369,0.18223599174515,0.739071074969368,0.716978603635791
"9",0.331901548326316,0.069222645842275,0.316991932223113,0.339246614235875,0.544249501459561,0.383880219600879,0.637408346654981,0.701729256677111,1,0.0625728844306516,0.718841512540514,0.750480275433878,0.709725297198735,0.762149268692149,0.413614278962163,0.152480890478888,0.697772666228428,0.768637642268073,0.70977170306142,0.726111446359462,0.54683382906638,0.687206963058035,0.671413201472443,0.105081351287639,0.210699437746694,0.404012768678357,0.614900214659314,0.74890815949015,0.732627831115142,0.676697613323968,0.783197927617652,0.753430442665761,0.606189279031688,0.622128914986509,0.683492465439382,0.143387774775001,0.0806121383508981,0.479665598956431,0.0697433935436781,0.667108620715746,0.555641560898253,0.111816126958542,0.044808459383423,0.639086341567303,0.719033626070262,0.44435191414137,0.340922159130924,0.271500187643452,0.446390244468112,0.71100450438234,0.76969433161289,0.0317335833622231,0.397717945889548,0.572078038859459,0.587688044596133,0.725751254759931,0.563693270917166,0.624389392898231,0.677690831280388,0.733768846770613,0.741834618733666,0.623799467698376,0.652823959791894,0.549881271094288,0.654052643218552,0.56599482889081,0.518770188422805,0.671565287051157,0.484728486030191,0.686793598532058,0.471740186368453,0.505559040426894,0.60429994217792,0.00200549514288063,0.510247371485038,0.659084893169033,0.00208388345125879,0.285855676682515,0.606870662953072,0.148315745607477,0.707961517366361,0.692899698873587
"10",0.0865177387993419,0.0813774705879864,0.116434383025321,0.15973890853692,0.221571002500275,0.136889510329147,0.0677409664708521,0.12955204231289,0.0625728844306516,1,0.100862104372613,0.0831754656540342,0.0697327567431447,0.0762985456928,0.0137097171199885,0.0331587642573697,0.139511193731781,0.119140850188469,0.0836876746073036,0.146804825539617,0.0556930140778263,0.148583631850189,0.0847927236866487,0.0773011414572701,0.0414756235614151,0.0556484528723874,0.28636116679347,0.1426475697685,0.0767643448059065,0.113889013479556,0.130368948672733,0.105596620027881,0.150089175015077,0.229580846305678,0.0160182917501406,0.083514956292143,0.0808449820968892,0.147167211695792,0.12790314009191,0.0128961720633567,0.0066843748256317,0.132490708855033,0.0557185159686816,0.0842576107982782,0.0809966367836265,0.0447889024762059,0.103421647313095,0.0439300727339694,0.128819716774234,0.127597666238501,0.0830468795172039,0.213457177314109,0.0698037876999371,0.106642241839377,0.0474110941955191,0.109710885803049,0.0922455158109443,0.147119138123445,0.0585806095049953,0.0843797004116405,0.140609906091026,0.139218036905156,0.137720461765508,0.109075948645909,0.111440005575582,0.00816259493620482,0.163776123375359,0.0961371308364358,0.0113366127271531,0.0714572394511152,0.0273360520843788,0.111759941811192,0.00336493137496386,0.0349514898808169,0.0327835187707049,0.0216237206300961,0.102416267684985,0.049268067916202,0.130737506391968,0.061538808769198,0.151245316608994,0.127686581818795
"11",0.397493304605569,0.0852148295447646,0.365821750535145,0.422260373671844,0.611655105565597,0.512178691683663,0.741108136083017,0.800499710485829,0.718841512540514,0.100862104372613,1,0.812283728005127,0.826227544855171,0.823337339307632,0.540798077095873,0.128288831349152,0.812381932150233,0.881963365912509,0.829486340216574,0.821514276171924,0.652745456688567,0.800994149978164,0.812859816751707,0.297939514091045,0.39890299554527,0.529152948123557,0.717760190076889,0.855205516581036,0.828792823297621,0.818877587379649,0.866337508217665,0.850603230162625,0.753622959393816,0.648950536182441,0.707849853908767,0.167297020289025,0.0360611618825335,0.616382623527084,0.107909548935071,0.764314537651436,0.707042440414147,0.141271140446388,0.144559394267628,0.73818472744508,0.809210756990515,0.552689628380424,0.413702880637881,0.262354724912041,0.453738965442113,0.812835338175381,0.8560077901992,0.0119595272677811,0.402389361076734,0.649568286609656,0.713636820323917,0.827707668556091,0.696820008196274,0.7133982761963,0.795760584200475,0.826927333516089,0.836132766518237,0.762946710192891,0.788079946289733,0.650121078496116,0.777198229081729,0.710422330137163,0.634013418474783,0.717472112593036,0.585739951787,0.728716503666118,0.506173070608837,0.711218705869785,0.635120422232618,0.0675869634078256,0.557886346571256,0.664033166482471,0.0484417953480937,0.433584079034122,0.614855483487851,0.204092495559034,0.782141391058498,0.766993970567108
"12",0.369353301009324,0.0791764145590564,0.325880687669629,0.405190039351975,0.607786776753718,0.467252901101599,0.737280653047914,0.776404708307952,0.750480275433878,0.0831754656540342,0.812283728005127,1,0.809057810219351,0.841968856714852,0.492316193626608,0.150076834254475,0.76751459439907,0.867851284763001,0.821811388321888,0.823551115151073,0.669572037381888,0.802815489469887,0.799880146046662,0.22279388822084,0.372109918553771,0.503125472571845,0.70580236412352,0.848595754633062,0.822444150207089,0.805787709415448,0.862531996683615,0.844024001801681,0.706939785516116,0.663278197353064,0.728626316177062,0.159591663790067,0.118671135527557,0.5826332999853,0.0566491174506445,0.748415073001031,0.670980297954823,0.162790428319161,0.0578626537820498,0.716701754960147,0.818845175561805,0.50150389577153,0.403253816759991,0.245126029597572,0.482123717073168,0.810133654829993,0.856742128124237,0.0359195431435173,0.448484181115551,0.64862851596878,0.709420933056092,0.837029596982429,0.645158679375047,0.678859485908325,0.794086812562906,0.831813623589319,0.837278543690123,0.744926207848749,0.768909156401104,0.619286234164622,0.762914010220424,0.703187231180245,0.591145502517599,0.698460858542725,0.565837447523222,0.752091404413275,0.561780271672516,0.62967119891818,0.656708002091968,0.00118585262971432,0.55160140387745,0.680077188338403,0.0427316628205078,0.406425270543605,0.647438249086264,0.18715973275361,0.796214940398417,0.766429224624004
"13",0.390674911904221,0.0789196418941816,0.377984834180596,0.370727314565034,0.619623957970476,0.536600027210465,0.740465032682797,0.766260783016957,0.709725297198735,0.0697327567431447,0.826227544855171,0.809057810219351,1,0.806634107213421,0.526931320539206,0.11411521757271,0.814661891550636,0.883668003807254,0.844934851962643,0.814422258315051,0.667990149883165,0.799984857465436,0.817382002569223,0.348702103211426,0.455205888248564,0.535175206477321,0.696188318976675,0.861072462395659,0.848998180771872,0.841720850244796,0.850531072725278,0.838472347825656,0.763198315371792,0.641089414326318,0.690568366224919,0.183872864939033,0.020629892606263,0.640709656681432,0.109877502030681,0.78860360742645,0.724526789056053,0.138051978983323,0.194948739332263,0.716884511961579,0.803332916718442,0.579483879764272,0.386418586700792,0.218603274984914,0.46515397988303,0.830140777804411,0.856575925013003,0.0136378204548996,0.344310949058398,0.64687550781091,0.721092555599474,0.840326558841253,0.68383459809443,0.674852141286097,0.766174040939184,0.839850520342596,0.84280548261759,0.754332139829161,0.803549198397417,0.614233519423056,0.772121439605227,0.74596488586938,0.635986517739352,0.694081309729402,0.625083096544869,0.70419622643277,0.587448116709381,0.70816512664874,0.621465514686358,0.0795920162985034,0.56656575895217,0.633014821345822,0.107871010187747,0.434077443094891,0.628719603150271,0.206598992091751,0.788250897864213,0.761540257551759
"14",0.372198143281226,0.0461609206859405,0.301197556874458,0.446896517132913,0.602724307629461,0.451147972222236,0.725987106071034,0.806765096108386,0.762149268692149,0.0762985456928,0.823337339307632,0.841968856714852,0.806634107213421,1,0.522184929649518,0.147297621049327,0.743652591785456,0.872669344831885,0.820545800889378,0.814458638776575,0.613642771562186,0.818223874571659,0.796188922069795,0.165931302081991,0.336079181267939,0.52812785384537,0.690976558421872,0.857960321287883,0.824733817864219,0.794691155845749,0.873218755672002,0.837343834090444,0.673880156761468,0.648095279878621,0.756384315172928,0.157628506012024,0.0837364235143042,0.604711234958801,0.0680012190191619,0.763984431076738,0.676936109319745,0.178718985228659,0.0239816885536325,0.697768188894659,0.849819163518998,0.492698073392285,0.348186378906931,0.273812147568892,0.503433821045702,0.795370979787551,0.880332760969304,0.0518293516924298,0.432139189170998,0.650892305665359,0.662423164300268,0.84088629523173,0.63177446350184,0.649506451240748,0.775243268995441,0.803946253286352,0.829712411996942,0.698556622402261,0.764669081525675,0.59363702640854,0.768097428557114,0.715622132713598,0.57712475916521,0.714146753344316,0.557736729368146,0.755089274618669,0.540068621768534,0.623472896058815,0.694978473494511,0.0431252488408991,0.566980192770963,0.699662607546706,0.055582986523153,0.385593053352292,0.627984139808897,0.157863047920786,0.775533324078805,0.75325037772098
"15",0.260685309532489,0.00446556696492867,0.262597815440909,0.272442442202163,0.286741154671714,0.39364014886526,0.480150261505832,0.476969016134129,0.413614278962163,0.0137097171199885,0.540798077095873,0.492316193626608,0.526931320539206,0.522184929649518,1,0.0616822281355225,0.541743040255975,0.573619029054454,0.568075794209867,0.502674736433188,0.412013024943813,0.564511022055542,0.571243996051329,0.336181775896835,0.387482503767215,0.418367526634438,0.464764138315238,0.560942592565858,0.598957477799054,0.563416017243793,0.514435409795435,0.526239215206305,0.514390817022811,0.273490218754238,0.426112352928878,0.100554939566432,0.0862370669691756,0.460006655385803,0.0243073632146504,0.494307696334768,0.506356133951421,0.115058872309179,0.255252263146349,0.417024418863848,0.523128917063529,0.408965791420009,0.2284384087788,0.186555269476836,0.338273144574076,0.58523732779447,0.556325993809041,0.0388352480174832,0.123686719450075,0.45372861924689,0.426654354909762,0.554468102810965,0.430180748201867,0.372460135225642,0.471540774575673,0.547763334186391,0.54999747857712,0.517732119115366,0.565678629292671,0.343231281017524,0.482171022956892,0.521962367644115,0.476999303081426,0.474575832450335,0.431259007483967,0.427700348174257,0.405033089743317,0.474065681337329,0.418042894537462,0.100610857010947,0.436639476448709,0.320760420612936,0.127747374020756,0.341716192939508,0.416691461537013,0.153350221015498,0.531033995491352,0.54895449527902
"16",0.119999673946979,0.0526793678748219,0.00564376407959341,0.135792822957394,0.136838109491453,0.0359530554959298,0.00892925672875803,0.11494523136015,0.152480890478888,0.0331587642573697,0.128288831349152,0.150076834254475,0.11411521757271,0.147297621049327,0.0616822281355225,1,0.0371944742398554,0.0777265416248514,0.050402782375193,0.0913117241875954,0.120877674727054,0.146387512577378,0.045131420241628,0.0788265599300194,0.13702233087477,0.00405106595520208,0.102898466285028,0.109074273713023,0.048888418203987,0.098491055425248,0.0683351427969423,0.146978751081863,0.0369949091334056,0.124631121863217,0.278904647359002,0.0573454415976415,0.00439444914113901,0.0511981289755692,0.194914330629547,0.0524800796211093,0.0225828032085687,0.0958579677020711,0.0464095806818235,0.0089884255467105,0.100308492160918,0.0710094861825401,0.189586586077049,0.0518114713819874,0.113005936323981,0.0674022363793855,0.0956194313810924,0.310015783294645,0.144756929993643,0.216638784339334,0.107749627548588,0.0865238895129011,0.0355317451830436,0.146457744534517,0.163582943370291,0.0451036605126014,0.0525529902584267,0.000249697560432749,0.0707762688390156,0.00667329334863483,0.162043004837802,0.0166833929606525,0.0660384696228688,0.193440525657023,0.109277783210579,0.0392060060095716,0.103949935673291,0.0581865062674541,0.160970704355303,0.11235954618171,0.0136922819788502,0.0356605570957908,0.0833271517534433,0.0108076763986017,0.0668505793267658,0.0137210952438259,0.0247628637244889,0.1299253652428
"17",0.36490461270457,0.0410486429687801,0.435714171156369,0.39538026634563,0.610096607536181,0.543506564003399,0.729029511174008,0.719971337287657,0.697772666228428,0.139511193731781,0.812381932150233,0.76751459439907,0.814661891550636,0.743652591785456,0.541743040255975,0.0371944742398554,1,0.9154331050757,0.858464580222241,0.794452908536304,0.695768235765862,0.800276024255165,0.846538018726723,0.466007012391731,0.495546719888351,0.572122655753806,0.709053888149829,0.877919888266008,0.868037826149663,0.856178147239588,0.850133452232832,0.837191492044821,0.799720071831703,0.6768944534546,0.604022531767737,0.178852631457197,0.00444369647033971,0.622080485795247,0.220972545845119,0.766616170868956,0.732396914769263,0.07898276916815,0.27319166470255,0.718254428037842,0.771817772267506,0.680516060972208,0.397912084612228,0.212237314051077,0.477930256745551,0.878129707271788,0.835736738876186,0.100254191999664,0.298943660475765,0.679303490201143,0.701406510745859,0.835142164594201,0.773021474809246,0.739817262015124,0.777463990608925,0.868045242989862,0.858988029246632,0.831526806456867,0.837270236938036,0.710370473835297,0.758340476964177,0.746163018186395,0.714274129318417,0.697531128330938,0.714238793323131,0.695037189992075,0.646771931391466,0.772347497472849,0.574431516235325,0.160601805829458,0.596113727523526,0.60236612355857,0.155782534631299,0.492135934203446,0.652009900350625,0.196428355882387,0.800018644236744,0.7784610397014
"18",0.400675535805385,0.0619924097398933,0.392359104225499,0.427520525690749,0.686570140195974,0.546520243502637,0.80642097821925,0.819092028762261,0.768637642268073,0.119140850188469,0.881963365912509,0.867851284763001,0.883668003807254,0.872669344831885,0.573619029054454,0.0777265416248514,0.9154331050757,1,0.933157823021759,0.886243077419163,0.711328364328839,0.890039736509373,0.901260493837603,0.372970434685208,0.486206342597189,0.622307301288925,0.776302032207571,0.94068271058782,0.928152617258339,0.905195051617834,0.933478398088766,0.908482165728278,0.811182460952172,0.719995616179172,0.708058297410613,0.181790304683675,0.0330358051730362,0.696107567682978,0.166904349135392,0.82958084099871,0.782670117677956,0.162222239263949,0.185673956791999,0.772327760058983,0.879756763631724,0.648644605294903,0.420502926633657,0.272671083339121,0.552050589399837,0.921597614019495,0.931095713718421,0.0850396805854181,0.407342619012593,0.720050699503212,0.748216811900688,0.91328193790751,0.758098608109548,0.721552362700545,0.819310027218201,0.914483717041733,0.927404798197509,0.838292097435979,0.886416896838569,0.705047856293203,0.818042300215329,0.810803768436058,0.721445740308504,0.76679082329766,0.69883056451649,0.763651982445428,0.64485988239452,0.775817861402755,0.671633307328589,0.0779906968651152,0.642112329411133,0.693435733472773,0.122960556385406,0.479476502497319,0.704545929378289,0.219914640748576,0.870241666559529,0.831819230831143
"19",0.349967482596245,0.071678766188535,0.33780044167997,0.419033369440371,0.635549161085072,0.480254003974386,0.768822906844158,0.782860041786925,0.70977170306142,0.0836876746073036,0.829486340216574,0.821811388321888,0.844934851962643,0.820545800889378,0.568075794209867,0.050402782375193,0.858464580222241,0.933157823021759,1,0.814607811930104,0.640123791808282,0.869298457843542,0.873470420598015,0.36853042494882,0.488509359068678,0.608471249261103,0.730889441083999,0.888735328815232,0.885817930284529,0.868950463812199,0.872300984894073,0.8560185682078,0.750754985378623,0.655992761411313,0.659825025472482,0.176275089214081,0.00197826711039372,0.654085081003527,0.126142014406531,0.819579935472445,0.751084222176607,0.190736007181988,0.248214595170255,0.748365267087354,0.851638140086559,0.633732259701069,0.366551284407488,0.247941294723836,0.588567427319902,0.885397947074274,0.892639702932184,0.0866583040235027,0.404111868285581,0.659389270407663,0.69566258858223,0.857834568175365,0.710134714525188,0.627318611240887,0.743812793194448,0.862470587654547,0.892888340356366,0.771412105395734,0.851191604557989,0.666550778726718,0.766882097397451,0.802555384979152,0.668103350452716,0.728931878465978,0.679788424649526,0.687865792345205,0.619008935501173,0.742352236537044,0.620664782113776,0.0932097390879027,0.636857504257074,0.640261775141194,0.125762344877214,0.4583267366,0.658636031688674,0.262455544609491,0.819773312877799,0.763480253408699
"20",0.429946758158273,0.0738372433311262,0.380065745953054,0.381016158461016,0.662299115108729,0.518103273843775,0.740731091772814,0.762417422286827,0.726111446359462,0.146804825539617,0.821514276171924,0.823551115151073,0.814422258315051,0.814458638776575,0.502674736433188,0.0913117241875954,0.794452908536304,0.886243077419163,0.814607811930104,1,0.720426131310579,0.812255110409463,0.801603438211638,0.243345400316464,0.368069028816156,0.536212860491159,0.741791470514971,0.86728295626996,0.826136834859079,0.835992159682219,0.876127602262646,0.856494930160472,0.758476327043128,0.734910370182024,0.691659066747932,0.140895959677394,0.11120989198022,0.683747453888589,0.152782978491416,0.741239356864276,0.684796810430756,0.137221799091255,0.0409401576301247,0.745013206476698,0.807773427537603,0.513541937200728,0.45599596388523,0.263548571523898,0.402007760962967,0.834634919774899,0.851607565196674,0.0726277945363987,0.436594478854285,0.680183215255131,0.703026701367028,0.85641102475772,0.668260704893982,0.706295792650252,0.775334729956887,0.83767321334602,0.861827457517485,0.7534558271209,0.794546983108817,0.649370828946249,0.796110441424758,0.684681153497646,0.64241638379333,0.726320838967321,0.579597913026868,0.738158011141508,0.579408541328037,0.65350551969642,0.671605771473119,0.0719074378922915,0.547145136665858,0.690127264486748,0.0594116454926611,0.38982686951258,0.654861469252877,0.185680785415649,0.814578622349877,0.774083171597999
"21",0.422440587877121,0.0871274207556647,0.379878392344014,0.180438799772922,0.458673162653591,0.459521096841348,0.560059688796837,0.574011879669593,0.54683382906638,0.0556930140778263,0.652745456688567,0.669572037381888,0.667990149883165,0.613642771562186,0.412013024943813,0.120877674727054,0.695768235765862,0.711328364328839,0.640123791808282,0.720426131310579,1,0.615803488069241,0.693699430155803,0.279943842819922,0.395358831222902,0.435418142858624,0.53423583654327,0.71281248932285,0.67340886768847,0.728049671644453,0.678532198563255,0.686697075271886,0.678913848715975,0.60117855326017,0.597286581096432,0.169976963765891,0.0726909361093081,0.555357415872927,0.135442130298525,0.611322514234463,0.574234909113221,0.00334386274844713,0.130690842229151,0.586988173532795,0.606355926161334,0.485747986667692,0.354294836459199,0.169902961277583,0.288516023832661,0.690307027227083,0.68363957707683,0.0665836502925627,0.323267037337606,0.619351488920919,0.591942053333904,0.719143557854763,0.561855005967451,0.651497566222959,0.692054764274648,0.710601614073696,0.694501264172286,0.67691112122419,0.667175659677055,0.560441261486308,0.64008892945129,0.543849486757349,0.555488658986887,0.567471594012086,0.490198554224848,0.641813306843442,0.502266867907298,0.570746287456088,0.519129387981572,0.00997410986133593,0.416874025912284,0.543869583399163,0.0946091920467322,0.342886017597646,0.57623016331048,0.107474094601254,0.648885431713885,0.648970516324925
"22",0.363370347636308,0.0692297896933439,0.259305247452631,0.437300610511098,0.680628744960267,0.502457956667652,0.725282294236088,0.779664917242612,0.687206963058035,0.148583631850189,0.800994149978164,0.802815489469887,0.799984857465436,0.818223874571659,0.564511022055542,0.146387512577378,0.800276024255165,0.890039736509373,0.869298457843542,0.812255110409463,0.615803488069241,1,0.843220968947302,0.374969809789863,0.398287040790146,0.620665159222707,0.790722718192942,0.858071483395004,0.843250358971438,0.831253248688159,0.831812722893058,0.846870303284562,0.713002859092061,0.635892448820706,0.629421769203744,0.140383329138743,0.000690007009576282,0.696167772714422,0.0583266229948869,0.727090576322938,0.701669489564956,0.170410383469679,0.172920718764754,0.64285176595782,0.854055436346288,0.563139323477393,0.36592071686224,0.277657215849469,0.489729507428224,0.864752217117667,0.849668208881165,0.114454168042844,0.367688386326227,0.665384751159979,0.629797514112287,0.835794023593203,0.624157045814929,0.552849062077042,0.691546222538007,0.794709676431637,0.83846654707007,0.750789329064616,0.837660391098946,0.612493867040948,0.780765808860924,0.783353254462261,0.674165814265096,0.790799354435557,0.642075438855636,0.595786360867384,0.55537635223318,0.676442331087225,0.588573382003356,0.101522386113109,0.578319483205881,0.522760430958878,0.0979760039396847,0.415739012872616,0.573862306140444,0.213690572484441,0.800457891613005,0.759140180993874
"23",0.344544470411093,0.0281120809550061,0.302092491383559,0.372709600350695,0.589015714132034,0.53021601786873,0.725984419380487,0.768582185482746,0.671413201472443,0.0847927236866487,0.812859816751707,0.799880146046662,0.817382002569223,0.796188922069795,0.571243996051329,0.045131420241628,0.846538018726723,0.901260493837603,0.873470420598015,0.801603438211638,0.693699430155803,0.843220968947302,1,0.397971751777869,0.52952990920273,0.575377163014816,0.691942115880629,0.875054852706129,0.877506136194398,0.855658331816547,0.839188817330057,0.8408316413691,0.749595939314522,0.599495174002357,0.64433403579811,0.130713787102021,0.031665907392168,0.641538849833316,0.165383781227847,0.747877259577924,0.733532066509009,0.130733044148613,0.264908653610533,0.702930830580181,0.813076209353713,0.641616460770682,0.343642060673116,0.189141272564897,0.571491847613027,0.87825843944845,0.862671249632486,0.0646253660035211,0.293310467609933,0.678490463149282,0.662540890696309,0.864694417045489,0.734444918010001,0.628265241269072,0.761616512560388,0.879622507778486,0.842088205865692,0.854996108750541,0.858732954612488,0.674132842508444,0.78278916309234,0.795803516564792,0.679266393893243,0.686735905848866,0.698621685208767,0.704768039002586,0.651626151473462,0.737967163327535,0.65405648195505,0.143416455059539,0.627965775916958,0.570932958627477,0.207998750964151,0.522691291121946,0.602004634099987,0.2066481930512,0.798184098721911,0.796186159246068
"24",0.0801070626165494,0.047278743429885,0.190058254398291,0.117205227087268,0.190583335691406,0.295289648258766,0.233159710113064,0.193790537671652,0.105081351287639,0.0773011414572701,0.297939514091045,0.22279388822084,0.348702103211426,0.165931302081991,0.336181775896835,0.0788265599300194,0.466007012391731,0.372970434685208,0.36853042494882,0.243345400316464,0.279943842819922,0.374969809789863,0.397971751777869,1,0.400467731913102,0.277818599044322,0.324740751417567,0.348680273119859,0.372200854418193,0.39992136774616,0.225635232245692,0.300024138139468,0.389946492315464,0.138559527142265,0.0787743790958665,0.137003399528625,0.121824408543258,0.336927640314653,0.0230302122248068,0.267678827905721,0.304328725754973,0.017245682199691,0.443630277466711,0.190740929525709,0.258658957840678,0.38131688019759,0.174529632719698,0.0346891125469818,0.190896727832431,0.395874457820674,0.290038148541644,0.113591635113591,0.1285805624486,0.260541255327052,0.245928063551467,0.321184731038973,0.378324203915807,0.245725642894202,0.267163160486184,0.328584018686646,0.33687341225507,0.452533226383031,0.429880563743902,0.25749274166672,0.297490585528046,0.369586333779909,0.43634442677496,0.246646615035775,0.406878395238045,0.103237807172983,0.342878488366165,0.424505587621019,0.112647658842878,0.227238555721754,0.262356993989948,0.0114412903507185,0.149820433237519,0.354456968511902,0.144877895850424,0.107231812168758,0.316019329192381,0.309393762826767
"25",0.183746147064903,0.131282825368825,0.218435435791819,0.0663210454714205,0.213434446660175,0.331375773605738,0.423481645504127,0.298654470149768,0.210699437746694,0.0414756235614151,0.39890299554527,0.372109918553771,0.455205888248564,0.336079181267939,0.387482503767215,0.13702233087477,0.495546719888351,0.486206342597189,0.488509359068678,0.368069028816156,0.395358831222902,0.398287040790146,0.52952990920273,0.400467731913102,1,0.427741699004362,0.283321698105994,0.449492385765368,0.551845411371253,0.55221462263167,0.391060809797065,0.381412437379737,0.506735928757936,0.163465146576163,0.247767878218087,0.0940572020545318,0.111261753865042,0.3842291255504,0.153816647811457,0.462404404816939,0.49498287366425,0.211009586333161,0.406866971673972,0.294936763091522,0.389192230114148,0.440997399201437,0.117702162509208,0.119727104351543,0.385047019559735,0.517040324110884,0.445136410591837,0.0789726908036134,0.032430052000057,0.361109076465467,0.377691202000691,0.44777542908611,0.436927828549487,0.26891614930763,0.367126546382018,0.491406242960199,0.445061267031314,0.488261577169128,0.479802656180681,0.289433117598536,0.365900922705485,0.488828056989556,0.390847848643626,0.282001203470129,0.547094094422007,0.370772661239148,0.444991955002177,0.491964464066762,0.258276839368298,0.172269312220051,0.376894742435294,0.273781782539004,0.248206424168017,0.275629998624841,0.291047052670273,0.177203665020611,0.434493416428495,0.385881038415118
"26",0.237943903364134,0.0246906586598723,0.14944107783904,0.220860998688038,0.531069872542813,0.30374193181218,0.5819427861034,0.471655942222771,0.404012768678357,0.0556484528723874,0.529152948123557,0.503125472571845,0.535175206477321,0.52812785384537,0.418367526634438,0.00405106595520208,0.572122655753806,0.622307301288925,0.608471249261103,0.536212860491159,0.435418142858624,0.620665159222707,0.575377163014816,0.277818599044322,0.427741699004362,1,0.522406136232485,0.560394654199147,0.599244271463937,0.58768560333797,0.573106007369458,0.539171320499635,0.547885524933399,0.4200431825404,0.379404919328255,0.0972724814712762,0.0203099297334218,0.495794881873871,0.172353441851961,0.492541822860878,0.580689495339536,0.146848539668725,0.241844688788121,0.467435232296263,0.587164710481657,0.457290219357549,0.219534959955955,0.19062324839296,0.430718793484982,0.597512774821204,0.58679263721718,0.278289481534066,0.279207266453003,0.462818284375225,0.474485222021273,0.560131348904629,0.422388256578483,0.287627466905627,0.446371175142493,0.544996623609364,0.586522180713209,0.515193216197961,0.62834142822092,0.431237307763026,0.486979752882395,0.586802685678345,0.494899489252312,0.546280620911072,0.501193041027851,0.389137856096602,0.43711345266327,0.52983103584245,0.339774109932715,0.109535005165357,0.400040747786457,0.338126147678337,0.178012372765217,0.296098167068354,0.388044779887591,0.257940875007443,0.575810375642505,0.499631833848254
