"","1","2","3","4","5","6","7","8","9","10","11","12","13","14","15","16","17","18","19","20","21","22","23","24","25","26","27","28","29","30","31","32","33","34","35","36","37","38","39","40","41","42","43","44","45","46","47","48","49","50","51","52","53","54","55","56","57","58","59","60","61","62","63","64","65","66","67","68","69","70","71","72","73","74","75","76","77","78","79","80","81","82"
"1",1,0.0968234003805423,0.185762610586289,0.265827569741434,0.107399653202357,0.161721538123431,0.175780233721686,0.121667740993402,0.0863349099928521,0.177495131979168,0.132934214738375,0.038312436580614,0.116293571031183,0.266323291212926,0.160722833464973,0.233030443515151,0.16446390807707,0.138811715868043,0.167134863908181,0.173519617416083,0.187132048811043,0.0990275073416764,0.164782296434864,0.117665340269888,0.0217163104694267,0.161303182460536,0.156942611102986,0.165328260380622,0.179572822287636,0.0350846764410564,0.0973721829672888,0.152974784813087,0.133632357322463,0.153136010090819,0.0648016210603711,0.146658765752458,0.233453147737112,0.106670045285969,0.129318113185781,0.0716889000389268,0.103500811904276,0.232041712822998,0.218423642493757,0.166890715254386,0.0477055008956436,0.189940441037333,0.140494190679379,0.0127244934744807,0.163981841720562,0.0963083306168437,0.0931714332969385,0.04741282303868,0.232324307259182,0.14120848853704,0.0752318829221975,0.0155515072671141,0.171433468451122,0.0999240919694699,0.0171045589455486,0.147197096434969,0.193233244435118,0.0403455978825716,0.0811734797999057,0.0731480168738636,0.111989213345812,0.135425093832993,0.0945428250982926,0.134368080048655,0.0814507465777182,0.0521534651989893,0.1868002891034,0.183893151328952,0.102531333460525,0.077584941096334,0.150210764906608,0.35937867962393,0.11539763057008,0.0962187010960401,0.0145625731839523,0.175974435773339,0.0798724717498608,0.0574398756055863
"2",0.0968234003805423,1,0.119097886022918,0.103615715538755,0.131765946282677,0.170366421365445,0.212452400142927,0.117790931425115,0.15768076006092,0.0900794675893634,0.110363370611402,0.0955039594251817,0.104843124195277,0.180861716603525,0.119126138293768,0.148920443973381,0.175810603872931,0.143520592807676,0.116518364425671,0.171566691167278,0.162508553101294,0.131107217758322,0.174920698695161,0.0293586303175729,0.0233848997955812,0.0715735403541512,0.0959085556005216,0.190449208921909,0.192379862445552,0.167970450094646,0.139122734215715,0.156779876014267,0.10809392163482,0.00632106939145624,0.134239828171906,0.0971736449071946,0.147929215464475,0.148819906738411,0.11047366580393,0.133976563103891,0.0897517668026711,0.138657128024144,0.169298053013383,0.184240072905684,0.0362064231088189,0.174083468975313,0.108353342437171,0.0121458258760446,0.115943304796004,0.16272414964318,0.134744851603764,0.0839037579440979,0.13160897708093,0.166074863446636,0.177767427889061,0.0207857504873332,0.185920459600788,0.148573986169121,0.0651753248197567,0.174123372660041,0.170145093743697,0.140309557030007,0.123871870481344,0.0752682534941699,0.21505135752087,0.155888450135984,0.0177012090236191,0.167276273220505,0.0890331427966827,0.0179983869585233,0.0809815442579726,0.0946005646347663,0.174036958176581,0.14646543294115,0.177731211800747,0.183354857374781,0.0546912734747239,0.0587939065704185,0.0229199419173536,0.148520325565178,0.00513991661062551,0.161602645267553
"3",0.185762610586289,0.119097886022918,1,0.448411826731546,0.362938848132778,0.522364556344661,0.488534896075334,0.233138665749933,0.0538463422831269,0.0827305750550486,0.540778102412387,0.440315256334604,0.358767070446243,0.545025276154724,0.459762049732471,0.49816661738961,0.598181431746058,0.585825127222182,0.521792429748514,0.594131121028643,0.609639873394085,0.535185921268249,0.573171526207174,0.118798869365526,0.202819828788985,0.059621916375574,0.264271708115936,0.575988978949584,0.587551524383035,0.352975030415319,0.50017509740396,0.560253927523719,0.567058395682758,0.131140443180291,0.279805185275025,0.176290936883083,0.439246860747678,0.375203018033502,0.360930903748764,0.432896648554109,0.474867168029934,0.475934350104905,0.237093989362933,0.567216957418754,0.166268587226632,0.469540927611655,0.45366568916042,0.00968046376208784,0.470262131283993,0.513314156104886,0.542813316098448,0.169044740127366,0.411033147556588,0.502363670543968,0.334449581040041,0.454582808842388,0.58057376108941,0.462952372141824,0.433042663625712,0.586599051693832,0.602065170624914,0.515633955365837,0.547046169023946,0.406028245066468,0.514014589709981,0.471852360166547,0.153855169368633,0.512444433597925,0.302508120260603,0.189258274295371,0.457748131052875,0.442992056914659,0.41650096117878,0.0277345528296703,0.457946315159486,0.29568057939959,0.412248477160336,0.203096260400438,0.00115807993840686,0.500684912007543,0.0723676730893415,0.507075781368788
"4",0.265827569741434,0.103615715538755,0.448411826731546,1,0.309253026782476,0.3485074742462,0.394119683847183,0.0933039193533516,0.172933896473716,0.1386204010929,0.463076120017926,0.230847866498173,0.260010240817869,0.496759286909273,0.42057197700382,0.447278786440638,0.451527909498315,0.403253389576942,0.35716777123112,0.431830138770783,0.448887574552171,0.337595471791543,0.373871882681844,0.0838399433635768,0.207653094198087,0.227674602960864,0.181207457933011,0.445974555313593,0.427897272547441,0.18989671779459,0.30097157333083,0.384453909120654,0.392909998084656,0.10801315490139,0.147274113558056,0.0829903689194277,0.247128346958713,0.404216167982109,0.195472059089276,0.350451090801302,0.270345008552432,0.294875174778286,0.181966377874508,0.392465753390836,0.0511854602443324,0.334625115473505,0.417968888379602,0.0573684695097262,0.353822689726704,0.419944630739516,0.395594313165897,0.0251997165573714,0.289580889501256,0.336895373774962,0.193464006367153,0.282944520426266,0.395079035615144,0.321383953111535,0.259557877858371,0.410317450730826,0.441043864167781,0.383936675142674,0.344985367832683,0.169210950052721,0.35060308357032,0.386297138968587,0.149752749768981,0.315478175054699,0.21089513593502,0.150668451912519,0.313530031659089,0.359627181598182,0.221476962590949,0.209190204956786,0.272231953624056,0.417246400850818,0.283465573821752,0.0916959213999218,0.0745984411255229,0.323937275727803,0.258865885575458,0.300911659175851
"5",0.107399653202357,0.131765946282677,0.362938848132778,0.309253026782476,1,0.516003278486926,0.464447142098356,0.126735218794823,0.0502312536364909,0.143819280878564,0.488005822803932,0.483380072074488,0.256662852358289,0.441596222118518,0.352548516028233,0.429097540830974,0.570704790337118,0.596997890864841,0.491150496509949,0.540387792457733,0.520797483804309,0.495743007929476,0.548720839825462,0.235223843198098,0.287041518977879,0.0938761096352331,0.288743267074399,0.55830251630022,0.541217558276956,0.44584912187206,0.542335366143793,0.546418288131595,0.529075211399411,0.0372193272136432,0.343984038718989,0.106594786870891,0.366822180811826,0.382146926383183,0.116642277198349,0.442482439509575,0.398337388423199,0.336593336533187,0.256155266054534,0.544587496337508,0.353675474936681,0.448917883934249,0.375668995814722,0.149198326531682,0.483465480295274,0.514778970576626,0.583648340165593,0.360241722964167,0.255207396392788,0.473447973668955,0.399209142797509,0.410533864311059,0.506866270870821,0.484357540937248,0.514738491489651,0.577036463011268,0.5385995865716,0.56078582966215,0.551490452611212,0.417074511684692,0.526613535712291,0.481251179464898,0.0149875878011063,0.355357034980711,0.330323904178568,0.218884712715642,0.441527686346502,0.397508987566178,0.489414653806132,0.027332102639015,0.365955576785789,0.0979231393786041,0.399079459719706,0.249282990499692,0.122719228344806,0.398043622389243,0.0275479633453955,0.484882610722406
"6",0.161721538123431,0.170366421365445,0.522364556344661,0.3485074742462,0.516003278486926,1,0.793455188622792,0.338179259891727,0.0149551214577645,0.129336599216162,0.757593771656519,0.783808927655681,0.452519551755159,0.702297001472132,0.417439830194613,0.583946733899704,0.848323294301655,0.856940247803535,0.704725450536953,0.834006955950918,0.841070748761435,0.684514954453424,0.882726762333187,0.365482816128923,0.193497728929908,0.206434960540973,0.273977822418914,0.855252096800369,0.779256233169206,0.634029927206984,0.811445886039622,0.826475623168638,0.827971028838984,0.32401197869291,0.466424790319714,0.199789308330386,0.606208395734412,0.452794273645769,0.206562863894724,0.714167054961235,0.722085657239125,0.770287635600337,0.588212048921511,0.850242166529792,0.502988548500371,0.692618839452603,0.53228515699901,0.0985424780294595,0.71353970337193,0.720978998275438,0.811350392413066,0.391018346194894,0.660843653841892,0.7598665464054,0.610209188624789,0.594960526967565,0.823915096958642,0.545662949968084,0.70385386391344,0.853945752112661,0.80287209777316,0.634172443891484,0.764389056948052,0.728372158724591,0.82267114505645,0.691919993183092,0.179357383833342,0.651527128348427,0.444964379081755,0.0545164732481581,0.681349202002311,0.614699008869757,0.733676165171681,0.0666364136281653,0.706545203908362,0.135856865643633,0.615808382021156,0.419915884191258,0.16511262264514,0.765120949235327,0.256059029624683,0.70484450598965
"7",0.175780233721686,0.212452400142927,0.488534896075334,0.394119683847183,0.464447142098356,0.793455188622792,1,0.329557748520334,0.249377446212089,0.0961651225733937,0.664659471811309,0.708522283163311,0.304387218687547,0.646435143619134,0.453120139238671,0.528806418329125,0.734677308782864,0.763645000220779,0.752039685471979,0.750688260116305,0.771300459524112,0.576839422920593,0.809208747970547,0.208139055542355,0.0930838831762642,0.221502073044182,0.228880749354969,0.779745423731045,0.722316760275288,0.558323482849009,0.720257554526618,0.770616988941017,0.718856361931318,0.324334263451369,0.498674333717574,0.200525570672223,0.554458573155409,0.313564740816828,0.216806198237648,0.661515394161638,0.634815171187321,0.761436342610561,0.631294023502093,0.780716169448475,0.430576679527769,0.72116759742634,0.519090442231214,0.147336971369611,0.612733685701351,0.652227056447212,0.764005756583266,0.398444881296274,0.67263763683473,0.67744161813231,0.570738798787913,0.431811967887217,0.785137408864687,0.465471587932144,0.538886026227792,0.774239897337164,0.770206570175194,0.59308040028184,0.73301180729753,0.668620209782004,0.765551479099108,0.616402702011828,0.14199694593261,0.520701213639752,0.424664401546459,0.0160553744532096,0.626495827549431,0.517100727667895,0.769104965366887,0.0913658521788437,0.646237348461055,0.219485952314057,0.520675925422476,0.380429374285089,0.17917275722717,0.704892064503942,0.205885622127267,0.59296015390287
"8",0.121667740993402,0.117790931425115,0.233138665749933,0.0933039193533516,0.126735218794823,0.338179259891727,0.329557748520334,1,0.07260078251705,0.15834773227588,0.151597339278535,0.267989643828289,0.284339153711705,0.193892621232777,0.114159474397057,0.217301896255864,0.301008731987301,0.261810069928989,0.207550454910276,0.347574143006827,0.363462719206843,0.211116313754517,0.40134692304879,0.0471241178979544,0.0535304240007256,0.0178680575235526,0.0933196845319102,0.311565713600181,0.260306297458716,0.190237941716806,0.270025200419526,0.290084692106138,0.282667153514414,0.254447282856335,0.228842746639725,0.2465244853089,0.324535733621372,0.0542867135475116,0.166281859492356,0.320959233960075,0.305667368780664,0.453064728710507,0.296791328657455,0.377812498280731,0.216030862881818,0.384981547243088,0.154922600906956,0.119382667030312,0.26203045392286,0.23782135229222,0.238237211267669,0.12575020576263,0.479689023342297,0.32907082138293,0.153672850965577,0.0905151757059899,0.370607128951752,0.0283205828917679,0.121191441437482,0.33978673385146,0.338832585699018,0.148751713606237,0.171844029800434,0.359509127639826,0.369421575341876,0.287949671588351,0.272593090958932,0.300385670639554,0.0946072624890758,0.143383143727449,0.179775285484924,0.277791939638021,0.368016309440295,0.189848245443746,0.39258632343816,0.247651055372386,0.210310966269793,0.138025665213253,0.0781915702913743,0.318330686478312,0.227679509335231,0.278468827848622
"9",0.0863349099928521,0.15768076006092,0.0538463422831269,0.172933896473716,0.0502312536364909,0.0149551214577645,0.249377446212089,0.07260078251705,1,0.121959324716559,0.0205778179644468,0.077800193883191,0.277292273805112,0.113661018781209,0.289253776186398,0.0515386903172225,0.0395292463409635,0.0272071693123008,0.288355999379499,0.0586650295687095,0.00732198567220329,0.036640240526915,0.00985019329185704,0.242738775805502,0.100548429509183,0.0915223630912295,0.0618163133838254,0.0147670705520831,0.103734581035338,0.166125447097755,0.0129667922949237,0.105752672213999,0.0464566730099703,0.0262773748505516,0.154401550538431,0.0163390560378793,0.0070934083708379,0.160288044971765,0.0455342894916982,0.0370143256175101,0.161644582257099,0.0243175078733073,0.192718494351722,0.00933602280214407,0.0363754391807971,0.17022573581001,0.0733358441088667,0.123040289778794,0.0794078206604684,0.0715934419567737,0.110314947724051,0.167801962107151,0.0279412175597672,0.0520006214929079,0.0375407101513529,0.276310018898432,0.081007388641932,0.12150988920486,0.169833019612429,0.00748893379942534,0.124241176270476,0.136776524087131,0.139161416853321,0.042932328956909,0.0436690577088309,0.01127640933226,0.237839251177908,0.209677436562588,0.092782552444034,0.0578096279514863,0.105014061382034,0.129251718180933,0.162394920906295,0.0459018747541945,0.0111735937044387,0.270173774541348,3.0107978966244e-05,0.0315972646792524,0.116757579670698,0.00604886589431509,0.233243413202365,0.110666937461056
"10",0.177495131979168,0.0900794675893634,0.0827305750550486,0.1386204010929,0.143819280878564,0.129336599216162,0.0961651225733937,0.15834773227588,0.121959324716559,1,0.103909698265623,0.158868017417906,0.126948973692511,0.0561149757177223,0.018865191404934,0.134769247979269,0.000205791123197513,0.139092537714477,0.14705963915984,0.0316017561013832,0.0560145164461429,0.0497321752434755,0.0913387400452962,0.232386637336035,0.0419785067738,0.314305537698315,0.0989671870225422,0.115912717264649,0.130884025785758,0.235684768331942,0.121919418388926,0.11630824646473,0.068418928739137,0.052224416108975,0.168836233133094,0.0628502475163074,0.0608515689658982,0.0577459821908092,0.134149377741311,0.0522833478324154,0.0182556122489509,0.051265329678066,0.15381619065323,0.0691505465307106,0.187766725158715,0.0320537381256965,0.0736225382945667,0.0951695741972764,0.114021066860704,0.0314102147074195,0.115281017341573,0.235389305111707,0.0720974936906127,0.0823926865521266,0.22239277082474,0.0386464852287047,0.0486245663401618,0.196126110477253,0.127646039388437,0.119685676788203,0.0498672117104145,0.155166119143192,0.168606453914918,0.0871801397190723,0.11705474294622,0.0436993011061294,0.175971493549097,0.051399826795739,0.0333236295963955,0.0792938668971192,0.177595922648709,0.0247840069418075,0.160952897892938,0.0971314797197885,0.024349899782646,0.222843926421055,0.116677770772892,0.144712048465617,0.0698002002774322,0.0746713013611247,0.134857690738602,0.0666512725867281
"11",0.132934214738375,0.110363370611402,0.540778102412387,0.463076120017926,0.488005822803932,0.757593771656519,0.664659471811309,0.151597339278535,0.0205778179644468,0.103909698265623,1,0.71366368524955,0.453864179700782,0.695267386189038,0.48083839528066,0.610010541758461,0.832889358417863,0.803582565069098,0.674290710713696,0.799860468262807,0.791125004208672,0.717991103416901,0.773546636438981,0.254821429279735,0.263770846051469,0.0909108316559794,0.376319560223725,0.807319550510093,0.79436404363866,0.533747246721146,0.752914504576639,0.748362439988469,0.813460395267213,0.195503228662928,0.426707304086188,0.156129754254101,0.556839662071378,0.535326095128248,0.320764337842805,0.642976879999783,0.693789891354499,0.629120075740347,0.433666936759006,0.790660075513949,0.366645725494267,0.601713337392132,0.518532122584651,0.0906767737653272,0.64770471088032,0.70453892376733,0.774352265087988,0.27840475417822,0.513439711446138,0.718622220985628,0.556718879554568,0.680361073615901,0.761212497062103,0.633219363151062,0.700294828339474,0.805627993670967,0.768572873341088,0.666450970578245,0.779721441199359,0.614641895324559,0.733186450497519,0.688099659696908,0.157921787765682,0.643558141196521,0.405166284159079,0.164567253440723,0.618584487145471,0.599893545400155,0.595428818605172,0.00268649368100882,0.624995554245837,0.19748177575949,0.535057547436171,0.371642198441321,0.0404635089374634,0.65449400632384,0.0570096746868404,0.710075394567955
"12",0.038312436580614,0.0955039594251817,0.440315256334604,0.230847866498173,0.483380072074488,0.783808927655681,0.708522283163311,0.267989643828289,0.077800193883191,0.158868017417906,0.71366368524955,1,0.430545385846137,0.591470027407948,0.375370706047705,0.518274975605732,0.775214301205457,0.819665701691099,0.680925106625763,0.769515080484874,0.785024841330863,0.674186329629207,0.8378925187726,0.45916758551636,0.250729237450635,0.182627266018104,0.277757296985525,0.806156447353067,0.752726251191242,0.667005513691333,0.812728350272432,0.770680962697596,0.809567987171881,0.245221028965109,0.444243766693995,0.163823928619696,0.520005045798564,0.410842424234482,0.216660362163264,0.649374451724601,0.697806544618834,0.726942601401146,0.548133968630277,0.778826093185316,0.534552722167907,0.641543044382852,0.440062661347585,0.0178554133717253,0.68466609544479,0.634497388836993,0.766123831859657,0.343758436449738,0.549425911860321,0.750926404408526,0.544831185522607,0.628771848486732,0.752288869633298,0.542355998900823,0.732837254386416,0.794713690205584,0.739620770161751,0.618722275051023,0.770400487528237,0.758604877852156,0.792492091000149,0.625044329695797,0.141590094603062,0.579554760069229,0.363621237775773,0.123494680279131,0.604074721069016,0.596346137225637,0.682279187914508,0.0691487517365776,0.679048468028556,0.0647504974985696,0.579723322004106,0.405998632402611,0.144239497909466,0.687099822836608,0.3577658308145,0.667292788380503
"13",0.116293571031183,0.104843124195277,0.358767070446243,0.260010240817869,0.256662852358289,0.452519551755159,0.304387218687547,0.284339153711705,0.277292273805112,0.126948973692511,0.453864179700782,0.430545385846137,1,0.406901314603674,0.267815050021632,0.436796726208034,0.571821377340555,0.51725873498899,0.307050540173003,0.519376225398832,0.475958335302348,0.498615073715482,0.513164461555664,0.311981859484296,0.193322005908309,0.127678558839749,0.140845136438535,0.478349843002666,0.431883900113016,0.389304330784261,0.513893686424643,0.450717183157808,0.532755199748072,0.127144941033991,0.239970887496242,0.0962337835050048,0.258739143622848,0.387491671774863,0.271111616929992,0.398011575952183,0.497213273990772,0.378187970365656,0.215659208416778,0.507555440481501,0.347475009238059,0.383737096906892,0.22767352244831,0.066057866783017,0.369939371549892,0.484492277919105,0.454316365945045,0.0985037755754915,0.387665672074491,0.471122296753021,0.224235426232224,0.483509256502424,0.459267520085113,0.318700644073727,0.496929335519996,0.490966026709963,0.497780442817199,0.428996690499168,0.40716169452112,0.443206514774612,0.46214471455975,0.473125179235831,0.170688261664122,0.526602265112207,0.264844331242215,0.151970303429408,0.287944595218196,0.444655485672973,0.309463854170967,0.0206926245035372,0.457990501292996,0.157197070118225,0.333451646335377,0.183928759765663,0.0246354070818355,0.402454678305077,0.0968748210194434,0.497785603713908
"14",0.266323291212926,0.180861716603525,0.545025276154724,0.496759286909273,0.441596222118518,0.702297001472132,0.646435143619134,0.193892621232777,0.113661018781209,0.0561149757177223,0.695267386189038,0.591470027407948,0.406901314603674,1,0.501484871533652,0.628221882224561,0.76412515965714,0.721572679957074,0.666264532215265,0.722561447402393,0.717645736813319,0.635715155363044,0.699154173384854,0.136678107786992,0.201899812204094,0.0216188971751258,0.372146097698559,0.761287022991642,0.779551944657384,0.473134243333767,0.666300568376276,0.700108621517562,0.703983878440807,0.20917666146175,0.405747386410588,0.148598559148355,0.494903349144299,0.444315853978318,0.237109749220007,0.535438733233064,0.548265781899834,0.631146225108766,0.454592854731002,0.692495672552252,0.302194571976195,0.593008744427662,0.531251240301238,0.118750699070095,0.629756142847857,0.645226392955806,0.690365141436613,0.236369794720926,0.507609471009391,0.641055383973028,0.481086822239997,0.460087036765273,0.718079534329244,0.617091496801951,0.594131987927083,0.73711302488168,0.723146640025316,0.602745688887887,0.681417045221995,0.488108265459244,0.656878382290434,0.630569014702721,0.109749897865631,0.610582995505355,0.429516695798455,0.0908969340938177,0.604981255226732,0.513466075410344,0.578062247354469,0.0146433243921186,0.546169101691575,0.339662903950329,0.482838384729704,0.281312568391846,0.0892986735071509,0.663798302352217,0.0654424033324454,0.604305089131754
"15",0.160722833464973,0.119126138293768,0.459762049732471,0.42057197700382,0.352548516028233,0.417439830194613,0.453120139238671,0.114159474397057,0.289253776186398,0.018865191404934,0.48083839528066,0.375370706047705,0.267815050021632,0.501484871533652,1,0.472151644174266,0.533165440638409,0.506143216949983,0.524662276246687,0.471964767343843,0.507035478889646,0.431304472895815,0.492852816007209,0.0449556187908633,0.115256784916724,0.100198328125058,0.240186605568081,0.524343234742233,0.548389760707257,0.402193890443631,0.458472542463261,0.520575199752032,0.490531503074159,0.0559238625363422,0.259740490470555,0.0790093762473879,0.316990286827938,0.298053781633876,0.173601311600917,0.374169185043782,0.298595854103875,0.394621412312618,0.282463489736225,0.467952180317551,0.147726908917803,0.416146564671753,0.343842836599108,0.117875776398229,0.3800996836656,0.483877445729677,0.503265193170541,0.152847956006378,0.291189117841625,0.373208158312795,0.240843654900852,0.32046797154581,0.504740968204087,0.447301416012712,0.335180084582119,0.508599172050356,0.564036468965216,0.514448883617676,0.507582922027124,0.351278751653579,0.450648587179658,0.377061825042142,0.0221564688243891,0.326185993964162,0.367559329347489,0.116732709502045,0.397258584076003,0.363326204505943,0.419020770747873,0.00438006192939953,0.351878051161477,0.364054126509505,0.329810158864157,0.138057213533718,0.062847608210934,0.400482002430349,0.129432101106676,0.4296232933721
"16",0.233030443515151,0.148920443973381,0.49816661738961,0.447278786440638,0.429097540830974,0.583946733899704,0.528806418329125,0.217301896255864,0.0515386903172225,0.134769247979269,0.610010541758461,0.518274975605732,0.436796726208034,0.628221882224561,0.472151644174266,1,0.683122797580022,0.638046676912687,0.56820780106546,0.643206875703961,0.637503196959563,0.553752746429131,0.639746439822785,0.142390175078587,0.159066627029535,0.114814013283686,0.214722273543102,0.646756461678422,0.644561996935969,0.40783205747524,0.591497525051052,0.628208616310635,0.648782133193383,0.180668933113926,0.311400414244116,0.133707274839529,0.455928007198018,0.402193089604109,0.231164861897525,0.498110858549276,0.537356700980718,0.521314574918138,0.388281042611116,0.606750370786026,0.265685579449563,0.571682140391384,0.488656803048998,0.0182502856858731,0.525866716290176,0.579934049265917,0.574106218984639,0.140122624239429,0.484936437075568,0.562157064734839,0.340139910543329,0.473660036259897,0.65308865030661,0.471427291624854,0.516715308822958,0.655922679434788,0.638978042063368,0.549306715915422,0.567706588711945,0.467381369381852,0.59482517353205,0.565448644002192,0.20742485687462,0.548318680555137,0.342050569554195,0.126480221014733,0.47516925135034,0.458731244731344,0.463861543090159,0.0182850599922676,0.51501895077915,0.410196437417073,0.412516163912776,0.247342942591492,0.0708296658454297,0.581998687046575,0.0266955882340843,0.527733660890958
"17",0.16446390807707,0.175810603872931,0.598181431746058,0.451527909498315,0.570704790337118,0.848323294301655,0.734677308782864,0.301008731987301,0.0395292463409635,0.000205791123197513,0.832889358417863,0.775214301205457,0.571821377340555,0.76412515965714,0.533165440638409,0.683122797580022,1,0.901124079980408,0.747113007548142,0.89452055222194,0.87947564210343,0.782200680483604,0.901266538581155,0.32699795189693,0.249081412631977,0.0698280656187665,0.359647077055991,0.893244169276507,0.849474868654875,0.637013688954848,0.855881168331881,0.837270076569401,0.889148180123785,0.209952371191039,0.475047309999922,0.173556815547164,0.602555403723983,0.556794769495043,0.330170329849666,0.714875810905061,0.767556599699786,0.719973352289725,0.480893637284077,0.86435055132511,0.495791700531456,0.744983542015966,0.580825059191122,0.0619454000666722,0.725666923552655,0.807420145896251,0.854945000762793,0.324828507186747,0.632360446590923,0.795587817961376,0.562260625958715,0.693952978323342,0.865776212347192,0.651068826793321,0.792389059534014,0.883377162467383,0.873314844580242,0.749033255778861,0.811415980244597,0.719940827309223,0.837274195921789,0.746765323228231,0.19363142683768,0.741992317177324,0.483189849501884,0.149869480190811,0.654972867330637,0.684387166141824,0.664186699113297,0.109429323658171,0.712904001845929,0.256199014024029,0.58415958446709,0.411024333634454,0.0833073818976074,0.744618989691518,0.115791380864922,0.776803651346474
"18",0.138811715868043,0.143520592807676,0.585825127222182,0.403253389576942,0.596997890864841,0.856940247803535,0.763645000220779,0.261810069928989,0.0272071693123008,0.139092537714477,0.803582565069098,0.819665701691099,0.51725873498899,0.721572679957074,0.506143216949983,0.638046676912687,0.901124079980408,1,0.755910508259069,0.853746148191111,0.857938633941386,0.794984743059431,0.907432845288876,0.449109398209633,0.272791841690641,0.129951236360804,0.338682349410906,0.895635605976578,0.855720099931595,0.751874681722204,0.863587630726048,0.878248672282721,0.86550745422174,0.174969975515962,0.512953808749098,0.1636284719189,0.589375567642908,0.524443546449066,0.234280917944975,0.731361171738395,0.724739196477463,0.691174838491462,0.533824204963626,0.857878180956599,0.555866264249294,0.743444073659432,0.546105374801832,0.0744153304593528,0.697348175314472,0.79781283156895,0.857871835310567,0.439983440166923,0.567061721322057,0.780654039555008,0.615322486211886,0.69384207946057,0.837883182999486,0.684006262739385,0.819583069619609,0.894943987794887,0.864766306114388,0.795325277442526,0.857663394671841,0.761317830390138,0.832439591623231,0.718654437215808,0.0700000724353423,0.655122177543008,0.505464091229332,0.187130812019501,0.68382030709328,0.650422069460846,0.740554160012823,0.100720045303597,0.705422240711921,0.169657290165234,0.599707420704304,0.454923843010964,0.0577050160063839,0.73245777285488,0.175388706618522,0.759149127600818
"19",0.167134863908181,0.116518364425671,0.521792429748514,0.35716777123112,0.491150496509949,0.704725450536953,0.752039685471979,0.207550454910276,0.288355999379499,0.14705963915984,0.674290710713696,0.680925106625763,0.307050540173003,0.666264532215265,0.524662276246687,0.56820780106546,0.747113007548142,0.755910508259069,1,0.707933880721078,0.750314623248154,0.612360722648922,0.778975148245975,0.146288568485846,0.179220999188676,0.18409173948336,0.348103830345538,0.746007632641187,0.76653859655785,0.588190352453987,0.728584088657989,0.73755962702139,0.723724187133759,0.235758892807939,0.451522096416227,0.184670283842808,0.493224430697206,0.343599099795674,0.276292209177369,0.6341025631412,0.597939691930207,0.665020559404421,0.555504041437678,0.732469521968792,0.416509257148934,0.700106777419601,0.490707791622975,0.0788408130135893,0.613998696872772,0.646847013127802,0.739861634030219,0.343769171646516,0.564818741384546,0.678643473055434,0.516908610027523,0.487573288129492,0.758168169737565,0.567402691891723,0.585845953712598,0.762812138127891,0.752737606287745,0.660148018333646,0.773073160587451,0.591269972691047,0.750978908647935,0.589115095743178,0.105892350681761,0.479139896994399,0.423661769401367,0.0622268238211305,0.625741416194117,0.493793457921586,0.681687262217282,0.0800368728203146,0.641736314280323,0.306120619196363,0.504318971043588,0.378589378111742,0.137250691950527,0.662235313903361,0.0973899022156063,0.564169112554459
"20",0.173519617416083,0.171566691167278,0.594131121028643,0.431830138770783,0.540387792457733,0.834006955950918,0.750688260116305,0.347574143006827,0.0586650295687095,0.0316017561013832,0.799860468262807,0.769515080484874,0.519376225398832,0.722561447402393,0.471964767343843,0.643206875703961,0.89452055222194,0.853746148191111,0.707933880721078,1,0.863565857906502,0.723374786978501,0.889261333290632,0.308115026766443,0.226315892188438,0.105312626420635,0.348196902359989,0.877004263369015,0.804201005866221,0.567969747718273,0.815480287542457,0.792791708182703,0.842980401339273,0.276763305755759,0.47810093924355,0.241178576128424,0.594355779202768,0.551374423302905,0.369252749209212,0.69284414999047,0.789260374980305,0.742958464852805,0.489559249669902,0.877270200977926,0.455305132558941,0.716012042347318,0.571982977428533,0.0393595308580783,0.708315212476129,0.753799206190374,0.829769152490293,0.316824957276427,0.671978917464003,0.797816406679264,0.551339169143114,0.661368322617823,0.863282192247141,0.569059765974997,0.735114023381566,0.880264492387333,0.836871386758988,0.696352854526503,0.767759613754711,0.735322652594389,0.839496251649537,0.727534254841453,0.256442907568739,0.762132705389964,0.505289978556742,0.0944087276622566,0.631805640983465,0.683420631738684,0.67885997491819,0.0911738472809097,0.710644416378588,0.241747029909018,0.576721325822281,0.370131991713661,0.0874494384850616,0.777901580308133,0.162604860994692,0.775407852089363
"21",0.187132048811043,0.162508553101294,0.609639873394085,0.448887574552171,0.520797483804309,0.841070748761435,0.771300459524112,0.363462719206843,0.00732198567220329,0.0560145164461429,0.791125004208672,0.785024841330863,0.475958335302348,0.717645736813319,0.507035478889646,0.637503196959563,0.87947564210343,0.857938633941386,0.750314623248154,0.863565857906502,1,0.724841233780142,0.896576738929104,0.319107518426575,0.237723253387191,0.166225620439234,0.347928086954163,0.884046137461977,0.837124189481298,0.628146697234922,0.837126344101299,0.845893798301664,0.868138950293103,0.32786839181,0.479746410639715,0.23111189252675,0.615417376700981,0.499382106574936,0.339423974930782,0.720524370456381,0.762803867331743,0.770673592083735,0.532448938696806,0.877546376612718,0.439012619441823,0.743631079023897,0.561604842980965,0.0230937254257338,0.731415344956613,0.725628208373679,0.826220017434246,0.365676183188592,0.656201463330596,0.787295687111412,0.59234364382339,0.635934015935624,0.854383445655837,0.609048036919,0.688117943284031,0.882582500723619,0.864857883450105,0.705655053207754,0.805012551695439,0.743858271652357,0.838649147485386,0.678373389026634,0.198633552080481,0.679580858661995,0.415874794709064,0.103135581400324,0.652285989077742,0.658678428482855,0.698298553832361,0.094565861589217,0.699240006320359,0.252956769855871,0.640347621782047,0.371966271208118,0.12168781775896,0.768772064472297,0.189803232955413,0.751186214265765
"22",0.0990275073416764,0.131107217758322,0.535185921268249,0.337595471791543,0.495743007929476,0.684514954453424,0.576839422920593,0.211116313754517,0.036640240526915,0.0497321752434755,0.717991103416901,0.674186329629207,0.498615073715482,0.635715155363044,0.431304472895815,0.553752746429131,0.782200680483604,0.794984743059431,0.612360722648922,0.723374786978501,0.724841233780142,1,0.715707710809632,0.375211174839144,0.291988136563691,0.0914121433812223,0.365727328366337,0.74641523671718,0.720920931352243,0.61553973747953,0.715484388298853,0.698546751888065,0.742474238586476,0.126556763742312,0.455878596460493,0.13412755427511,0.477616171449142,0.523228717078935,0.287372336079821,0.595447749048369,0.65700926451406,0.513936354323904,0.36678387115575,0.728636984537472,0.491836194337646,0.582458808567396,0.424593121772343,0.0277596013093778,0.540118483957838,0.670437893513829,0.724065690982619,0.271968779784298,0.397635028763551,0.648889242106282,0.539317462978074,0.631778548718588,0.696567335395763,0.624843222384508,0.75117464813619,0.742905709186433,0.702810252786462,0.702781522161887,0.731666267203459,0.619675946004404,0.663091085343687,0.606155098720205,0.0223530986166039,0.623414413641089,0.437899574516943,0.199954291756995,0.536936230181609,0.563454899527534,0.512510212632499,0.00039788986581655,0.564187186076742,0.15867836974345,0.493223783847019,0.320746602925487,0.023514277690553,0.572219755174813,0.0291297928046003,0.677836509421826
"23",0.164782296434864,0.174920698695161,0.573171526207174,0.373871882681844,0.548720839825462,0.882726762333187,0.809208747970547,0.40134692304879,0.00985019329185704,0.0913387400452962,0.773546636438981,0.8378925187726,0.513164461555664,0.699154173384854,0.492852816007209,0.639746439822785,0.901266538581155,0.907432845288876,0.778975148245975,0.889261333290632,0.896576738929104,0.715707710809632,1,0.358372590634485,0.198926077051784,0.162128850238996,0.290302971756293,0.899657944370912,0.836485712963209,0.689706189164996,0.875706718302547,0.861251774623705,0.871673415867898,0.27394660017007,0.518989726169539,0.220936235500649,0.6136324996898,0.486507041929176,0.30380037307166,0.75144960531197,0.776914798016515,0.796265795058747,0.59255398998344,0.898874837115529,0.54869739569725,0.779251888848309,0.554448894928814,0.0290981449627471,0.736559195057466,0.765122223128727,0.850091859682866,0.399264040265016,0.70380461991345,0.815369196370888,0.604287927106263,0.637676219305929,0.888745948346264,0.561169664815766,0.734057486563282,0.902130881373868,0.866183533036966,0.715160610253923,0.809816550752205,0.79949724451372,0.889595891875266,0.716219875774546,0.232946992573572,0.693395399645768,0.458041226313592,0.0669332035831222,0.674574912654963,0.673116959764988,0.778688621026606,0.125775723150032,0.764951836194173,0.22912174497929,0.634393665753311,0.4514856488783,0.129768992831107,0.784264554289146,0.296046551468345,0.757347310127919
"24",0.117665340269888,0.0293586303175729,0.118798869365526,0.0838399433635768,0.235223843198098,0.365482816128923,0.208139055542355,0.0471241178979544,0.242738775805502,0.232386637336035,0.254821429279735,0.45916758551636,0.311981859484296,0.136678107786992,0.0449556187908633,0.142390175078587,0.32699795189693,0.449109398209633,0.146288568485846,0.308115026766443,0.319107518426575,0.375211174839144,0.358372590634485,1,0.217301098802095,0.211772689430014,0.161975606471594,0.33081164122664,0.254026365754926,0.476478258838462,0.411035566540978,0.36354174013673,0.367904205599894,0.0275235134359271,0.28663630236789,0.0509843436929125,0.189202180687021,0.179291645007085,0.0298429562015303,0.309101386843807,0.335420923083266,0.194148280283761,0.13375259667341,0.327286091972522,0.479693361089519,0.189464712411496,0.0629261995596807,0.0873458583478898,0.263966495761506,0.304574153467027,0.38178621852348,0.298725082062206,0.0616687854093435,0.259385928653107,0.286337293715558,0.418435592907223,0.240981473306382,0.318996867000303,0.508363941678283,0.319394283692358,0.303555545457789,0.360328576791845,0.353583025291737,0.439665788529033,0.280526324872337,0.255177472941977,0.144421474419107,0.237092162304755,0.216789359828474,0.215817561652353,0.218509488936257,0.286257403692743,0.311726259435389,0.130201727170849,0.308499922431877,0.224442346505134,0.239401827167082,0.195482828952459,0.053497193812468,0.219709182159787,0.271147706133216,0.378108784959799
"25",0.0217163104694267,0.0233848997955812,0.202819828788985,0.207653094198087,0.287041518977879,0.193497728929908,0.0930838831762642,0.0535304240007256,0.100548429509183,0.0419785067738,0.263770846051469,0.250729237450635,0.193322005908309,0.201899812204094,0.115256784916724,0.159066627029535,0.249081412631977,0.272791841690641,0.179220999188676,0.226315892188438,0.237723253387191,0.291988136563691,0.198926077051784,0.217301098802095,1,0.0237904051877997,0.138500658366556,0.242714143422602,0.267677994716942,0.253136852023417,0.225957662275142,0.247826883757612,0.277490254592662,0.117901792080232,0.112168932233707,0.051449100906319,0.144174951932041,0.167564359488866,0.0300807526018422,0.145740689188029,0.258631627135017,0.0564545265076866,0.011247930529386,0.218470328906115,0.117191294186645,0.116532419226593,0.125040824257356,0.0358899338424921,0.187408557132223,0.256877971447783,0.289621862033108,0.0713372766835265,0.00801173651986165,0.215629282049335,0.11706505386842,0.258925077147467,0.155833201042859,0.309831904404444,0.288339660376316,0.253870158383488,0.243636129492033,0.32961434845643,0.274720570847331,0.153374759303376,0.196610532129469,0.219266586512053,0.10121256578743,0.210372462416519,0.0999759317325773,0.255023835146492,0.148342453170777,0.231706047656095,0.100913502073373,0.10865467162251,0.0895126783791076,0.0252186935449628,0.168960868874775,0.0755509313960321,0.121379801760978,0.114172572581841,0.0224898101545449,0.22698270615461
"26",0.161303182460536,0.0715735403541512,0.059621916375574,0.227674602960864,0.0938761096352331,0.206434960540973,0.221502073044182,0.0178680575235526,0.0915223630912295,0.314305537698315,0.0909108316559794,0.182627266018104,0.127678558839749,0.0216188971751258,0.100198328125058,0.114814013283686,0.0698280656187665,0.129951236360804,0.18409173948336,0.105312626420635,0.166225620439234,0.0914121433812223,0.162128850238996,0.211772689430014,0.0237904051877997,1,0.147882667217399,0.13323579011503,0.0641152593038254,0.215804822870454,0.189392683912119,0.181241767086498,0.112518379823986,0.0922029225673239,0.200231356562664,0.0631153581864991,0.0570327212087269,0.0830395520536927,0.100819019749323,0.16919289489356,0.191959483634097,0.161673155136837,0.193475809982375,0.184272135581425,0.277639674208768,0.123916136125087,0.0682714221308149,0.0834132108204837,0.0678086611189722,0.0669507573647717,0.214672593499964,0.332670442747473,0.0579446491718265,0.101967387441681,0.295938468841713,0.0947693603689045,0.131915890898139,0.0928790183936879,0.154916153908672,0.157213470452138,0.0755257051521758,0.101302325529805,0.207731862807149,0.248056976752384,0.227316866838538,0.0136380294071698,0.111417160517994,0.0574671067462384,0.0630423380015419,0.102204291819317,0.139634245793,0.0812486925451322,0.27383728162634,0.169429983009601,0.138479394630885,0.335452348927172,0.149348645795917,0.189606092354996,0.103495141702516,0.118582009118639,0.27488844303796,0.119826090180191
