"","1","2","3","4","5","6","7","8","9","10","11","12","13","14","15","16","17","18","19","20","21","22","23","24","25","26","27","28","29","30","31","32","33","34","35","36","37","38","39","40","41","42","43","44","45","46","47","48","49","50","51","52","53","54","55","56","57","58","59","60","61","62","63","64","65","66","67","68","69","70","71","72","73","74","75","76","77","78","79","80","81","82"
"1",1,0.052161767158001,0.0113170658571684,0.0222772721984773,0.0916751908564997,0.0507206603524538,0.0918646246732081,0.0481796218799917,0.191752762183266,0.148125929365292,0.274719556285992,0.0960257215625652,0.0219504292026675,0.0837232448535934,0.0335836353963383,0.00595198264939758,0.204434472470576,0.238097237963379,0.0217956887087413,0.175530133653209,0.0881680526308149,0.216900312000624,0.235234870813154,0.15418306667195,0.0891451141291333,0.0745224658970575,0.0983033154720438,0.157217656321919,0.138122524910514,0.250340612595436,0.219325107444646,0.279039298223254,0.197899847336859,0.145650529545955,0.097389160590108,0.0778457950500747,0.153467717256697,0.0746743154009777,0.0487392436954277,0.157220167433914,0.132153971624948,0.0675550098425703,0.0642228172658717,0.177570426538111,0.123593190109844,0.0200123063906849,0.0353279792297271,0.0606998990937442,0.185817921530627,0.222862999405801,0.10688355360023,0.0156750078977712,0.121972696977537,0.0749122514182045,0.15324304968229,0.259971378641729,0.104919635948813,0.167272409531983,0.107678174768915,0.169789963301446,0.186658679860482,0.248225229140949,0.233778244905266,0.0735250395619649,0.155493150581852,0.0647101985442704,0.00925981808472912,0.160861771465407,0.0895768932745956,0.144015509679307,0.150640510569211,0.154136171719529,0.00106670255882088,0.0612120087565349,0.0428141067113251,0.199576694450043,0.173161291331792,0.0417436092002049,0.162353629490477,0.0853845481677121,0.147346425160417,0.221504263295887
"2",0.052161767158001,1,0.0752991889136822,0.247069211557726,0.0654727661055491,0.00749515271113377,0.109399899109551,0.258482330130018,0.204216065820722,0.177248458341372,0.165628330512428,0.0104681199955669,0.128625707461693,0.153884351443884,0.205529391089186,0.153947490200875,0.232391341610405,0.0744831057258554,0.0170993787153184,0.0377697144545554,0.0577471453156765,0.176808307710368,0.125340805544833,0.0680591790658988,0.394815935774501,0.061865329341664,0.00164811870018263,0.181759370656741,0.0314821098416082,0.0834940213126484,0.113126588849813,0.0823076366395559,0.252785417567601,0.276129277376994,0.22881316778311,0.108112938631775,0.274356666507431,0.136455235551245,0.231905466082505,0.183977688287888,0.112779590694881,0.104451042852427,0.16468694217375,0.199189816419324,0.0828666548115551,0.0840129884806914,0.131812583337759,0.0118018909720271,0.211242990295131,0.255856645701978,0.12554923047953,0.00882028433270167,0.0779851401564648,0.175735923579474,0.115231632757946,0.126973920489561,0.165881414263354,0.205397686766265,0.137466460495744,0.241989491518291,0.234794695073434,0.202770219914936,0.172403957896087,0.121569672860458,0.116850110774258,0.099385000644444,0.0465109610219548,0.190148249282339,0.21254229262107,0.229411042700193,0.145324180963232,0.0265116807616838,0.041558006844136,0.178053601126828,0.241512632480258,0.138822741528557,0.0953650424763627,0.128252622041983,0.0655229930063252,0.0168140660685594,0.0667060473937725,0.277413112003398
"3",0.0113170658571684,0.0752991889136822,1,0.369327607555381,0.338079245325913,0.214817299897686,0.127622756384553,0.128860386335049,0.213674944064278,0.154804755075586,0.227248561693017,0.214175176165128,0.0863377491815227,0.388014453472746,0.0252393365468721,0.174827044960229,0.288891876971962,0.0355455564992041,0.212758199225304,0.159370656530539,0.222284131102473,0.378689162204316,0.25240705270659,0.0919414888024326,0.0890548856126938,0.215120278082679,0.130164261188869,0.0949571328198916,0.158154496155141,0.113217985106255,0.186047755136848,0.126497905550565,0.0700546083227276,0.181732437462518,0.264546808038183,0.275710939813363,0.267757914329623,0.627047466685638,0.32854216779154,0.423835015079859,0.318350547313019,0.413392722713702,0.605450042790821,0.332747771290504,0.237015029710352,0.109217145738567,0.198738336292337,0.203797480881092,0.502270461048069,0.286123362440141,0.0708697758223891,0.069661484358844,0.319938045846343,0.435174138431115,0.284132689124293,0.0771723475207782,0.441539495620242,0.131574719528725,0.0622411056415736,0.167802530083789,0.0152597789355753,0.0593995733502894,0.0644493984835357,0.115443667273086,0.409277989886461,0.102493074059335,0.240110163295129,0.132702729450913,0.479146599844658,0.259123024016539,0.356103333310193,0.0339992149736418,0.070867773028861,0.00984814849000477,0.386496811814227,0.194159007211776,0.329285149436027,0.222051479853951,0.094713863156672,0.0695871345780607,0.388387220325757,0.1510951834433
"4",0.0222772721984773,0.247069211557726,0.369327607555381,1,0.126883063446547,0.182752937651147,0.0677384740895359,0.0320419486260539,0.153138745613788,0.0328319315220125,0.289701942349405,0.0618458214099501,0.291155245767258,0.162713044037652,0.234562520264427,0.357552975643121,0.34441900928002,0.023404854980541,0.316423442193026,0.231008115659165,0.297415059985765,0.462019895150191,0.306638857538839,0.104142692165888,0.279747001751868,0.143805015348426,0.126034908135519,0.147217408805809,0.12826337256917,0.150934126389495,0.138861926482625,0.051456118347824,0.229595687411284,0.0793070100984924,0.385655268061448,0.244769766290145,0.391278240112986,0.486023734070871,0.484243720547181,0.445518621575153,0.224890301986129,0.381705439052969,0.330163674034207,0.383883687523552,0.00358165124802298,0.00168613335747495,0.300768624358503,0.155544416914986,0.486785076585096,0.434713326051929,0.207178518745759,0.0700181327658606,0.224884041187677,0.39943769081123,0.183171261894259,0.11571736156539,0.488849737897377,0.316982034275497,0.234586293903371,0.259318551096243,0.164323564492684,0.19824946938717,0.267868646484177,0.0845520016695252,0.432280172506749,0.17774469567461,0.0592205873464707,0.199735539555097,0.341151659957555,0.332742527021889,0.186008027390392,0.0443719786977602,0.271204968608168,0.0647409734003621,0.401559769536894,0.0227592153634414,0.340846513197507,0.123985923160412,0.0635209612332393,0.147565794576767,0.0564550668682541,0.281034247366573
"5",0.0916751908564997,0.0654727661055491,0.338079245325913,0.126883063446547,1,0.40071570115778,0.268940742545415,0.0123838406055008,0.0100403299822946,0.14958882067586,0.15467877531291,0.215093908161188,0.127403724576612,0.291878573267047,0.217717934442696,0.022682595447811,0.232866933075244,0.427847932231606,0.125165494585989,0.187598765414361,0.0974765088544971,0.0457277801030041,0.132965200072762,0.163111563168492,0.193725219642226,0.0430416284561624,0.1422101779573,0.442651544192698,0.368067577656179,0.246789835091912,0.105847116991479,0.437644912993531,0.261770084591231,0.368804400724973,0.0311755754706242,0.12166153763848,0.0318449912625928,0.3453284957433,0.115631295478106,0.0498713609494301,0.0725395119408513,0.3157491349847,0.260652531224217,0.0960008167404042,0.0164589548770116,0.215454923603171,0.106080550445126,0.175216646145809,0.128013806507032,0.190810130623774,0.293854117944558,0.105697874744563,0.21754794331524,0.0407870217914933,0.018612674821753,0.193290246420944,0.0199545112855925,0.33471685506946,0.29012187633966,0.267862650033544,0.382932090859745,0.45339243902888,0.233761424940804,0.2493575198139,0.00250654012327355,0.218405435111322,0.361555034174282,0.151119194456064,0.266826890200562,0.137473092075686,0.0599944277081673,0.160496637823604,0.148266935834281,0.0890590517154154,0.00275784627743201,0.0274884893611934,0.107109461396513,0.205139751466723,0.0451929388856163,0.00131240866772807,0.357456944191409,0.213459725067314
"6",0.0507206603524538,0.00749515271113377,0.214817299897686,0.182752937651147,0.40071570115778,1,0.232698237128527,0.0310556662121361,0.167894433188353,0.251003338556796,0.190224365365125,0.239888751299526,0.151006375843592,0.326877365652551,0.180171683405139,0.00294328474979356,0.220347876174507,0.495897827399521,0.130246009838544,0.196979900232625,0.164451849502012,0.028552434559305,0.174593047133352,0.293234736941823,0.146220447634453,0.0874022999257388,0.211583461715673,0.444021979521937,0.358553381750705,0.345530038747295,0.246560083220665,0.447740010257337,0.304894738276279,0.348810024785572,0.00551189924964144,0.130635572956739,0.0551771437532419,0.331955063483612,0.129421148378006,0.0751360983805393,0.0900736099271549,0.234855289638458,0.139791479184506,0.0926725196915006,0.0788393002142441,0.225879008745409,0.127401831459363,0.167002430736049,0.161193520315983,0.190836253273194,0.251664485711879,0.23672893398353,0.255750612926909,0.0644460079099423,0.168055428346172,0.217769988280643,0.0597472664789051,0.32928558205352,0.319947843345832,0.28739552025684,0.424461269193393,0.429865428419483,0.251136220665533,0.214391602524122,0.00164399202920983,0.264843911531357,0.349030587555242,0.145833122510112,0.183176695306312,0.145420887956084,0.10150893381167,0.0946474518308502,0.178330857969631,0.110664914937139,0.0559455800634697,0.0810798711929055,0.0811396005859278,0.196035802992554,0.056391403153708,0.0112245344669301,0.289354438467712,0.235992529646
"7",0.0918646246732081,0.109399899109551,0.127622756384553,0.0677384740895359,0.268940742545415,0.232698237128527,1,0.0378240467172873,0.248144091467925,0.0716723940245134,0.0291376802696686,0.189332109787842,0.0210452973421405,0.196050744843284,0.201378249409184,0.0163967748326725,0.0261131640172856,0.11318979734251,0.168029422792155,0.150255980775239,0.0670535281322227,0.0276157656758452,0.0148194836515467,0.0594638214797932,0.0113684336884575,0.121042809706085,0.325657711078761,0.208153803624555,0.0761658543404325,0.078105941065807,0.00288153640692278,0.231902240577167,0.0599693895816728,0.00755634112933416,0.00904415767928102,0.0287729658438562,0.0363566653217406,0.0692304253158518,0.158258599231649,0.0372572318518654,0.0193880555794004,0.0433741164859274,0.0592698942972566,0.0510711572067345,0.161444043891473,0.320682026140321,0.0607336444763584,0.0795417633219859,0.129639488393262,0.152877086213505,0.0692572812362615,0.131489809319642,0.0942459501878638,0.0942572150199567,0.108931266636374,0.0651446702035516,0.155776291108129,0.153837445307938,0.0749145010733043,0.0453045538480759,0.195006412646369,0.176760260391624,0.000620825328188669,0.110286873744157,0.0655288788157015,0.0723435242182855,0.207147433426247,0.0666350928984671,0.241595729285559,0.0304170036345143,0.0505849733826527,0.00913353130536584,0.400603887236408,0.00820541883572993,0.0802332179901101,0.229109743568187,0.0912637024927506,0.0170606078736554,0.222515451251238,0.0140224234202603,0.234815221968056,0.0706832115550358
"8",0.0481796218799917,0.258482330130018,0.128860386335049,0.0320419486260539,0.0123838406055008,0.0310556662121361,0.0378240467172873,1,0.350284462654369,0.114202009446919,0.00242976777240734,0.0919826687544743,0.206422970805165,0.251479182175556,0.05535653011739,0.0226333752246988,0.0566266982530064,0.0772824376018545,0.205028539093522,0.113727043896513,0.0647244894094576,0.0188006843686788,0.0022938118997581,0.132372734768909,0.178206591274406,0.140736729787647,0.0432397327345625,0.0550556616828059,0.11460877247169,0.0165329192837471,0.0263736099322866,0.0643765920131435,0.0509360907991235,0.0659654952675361,0.138576092832762,0.0548778900198453,0.116417085668684,0.128177659809786,0.000488914002180398,0.107164727719538,0.00552314654437517,0.181955303632397,0.151169448117784,0.00784313618539317,0.0246236731543047,0.129998629180422,0.0668156497849362,0.109888905740062,0.179814599903839,0.120354035843404,0.170473497381833,0.0878618318085391,0.0635640032837604,0.000932612793928162,0.121945204679262,0.0131432349889798,0.0671197986408409,0.0470651511826999,0.167873935188183,0.000632137656649886,0.0767682805781381,0.012324291392029,0.0293193544799539,0.196231595124151,0.0269173145006291,0.109769586428795,0.026739161533372,0.0542449541720055,0.217057476906138,0.131816110625572,0.00481196587001903,0.0938978710405466,0.0826023333656427,0.157180891980437,0.144608078539821,0.15136392344801,0.109319362316166,0.157661970887357,0.0736601203070019,0.0896557362932557,0.247839637873785,0.0457749350666663
"9",0.191752762183266,0.204216065820722,0.213674944064278,0.153138745613788,0.0100403299822946,0.167894433188353,0.248144091467925,0.350284462654369,1,0.0408005262064829,0.20024571306126,0.201013721640557,0.00619907116574296,0.296853081731807,0.00140901286958856,0.120213655518374,0.331112972049179,0.122331920375026,0.0871923678590288,0.0795287776232077,0.0982751397847956,0.300386232349853,0.222492510125096,0.0728515633949095,0.18166287685122,0.174006906514285,0.0184206973320452,0.0864142730813349,0.0300134748448527,0.200064257169036,0.168077602114963,0.0146415585206489,0.159026832644813,0.13158078187178,0.163854483480652,0.209562181787467,0.278400638830735,0.263090328356613,0.0118639055804716,0.248460042238572,0.170386795507153,0.191407370431848,0.172508116025735,0.315986125919526,0.118495246977604,0.0745315665602621,0.124545721059198,0.0162762025995034,0.382953176176236,0.231454338399117,0.0611387847635225,0.197643209871112,0.0983871737310853,0.316489048330067,0.0104976657529684,0.123291474457627,0.208163521609523,0.0825353910198066,0.0499675494626827,0.186188841349593,0.104759380215095,0.0731158775114335,0.134195467371326,0.0665559521552503,0.202975433145092,0.124804829189962,0.112999272692041,0.256915207947619,0.261779211841468,0.289133649014018,0.161382055665619,0.0808705350281941,0.18294692414964,0.130009092782866,0.268664657902382,0.234198197234067,0.270016953535478,0.0196562908888343,0.123796217862325,0.00834676325569482,0.230976816867009,0.25017397265659
"10",0.148125929365292,0.177248458341372,0.154804755075586,0.0328319315220125,0.14958882067586,0.251003338556796,0.0716723940245134,0.114202009446919,0.0408005262064829,1,0.338236828762421,0.145762596957046,0.015345907875307,0.0590692327939008,0.120862549444218,0.0131535573604858,0.363388101670252,0.359577860419012,0.214422303876894,0.286280904425846,0.325257047371975,0.289082199346083,0.35971068624852,0.231378542670606,0.243951244083222,0.248903055421097,0.268456950104604,0.315345589248735,0.204653396227208,0.33856839510364,0.386527372433743,0.288267975244609,0.412075739643229,0.199495434813857,0.270308566548107,0.0487407678306052,0.301610083105495,0.196975591744325,0.142506697118716,0.338965731468792,0.341506222904418,0.12606489242815,0.259162705504488,0.306319159743376,0.252222498652703,0.0660101102749021,0.0385838069499149,0.0267287255774946,0.268424768944766,0.376772557697564,0.193116983858905,0.14218027685864,0.0970378051009155,0.22282164829282,0.433889443448085,0.293771592559485,0.372893364355407,0.365619418408072,0.231933455077302,0.371423627239128,0.406881013208225,0.332231295185965,0.328441504179988,0.0550765261337568,0.337493446864869,0.195931666195447,0.0260290103180656,0.301433351151841,0.201570026488815,0.386950351999067,0.302793897900377,0.00318636795793648,0.140957002746085,0.179530064743231,0.220606321600209,0.300088176025268,0.137705868669949,0.00532511151995887,0.0382836375519477,0.0146301078972716,0.0874901731556848,0.380189400385184
"11",0.274719556285992,0.165628330512428,0.227248561693017,0.289701942349405,0.15467877531291,0.190224365365125,0.0291376802696686,0.00242976777240734,0.20024571306126,0.338236828762421,1,0.117789226658558,0.225933029700778,0.112657464774675,0.377253293236073,0.360239939398749,0.682090792959224,0.570269044821267,0.430866584524783,0.626432465657906,0.636873162281343,0.718117162891786,0.7184146712851,0.352534403471883,0.413642806013208,0.321089283358929,0.447074521399345,0.491044836362306,0.335307235130757,0.554873584033288,0.572865726421437,0.378771205826112,0.585423378871806,0.194292970441769,0.475877984246582,0.345826590750614,0.433234293363246,0.398505035668427,0.371839574642385,0.590548100108829,0.56964922141468,0.361416669841323,0.361023127148688,0.629335088847006,0.297856375847424,0.0382032527899571,0.0428220694479744,0.0632523313138472,0.560606096791535,0.684251169735142,0.49761051048987,0.0615289832016399,0.122514159404613,0.592879433074331,0.548167476234056,0.532341869302875,0.64542828200868,0.635696631098386,0.569823143822579,0.616584006823597,0.564093602210958,0.56738958109084,0.656447674906811,0.217396182510472,0.638120744568071,0.430761609217768,0.0502737199690326,0.590704523198616,0.224151767239582,0.649856397979435,0.444485583226192,0.381637905702176,0.231475980556859,0.0246836428599863,0.416982301840794,0.309272331453958,0.35243798262512,0.0858856625655909,0.38804355691799,0.154396716168275,0.0515311563053292,0.648578996431517
"12",0.0960257215625652,0.0104681199955669,0.214175176165128,0.0618458214099501,0.215093908161188,0.239888751299526,0.189332109787842,0.0919826687544743,0.201013721640557,0.145762596957046,0.117789226658558,1,0.216379426056373,0.229997785640921,0.249969794468336,0.0214614698825593,0.0600249370887671,0.245915692376557,0.135453299344713,0.208983622436903,0.105758895246959,0.065324343280868,0.160497053377012,0.214005552774072,0.162149967520975,0.0822512383275361,0.246165186965839,0.325439509177968,0.278371678601766,0.186084284690055,0.173249054541392,0.292670846383082,0.291130450801127,0.152718067548107,0.0816151132695177,0.0110601086566692,0.0283957002829118,0.181000105540027,0.130590499315349,0.0501127343996241,0.00023666771263526,0.0385665887692119,0.173825515019052,0.0327213653463361,0.0626773243206184,0.231763043718008,0.00988673673969029,0.0456854677566599,0.0920668740670629,0.2058786591614,0.305173369459191,0.0057272987361195,0.240166206639274,0.0306650844931693,0.078343334753445,0.128976229443373,0.108601786679702,0.249571836392072,0.186361518505842,0.153768482330771,0.293835566544116,0.352912112378553,0.247673627377401,0.143788010497369,0.0256335932992877,0.0914455961367909,0.311971534187281,0.123261007845567,0.1530692226658,0.116998389485224,0.0445673853995515,0.0483740117075685,0.190017526807374,0.126617972908255,0.0436108751469418,0.0352563025887885,0.0948145999823053,0.172294921176524,0.00341912757115949,0.0239231635922371,0.283561219601204,0.144493765784122
"13",0.0219504292026675,0.128625707461693,0.0863377491815227,0.291155245767258,0.127403724576612,0.151006375843592,0.0210452973421405,0.206422970805165,0.00619907116574296,0.015345907875307,0.225933029700778,0.216379426056373,1,0.212091604728426,0.244165148867077,0.269434606352177,0.326193185509902,0.263422763475839,0.291814830205888,0.25244559144256,0.274338348196916,0.261699394469401,0.272754045928164,0.155893215961072,0.232975412940074,0.0317341522628518,0.0891641995833971,0.340562399652457,0.193063837014937,0.234313807091062,0.141951265942286,0.283574440986058,0.290367683815365,0.25373597771769,0.186516920158852,0.0521912694444286,0.149995311210711,0.018201523119826,0.224044052276706,0.119550227595406,0.206306748751566,0.0136033269336681,0.0740915237214852,0.27113310836314,0.0698124849536382,0.210735190773905,0.115897233806919,0.0131620631328238,0.115250426775122,0.29435905834173,0.422549819238818,0.0307606992108109,0.0238362164267284,0.220279295953705,0.0231289179282018,0.232858654552111,0.232206976511136,0.341393058357241,0.429188477648274,0.326588827260701,0.284406993181298,0.372387623839967,0.363263635649711,0.115748178619494,0.185815481627913,0.314694720399728,0.235901784522974,0.179300840261056,0.019209487085328,0.219473923332756,0.13098785732139,0.107200707552636,0.0997956687947723,0.0679460309528575,0.122171577998394,0.0191855682082159,0.0377373483144404,0.105054364633897,0.131619707455802,0.134958174077205,0.391134673583877,0.332454195837077
"14",0.0837232448535934,0.153884351443884,0.388014453472746,0.162713044037652,0.291878573267047,0.326877365652551,0.196050744843284,0.251479182175556,0.296853081731807,0.0590692327939008,0.112657464774675,0.229997785640921,0.212091604728426,1,0.136015273077804,0.0333946849721643,0.0648663110743033,0.318715356642831,0.138275295527299,0.111268847013117,0.0195384963260721,0.0788532130152584,0.00520122959251659,0.237191971264808,0.0732743602431178,0.136750509691948,0.0780875032650473,0.289493379304158,0.425536967322132,0.159918170419101,0.114353268878458,0.329343857448202,0.104410358587205,0.220691521005506,0.147882819617131,0.226675208646699,0.121553764806242,0.426348936943393,0.155193793475423,0.292350859178616,0.174983090832136,0.333527597568623,0.302163205834292,0.0261539721028717,0.0589751822437022,0.292687437708131,0.137216341004631,0.124522941597452,0.303596401666855,0.0238951559557601,0.289452742565714,0.189855048001606,0.029149942458366,0.194720269085857,0.172339635270542,0.00241768413980035,0.139258333713138,0.162801546966671,0.276220328961381,0.146984667660409,0.106228057885401,0.242400429025086,0.0455165847672276,0.279422514960015,0.112719207819531,0.196472581350132,0.311671843579358,0.0428911358452287,0.399148544677698,0.0955853280026191,0.0610803643332113,0.0207882566666509,0.184163015510163,0.0201083354639362,0.22801255536724,0.23314978785973,0.230489079487198,0.11103358381935,0.000586445207484069,0.124080893651525,0.521571002594327,0.0202187263898276
"15",0.0335836353963383,0.205529391089186,0.0252393365468721,0.234562520264427,0.217717934442696,0.180171683405139,0.201378249409184,0.05535653011739,0.00140901286958856,0.120862549444218,0.377253293236073,0.249969794468336,0.244165148867077,0.136015273077804,1,0.224703936985716,0.366609891794627,0.368482740719008,0.285840399324147,0.381058721002898,0.297545144785249,0.347592054887726,0.355761390100878,0.234479263490983,0.344324883279412,0.0994015630001329,0.328414607683835,0.465606329697876,0.228505792836866,0.324685138206637,0.313937839228179,0.347249487016087,0.375810431516408,0.271084561071557,0.357271622086041,0.133484190047254,0.246033668284803,0.0817624580564677,0.275081843283248,0.206785851517149,0.170670248979878,0.0773369368747211,0.0653307705106984,0.337728351939677,0.118409341967717,0.154720454604397,0.180718711271373,0.0572941827284137,0.193042696963882,0.479121740518756,0.455860399124838,0.0864416627115287,0.106274365679207,0.249909833550578,0.231822440964561,0.21133877807931,0.357494412730979,0.466943072381623,0.388836330852293,0.406930678532121,0.476712337016635,0.460140633665739,0.435229749458552,0.115657408270742,0.352807849476941,0.296282640067038,0.231639985639758,0.282520548506052,0.0157194068648552,0.339899471879064,0.203508185256301,0.169923496123273,0.30432965835594,0.113863434306097,0.182975989084298,0.0164409938707771,0.121817733320256,0.0200606279331103,0.0564625943338614,0.161096414097823,0.233788658038059,0.40745424094782
"16",0.00595198264939758,0.153947490200875,0.174827044960229,0.357552975643121,0.022682595447811,0.00294328474979356,0.0163967748326725,0.0226333752246988,0.120213655518374,0.0131535573604858,0.360239939398749,0.0214614698825593,0.269434606352177,0.0333946849721643,0.224703936985716,1,0.385529299718986,0.210691499445469,0.339003684198943,0.345290119389215,0.467504091672326,0.453652254742207,0.38343883738448,0.0239839299340154,0.190018575184396,0.0317595983910178,0.173617570350693,0.348296136006512,0.0894454160866484,0.267754935981935,0.198850467621173,0.168536163991602,0.253000611454837,0.0672229322600182,0.353225576592085,0.160647825611336,0.28107185171255,0.304885873394891,0.271738904418345,0.344807750161826,0.293812350923155,0.260615826229693,0.197333805202452,0.426735227041673,0.0890561186146924,0.190122772554781,0.121365370860764,0.0799601789097212,0.342188682082736,0.366998103588641,0.266224244651192,0.171253662112131,0.236923770344654,0.370105408473729,0.110801456480137,0.16338673326474,0.458683517425239,0.330000715274947,0.411070628493759,0.345329688792211,0.204259008750152,0.279231094897979,0.26004903926336,0.159058244999124,0.378028140975063,0.325349770590751,0.0218163896563312,0.29126271182695,0.0698789939533753,0.319983629194335,0.224695607226275,0.211717219002418,0.137119794954913,0.0371967287427669,0.273554718208325,0.0344229281508846,0.192032506836713,0.0918442182769985,0.197497781252924,0.207223679587565,0.129050250217819,0.280859723056223
"17",0.204434472470576,0.232391341610405,0.288891876971962,0.34441900928002,0.232866933075244,0.220347876174507,0.0261131640172856,0.0566266982530064,0.331112972049179,0.363388101670252,0.682090792959224,0.0600249370887671,0.326193185509902,0.0648663110743033,0.366609891794627,0.385529299718986,1,0.712195180779415,0.505588128340637,0.657280521583816,0.603637881621092,0.722768862812823,0.757098241839,0.347504336972951,0.435677470210638,0.110759466151798,0.412897739140073,0.615637169726966,0.456234454463024,0.673274966489622,0.672549356082189,0.496670505962145,0.605187539156327,0.349932402722783,0.516372759357156,0.269832056636643,0.438729606684758,0.364160077130584,0.31248424482675,0.531907348737107,0.572829524398732,0.219324477465123,0.352407860492704,0.734249915407469,0.389654569250856,0.191906310234211,0.0588768045238253,0.0532516969560416,0.577105449548038,0.705260761953051,0.518362233104361,0.129487137409471,0.00982475464409678,0.639169962267055,0.473533425446447,0.50378723860235,0.659367531623763,0.672696352087983,0.733986408399002,0.708207052001387,0.57533958396203,0.64951732273862,0.648514619549224,0.333516040181136,0.625973377205167,0.577704449517171,0.122816262762826,0.628758959776093,0.259473742134068,0.682489071749843,0.53687195125622,0.328159548030642,0.195444122633339,0.129103751526473,0.460798340592306,0.33880132731365,0.353327928488294,0.0131554220301169,0.331667224217403,0.136523420294263,0.0561073649317679,0.675693322505451
"18",0.238097237963379,0.0744831057258554,0.0355455564992041,0.023404854980541,0.427847932231606,0.495897827399521,0.11318979734251,0.0772824376018545,0.122331920375026,0.359577860419012,0.570269044821267,0.245915692376557,0.263422763475839,0.318715356642831,0.368482740719008,0.210691499445469,0.712195180779415,1,0.392410730498646,0.619713133776061,0.467871650521029,0.51913451064778,0.651576007521782,0.51733627251508,0.329738309376752,0.19574426149774,0.436055448885571,0.656153637369441,0.642720877053866,0.717906676419369,0.702383879740422,0.686587040932732,0.602646934938077,0.437110350279169,0.29777644977244,0.0648347787092066,0.270614154720703,0.00906664856109605,0.0244910511596953,0.301512062473449,0.410881888218096,0.00168439374119666,0.0545141778505317,0.543621848790504,0.40830329928346,0.354612654909915,0.0977027718336407,0.077753608573713,0.249624716677946,0.573574001270866,0.55892885432449,0.25049485538067,0.205759710379375,0.368416389592239,0.401032094399962,0.571731447342675,0.440363004956006,0.638403286329708,0.675154070236508,0.617726199303194,0.59796789507038,0.707460514653359,0.606023550271305,0.446282928561827,0.40487329173252,0.564580491543204,0.311125006005849,0.529473294865889,0.0667508350277574,0.497879532984926,0.388061003693546,0.323386805825063,0.203158629558626,0.0897648010429135,0.171902514567074,0.317307747788466,0.153546139420878,0.105490444012477,0.271363773223424,0.0903878413339372,0.201443621091027,0.546594532752394
"19",0.0217956887087413,0.0170993787153184,0.212758199225304,0.316423442193026,0.125165494585989,0.130246009838544,0.168029422792155,0.205028539093522,0.0871923678590288,0.214422303876894,0.430866584524783,0.135453299344713,0.291814830205888,0.138275295527299,0.285840399324147,0.339003684198943,0.505588128340637,0.392410730498646,1,0.57404563254973,0.490995971890155,0.492387586041219,0.441871787409028,0.142523669022721,0.28085893120186,0.333540963389358,0.407181323851878,0.403184792862136,0.300912431475411,0.348250526740286,0.390191714082199,0.249170684527796,0.368455429065368,0.154876554679335,0.306024010274342,0.150048720387142,0.184465219641231,0.270389935476847,0.368001757460816,0.318566486471693,0.310400982488298,0.171305384809655,0.204218305417675,0.403937456268391,0.191776882340811,0.216360767515173,0.0795512446503316,0.11157862716488,0.32659758735791,0.452265972315321,0.436868658889075,0.194974935380352,0.0799103503503245,0.400678316324202,0.341762771332864,0.342612588377198,0.491905519115722,0.553818767458352,0.543968370020351,0.438261571254145,0.322221852202998,0.409295664578431,0.451777604476066,0.213734665609827,0.438349365584784,0.410373807637588,0.0845265647320026,0.344808539501058,0.0996009110230897,0.355535595826704,0.351652718975354,0.209182885597519,0.241744851806125,0.0494924432638283,0.24237006268769,0.134220983546349,0.232349450327778,0.130789633480798,0.18343140658458,0.0937755041271116,0.135401433819645,0.387788717260251
"20",0.175530133653209,0.0377697144545554,0.159370656530539,0.231008115659165,0.187598765414361,0.196979900232625,0.150255980775239,0.113727043896513,0.0795287776232077,0.286280904425846,0.626432465657906,0.208983622436903,0.25244559144256,0.111268847013117,0.381058721002898,0.345290119389215,0.657280521583816,0.619713133776061,0.57404563254973,1,0.554249788073476,0.651385648696824,0.653332197769795,0.374175497768737,0.310075817831985,0.301364827638914,0.587525917320611,0.555850556944155,0.423828257996277,0.548132352737214,0.601412033167214,0.462087163868588,0.52847357031737,0.17202823267606,0.348459425306564,0.220109425828922,0.298817444532567,0.264096941115016,0.346760291437593,0.40763710832833,0.457195241962012,0.256981473080034,0.252821768957999,0.596770259304912,0.370872570239577,0.223831694704966,0.0146312613143965,0.0838260251866312,0.427756024480736,0.619671916545743,0.556751456493197,0.215055445427809,0.0415237770723406,0.466365647600309,0.468926907152788,0.497424628183842,0.595137350329685,0.645727092679682,0.597107095418786,0.587650560737712,0.498204747273383,0.594778499386902,0.593542767921069,0.304490904874557,0.566797071959961,0.518976601199032,0.150107902790296,0.597843011697825,0.0661777918246413,0.537674821876872,0.420229158265009,0.348693437623475,0.306466857370819,0.0220905191024165,0.290941714042367,0.228623599131843,0.282845723361646,0.148224665733225,0.330898614248853,0.148963350279148,0.104423359362603,0.55377444629045
"21",0.0881680526308149,0.0577471453156765,0.222284131102473,0.297415059985765,0.0974765088544971,0.164451849502012,0.0670535281322227,0.0647244894094576,0.0982751397847956,0.325257047371975,0.636873162281343,0.105758895246959,0.274338348196916,0.0195384963260721,0.297545144785249,0.467504091672326,0.603637881621092,0.467871650521029,0.490995971890155,0.554249788073476,1,0.64119138769708,0.653548416287371,0.246719309540249,0.248715366943009,0.19166090002947,0.388272119395768,0.447144959030453,0.266128233967899,0.430355326203472,0.440716660356906,0.333159649706917,0.490385348932933,0.100705059155439,0.422208648670515,0.242507304802294,0.322419205688573,0.380374835296578,0.316679830425866,0.516930971955312,0.506878735426926,0.298937979423391,0.332864110555713,0.585610346844065,0.232539320140482,0.142556457773802,0.0265467939606271,0.0805317331798163,0.524836817700413,0.569866812149308,0.425839619633547,0.101546597929452,0.0782286413033847,0.568198247153658,0.424042659986836,0.424089039645773,0.644417280100796,0.511720809928247,0.567356791505911,0.578270516927074,0.438320835599214,0.454455054060487,0.502628516094266,0.209331436427357,0.58983087796779,0.478750207890035,0.063593384094177,0.462876699002489,0.183581410648863,0.572773265715625,0.400005334395608,0.418066966022104,0.24104966957873,0.0011905626091352,0.375802651070646,0.218121509289719,0.2666043530673,0.186880919584356,0.332202749044031,0.154809286758746,0.0745990453744883,0.510688921144365
"22",0.216900312000624,0.176808307710368,0.378689162204316,0.462019895150191,0.0457277801030041,0.028552434559305,0.0276157656758452,0.0188006843686788,0.300386232349853,0.289082199346083,0.718117162891786,0.065324343280868,0.261699394469401,0.0788532130152584,0.347592054887726,0.453652254742207,0.722768862812823,0.51913451064778,0.492387586041219,0.651385648696824,0.64119138769708,1,0.751020008546424,0.296997815672186,0.366032687053589,0.251452855095907,0.437575646082127,0.48886850667154,0.269272448322523,0.554541302363119,0.562403113772365,0.348692710462445,0.57571352159404,0.133078763423946,0.512170915584617,0.368267823163987,0.473357179459296,0.566606402513275,0.431001810560477,0.618813496590804,0.534751669140505,0.494061754284154,0.450814948238658,0.721317546816906,0.378849509231122,0.165982994907729,0.126175379093681,0.0813561448069618,0.673326565677333,0.740549868389819,0.505046168419434,0.00734787145589837,0.0514340307894012,0.696285433466814,0.489177292617511,0.522096465618154,0.737019553495387,0.630565380703787,0.575818223332618,0.614013305714593,0.448382732676272,0.541838077951447,0.614877886709128,0.21478624434576,0.696172487047566,0.46542923691232,0.0525608807073374,0.605544625955166,0.266450501045982,0.677684293187324,0.461352984972781,0.358586598978211,0.225627854634858,0.0523545334703367,0.454548039228368,0.281205068311923,0.443297936450521,0.129781934753181,0.365089837031286,0.199327260961405,0.0817989671387745,0.609087700950715
"23",0.235234870813154,0.125340805544833,0.25240705270659,0.306638857538839,0.132965200072762,0.174593047133352,0.0148194836515467,0.0022938118997581,0.222492510125096,0.35971068624852,0.7184146712851,0.160497053377012,0.272754045928164,0.00520122959251659,0.355761390100878,0.38343883738448,0.757098241839,0.651576007521782,0.441871787409028,0.653332197769795,0.653548416287371,0.751020008546424,1,0.427202526217915,0.354560093359482,0.239578013541758,0.490968129336131,0.567279713927143,0.391501838180969,0.645570167162767,0.666742164210083,0.503237482913618,0.660974778538201,0.175961508126795,0.510708250998699,0.314626242586375,0.433388737408389,0.424410190911565,0.358692883417657,0.64104926389241,0.606188126332913,0.366567422365232,0.356975328197303,0.68678968763375,0.39074640640126,0.158658744908005,0.123291031725597,0.103809508223513,0.611670056716622,0.748563670019905,0.563240363144558,0.104647995489235,0.046325795379645,0.637656321542552,0.558275267721646,0.556567120741364,0.744361136165606,0.66812691876994,0.634248071497955,0.658389745707511,0.561069302361265,0.619436298546237,0.678846340383512,0.276212740813812,0.69877315931857,0.478432323782475,0.128660420775968,0.614420801510534,0.199644883994209,0.697085113845812,0.456004542846917,0.380123170273704,0.261478994302552,0.0867929511051321,0.346201910240347,0.349582987348756,0.348809474372822,0.0671225649626172,0.435830998588762,0.153067362269508,0.0176409455324203,0.648589838809752
"24",0.15418306667195,0.0680591790658988,0.0919414888024326,0.104142692165888,0.163111563168492,0.293234736941823,0.0594638214797932,0.132372734768909,0.0728515633949095,0.231378542670606,0.352534403471883,0.214005552774072,0.155893215961072,0.237191971264808,0.234479263490983,0.0239839299340154,0.347504336972951,0.51733627251508,0.142523669022721,0.374175497768737,0.246719309540249,0.296997815672186,0.427202526217915,1,0.205453279971091,0.0730319906746642,0.19617944684917,0.401203386331638,0.394477698946866,0.341466982660702,0.411134816244886,0.40666909385786,0.408838776136106,0.262597584376807,0.129840450399731,0.0736992364058195,0.0795948298081924,0.0702635084357037,0.0423055350288331,0.163806752065678,0.233109251032565,0.0285386340729459,0.00804464751089209,0.33165711233706,0.137487135675888,0.180718586486284,0.153145126950265,0.0226225192426088,0.123090644935774,0.299895399437514,0.495145862994295,0.246899857183465,0.296091645646222,0.202821872813478,0.306165209340525,0.398196987185521,0.16534416744972,0.389534111771043,0.431549737942222,0.387315738033359,0.38956485849223,0.429641085772971,0.418311385915329,0.160181071320127,0.242169082593626,0.327727546426657,0.236323497690102,0.330978636884467,0.0972080736747765,0.297526412386985,0.204104639089402,0.210229101023502,0.137581933872141,0.0830123668879898,0.00941577907693633,0.195477088138138,0.030417639448817,0.0712995121453897,0.220130925547859,0.0278525283480489,0.150362424114797,0.462585345604178
"25",0.0891451141291333,0.394815935774501,0.0890548856126938,0.279747001751868,0.193725219642226,0.146220447634453,0.0113684336884575,0.178206591274406,0.18166287685122,0.243951244083222,0.413642806013208,0.162149967520975,0.232975412940074,0.0732743602431178,0.344324883279412,0.190018575184396,0.435677470210638,0.329738309376752,0.28085893120186,0.310075817831985,0.248715366943009,0.366032687053589,0.354560093359482,0.205453279971091,1,0.141648961210662,0.22788587480057,0.384105727212445,0.163968643403532,0.317719655275265,0.355875847262462,0.230711032708123,0.439763117018557,0.329230172020355,0.349787518593042,0.104605537063542,0.337036524062296,0.154714343158934,0.32435286355875,0.256423630032552,0.257049859323048,0.111266054986601,0.174371632219016,0.326615947524444,0.077202755199851,0.0781940351102327,0.182525131237954,0.14443857823804,0.300531754289737,0.497783358453056,0.339850720111824,0.0379822009990441,0.171568554023678,0.30904085239266,0.325084023395995,0.285605173265776,0.34938919751243,0.447572080606198,0.369001392839972,0.39876264313455,0.436908871661845,0.432857478509412,0.385737416083357,0.0412859454444947,0.26742804173712,0.257374201269338,0.115014437567561,0.362306365772549,0.201356749025653,0.385108544757222,0.295715538728114,0.0884434853702708,0.170520042609605,0.250465253620408,0.268703803348864,0.20818607028281,0.235401855259896,0.0735388610570075,0.0249718814260064,0.0598905164365719,0.0346333716558852,0.44123827562803
"26",0.0745224658970575,0.061865329341664,0.215120278082679,0.143805015348426,0.0430416284561624,0.0874022999257388,0.121042809706085,0.140736729787647,0.174006906514285,0.248903055421097,0.321089283358929,0.0822512383275361,0.0317341522628518,0.136750509691948,0.0994015630001329,0.0317595983910178,0.110759466151798,0.19574426149774,0.333540963389358,0.301364827638914,0.19166090002947,0.251452855095907,0.239578013541758,0.0730319906746642,0.141648961210662,1,0.325682353683123,0.0297776457531959,0.0628499620660159,0.121748068453799,0.248653398584596,0.0574985827241744,0.205489078280438,0.0136388281834284,0.119000835792134,0.134062232205069,0.192307190041309,0.270975756577962,0.258796242807818,0.283889085779979,0.219402839981759,0.176778955726419,0.294962719949932,0.184020646906144,0.165024925058477,0.0158300320546475,0.00499357278075835,0.0194264029503675,0.242191344259769,0.261378411984848,0.153021180314569,0.277439270166668,0.0636848005747768,0.227945614017538,0.468473160049533,0.321343687020738,0.28307619723965,0.295431240450503,0.144484081025069,0.184487602414796,0.150027876360226,0.124741545778307,0.230733123727684,0.155556594548651,0.309318261864063,0.0443722453069412,0.0203845637307447,0.186717348929334,0.237478236438491,0.180600144888305,0.243759876744537,0.0363862612221931,0.218634374184799,0.0850263955100801,0.155601948313403,0.283970401427184,0.178746730422476,0.115145549692992,0.0422180931241714,0.0102679822305037,0.232677259448591,0.124976476865168
