"","1","2","3","4","5","6","7","8","9","10","11","12","13","14","15","16","17","18","19","20","21","22","23","24","25","26","27","28","29","30","31","32","33","34","35","36","37","38","39","40","41","42","43","44","45","46","47","48","49","50","51","52","53","54","55","56","57","58","59","60","61","62","63","64","65","66","67","68","69","70","71","72","73","74","75","76","77","78","79","80","81","82"
"1",1,0.0558178732464643,0.0109265999884579,0.114877182955242,0.19438584368443,0.0587497749426541,0.0991082177212417,0.0331001524310204,0.0322769886215375,0.190056368647732,0.105897639964156,0.198769567184649,0.0465499465930372,0.0115899277755936,0.262001099769268,0.0778479405533045,0.0872317949427577,0.279270385088262,0.0207950180880513,0.288306452501272,0.0226172904027602,0.162596366548811,0.188330293731547,0.131234072663497,0.131237928337892,0.156530721947398,0.0526954560466623,0.210457104691825,0.249078359798017,0.137041879242407,0.205615839074476,0.169895488997251,0.0750933853686431,0.252657930621046,0.0631148156573157,0.162991659174405,0.219971649215579,0.0547189964320281,0.263705155356427,0.0865290908145713,0.0280457968501037,0.0703875192031577,0.116997958905315,0.0141288086852578,0.0250482529970316,0.17286576255739,0.0792611835280378,0.0659057143675996,0.151316512755672,0.344326062319223,0.220159500111519,0.224404947348117,0.195725940773397,0.0175709537862611,0.241086201380833,0.0706960282262671,0.0247039954236633,0.142876902741965,0.0822528752299078,0.0944360031572171,0.0756633961892121,0.268062192619759,0.205558536066114,0.0708528260340109,0.226783938280906,0.121951598417362,0.115564667147225,0.159655122025376,0.291290205267415,0.0453403012585434,0.10409580807988,0.156535035703373,0.0306256126056202,0.185789189540075,0.280795176207871,0.115228796194248,0.127011323351873,0.00182487352669656,0.0604828586435603,0.00835024074237095,0.0951605355003462,0.329003285493359
"2",0.0558178732464643,1,0.0437789539563059,0.161451649773759,0.125792184311153,0.112310598493032,0.0823797729625811,0.0384728189635428,0.0379440991355118,0.145113095199716,0.104655542767283,0.0316041350660857,0.00414626970270629,0.0977806288528619,0.0365159995524942,0.0347653809426472,0.0923797886945238,0.145894180515158,0.206485092925327,0.0131695924460268,0.13541984852824,0.0410789547065494,0.1815900565186,0.164637140870332,0.134616756164527,0.201698777131109,0.000221607416970955,0.187892553330443,0.00626336479482902,0.0947747431229404,0.224820001226688,0.150065090829384,0.169456280523026,0.15183520713183,0.0366487947200459,0.0215033485615756,0.114116111204916,0.0425164632452701,0.119663720282854,0.0213180305686319,0.0164830552516992,0.104396325824174,0.262284252997092,0.203192598527064,0.235531844539404,0.00728073702326749,0.00471166730711218,0.0894933160598828,0.0922937252931082,0.0254412773196685,0.0282782768139072,0.00929430621640804,0.214078691922812,0.116656109996481,0.266349073936052,0.087962627020203,0.116032881982377,0.206119866474944,0.0495556963073928,0.0493352917515038,0.0249708978444,0.093599089759374,0.0475268472289907,0.0226018858265842,0.184117181041545,0.0167112021416241,0.186573398213948,0.116096417351016,0.145404264955636,0.199343313658602,0.122791984333842,0.0969517574479598,0.00646566160404898,0.0828222583536286,0.0543922079101059,0.0585318966994247,0.181510073873991,0.158309587931808,0.0403658502580006,0.27837324634026,0.114837332425646,0.103882949381389
"3",0.0109265999884579,0.0437789539563059,1,0.234098849407351,0.424265553631413,0.545643585251679,0.265032759812548,0.241722739403258,0.0998760570098132,0.160598049632782,0.374496493560536,0.351229880950282,0.163886595948797,0.111943968671206,0.334082561042384,0.01801831590166,0.28400487305018,0.116700004378657,0.275946043316719,0.14726193354859,0.458048108421221,0.0304280626904653,0.104363173197973,0.0773018882678643,0.217737599156729,0.0652396569927825,0.307497251637647,0.154709672219779,0.216215108929805,0.201658934810722,0.0877460374774047,0.216150983331689,0.223454207652249,0.43931918948843,0.0947387061783815,0.324529869367158,0.441508740937471,0.541276104541929,0.188063760321183,0.0422157993727201,0.160710393625829,0.426889790631337,0.0642757898462076,0.269608258347154,0.0726741744147928,0.210826210436385,0.0311619683809022,0.134351255488023,0.136504661228815,0.477348531642645,0.0748405729275469,0.562459841230352,0.443155432085884,0.0238635004404643,0.163420070819759,0.114510868108664,0.191886154820233,0.00556894781504351,0.0544290266240527,0.182651707198883,0.268756167850001,0.295562434039655,0.39797317577582,0.269975864081621,0.285722555328049,0.355251544764643,0.0684178638556368,0.277100190423083,0.317160126189775,0.00897569626485969,0.107415653478725,0.151771962565772,0.369761938111142,0.522132922952657,0.343683254585012,0.184699605636131,0.425805287526436,0.0439939807818418,0.214273479754574,0.0295622572546149,0.179145031062226,0.292110238021234
"4",0.114877182955242,0.161451649773759,0.234098849407351,1,0.169071033720496,0.210854329126658,0.0612220839479279,0.0992616217588838,0.0282448257147431,0.118607006093877,0.217536635205778,0.164522018576742,0.0407618217104845,0.0299584434988797,0.0924070255129226,0.0934711424466216,0.0906306954116688,0.0526623661213143,0.065422387560286,0.0247541864232881,0.217949657436033,0.04915438813161,0.216633141489823,0.0559374549181042,0.228041789281987,0.233357909761062,0.0731417757760399,0.0828465302282818,0.00759705861886377,0.0255727315021512,0.186124049251534,0.0138197898220397,0.191561821319222,0.248163889717569,0.00850254389347283,0.0205006098903682,0.00116243867436108,0.0497969294514922,0.203272429541236,0.0153284673171694,0.0482644118894722,0.319037846378754,0.378520686042472,0.107611767379864,0.105872865945416,0.0837708523642406,0.0367417531950562,0.191651924584311,0.030179062384525,0.0631470984397929,0.0334025779223395,0.0164590748732799,0.197015894931271,0.132527151932774,0.220540158387244,0.0230707754229906,0.109268790531904,0.158425388135605,0.0179198881609972,0.0233278657579875,0.0687760386353691,0.00342034102663096,0.126736654018838,0.0444409285765322,0.0299140525108086,0.211687072608137,0.0143347344021051,0.0280276922429849,0.0024136981793062,0.060394942999987,0.0721052611552276,0.02405621744748,0.0105712337243812,0.133355235845237,0.000961822470028075,0.0405317267603882,0.167470747271389,0.122340655812047,0.121475104896689,0.21825650528093,0.0661943071917078,0.0888570901182641
"5",0.19438584368443,0.125792184311153,0.424265553631413,0.169071033720496,1,0.312261752483515,0.147597633338404,0.09659968643008,0.0160055906889983,0.267894390504812,0.0692031556840553,0.431131647351502,0.0478835756957424,0.0759602472565036,0.415927228546979,0.0451066500616243,0.44442450134655,0.460168755073537,0.142972041005429,0.457090742179801,0.269691987827081,0.24799107685286,0.163285204961526,0.255490241477645,0.0444647309129712,0.211328679593817,0.42387019409867,0.382435661025134,0.592528580745566,0.427268118911564,0.295730863983951,0.396102703277842,0.0690830025349675,0.641817211353838,0.294185121553693,0.262443749719789,0.331133314011916,0.304806222845281,0.172588965077395,0.127797645462663,0.0720640023187136,0.203390263695239,0.0676415539945067,0.0529293582371666,0.137898521583106,0.351192528452048,0.0443872331765042,0.114767272018696,0.302020142139437,0.658148917939776,0.405791095615653,0.402885185052681,0.59969242659138,0.0499747348710821,0.185010920690427,0.240310889757377,0.0750802423424188,0.332189940875886,0.297160530531859,0.118555060805719,0.110284470166974,0.532523644465487,0.53925750293801,0.0306143404296964,0.352277554969003,0.493976301773367,0.329738061314528,0.359274050912682,0.350235428215827,0.3533282670981,0.0563033675236423,0.273449911220859,0.202868755808348,0.505257104995141,0.453390259676021,0.0953465574524828,0.420891066335789,0.085415602059968,0.0107327089610028,0.0835810440315223,0.066857549510918,0.467323054657303
"6",0.0587497749426541,0.112310598493032,0.545643585251679,0.210854329126658,0.312261752483515,1,0.355316606256885,0.360612136345853,0.119278156247506,0.0327832848215794,0.500195189773896,0.181486584968011,0.127717227698736,0.169063927083189,0.253943212370036,0.0525828818129644,0.127602239840191,0.0661490527221159,0.393027736657869,0.030123529290648,0.535487966931644,0.134335780721553,0.274872542157269,0.161802079453699,0.192994398676317,0.0642745088013644,0.130042440696057,0.0834248018860596,0.149021650778536,0.0631293681334002,0.06564509597112,0.100508579689193,0.317409318535167,0.279668038576006,0.00658691671778938,0.313058071951343,0.37904193674348,0.498993433131528,0.144216961717592,0.0515073461528874,0.193949825127394,0.440535063712739,0.0690114657327654,0.407432582958929,0.038728484777312,0.183964619108491,0.120966684378287,0.196593353153153,0.0517702009178418,0.315042434454541,0.0332673229116723,0.513301637938107,0.447553722822893,0.174154863747901,0.0513781394955676,0.216269314151012,0.360481219873744,0.22352444119668,0.250335735825162,0.360308684391588,0.350582536242694,0.0295907266966418,0.250181783260861,0.216918952196704,0.11444829651656,0.20353332460563,0.047758439612542,0.0480907651800282,0.197745554225014,0.0441591412211235,0.183393042354901,0.0451945995011762,0.335997893441147,0.497597878011891,0.246314430224303,0.140072906765361,0.528369146903339,0.0798528875912847,0.295031965755182,0.01120560436479,0.278101235454785,0.11727669224567
"7",0.0991082177212417,0.0823797729625811,0.265032759812548,0.0612220839479279,0.147597633338404,0.355316606256885,1,0.347357289729917,0.248995857011948,0.0497376931489298,0.267583038659824,0.132896966722363,0.120477024965128,0.00413851894469828,0.111641177664301,0.102343010207093,0.100691796914178,0.0309061769603701,0.0719273979374599,0.0451043194564802,0.265860524704433,0.114781132594051,0.291371681108313,0.0747132253834872,0.0155997993964235,0.170194204996195,0.0270930024269401,0.0514533184463096,0.11622169183007,0.0408766088112367,0.0719396372766014,0.0544110157222907,0.281783522243347,0.199731095083011,0.233614124733905,0.112629939540123,0.2680828011559,0.192036466244663,0.168548356609955,0.176381776619442,0.099039298881974,0.234665073454159,0.1707544128164,0.284125075271218,0.0129513130823861,0.0756109341479674,0.238515176089194,0.0275218984149621,0.037659982581608,0.150744518976214,0.008350299498401,0.175883760025222,0.222064633112836,0.211207884561376,0.0134263516650672,0.218784607378062,0.244437268293691,0.240041233058085,0.198995536523363,0.15514852593459,0.169806135538466,0.0548486866387244,0.0939969468679802,0.0682827766124676,0.0164428961703021,0.0913745512629267,0.0252528198545806,0.0973994860498565,0.141432136545427,0.107845666407624,0.0701695434661293,0.0526150778924487,0.130230863627575,0.236414497650799,0.141483522059857,0.0863827137460551,0.311262563159697,0.05477243320947,0.0481238489797769,0.0807682932528454,0.170576378043016,0.0890678139693039
"8",0.0331001524310204,0.0384728189635428,0.241722739403258,0.0992616217588838,0.09659968643008,0.360612136345853,0.347357289729917,1,0.198141188492416,0.122087558684325,0.229456586328217,0.07390851053586,0.0515442054639265,0.0638300140071279,0.124869824141737,0.131125908331003,0.108930777834869,0.0243932200268698,0.149861293962935,0.168395732219251,0.217755146925165,0.0805584197625019,0.175198727392173,0.0927504176714771,0.109493830114131,0.159976571780621,0.0443729048414728,0.0273274051141834,0.0705201271356121,0.00573862385362136,0.0694708089811342,0.0466101813270485,0.233570397876547,0.216981050976868,0.174008101176551,0.179689130810062,0.287093324272164,0.220122112734073,0.23092679717023,0.20753223701266,0.127533171520091,0.161613059134235,0.0218207092259262,0.269644121930556,0.0547001705028609,0.0679995122039098,0.0826462970703078,0.0660921769300656,0.017998227233252,0.172881019729696,0.149478558138487,0.242916168719116,0.113458206610162,0.16666015466452,0.175051286184561,0.124527041905321,0.210883680042584,0.202616156993707,0.262512126201818,0.169358341901294,0.190095060090351,0.0335945836822194,0.0688069481134528,0.178664089088948,0.105461762128059,0.0968301655569703,0.0862674273481882,0.0389990357062796,0.0971329346512459,0.119888628561561,0.014785312313471,0.0328795284488802,0.25322092094302,0.223758256386238,0.206093363222249,0.0615438963151409,0.195697665825924,0.0934862836820416,0.0538125886724023,0.0999483525134519,0.166828598974665,0.118241189746626
"9",0.0322769886215375,0.0379440991355118,0.0998760570098132,0.0282448257147431,0.0160055906889983,0.119278156247506,0.248995857011948,0.198141188492416,1,0.0605964895705069,0.0738858730035247,0.0984680358155151,0.0352419028746857,0.0221987892556245,0.0310479047019152,0.108345233139011,0.167209286735677,0.0128307540118082,0.0152647339537655,0.0465188433905051,0.0204749554791513,0.0750010598859629,0.0136910321648105,0.00756163356041539,0.031968616723973,0.0422498642696865,0.0315712157484724,0.0315765318119967,0.114470345236514,0.127571373728439,0.0846911805922548,0.0460101505133329,0.11781627847722,0.0857525912123729,0.205868340040609,0.149312523054743,0.139107015172266,0.00358761607093235,0.146790993784476,0.00737255773437312,0.0771044958618079,0.0479978589668964,0.0958538260306403,0.0124171752571057,0.061463352884754,0.00274500857002737,0.0721150318395388,0.00498838629277194,0.0410277460719115,0.0533580969652241,0.193131048563013,0.251472817252782,0.119292815398951,0.138293841131893,0.0906450364099419,0.115975235266991,0.0345426790851916,0.147660993565219,0.155690453661654,0.0367722111471689,0.0834700029748858,0.0715077925764228,0.116892741902669,0.0365668370088796,0.0874112764942644,0.0880447737958177,0.0511441802316541,0.0548335186338833,0.0290982211967446,0.156387538519747,0.252432760937245,0.0923949542969906,0.155938852804596,0.100793498162636,0.111874949191217,0.213771034859738,0.0206795062852763,0.00469214938497333,0.126024237840373,0.0575044253285066,0.064438125629644,0.0575659115031809
"10",0.190056368647732,0.145113095199716,0.160598049632782,0.118607006093877,0.267894390504812,0.0327832848215794,0.0497376931489298,0.122087558684325,0.0605964895705069,1,0.191155575581598,0.461095495930229,0.0258264475137119,0.0336438290910815,0.335396211437858,0.168366321305867,0.392633808948263,0.525591720991361,0.0278516203986946,0.400433657435695,0.0451627245595854,0.342195981636236,0.405597189447123,0.275188481293916,0.289532449615695,0.0849308025278123,0.306252419294542,0.509321749029328,0.4297538491539,0.386250102983538,0.480042527429148,0.456381614595323,0.366494997195186,0.294488459580876,0.144050124403055,0.306985284210357,0.359733125011039,0.193520376089955,0.302395882075563,0.24809919040792,0.108158277569941,0.158664255268223,0.24624019041883,0.129088665543332,0.343632450864043,0.373319236423982,0.0200185334199683,0.12222636178759,0.300055533149699,0.522106781389332,0.298634246321308,0.422950500940736,0.227732942082238,0.226034840510078,0.470016204101871,0.159621825153763,0.245342137001493,0.415025298121901,0.239129089224623,0.152790953562218,0.129575801610369,0.495073233203358,0.456329842782319,0.0782791760960656,0.441867024431728,0.194494635913256,0.160279862256598,0.42243911729784,0.320995389641606,0.0524795369173721,0.086480087425904,0.359710907293199,0.22341597717979,0.321411678791842,0.393025312031244,0.15878648662725,0.092478325109997,0.0645094384047063,0.119425177407075,0.236274949247562,0.183108515554302,0.514081912975814
"11",0.105897639964156,0.104655542767283,0.374496493560536,0.217536635205778,0.0692031556840553,0.500195189773896,0.267583038659824,0.229456586328217,0.0738858730035247,0.191155575581598,1,0.0639310250655982,0.207515844068439,0.216902715615158,0.0444739269536787,0.254107401732399,0.179887644528374,0.350038224040436,0.419201101516541,0.255296011349269,0.483247208779926,0.31536530517342,0.534913103645098,0.184132633593827,0.103346299736851,0.0106240538621801,0.0144536577071083,0.309383663423798,0.163638118285705,0.280630666180491,0.315242117632593,0.339484650125961,0.518027903150562,0.0918450189316528,0.0969136681926784,0.111711275514873,0.189100020016574,0.310725692268128,0.00570543305136235,0.129572397846405,0.200647660560048,0.384079286824749,0.157061052055065,0.494528730481977,0.135944162909603,0.11468627909664,0.124811095442447,0.195635092100027,0.101454629072497,0.0168242325006664,0.300765175750509,0.180351507980706,0.229877101388837,0.255054648993242,0.195508111552913,0.2987760437187,0.383322376975801,0.471347294905347,0.3817049476561,0.471791355364237,0.455111165391499,0.304438439457242,0.123461254425859,0.23605710240857,0.143740678657967,0.11068844124978,0.121693026562335,0.0968016144279906,0.0701412176021287,0.121127444406617,0.221863381072518,0.133904490063778,0.233537782799004,0.188550308101396,0.0165114054850587,0.0430372532667723,0.331979213777361,0.0349976735881652,0.226180544991446,0.0628571973734737,0.352733412636368,0.166735243411453
"12",0.198769567184649,0.0316041350660857,0.351229880950282,0.164522018576742,0.431131647351502,0.181486584968011,0.132896966722363,0.07390851053586,0.0984680358155151,0.461095495930229,0.0639310250655982,1,0.00216377985973368,0.155252015787586,0.400308926866572,0.179110186815905,0.476883350844323,0.558513516401467,0.0343210157757291,0.560912788755837,0.072351913990308,0.314553204538491,0.313206113433258,0.328804374143995,0.114050595587087,0.0455660992117146,0.341868842484103,0.555909014417896,0.540112099642394,0.453883816388707,0.436101614339685,0.528224924571789,0.270416594390436,0.52339673082312,0.171284012492076,0.350410402725666,0.454340839029127,0.284582606907641,0.187551873246332,0.255588123859839,0.0827396091629937,0.0932174552425493,0.0744678801984219,0.0881680784662762,0.249041277128325,0.455627508997944,0.0635776031382663,0.0432339761174623,0.38601174673072,0.674422831441422,0.438365414989873,0.480102107289157,0.421071273422549,0.136801901035182,0.389818991676835,0.174856401290724,0.230658197387534,0.4324921965221,0.372794673730465,0.251903602100095,0.184122179597008,0.664360528774904,0.662870031066455,0.0450597768382561,0.506635269311773,0.408311700796503,0.281851890436356,0.439145601247881,0.482506259902866,0.180481105981441,0.138559217472043,0.370770593743272,0.162006066336499,0.425008220870523,0.443936300869125,0.195739118451415,0.283982878661385,0.0879182045669532,0.010521695934495,0.023014343499472,0.194122337057872,0.607708719129043
"13",0.0465499465930372,0.00414626970270629,0.163886595948797,0.0407618217104845,0.0478835756957424,0.127717227698736,0.120477024965128,0.0515442054639265,0.0352419028746857,0.0258264475137119,0.207515844068439,0.00216377985973368,1,0.234815237933238,0.00904290625166863,0.169204944798925,0.259151124402142,0.21106972359282,0.300033774288553,0.0688003703378594,0.219499727032788,0.203017964939452,0.089065554174284,0.264068312736255,0.271665093731466,0.0447565063032374,0.0582896339545479,0.10043962628396,0.147604604872592,0.22000579805837,0.266966753432219,0.149583962003576,0.132456194435307,0.12543957205839,0.0131207763562066,0.117998784701985,0.0861903661189725,0.164065052157652,0.00977061948349013,0.064911789182576,0.0480084538802038,0.0502235759091435,0.0567144519641993,0.0612714624770279,0.0231725444977186,0.181507338847104,0.0398615513589167,0.098690804397984,0.0554989410342612,0.0260525437255809,0.101149257544766,0.245356066755725,0.0723780548486779,0.0332847353879765,0.0780984508217203,0.125106770023233,0.165340785024471,0.134775795447559,0.267788159436652,0.24249651087902,0.253782887738338,0.0629801563817048,0.0352458185465246,0.336498843940269,0.0402781825534722,0.105060288717932,0.0486766300236147,0.0539267954920715,0.0137291021421896,0.035486680057299,0.143202627765355,0.0548374864650477,0.144712141829528,0.125237867867881,0.0931028541328827,0.16327876540175,0.116138191824131,0.00687292938641762,0.204530793798399,0.00423085619748103,0.122849401707354,0.0824188937452397
"14",0.0115899277755936,0.0977806288528619,0.111943968671206,0.0299584434988797,0.0759602472565036,0.169063927083189,0.00413851894469828,0.0638300140071279,0.0221987892556245,0.0336438290910815,0.216902715615158,0.155252015787586,0.234815237933238,1,0.0967689441655373,0.0179706260039785,0.307517110980921,0.28518998522044,0.284548675219273,0.161728221973168,0.0875722681180392,0.30647112835262,0.232236963170934,0.240453501672151,0.154468569378135,0.025958823880555,0.0411420693964515,0.195803264913147,0.192412648952011,0.213559568109304,0.272560886318496,0.2272265672789,0.23632717789461,0.0951099343852708,0.0423861797779915,0.091119977706774,0.0640462045735505,0.255222857033764,0.0362047414694946,0.0422656395415174,0.11083192542338,0.0252773881097807,0.0208306250342077,0.224218150057494,0.156353816704127,0.0315474254884163,0.0279121256110491,0.153375549657506,0.146514049346091,0.111998624934403,0.186962333786903,0.0930037395449524,0.0612127755722358,0.0770839860697244,0.125586175714438,0.317935364646293,0.123812913256288,0.201941244493609,0.33605848956363,0.269223821235484,0.193838317387649,0.263204652265272,0.141639648833901,0.227927260279795,0.137418726921575,0.0927718833331009,0.200555250686544,0.0930539768101371,0.228934783293483,0.107382927788183,0.244525230406917,0.00434505626121649,0.161220359700088,0.108004701773936,0.0151042086129313,0.0154186350998571,0.0317678966046831,0.0482853821163473,0.203660199579108,0.0534133058156054,0.201873985666597,0.123017322313605
"15",0.262001099769268,0.0365159995524942,0.334082561042384,0.0924070255129226,0.415927228546979,0.253943212370036,0.111641177664301,0.124869824141737,0.0310479047019152,0.335396211437858,0.0444739269536787,0.400308926866572,0.00904290625166863,0.0967689441655373,1,0.181710082820791,0.292995447616713,0.417053188939305,0.156259394082839,0.405398385688316,0.149913949073238,0.280534948557998,0.297116211396948,0.1843898876643,0.214025747710284,0.0796686702296679,0.209927051199758,0.329837589118802,0.413967898743331,0.369135168980614,0.318597908197372,0.329163386421684,0.151921730294548,0.406019428111495,0.22888584454663,0.333072449926647,0.327209970170892,0.322968905946245,0.161548031484219,0.138996634657301,0.089541817200794,0.0736755716684207,0.100802853769608,0.0094806730468841,0.127422601283707,0.362040168298735,0.0755148024831612,0.0134211240062076,0.194731689847697,0.561299828030601,0.335770210580483,0.481214631826647,0.400111824436653,0.0728774167685403,0.243288870786991,0.039111962111142,0.0970630369179066,0.299531107380045,0.143881417280894,0.163135476248466,0.0805270783538552,0.489679801330639,0.509424496007711,0.0664729360157779,0.37462447283533,0.236631995808459,0.252276541663889,0.278067801863553,0.366037513695345,0.183856092728504,0.00667593792589577,0.241698316738012,0.151563524055061,0.384088415564722,0.435264076952201,0.200957989469248,0.298035477145474,0.0686108777558054,0.101055975053775,0.000818446633524849,0.127247680314733,0.54802376494898
"16",0.0778479405533045,0.0347653809426472,0.01801831590166,0.0934711424466216,0.0451066500616243,0.0525828818129644,0.102343010207093,0.131125908331003,0.108345233139011,0.168366321305867,0.254107401732399,0.179110186815905,0.169204944798925,0.0179706260039785,0.181710082820791,1,0.125451060176997,0.185235850155076,0.0338835069969409,0.275198743279003,0.194224116932974,0.173473317278405,0.357655303411633,0.116629917120402,0.0250511249948313,0.118837469670823,0.000890313966159868,0.226600216363652,0.0854891640132027,0.124802186059994,0.088408698717437,0.231386250690557,0.279589000150397,0.0560717409228082,0.0906804651007579,0.0675334745399712,0.0818780493620765,0.0343345128951479,0.0213535155024992,0.209173535588727,0.243849221789752,0.167707185651584,0.075853367939332,0.265696827133874,0.0425170371153116,0.340056118441948,0.00168863802128492,0.0183494130288249,0.176474493298716,0.114369550638672,0.152088497792779,0.271956808763306,0.022689826548473,0.0941468114493345,0.0736955993292664,0.0146930540034681,0.153898687504616,0.177369731498715,0.134799621116056,0.215067320658843,0.18503875046644,0.327255341090286,0.306606475213264,0.00759732885103275,0.139034007516185,0.0972413641361188,0.128983931534354,0.168034670595829,0.109827784203974,0.0655285330575392,0.132748646976722,0.152041979259279,0.0427335111163127,0.0859428218241267,0.172810656486093,0.273936697518476,0.0200100791842886,0.11015743508393,0.058683352225121,0.0828045539423991,0.145289295722708,0.2216838113324
"17",0.0872317949427577,0.0923797886945238,0.28400487305018,0.0906306954116688,0.44442450134655,0.127602239840191,0.100691796914178,0.108930777834869,0.167209286735677,0.392633808948263,0.179887644528374,0.476883350844323,0.259151124402142,0.307517110980921,0.292995447616713,0.125451060176997,1,0.702964220048276,0.237418941173542,0.4197359942088,0.0621126562776996,0.442610635198858,0.426517076803143,0.401338207609386,0.0289992199446956,0.0394914307843851,0.447847026059995,0.515872589282399,0.512015686134581,0.568303012003988,0.616801295694081,0.586119145494235,0.371526473683743,0.503425589440822,0.110714327539736,0.211697223379711,0.314913449549026,0.179249394351277,0.276409834643932,0.230522783954109,0.00639728444688298,0.136094218580383,0.0502572984315587,0.315211622180003,0.378824902082176,0.352646819831248,0.0425427592661861,0.0172840065216468,0.396708304897817,0.592197061108312,0.361194997599615,0.346820622596283,0.240436311861947,0.247667340826858,0.427325903169952,0.36059510322527,0.269436358910996,0.471350034275728,0.502487576822536,0.381319087678865,0.179518804457973,0.666001990924698,0.581562838089017,0.22528350640925,0.431768021472128,0.410285847929525,0.196392593752065,0.54545761834694,0.461405778816234,0.138120142352513,0.226277226579765,0.392322236413689,0.120287997307222,0.333543753293371,0.357891606403706,0.0764230115075685,0.0722631553824423,0.0194530073651184,0.130114362645224,0.11502141974869,0.169862295903748,0.48605429817276
"18",0.279270385088262,0.145894180515158,0.116700004378657,0.0526623661213143,0.460168755073537,0.0661490527221159,0.0309061769603701,0.0243932200268698,0.0128307540118082,0.525591720991361,0.350038224040436,0.558513516401467,0.21106972359282,0.28518998522044,0.417053188939305,0.185235850155076,0.702964220048276,1,0.258774204120636,0.579625338226121,0.166407526770276,0.553276927334418,0.625577322737082,0.470868309555409,0.0960323264452501,0.0195427376049476,0.406800533424245,0.679472254599494,0.630072537243635,0.703883940390393,0.709923624917115,0.69326404322367,0.554773564037131,0.505229552613591,0.290113923385522,0.280054049971567,0.359348518614969,0.111801531005075,0.270054621204819,0.24427716277762,0.0740186254121041,0.12924870760348,0.26191443486407,0.317189670993461,0.425626139434949,0.45566444407757,0.0168920768230466,0.130580214448494,0.430533664153458,0.705012898177144,0.518147217097931,0.335815586648826,0.285793220727643,0.372569641806438,0.573534617576578,0.444286566034758,0.389285151622913,0.694910386170227,0.632538344727022,0.457131013774489,0.348221654804384,0.783393337176462,0.627690369423156,0.136371238381807,0.561156292554527,0.399422350157183,0.272717096125198,0.59080860380586,0.532099919441194,0.21892880964947,0.231608757822533,0.457717090427119,0.0824008365620135,0.283746562563313,0.478216050568552,0.0699612993973943,0.0220724410594059,0.0347522279286663,0.147799640324131,0.143952304300128,0.350962053179981,0.66177054836016
"19",0.0207950180880513,0.206485092925327,0.275946043316719,0.065422387560286,0.142972041005429,0.393027736657869,0.0719273979374599,0.149861293962935,0.0152647339537655,0.0278516203986946,0.419201101516541,0.0343210157757291,0.300033774288553,0.284548675219273,0.156259394082839,0.0338835069969409,0.237418941173542,0.258774204120636,1,0.0672172512790895,0.374342128923991,0.185846799271286,0.327870984364899,0.302369466070959,0.259719587578849,0.129828759670779,0.0300459974524951,0.222161987485211,0.00219641790194971,0.16590953813929,0.326228648706767,0.274231205360743,0.287627726844803,0.091372507394965,0.0944427609169116,0.180845223751043,0.0903165156977277,0.322140253435773,0.112038522675681,0.0272660893160995,0.0822052505427597,0.149772814475304,0.075185739012604,0.399465061660273,0.164835104577994,0.0782852401950246,0.0429548078151816,0.049583156736628,0.00954553803959811,0.0841522846570599,0.135867900303745,0.319835215106558,0.293347339223052,0.242549405031749,0.176928449425357,0.193535081794366,0.296834074694512,0.340347978703217,0.415118173944206,0.419106728432175,0.25874879443856,0.146717866354736,0.0509520174638972,0.230744500552359,0.0345694969225737,0.108173550240992,0.0896242437266804,0.111540715676455,0.0360198810180959,0.0106810004839256,0.323968917106291,0.0509546668443068,0.219498225897832,0.239152101630462,0.115437363816139,0.0895536704741424,0.340012702855143,0.0101584758719895,0.278501617965228,0.0781967596257346,0.183805618881824,0.0053149389483991
"20",0.288306452501272,0.0131695924460268,0.14726193354859,0.0247541864232881,0.457090742179801,0.030123529290648,0.0451043194564802,0.168395732219251,0.0465188433905051,0.400433657435695,0.255296011349269,0.560912788755837,0.0688003703378594,0.161728221973168,0.405398385688316,0.275198743279003,0.4197359942088,0.579625338226121,0.0672172512790895,1,0.0957394759268938,0.402055241106845,0.464743173656133,0.31283880177684,0.0436453008399447,0.11940526583564,0.329387113708464,0.538622534206524,0.558832882002624,0.373057812007924,0.436577576409947,0.542542262220565,0.385910079224898,0.456619371834877,0.235907263548716,0.204338549380389,0.322739195744969,0.103107447027493,0.19551253816534,0.261422714895397,0.194035473396101,0.0468201020624286,0.0334533696828896,0.289261589097046,0.220667626356839,0.524784918736242,0.0270652444672195,0.0337058813023062,0.350166601786639,0.621280169241043,0.485278779213188,0.351491548356593,0.347787329166505,0.237171179045416,0.345825792902868,0.299507049907831,0.315558004588766,0.486748894874195,0.433611289147628,0.328765442866158,0.299432002982198,0.684700378095165,0.560868935106683,0.00769732227603731,0.459085273234484,0.321362111801259,0.302088594453497,0.537369406645295,0.454944811941257,0.237188955785916,0.237729830456839,0.367462842645191,0.0741756171649558,0.300474189676361,0.416376416994492,0.196603909034763,0.171487631147058,0.0341785587039504,0.0591191248086066,0.053515064479148,0.344878416380068,0.604255848600181
"21",0.0226172904027602,0.13541984852824,0.458048108421221,0.217949657436033,0.269691987827081,0.535487966931644,0.265860524704433,0.217755146925165,0.0204749554791513,0.0451627245595854,0.483247208779926,0.072351913990308,0.219499727032788,0.0875722681180392,0.149913949073238,0.194224116932974,0.0621126562776996,0.166407526770276,0.374342128923991,0.0957394759268938,1,0.205192740204004,0.379392349372536,0.103204432494178,0.183848670868722,0.0663713193145653,0.10084479281244,0.135075903341881,0.0477204891507461,0.0441191413838729,0.180397161682351,0.176501773248204,0.394691999189983,0.201596551914339,0.0569973421305238,0.231279655505679,0.275160017512494,0.355830525102482,0.105985798354387,0.120569501191802,0.297842076795996,0.427054923454357,0.0704186614055929,0.421226219238299,0.0532668241165604,0.0270403621996698,0.164352210022979,0.103499165497234,0.0039942868081191,0.181262606633153,0.0986750424347927,0.28844003289866,0.366688857494311,0.188467720578497,0.0921745204048915,0.204168496339515,0.343170525856669,0.275611324533617,0.273561357295211,0.362621541996476,0.408214087695221,0.0932212244048086,0.0500971511092084,0.246139093916244,0.0203678283820342,0.268203679051531,0.0222446359779758,0.0761361082059209,0.149912903298419,0.00824296099050843,0.242787519421942,0.0451996392159836,0.180589184773038,0.306649091636311,0.141146686910082,0.0541415091787162,0.447903232819084,0.00540436627299224,0.115713127322245,0.0701756827348894,0.300423470866346,0.0268859329302927
"22",0.162596366548811,0.0410789547065494,0.0304280626904653,0.04915438813161,0.24799107685286,0.134335780721553,0.114781132594051,0.0805584197625019,0.0750010598859629,0.342195981636236,0.31536530517342,0.314553204538491,0.203017964939452,0.30647112835262,0.280534948557998,0.173473317278405,0.442610635198858,0.553276927334418,0.185846799271286,0.402055241106845,0.205192740204004,1,0.464490531444779,0.345431233212614,0.0315579172143101,0.045357851163658,0.247693772600981,0.436867864029566,0.369733152084395,0.46260806080009,0.440166043617055,0.484059943133646,0.464945639779241,0.30001993897162,0.202210492539624,0.0778713872071744,0.0289268105909872,0.0409673074980295,0.164725042753334,0.178622385611713,0.0954177339027651,0.104360246814558,0.156605927358188,0.319668903005357,0.215315199860339,0.273893191783342,0.00737132247724887,0.184035541931313,0.232726038264606,0.430838104934639,0.389668504644051,0.138821094101698,0.157067952203667,0.271593316288185,0.347158208091443,0.320404909880611,0.322537506270951,0.456614985887052,0.443050553393692,0.321215920297216,0.315315801913402,0.556368611612972,0.371481565877083,0.149830571767647,0.365371632178166,0.197856589442363,0.237391607033625,0.366806016841556,0.300673114553458,0.15568682364116,0.228051390256918,0.263667907393461,0.0582014764865482,0.116657493290873,0.276450876019539,0.0052530614671709,0.0110475654784132,0.0144260764417674,0.196035274023821,0.0542820031393584,0.238305699778885,0.419212873871946
"23",0.188330293731547,0.1815900565186,0.104363173197973,0.216633141489823,0.163285204961526,0.274872542157269,0.291371681108313,0.175198727392173,0.0136910321648105,0.405597189447123,0.534913103645098,0.313206113433258,0.089065554174284,0.232236963170934,0.297116211396948,0.357655303411633,0.426517076803143,0.625577322737082,0.327870984364899,0.464743173656133,0.379392349372536,0.464490531444779,1,0.299036317556081,0.161130399634027,0.0165295918384486,0.26078833828376,0.560394971951437,0.328199559145529,0.459600220406191,0.568219604160631,0.575508672266846,0.641204106933855,0.172485067644803,0.243853214190468,0.155649987765596,0.1544886891303,0.0635965383148614,0.175825988782971,0.37416567252523,0.255610845748635,0.343977773833135,0.329957768062292,0.467659737221495,0.328154463920519,0.357528580178408,0.0495376962089794,0.122112936814987,0.390696293211556,0.386855174426642,0.353165301299528,0.201089384814072,0.0311169368619533,0.439434720403005,0.449987513333381,0.357816094334662,0.423143465645776,0.630513650908603,0.485973271999979,0.49778198880315,0.336738306301309,0.609447773670232,0.451649334366848,0.0614308281213679,0.454670448153294,0.10742049000934,0.146082899509069,0.485053380357068,0.257395029628396,0.123258022915253,0.192925955148479,0.439753246090293,0.00559950446027677,0.105199737131363,0.25731871061559,0.102568127449308,0.257600742671284,0.0297049879242523,0.107136217181687,0.226586394522899,0.369034460316166,0.50025624579393
"24",0.131234072663497,0.164637140870332,0.0773018882678643,0.0559374549181042,0.255490241477645,0.161802079453699,0.0747132253834872,0.0927504176714771,0.00756163356041539,0.275188481293916,0.184132633593827,0.328804374143995,0.264068312736255,0.240453501672151,0.1843898876643,0.116629917120402,0.401338207609386,0.470868309555409,0.302369466070959,0.31283880177684,0.103204432494178,0.345431233212614,0.299036317556081,1,0.0839134003851358,0.122459062099356,0.298838426765117,0.474824613405149,0.335326481105355,0.293011313858494,0.536689781087216,0.472192736077722,0.284245832622918,0.324631997690937,0.085823464656807,0.0475616934979911,0.198695232912283,0.0472933645285171,0.264527645084172,0.00109713933957195,0.00518433791291984,0.010994360609922,0.0664000425035013,0.141740339596064,0.38770726291864,0.048343227402674,0.0371148491019758,0.127456693528759,0.156895642782247,0.418235360067124,0.274528962857605,0.0106583088247958,0.0720329089887586,0.177620785753831,0.427941565419694,0.283758432397446,0.326718174446525,0.378710882769765,0.403530519788415,0.269722701882279,0.275919431284569,0.409439231952322,0.274547130876802,0.129776946008617,0.31251362969984,0.313802868028821,0.124613099170167,0.352871602193271,0.307533790902197,0.0455144427495008,0.302475288134809,0.225460162535348,0.0273866383398344,0.1335508933849,0.198127269721535,0.0303354234895996,0.0345472770501678,0.148244115697399,0.232530723127389,0.041478565155641,0.212500701865548,0.407502633959826
"25",0.131237928337892,0.134616756164527,0.217737599156729,0.228041789281987,0.0444647309129712,0.192994398676317,0.0155997993964235,0.109493830114131,0.031968616723973,0.289532449615695,0.103346299736851,0.114050595587087,0.271665093731466,0.154468569378135,0.214025747710284,0.0250511249948313,0.0289992199446956,0.0960323264452501,0.259719587578849,0.0436453008399447,0.183848670868722,0.0315579172143101,0.161130399634027,0.0839134003851358,1,0.196100837012634,0.137984966444988,0.146027431722632,0.0596686366472759,0.175236011779826,0.110244973612743,0.112630089567686,0.0169002021696425,0.0116068622592803,0.0571824742076835,0.33891279341539,0.339034774008098,0.345095614698641,0.284119196324494,0.151735486768295,0.0587096788059316,0.0852410979271876,0.372783947420159,0.104782691175667,0.138305608605344,0.194590031282096,0.0639405017846343,0.080047211701221,0.277580676531668,0.236345249834298,0.0371612735619207,0.486729862355302,0.10209791210174,0.143433858924757,0.31782654301786,0.0569119366386052,0.0503203929265597,0.058719760399071,0.182705271829452,0.138664960944477,0.30248544279798,0.164846079993199,0.105186988738507,0.301405371798206,0.253423537719656,0.0260761124156074,0.071370345921947,0.164786620152215,0.247125035354828,0.140600008903643,0.0989967483441618,0.170900230626588,0.223138803791395,0.227739658139987,0.285403679262482,0.08382619537602,0.0437844058636649,0.0915044872016367,0.188139352970585,0.238125775242605,0.0607388650929978,0.263103686482863
"26",0.156530721947398,0.201698777131109,0.0652396569927825,0.233357909761062,0.211328679593817,0.0642745088013644,0.170194204996195,0.159976571780621,0.0422498642696865,0.0849308025278123,0.0106240538621801,0.0455660992117146,0.0447565063032374,0.025958823880555,0.0796686702296679,0.118837469670823,0.0394914307843851,0.0195427376049476,0.129828759670779,0.11940526583564,0.0663713193145653,0.045357851163658,0.0165295918384486,0.122459062099356,0.196100837012634,1,0.0328517520031401,0.0954050920676374,0.0440505836301765,0.0574999233298192,0.152806322028541,0.00954738560112252,0.0801177697960158,0.0593612747588082,0.148261600842948,0.0304334702892643,0.0981938774428257,0.0141540674033692,0.343454537453646,0.125423511388998,0.0540460679637626,0.0779314874502162,0.159080111536279,0.0643421330728751,0.0981142547531828,0.12314480181367,0.0767027672985997,0.1137726287286,0.02012672458117,0.0174525866057143,0.159263798070525,0.0251183570218345,0.194843833175814,0.0259023931598596,0.245972562143064,0.0845681612924431,0.0724446128908629,0.0992090622846406,0.180551941986121,0.0440598618308006,0.165331466341628,0.089984792923524,0.155387205090239,0.0948886396267472,0.142226605535371,0.0193203191777134,0.172390654280045,0.0447450732756516,0.122864500444118,0.233605369369257,0.0692037946611204,0.0124067401339022,0.0209940291960067,0.0840094504398245,0.0403552951419718,0.00734553758526102,0.0593271037558742,0.253133927801758,0.0592786866520752,0.148448101309879,0.150248078980245,0.105118388567405
