"","1","2","3","4","5","6","7","8","9","10","11","12","13","14","15","16","17","18","19","20","21","22","23","24","25","26","27","28","29","30","31","32","33","34","35","36","37","38","39","40","41","42","43","44","45","46","47","48","49","50","51","52","53","54","55","56","57","58","59","60","61","62","63","64","65","66","67","68","69","70","71","72","73","74","75","76","77","78","79","80","81","82"
"1",1,0.00411967437674583,0.0321760500469517,0.0987615139532363,0.00108866044437544,0.00786795301963514,0.0425858184219568,0.149159548329096,0.0800655119748259,0.166284888084806,0.260261627390024,0.225851919045835,0.275358350967923,0.0515470449839392,0.0405861780212081,0.0931070077143995,0.344741749455768,0.205610424067693,0.256482946290375,0.345142640457163,0.255757627659324,0.287939201951189,0.331861188546577,0.101838114917284,0.0879857161631365,0.236810834425552,0.17410250528174,0.320255969677848,0.0260477794511949,0.257412031916581,0.17025488079291,0.287697766883163,0.22936929650824,0.254200447463629,0.352217775971132,0.175777388163652,0.231666130650374,0.146906315782572,0.117836060748732,0.0812120833685928,0.252924564556107,0.221625644152672,0.216453720184167,0.2111290918358,0.243825732774102,0.174565063413092,0.155088057673773,0.102511569042448,0.137010855813321,0.27859830761655,0.0466150823555425,0.204163801698963,0.224775838147258,0.241728784068057,0.228293466433415,0.300228489643698,0.317602864692401,0.184643783277255,0.247670495756951,0.246464135133031,0.152727616188208,0.362664323778823,0.103014207815909,0.125061258522183,0.251957559748077,0.0762129245155365,0.206963777065303,0.316270870989751,0.220161337041401,0.00413306655223656,0.114695614730487,0.217394017048886,0.223496871559608,0.00235671224472268,0.0747927561263315,0.0434168821422325,0.220390593304608,0.28028230495831,0.0681343773417855,0.0768263354586851,0.0491894711262447,0.266592190088149
"2",0.00411967437674583,1,0.0832916328695885,0.0859687933773782,0.105299671530894,0.036916299207025,0.0470809824813599,0.0335742736951777,0.0690161760826653,0.201083757430721,0.1258127881339,0.191357880989485,0.129145617366617,0.108024235329732,0.0983361071835447,0.0700768043706641,0.255922844460069,0.228760198088028,0.175261972588019,0.188110759308543,0.0203464481635121,0.113489900712141,0.182490071860555,0.248076769979226,0.118215562838774,0.0350903036467653,0.239898549372857,0.0965946745970673,0.0543944370198649,0.151818869730745,0.140494516864766,0.217791746967439,0.105855080936497,0.124981531192736,0.0959048899956396,0.114052670419831,0.0604096644230824,0.189065091421636,0.17484359373752,0.152674696002424,0.111070636942593,0.0256868903751933,0.0210802799460145,0.086456189276732,0.0763932883149612,0.0368870937266491,0.0347045036712314,0.0876392795480195,0.161563796232948,0.127616145255901,0.0948950023381238,0.0575760382747482,0.0405507624796174,0.096577138368389,0.0784903283871709,0.122011359137082,0.0788040425856737,0.0553894991616914,0.166423762319058,0.205680423025528,0.17334027445805,0.0444165951663658,0.0169662176858402,0.161354591006887,0.170038650722406,0.164672079136897,0.10698941888918,0.0431219279428227,0.191251020069615,0.0641557111445045,0.133012226186845,0.163098871802371,0.165112403125603,0.137052267200168,0.0732678302201708,0.286204895364987,0.0341023566283727,0.00566065766261763,0.0554859667548929,0.0411844732239454,0.128290343305326,0.0768582415554904
"3",0.0321760500469517,0.0832916328695885,1,0.0498503762696348,0.136555093639808,0.152822650017138,0.145880346649572,0.049926654765131,0.14487570741557,0.028752632573111,0.165560159930797,0.0122584553325868,0.0372312485689569,0.0511957907013613,0.0144852788134447,0.0916261765162463,0.148274305728632,0.201040778869198,0.048408279400921,0.1399200065257,0.132968405144384,0.120215322584973,0.0337752608836898,0.214767872105614,0.0156991545522579,0.066560246185786,0.180497124347483,0.104405901996924,0.198174473262758,0.0751084397701685,0.135563025009604,0.0452257259793168,0.0969320741294741,0.0868946199582029,0.0419900320965984,0.0439589803195056,0.0631123888983161,0.11193342979742,0.00368717291455839,0.0433573223673126,0.03098707851283,0.0230855623816521,0.214715013066239,0.129271372236701,0.0225377339906068,0.131350991434153,0.0937062326225003,0.0221289492241792,0.00873818322891066,0.205734483455858,0.0248234567236716,0.0155078722401211,0.0995191977369834,0.00418263627827352,0.193692417627197,0.046578619320701,0.0383110724796822,0.0407366612083216,0.270234894865946,0.121521002663204,0.153456632985313,0.0690893865656531,0.0908095592470826,0.0504050831010528,0.0434197655473749,0.0386854347786055,0.115609505838583,0.0130705184165601,0.0878366240266634,0.138380543839378,0.0449319634565337,0.0221626143252107,0.0400405446150472,0.0718653176596294,0.0805735296515903,0.230696461040416,0.0445988574681009,0.0366889292520957,0.144577803078697,0.0137108239073622,0.106839918733712,0.100489362932843
"4",0.0987615139532363,0.0859687933773782,0.0498503762696348,1,0.243639581471075,0.0822852734162432,0.0605147478723493,0.0196674222261015,0.039149555866944,0.102909373061124,0.0827448686354829,0.225504945961026,0.18220270069614,0.0452872394161697,0.266537636053262,0.0618410385810222,0.0373493942240406,0.100852039162018,0.000878363538639027,0.0528233608155857,0.0411087486223536,0.12754716825004,0.131782059081127,0.0580844084329985,0.193972585355659,0.141415537609802,0.0529620697827094,0.00943837436827287,0.14350599203374,0.113980133658726,0.0321550635055102,0.00407288621383497,0.136269610138026,0.0805897263240799,0.171144478663356,0.0401542378822289,0.228845419319652,0.0783689947478722,0.0151030342628636,0.0226945267511281,0.0249233963324157,0.427086288872907,0.253744322795143,0.053955887883526,0.152316348332522,0.140297128254238,0.156516739626441,0.0554838936222599,0.163631820787893,0.122976842821852,0.035501245216072,0.121559175405393,0.0538156446214094,0.0585164766451996,0.188541687525729,0.110192966372734,0.0306439199991947,0.160270064627929,0.0552716162259603,0.0169917082198803,0.155351894667209,0.0257861910941604,0.0842388354428715,0.126521886520877,0.188617786583049,0.144890959736394,0.197905799546044,0.150078076537018,0.115206725683025,0.0793944379033732,0.0273812933487006,0.0837253292390404,0.0419032360877869,0.0116808396323481,0.15161054278803,0.0399153503183107,0.0514534174593189,0.0906655371680412,0.108612645926101,0.0306032038205821,0.048605158309027,0.110006679344952
"5",0.00108866044437544,0.105299671530894,0.136555093639808,0.243639581471075,1,0.360698235783208,0.0968532250366048,0.0211908964206655,0.194429926971035,0.135810903538235,0.172265860174107,0.0516783699676568,0.041736260592851,0.181203157767618,0.14597268808955,0.0788466002706827,0.293508912768245,0.436550910359977,0.144519580466219,0.200266226947228,0.137287171255664,0.0592238032365896,0.0320046879381816,0.239799383523106,0.188079052224492,0.130404116480877,0.0982179622519184,0.262476398912881,0.360801171455827,0.170005724948395,0.205958514407445,0.201458707692865,0.254693728009605,0.192431392208143,0.0270569634613512,0.0512587004103474,0.13073709989727,0.319916501225411,0.0267607668599889,0.173459875829859,0.021564375266693,0.208345076221546,0.260752068520509,0.129758425558273,0.133270418500463,0.0591693874855226,0.177802063969685,0.0123122959790345,0.164984572902423,0.15298143948787,0.20837736905284,0.217019249386515,0.0798169959574948,0.0994669271013841,0.0488749708597013,0.0593104326170513,0.231733486452589,0.33150469115395,0.274609113606974,0.26612381906888,0.376342960360046,0.212893745506063,0.269625305890772,0.0351792312813155,0.0333610320471461,0.142819193929548,0.146148880656356,0.0204810448163013,0.203163737583514,0.191336969470506,0.169241337488807,0.0272383493071483,0.0789264209906079,0.00274942566830346,0.130007930176487,0.0827686857655917,0.157836665662997,0.0827906969011601,0.0554084710172862,0.0611603908222904,0.173089302958734,0.0965182043802109
"6",0.00786795301963514,0.036916299207025,0.152822650017138,0.0822852734162432,0.360698235783208,1,0.165959001661371,0.204655435489356,0.191187513742087,0.00796981164456472,0.197262605090785,0.0340476144715023,0.0299720679799905,0.133229308443154,0.0732319774687524,0.0252879006682854,0.145945611118514,0.257282678477363,0.0417414052540437,0.198055097491504,0.0780300995230839,0.122936988522322,0.0127230153855758,0.137891364189889,0.231918382082138,0.0310964508254767,0.0104674303929703,0.305762700801347,0.417506040293366,0.166035094581945,0.0780078498263666,0.0692929557796172,0.182731035040665,0.0699537203210479,0.130557534711367,0.107616358013044,0.110248186393314,0.0677279048735951,0.155184754735379,0.188033314656441,0.0548698276294521,0.115787192186831,0.217576313512686,0.141974786800539,0.093799916319405,0.0828671926324151,0.163579954931885,0.072560193832784,0.0666152243101513,0.223914931852975,0.32136970198397,0.281909649644852,0.213154157901215,0.0445946686964201,0.0375975108098834,0.0653644679435947,0.102160917936843,0.303627361361386,0.242812034270574,0.243242951140518,0.252338131330985,0.213999685825743,0.271095763637466,0.169999514200375,0.0413027773511322,0.18819928285888,0.266689647164974,0.0158517571210725,0.117874911866989,0.247756023696194,0.201040222706602,0.0607314286438738,0.0166290423065274,0.110083183164601,0.0343841664377477,0.0265279961848897,0.00233475736303435,0.103308957739774,0.22049990645361,0.198298587680285,0.113946639066217,0.27343439426402
"7",0.0425858184219568,0.0470809824813599,0.145880346649572,0.0605147478723493,0.0968532250366048,0.165959001661371,1,0.0389906763134503,0.0768234064919253,0.152861021423926,0.0795667818393258,0.0669520266689059,0.10201786194724,0.167204074065142,0.159696672673625,0.0251056789506807,0.238369669506889,0.265350269630538,0.120700405386426,0.223570514713476,0.0930044326775843,0.188487424918262,0.10657170819456,0.21310340323281,0.0228140644365976,0.0245301415715765,0.215326266221812,0.176343283387155,0.129506862225698,0.103764876983003,0.167808582996834,0.131805427992633,0.118388927461914,0.135517278439605,0.121341891191501,0.108654798231461,0.0401996838117233,0.169308690224918,0.0615540086530795,0.143329770161001,0.0704861942914853,0.00449272139113294,0.0383408641359379,0.012171447597836,0.0533880614033476,0.023872621595132,0.13136076092062,0.0700834571544846,0.0225856004904233,0.232331162743059,0.125423257566068,0.00302675373389862,0.00592794942654481,0.11485093055078,0.180801458273907,0.164321147020757,0.105699925994318,0.0841916884961593,0.279883569303698,0.127500566778275,0.238134455293349,0.236843267408652,0.185338615812762,0.066814441687479,0.0608773540151991,0.149497703188479,0.104582803084879,0.141821836641867,0.199376446089288,0.145072311611694,0.0648576382903374,0.095872665492084,0.103001757378411,0.0367165690391081,0.015815537662515,0.0347527478349352,0.0416985230982293,0.0762025642700115,0.0567708376640034,0.0413850580497657,0.140021156409666,0.139573756107354
"8",0.149159548329096,0.0335742736951777,0.049926654765131,0.0196674222261015,0.0211908964206655,0.204655435489356,0.0389906763134503,1,0.10289342132811,0.185907332755122,0.0031954753711074,0.044428797112915,0.176476698975793,0.00965484436536152,0.0520976006052568,0.089214355945886,0.186506846662578,0.108310076052971,0.175693523298111,0.0313111541208819,0.0744740859510787,0.0927043969608203,0.186636307334131,0.0216314687790822,0.331529632854398,0.110400440795119,0.196120428907637,0.0727554758230405,0.203442063546781,0.0587006262560887,0.0919670024008992,0.105623175337622,0.00980800666237516,0.1093981398883,0.26768529368126,0.0947230554503485,0.163037744380143,0.192607030188724,0.269305778069622,0.0815348886832003,0.112947558879413,0.120488256358222,0.224865052436497,0.0119108152475,0.165227519785446,0.113711908711251,0.106291934066904,0.0382437711487409,0.105904852848773,0.0380355699785923,0.247954215942296,0.277263934988405,0.236815613129431,0.123371291343172,0.159327899963651,0.0907982394704566,0.24033439862875,0.116365988743922,0.139713094179678,0.0134165356374604,0.0770411806203835,0.0428930168613492,0.242209218667091,0.169894238735386,0.0680305357510434,0.12219775277937,0.341794243905893,0.100732334537148,0.0211959693527237,0.0965526802751664,0.105388293426758,0.0246781436214162,0.142626182716583,0.0586873145086284,0.0761633897148246,0.170187479597866,0.102650793304916,0.145333124125363,0.0860428280713699,0.152967721045672,0.0148466316242532,0.0191088989041673
"9",0.0800655119748259,0.0690161760826653,0.14487570741557,0.039149555866944,0.194429926971035,0.191187513742087,0.0768234064919253,0.10289342132811,1,0.136915459081177,0.000957864497103607,0.143636604285772,0.124741008542432,0.0184428400675732,0.0215621351698748,0.143446381893778,0.0111066678260149,0.07076208029747,0.0391530732835555,0.0515930347138578,0.00513015036276422,0.0108320782248255,0.0988233298584894,0.132130596667849,0.089133154172744,0.0670789862609376,0.0561874993966098,0.0109965251536696,0.236794292394209,0.0116394481587533,0.0177113543822255,0.0722080925528888,0.000865397473190472,0.0377717559999082,0.120525893600954,0.0205910262770693,0.156282568104289,0.0430670528877584,0.209270427567344,0.0615618228505749,0.248564534046833,0.0359036285675279,0.226374563682091,0.00383850690701455,0.229899736574875,0.118827353866281,0.073222269710852,0.0285846219898705,0.0719091761620347,0.014875178530205,0.194774418377582,0.289009557505635,0.21964442485839,0.0323910552748384,0.0565168003488275,0.0816603958321098,0.100080236188624,0.140887942862189,0.0849638582410098,0.0051864525919468,0.0909413579350899,0.0422407791280277,0.0976886152936119,0.0376157706999324,0.110909495377172,0.00228422576815669,0.141190440841252,0.163626150361541,0.0748560189250365,0.10571569283341,0.0197102441981013,0.0190028438766534,0.111336686884082,0.114355424387577,0.0391318366887469,0.189261218691381,0.0117154232738539,0.117507355739918,0.189441358803688,0.0945996688523376,0.0522547984559919,0.0105751461027571
"10",0.166284888084806,0.201083757430721,0.028752632573111,0.102909373061124,0.135810903538235,0.00796981164456472,0.152861021423926,0.185907332755122,0.136915459081177,1,0.29036941769034,0.445235211195342,0.443604098748344,0.145110823474813,0.0432465800215373,0.23553784719186,0.458893724289748,0.331106694478825,0.422967039465018,0.377950686504779,0.297569415831871,0.369248729327706,0.493890847326133,0.183932211807583,0.253416937934844,0.265208788933906,0.305950308807945,0.22254663971684,0.0845780458314689,0.330645504732988,0.355746981439615,0.442296358522228,0.241087361873608,0.317333944361518,0.423873570652218,0.036438057747269,0.36014913270873,0.242796212533476,0.338891054681377,0.0804571411529148,0.376620472665018,0.269186819712341,0.285267239653696,0.378150255699027,0.445110181223568,0.174631669367582,0.200452292274845,0.0656478862146523,0.0392983571479987,0.247221981668647,0.0735801594618967,0.336037467165492,0.412891978752593,0.253579327120799,0.280897840282134,0.425723222263613,0.407856622401636,0.173278342342141,0.313367368341185,0.395070029933698,0.138074791309895,0.283876657859702,0.0813451812781906,0.0918705953633982,0.363679686000061,0.243908501401357,0.373289997865538,0.400580824308097,0.119411376012829,0.0349747363748476,0.0140322729829268,0.309640742699587,0.319045242736004,0.22067046920414,0.0381597322764691,0.127430493330817,0.308791242377958,0.248233937105862,0.0628231248809317,0.00800449165091337,0.0251891161181726,0.106744019214179
"11",0.260261627390024,0.1258127881339,0.165560159930797,0.0827448686354829,0.172265860174107,0.197262605090785,0.0795667818393258,0.0031954753711074,0.000957864497103607,0.29036941769034,1,0.478209074825828,0.461707179627917,0.231371114703907,0.15345017382663,0.267128856416118,0.533500294484986,0.493448052101508,0.387867568223968,0.565020885123269,0.522687638230565,0.472427889842878,0.564854306216057,0.274783841859399,0.00302044518267085,0.334878044067073,0.276338439549214,0.490288305237768,0.244912540343587,0.550431862529755,0.493654261245239,0.555250474406527,0.437705550594918,0.376822114699682,0.468844108988813,0.00464873457081687,0.237470888108034,0.277117746196718,0.0690183229844975,0.126062261827326,0.344441009912348,0.167937432928195,0.0983092073227092,0.486208139827868,0.451117001945897,0.364656391697074,0.143950045465264,0.125827062833848,0.0689145368748333,0.498442557843103,0.325919723741231,0.17279746652652,0.252849485800697,0.336486061190567,0.378735664232662,0.470003032579257,0.481615825632419,0.390295759103417,0.538308086692931,0.544344599152737,0.330665670237474,0.575234153584748,0.389175894378563,0.379208886212233,0.552079959884977,0.269305082245442,0.0341309832902536,0.518873620158583,0.270691887893436,0.181877597671193,0.18135619672394,0.413038316811287,0.392787057388051,0.0963828459116964,0.0396577824905376,0.0406059381127273,0.333054173078154,0.378961788609932,0.175097303465912,0.0129924631968161,0.136524852050379,0.430414109751998
"12",0.225851919045835,0.191357880989485,0.0122584553325868,0.225504945961026,0.0516783699676568,0.0340476144715023,0.0669520266689059,0.044428797112915,0.143636604285772,0.445235211195342,0.478209074825828,1,0.621306246050381,0.0898122680683712,0.0702019721147019,0.314107363935918,0.45905373151376,0.287759912251934,0.465942588534076,0.570393346973178,0.513533197261527,0.459690040924954,0.720803594435427,0.092215765691782,0.250200840617645,0.537110499895649,0.269541991791615,0.375757126289069,0.0573711131056377,0.530388077114742,0.368832378450953,0.647170158815827,0.293601766649488,0.377280099651634,0.543111158181256,0.064744112226045,0.498144737661235,0.15826261134144,0.213500377408179,0.112615553033393,0.55935961062475,0.383215353167348,0.456765245999213,0.510520831410691,0.627151176437573,0.463611882063439,0.301159763490684,0.192812838487002,0.00502561493346151,0.517609666501779,0.263661556747531,0.450440441346762,0.502566410141083,0.382114441897808,0.41199030643172,0.585052702680924,0.417158498423703,0.241728832553733,0.453499469811915,0.500565324881216,0.117847059760026,0.476926217417362,0.17252729432647,0.358085116364471,0.653578162614127,0.31288750878725,0.35561687820819,0.636187736689902,0.178916456448431,0.0146832632991383,0.0865374531095352,0.486797867872911,0.447930801859953,0.284630790468439,0.0344006322426039,0.0670903238615644,0.382612796539958,0.547673286877873,0.0406322605158424,0.0215266522821516,0.0593974865952613,0.329527969459473
"13",0.275358350967923,0.129145617366617,0.0372312485689569,0.18220270069614,0.041736260592851,0.0299720679799905,0.10201786194724,0.176476698975793,0.124741008542432,0.443604098748344,0.461707179627917,0.621306246050381,1,0.172673188969238,0.0288823896955263,0.256954492191055,0.548810563384037,0.321324295854071,0.484830897986523,0.553329350889617,0.507681558836731,0.478293846835269,0.680340736318734,0.134130505408273,0.319358118211816,0.37201734972421,0.432562951950885,0.330509116832684,0.0232307343675482,0.432845684029281,0.415119004937198,0.576153268239815,0.269471601261811,0.340940007174167,0.571168951103387,0.1614523986685,0.456710803964101,0.245293563898311,0.318458094899662,0.0277799011221574,0.523474144385112,0.427789515645417,0.410544966200457,0.436304269950585,0.640943868838198,0.427839750417464,0.223660152131411,0.0686792044070142,0.0759787521219373,0.425986906882818,0.198812314412683,0.464710316190908,0.477422725503755,0.422162615485488,0.438382110322258,0.507096538930267,0.415514508133464,0.167831678651239,0.471137691480249,0.385501800801476,0.155102842581487,0.449874358076238,0.1196476989939,0.215514068983177,0.583913398930861,0.264345093028563,0.338822284972484,0.618643279382253,0.182763100569422,0.00261346675581554,0.0862831402929505,0.465360656573032,0.419831397934313,0.154283249470811,0.0142306788368753,0.151400276564002,0.352967106220333,0.43832625451344,0.0454371967963156,0.095092010155568,0.087396735605301,0.354135282643512
"14",0.0515470449839392,0.108024235329732,0.0511957907013613,0.0452872394161697,0.181203157767618,0.133229308443154,0.167204074065142,0.00965484436536152,0.0184428400675732,0.145110823474813,0.231371114703907,0.0898122680683712,0.172673188969238,1,0.21162865724904,0.0967809607537796,0.472118719656136,0.393974643005444,0.35040137646246,0.275385195742107,0.134467308994475,0.270474281371022,0.200216813695282,0.215614534927136,0.0661151059333662,0.113395587774545,0.319199417526774,0.269192912596452,0.233863857278998,0.184097347182013,0.438890969328463,0.287964518579151,0.268084996934575,0.235705477069759,0.169036252090827,0.0120795911180231,0.020344409896163,0.247588784805581,0.209919413532241,0.0790499999723456,0.122699512969429,0.0586445175364217,0.0120960988058974,0.113007767310711,0.173296334245867,0.0694562098957602,0.0721304957839747,0.0216552240565367,0.0439910964128981,0.146086544519835,0.212570579407473,0.0606409707731384,0.0482153475496062,0.185574763165419,0.148319738512896,0.199606098586122,0.303419217434113,0.256435768470059,0.337673810841761,0.174397601617977,0.325196556378186,0.284266302417294,0.225298166268683,0.0564831159843571,0.132356120536958,0.119313681355008,0.0182830010028827,0.273340015135219,0.269243146882199,0.260150460779444,0.0605758005476887,0.103950395533491,0.23691029129357,0.0456630429553984,0.106440484341709,0.104263078632595,0.0363624676753105,0.0524664462311832,0.199454418085149,0.104740407514816,0.337007293935075,0.233016670300115
"15",0.0405861780212081,0.0983361071835447,0.0144852788134447,0.266537636053262,0.14597268808955,0.0732319774687524,0.159696672673625,0.0520976006052568,0.0215621351698748,0.0432465800215373,0.15345017382663,0.0702019721147019,0.0288823896955263,0.21162865724904,1,0.0883417124208935,0.21707789914468,0.256534194667213,0.104357795746856,0.170386584765251,0.122924333819325,0.083505539926715,0.015491421296544,0.261821790751755,0.0803870944979846,0.0163245776308487,0.0995708847977218,0.152990980537731,0.253341059344197,0.16295916835842,0.200508557034278,0.17650283027002,0.303869109736113,0.0318892849965535,0.0153239399368536,0.0534277090111458,0.0560996033136664,0.19896651327744,0.0627880872627304,0.133864395017605,0.0521652065103653,0.140904338644981,0.176768149843389,0.0801992681210469,0.00812162371801787,0.0139497390897037,0.11326843662537,0.032932399191377,0.0388753435809275,0.133434165248818,0.207486575556369,0.0109511191347762,0.0630360477402882,0.0536709105408542,0.0457805508758729,0.0647284675822102,0.192408098151392,0.248948935740689,0.149592208453881,0.156034879169311,0.315072268549047,0.207702003839962,0.250826762888198,0.00354381173129952,0.0380479322090534,0.137807246114721,0.171405665364608,0.100882986226186,0.24144131159378,0.219285081254668,0.0370825747438067,0.0971382292985941,0.134504446772634,0.0275518686390088,0.147530424774224,0.0567357608128062,0.0256225260338972,0.0655788734172602,0.0465795745875411,0.0708432101292248,0.187343761131426,0.158429518947156
"16",0.0931070077143995,0.0700768043706641,0.0916261765162463,0.0618410385810222,0.0788466002706827,0.0252879006682854,0.0251056789506807,0.089214355945886,0.143446381893778,0.23553784719186,0.267128856416118,0.314107363935918,0.256954492191055,0.0967809607537796,0.0883417124208935,1,0.207929115698113,0.18525170348456,0.277983901952182,0.239256935554649,0.248405927547252,0.0877050694047555,0.39926076975757,0.0130702450571195,0.0644968099718272,0.296025315213827,0.00431724165527438,0.178722071939799,0.0305244693803601,0.305624355442642,0.26969579402221,0.326002554708138,0.250775328565037,0.145301386768668,0.218650918315601,0.00887591234369221,0.18283840537852,0.119840190713783,0.059118062383072,0.0606082487152265,0.315243311646482,0.00987041478032176,0.126066722771926,0.218737605632721,0.30056715710797,0.225278253863933,0.179510690166436,0.0286301984486274,0.112904894006618,0.173070209142255,0.136275790329237,0.201560941163184,0.287224531077681,0.188957684692668,0.0844052790599471,0.268913185098706,0.316899138576416,0.247773537938119,0.160546350202986,0.31843076546057,0.0890831000587058,0.286402317893775,0.104200986287505,0.20227265265629,0.303720125435855,0.0832643590513578,0.225209368939339,0.290470398893997,0.0681469540403971,0.0384195049827047,0.00249869159825315,0.241000539051645,0.317568754880683,0.167389173274285,0.120704115423145,0.0425717101229517,0.162489405308949,0.30533472146759,0.115154232994002,0.0931836245602915,0.0838504434342076,0.0946994264752576
"17",0.344741749455768,0.255922844460069,0.148274305728632,0.0373493942240406,0.293508912768245,0.145945611118514,0.238369669506889,0.186506846662578,0.0111066678260149,0.458893724289748,0.533500294484986,0.45905373151376,0.548810563384037,0.472118719656136,0.21707789914468,0.207929115698113,1,0.706095591240554,0.660716372353387,0.611553612697167,0.41789940328769,0.574624251959767,0.558727618569375,0.433012662057292,0.10969972258043,0.108582567464279,0.588753619224571,0.472316064240475,0.221208230683068,0.571197046746525,0.630237139627073,0.666461485008529,0.500812677986986,0.587382336488724,0.559838449494277,0.0745162909185138,0.34689448845879,0.434815850029485,0.336888717423478,0.19069141738883,0.425871731331801,0.229180256277651,0.181886210030286,0.37690054984601,0.506908066761768,0.267416566330075,0.0656973432929398,0.0133488963571493,0.0188038961621506,0.456143875704135,0.345289336283085,0.261753782540784,0.32849343622946,0.437663958043778,0.396202602687897,0.476782684094726,0.589127170487517,0.462157550594998,0.674399266013656,0.446021574597017,0.521492276953566,0.547793511901694,0.33848992616328,0.179983508334082,0.405025672953702,0.317579037562811,0.208748855751243,0.57271253793282,0.468746190060067,0.24089369229399,0.147903924716902,0.408584218514637,0.446674858824588,0.0937985430690164,0.084010785774493,0.224662447500474,0.367454482423904,0.333743831584699,0.162089781870038,0.19853481941236,0.349329551064306,0.343215715656869
"18",0.205610424067693,0.228760198088028,0.201040778869198,0.100852039162018,0.436550910359977,0.257282678477363,0.265350269630538,0.108310076052971,0.07076208029747,0.331106694478825,0.493448052101508,0.287759912251934,0.321324295854071,0.393974643005444,0.256534194667213,0.18525170348456,0.706095591240554,1,0.480758028003401,0.541042196878694,0.412341146014713,0.492118120404096,0.465701821695348,0.559845943403309,0.0794109347693734,0.0775979923558864,0.477106671377086,0.499366842657861,0.412836554774349,0.511400088559346,0.608142965507298,0.59285069772837,0.508893777067717,0.438354740243961,0.370091350684442,0.0146674047418065,0.104094912545423,0.484492369037302,0.0597163403940676,0.242107369722539,0.243279139769696,0.00689328874267457,0.141384916237741,0.350204118483264,0.28731935137257,0.23464557463352,0.0276010556740926,0.0326219187754743,0.115456422891544,0.502130239814383,0.413726434511976,0.0244033604401425,0.0987934316779092,0.297516726365228,0.377866742133412,0.39054989889143,0.492885233643292,0.454338086731828,0.736382585363099,0.503704650074629,0.614742736222991,0.475821558614754,0.407193577152615,0.240549521118577,0.320283062387148,0.426484041018881,0.0206631258167185,0.379752830493608,0.394029201780213,0.42773529544188,0.0337812246887071,0.278439697466451,0.296687254253998,0.0324427114455566,0.0100941868436484,0.303271049678472,0.264175411201756,0.22742815680309,0.147411397616696,0.0596044754627555,0.316960510277636,0.327306371688031
"19",0.256482946290375,0.175261972588019,0.048408279400921,0.000878363538639027,0.144519580466219,0.0417414052540437,0.120700405386426,0.175693523298111,0.0391530732835555,0.422967039465018,0.387867568223968,0.465942588534076,0.484830897986523,0.35040137646246,0.104357795746856,0.277983901952182,0.660716372353387,0.480758028003401,1,0.459454495590942,0.372683647284015,0.428122577813334,0.538523246140868,0.220073402082458,0.105617281344181,0.192569238037578,0.398796648899195,0.355767057174114,0.0147783747539444,0.388809932990325,0.449328889840596,0.562028863232355,0.371953263906138,0.473229883962704,0.518830441269779,0.0465714212177779,0.390162158215553,0.237183759441101,0.344176846449933,0.112335495197486,0.425842454872184,0.194344453004373,0.324059811882782,0.343994588415409,0.497451649294893,0.275313747536979,0.167437835379612,0.0463839623895104,0.0189972078428187,0.329719720378886,0.193857891832892,0.368220897824415,0.448678261535299,0.391942090602264,0.319950139658731,0.478674744997154,0.482693681538442,0.286191959239656,0.431271732144269,0.396736358990569,0.262484209792619,0.41195721382998,0.202306783276919,0.0496899529067671,0.406418132695928,0.240139153017721,0.291407792452396,0.541711401621643,0.351753320827784,0.0999204615087977,0.0459585756689752,0.371747178544937,0.424497523809665,0.227002578596565,0.00621170646161102,0.224592544700593,0.364144607186586,0.333912496317961,0.0417435238065036,0.0865581020851812,0.206106946069881,0.201225898826542
"20",0.345142640457163,0.188110759308543,0.1399200065257,0.0528233608155857,0.200266226947228,0.198055097491504,0.223570514713476,0.0313111541208819,0.0515930347138578,0.377950686504779,0.565020885123269,0.570393346973178,0.553329350889617,0.275385195742107,0.170386584765251,0.239256935554649,0.611553612697167,0.541042196878694,0.459454495590942,1,0.537290986182093,0.554973746172505,0.64615500039258,0.322253484904092,0.136297093672047,0.336720035317642,0.370623396984673,0.553473555595296,0.208638745411887,0.583499960832909,0.451039736778002,0.633960816129434,0.412946180055178,0.40634636868509,0.492229558330986,0.141187793582105,0.27775586487178,0.323974206852519,0.218291608936847,0.240445597350508,0.453218629019348,0.267418553507916,0.214531467331674,0.499055748271761,0.502595247935743,0.366763037989464,0.175427049204894,0.157149489312171,0.00257437761973482,0.615893618021217,0.374259558821991,0.280732688702521,0.319118744137173,0.404225689804148,0.42105096926141,0.568555792786342,0.437451410298371,0.327487395431649,0.620227242703241,0.522357548099605,0.347804305729369,0.564770788639124,0.309847877252438,0.31157424100091,0.573475719506845,0.356008556093835,0.173462938119046,0.580365472891905,0.340015166451101,0.160037031492909,0.114289010327194,0.477238881124028,0.383746809190377,0.0826013899527191,0.0376922548890298,0.0914282106320351,0.288944612273897,0.44907024649549,0.179202602538042,0.0424728879737654,0.125733289057085,0.475982582196912
"21",0.255757627659324,0.0203464481635121,0.132968405144384,0.0411087486223536,0.137287171255664,0.0780300995230839,0.0930044326775843,0.0744740859510787,0.00513015036276422,0.297569415831871,0.522687638230565,0.513533197261527,0.507681558836731,0.134467308994475,0.122924333819325,0.248405927547252,0.41789940328769,0.412341146014713,0.372683647284015,0.537290986182093,1,0.376115898952714,0.606122179606806,0.187885035245755,0.0529518775287548,0.456237540388773,0.185366224365255,0.468679467036421,0.214112709047749,0.528621682939471,0.429073114239488,0.574215471373398,0.433680544146429,0.293399274701919,0.450866593035653,0.0709182721363208,0.219334601723264,0.216528888941145,0.108304426721573,0.179614782997676,0.42204072314246,0.237286236755126,0.176777755205206,0.460651930186178,0.463203436808736,0.394970990558303,0.140072968379453,0.135981420601558,0.0421360133434752,0.500163802580985,0.316035207417245,0.262382790622874,0.336563971672815,0.385528215169202,0.406521605400083,0.530522858556425,0.371466689974239,0.359167612473714,0.436137332797816,0.5384325387058,0.215511255217875,0.530230881208557,0.336394060119216,0.432552693001073,0.51760925759296,0.305330446573037,0.112804784545385,0.536685722206807,0.15188070478542,0.0753654019146513,0.17689213243652,0.455326057019412,0.391605781692519,0.17934335680138,0.0636943569598556,0.0344718846566857,0.318841783222373,0.462928269032625,0.0761783374746799,0.00449992165080914,0.133828806338713,0.406062173309134
"22",0.287939201951189,0.113489900712141,0.120215322584973,0.12754716825004,0.0592238032365896,0.122936988522322,0.188487424918262,0.0927043969608203,0.0108320782248255,0.369248729327706,0.472427889842878,0.459690040924954,0.478293846835269,0.270474281371022,0.083505539926715,0.0877050694047555,0.574624251959767,0.492118120404096,0.428122577813334,0.554973746172505,0.376115898952714,1,0.553223937285172,0.410175880927279,0.201426501037913,0.211742261009981,0.423124516461301,0.394461419354014,0.149233937949602,0.445543374792553,0.425424726994962,0.53747264384831,0.407830601671731,0.388002332234022,0.476874400812547,0.11846456968123,0.256433084506639,0.285518337121136,0.188166594022862,0.198393937093374,0.34792596704806,0.279828126477464,0.169007091797378,0.444832072828486,0.448938893467415,0.353950832645319,0.11473613245681,0.0716518504840834,0.0721290599917341,0.547003044829335,0.32652150265392,0.26766840254111,0.255302739034364,0.343891611725893,0.486074987261839,0.449764184607229,0.378597983555062,0.257589674275401,0.590022056895147,0.383498196910596,0.356958371636521,0.453746343252385,0.262541619486032,0.217805065184978,0.480939165014084,0.304232289878661,0.107969583683245,0.459322183914576,0.350808473014231,0.183496176367635,0.107396276359069,0.317233881277066,0.304464731949728,0.00420095015191004,0.0931019634397041,0.187683023672159,0.204393711737803,0.430822128166028,0.19116751431433,0.0724541870982489,0.198424898286466,0.424119930916964
"23",0.331861188546577,0.182490071860555,0.0337752608836898,0.131782059081127,0.0320046879381816,0.0127230153855758,0.10657170819456,0.186636307334131,0.0988233298584894,0.493890847326133,0.564854306216057,0.720803594435427,0.680340736318734,0.200216813695282,0.015491421296544,0.39926076975757,0.558727618569375,0.465701821695348,0.538523246140868,0.64615500039258,0.606122179606806,0.553223937285172,1,0.244017509191314,0.286772329024779,0.539828592112698,0.355516580600286,0.476870294921006,0.0579888533337288,0.622942581506499,0.508898827070972,0.723403014155328,0.430925557024946,0.47568936127922,0.631980632008463,0.118794901883276,0.477640498653792,0.296279712694238,0.222780385615402,0.140144910593075,0.573774644170032,0.400422766341286,0.384755466619385,0.60900824869341,0.676214801396591,0.552219759051489,0.293449191078103,0.190500624951408,0.0263210236142124,0.614843755842295,0.276622909273642,0.478659346891304,0.548457583238551,0.473968905531192,0.562058599577151,0.677807101544677,0.517718093191879,0.286314715760724,0.59927905336179,0.622385360538493,0.215504109771559,0.603081703941239,0.219541533887494,0.378304675395887,0.730158874919268,0.344560553367946,0.423834158532099,0.674067533734497,0.226623761293283,0.0276127439068531,0.0201098775198998,0.564227753904184,0.52624244353601,0.191227980966798,0.000725323281605057,0.145018901222141,0.428309997217569,0.643528678314517,0.046503214016389,0.0212199787548399,0.00256980029466064,0.389526168148007
"24",0.101838114917284,0.248076769979226,0.214767872105614,0.0580844084329985,0.239799383523106,0.137891364189889,0.21310340323281,0.0216314687790822,0.132130596667849,0.183932211807583,0.274783841859399,0.092215765691782,0.134130505408273,0.215614534927136,0.261821790751755,0.0130702450571195,0.433012662057292,0.559845943403309,0.220073402082458,0.322253484904092,0.187885035245755,0.410175880927279,0.244017509191314,1,0.0643450676407879,0.0194147221442529,0.446575848397308,0.241346185885189,0.250794180431381,0.256014153959734,0.293376033619777,0.394674639024525,0.449796223127971,0.265580131946757,0.264050199564636,0.00649039295017424,0.0127113817300006,0.368661600227618,0.102299842847136,0.11589772065456,0.0537288060426929,0.045620798956447,0.153516226776017,0.262929332628862,0.100005519660903,0.0928311606948439,0.0735100870141799,0.0316684618483718,0.0173343663297616,0.385515901679294,0.218730183119121,0.00886666821504017,0.0458126676703149,0.173611052312765,0.40422701254728,0.269540096182197,0.210906613195902,0.148570995542512,0.498168040374242,0.27772192097327,0.538715241729557,0.276045956792618,0.305984955013446,0.0111614949023511,0.24900675154739,0.236069370199597,0.0280422762999407,0.132105739221452,0.395818085478876,0.231834581735162,0.0246073496566652,0.166260747384545,0.0263071007465959,0.00648922787416719,0.00705327250534845,0.364682882016415,0.133675188100207,0.133611780590254,0.17507915017931,0.16877413702337,0.153847972955474,0.202140612666791
"25",0.0879857161631365,0.118215562838774,0.0156991545522579,0.193972585355659,0.188079052224492,0.231918382082138,0.0228140644365976,0.331529632854398,0.089133154172744,0.253416937934844,0.00302044518267085,0.250200840617645,0.319358118211816,0.0661151059333662,0.0803870944979846,0.0644968099718272,0.10969972258043,0.0794109347693734,0.105617281344181,0.136297093672047,0.0529518775287548,0.201426501037913,0.286772329024779,0.0643450676407879,1,0.0717422668180134,0.210094108655877,0.11136283742259,0.264751069251479,0.0254526548947502,0.00909288417036808,0.215818622280981,0.0262985936126266,0.0560219556201921,0.304675180239077,0.123525669718853,0.280855833425537,0.135224875471785,0.312963479990913,0.0116798497078685,0.1980787054292,0.349585029858688,0.302074518020027,0.159843808138354,0.259588694426773,0.22962010513449,0.227292037271837,0.0947537494170819,0.107794413740564,0.143125705933409,0.17073678377445,0.373090986877685,0.372981259942078,0.122068594371684,0.297750326459178,0.188987728483179,0.105141008123335,0.272221324178054,0.0995817268637821,0.00634579991486704,0.0843956162791525,0.0275572816626732,0.23111391184759,0.138359775676383,0.275859064868382,0.00152835802670105,0.405967909544241,0.149403990395311,0.0150667523793701,0.212217022940316,0.103700536125213,0.141151330378884,0.14792863988277,0.0647969683002699,0.121508402085587,0.190465372014775,0.0620969606252301,0.269155058877842,0.0869454910103952,0.148904495094877,0.183890091779905,0.0363216002987698
"26",0.236810834425552,0.0350903036467653,0.066560246185786,0.141415537609802,0.130404116480877,0.0310964508254767,0.0245301415715765,0.110400440795119,0.0670789862609376,0.265208788933906,0.334878044067073,0.537110499895649,0.37201734972421,0.113395587774545,0.0163245776308487,0.296025315213827,0.108582567464279,0.0775979923558864,0.192569238037578,0.336720035317642,0.456237540388773,0.211742261009981,0.539828592112698,0.0194147221442529,0.0717422668180134,1,0.0811033060880497,0.338531463319378,0.0241512869383055,0.409408290594843,0.162929856219863,0.396530674018973,0.25939448350337,0.19560599983238,0.351062827832987,0.0649893462563814,0.345685680455632,0.107150875503321,0.0849339417801648,0.105627535965327,0.404708215358709,0.220806126541779,0.29750600266787,0.458201291214301,0.397995341629818,0.36721949827406,0.227496468693083,0.212622257969306,0.0170539050201986,0.402623454792543,0.162886127938133,0.268454723021903,0.355648231358725,0.243825362772696,0.237308654034393,0.470473355592262,0.261695142934906,0.228898452614659,0.206033490266633,0.482198315400713,0.0455812011444299,0.4138505932818,0.156041973741662,0.409621549162944,0.525337907003942,0.195524589878952,0.244421854472428,0.45167305438604,0.0524825428272214,0.104110379774548,0.0475230110808813,0.463038225241059,0.280317223458482,0.13827015232447,0.113074549339699,0.153273985419969,0.225014388904104,0.458524474455561,0.023383167576716,0.19218231557035,0.184433526652504,0.281235170393202
