"","1","2","3","4","5","6","7","8","9","10","11","12","13","14","15","16","17","18","19","20","21","22","23","24","25","26","27","28","29","30","31","32","33","34","35","36","37","38","39","40","41","42","43","44","45","46","47","48","49","50","51","52","53","54","55","56","57","58","59","60","61","62","63","64","65","66","67","68","69","70","71","72","73","74","75","76","77","78","79","80","81","82"
"1",1,0.186734494253512,0.269985919414895,0.336156790611899,0.0875530947027682,0.054162159770155,0.0482902115189445,0.306521505840998,0.0922470637190316,0.34280092792833,0.0348920703682522,0.186519196510997,0.370871205797094,0.0394158693856285,0.223285361371098,0.085447401028599,0.363619696493088,0.0263768533708207,0.257532524110364,0.324118838016029,0.297165974740424,0.069868012783442,0.133400768641709,0.0154577542632318,0.309189700663197,0.174951451267738,0.0119291855857867,0.0450297977555751,0.00354289651682515,0.161147258836692,0.250174971770055,0.168702063889459,0.408705250220953,0.300111745627235,0.12456031123364,0.26221073326467,0.138067036984695,0.22315087078774,0.312605966183311,0.196634308621803,0.0289683016485879,0.134780661312637,0.118484063360785,0.0598511433404765,0.0400132858623304,0.0583472885321199,0.084294167411221,0.227154598616351,0.312545143754687,0.250339688889409,0.120995144422094,0.0160030105546566,0.0208708896590838,0.195531309728315,0.244169482257126,0.0814034257661504,0.112232821888974,0.159030876441378,0.18128096543308,0.264912229585082,0.080190160989469,0.244698869927045,0.350525284902335,0.218647336506582,0.0638487681323779,0.26359149267251,0.0108201069130884,0.139161473973179,0.277561031187653,0.0377823788903411,0.106870827481706,0.274218619204903,0.0463944582046994,0.216626135711351,0.0534785096180807,0.199809679896053,0.344418493689366,0.07836698409477,0.0555031367852089,0.128674409367825,0.143191503712232,0.196215961525477
"2",0.186734494253512,1,0.0613456757816501,0.236211578324036,0.0459119231552635,0.125154991703883,0.114977746872811,0.194955185246295,0.0208452846285954,0.374199819070166,0.160309099505789,0.109750053921655,0.217840145549736,0.0185085968173325,0.0881339923658121,0.00897186006843866,0.249655941725442,0.158505161470618,0.163765948264074,0.169009457052486,0.00788467306325136,0.173827483840326,0.017897152476693,0.300394831622461,0.247653081632526,0.217020011530889,0.118030579128748,0.130897550520292,0.19603829590125,0.0294147241266463,0.124575684637294,0.0491081141172971,0.244473191446669,0.355820610453416,0.0490137528347371,0.319822620070083,0.00584242322420759,0.0135667228109645,0.235501970751189,0.0792362630540657,0.14894467640438,0.217046486466781,0.071175867070749,0.0742510389631665,0.165166604915068,0.17076242442976,0.235169337665584,0.240419967976866,0.288724863093593,0.0898372164646042,0.0777109123281638,0.102889285705438,0.0294031240024734,0.182779251813716,0.0169688867102984,0.230030971382275,0.0878511386200961,0.0322981645099714,0.127733303583131,0.0599948523502085,0.142213833141757,0.0402279040403169,0.21753312807261,0.0179567837003076,0.193507393070659,0.16441414562185,0.153940760016141,0.0289540200374645,0.252784954934523,0.0782306173870574,0.136245772342412,0.236452252733954,0.0340004518998754,0.206639596219743,0.00181926450865102,0.296851891508827,0.301709529034929,0.134388171504425,0.132540206738816,0.263731393290746,0.0220849525690064,0.0597641235940149
"3",0.269985919414895,0.0613456757816501,1,0.28259230431967,0.0601750103422963,0.0220343353108047,0.0253639571868542,0.314826453582914,0.0168414059180868,0.292495947415693,0.078127948846928,0.354773954802434,0.396427005090765,0.104220476585568,0.17438743251242,0.0995121625131575,0.367895476219421,0.0878819637750408,0.191771050159842,0.290125131856438,0.344333963284265,0.0805518665909358,0.213401019315632,0.0574030610989993,0.244118720568263,0.213900356391316,0.0048234986924917,0.140223878983799,0.00804539796820674,0.170407745881586,0.284796860127584,0.172646331395739,0.328169941857196,0.254662987455474,0.109741440902136,0.187010555049058,0.209607547097228,0.324892149505979,0.305752889541662,0.28556003950887,0.0282431182238243,0.12098710945983,0.183701202614161,0.0669770706027248,0.0842548455320753,0.0594143155221367,0.186386311046725,0.200907023393084,0.318320430367092,0.338499655828101,0.17469797833177,0.185580845221611,0.160287241469198,0.109304086358212,0.231081971687371,0.220605547859245,0.150096821748934,0.28655897075207,0.0931365544493571,0.305377545386063,0.215102577176263,0.277643396279096,0.402080958780038,0.19828396911812,0.100953309661314,0.263225973315008,0.189540219628197,0.255340115491588,0.179249384999644,0.152358900605013,0.0851246769485457,0.283903405279824,0.0357813089673567,0.201206497664476,0.0184307027519108,0.156148702926195,0.322813078526708,0.0022268354739224,0.0658204287202288,0.135178787606585,0.327112577576065,0.246196642076687
"4",0.336156790611899,0.236211578324036,0.28259230431967,1,0.0213887660062842,0.260143312790678,0.0800715795649209,0.321195029665459,0.211544517484967,0.599298404037004,0.36927919000801,0.303951023994842,0.507467180832933,0.0377405090892819,0.346219528642274,0.133697057117204,0.462695910290259,0.147564996554604,0.218101433898783,0.267763771651799,0.204587097899039,0.250795387241903,0.105974517375189,0.160429159021458,0.434445326331517,0.00328794412197599,0.0829468213994126,0.0267283440564168,0.246927850576742,0.257466819091746,0.435037360072371,0.0735279081793243,0.514251977805996,0.437437708723182,0.189849422959604,0.417879409713974,0.352700302088043,0.231108937408805,0.49872598392648,0.301078494226455,0.170142610261307,0.115047832284526,0.0198568601906161,0.00233585326903577,0.0747356797622637,0.271746171503623,0.258263927412016,0.308552002528487,0.664706749620302,0.197096609326345,0.101686289902443,0.0777957908574383,0.0345194672205167,0.180955724695178,0.32473397670258,0.145459497788765,0.0956292982229071,0.360063641149246,0.206600019493359,0.164120341513684,0.0833445256729989,0.199363625849633,0.52287231990686,0.251739680707787,0.0264550582119836,0.453611121713665,0.0984778013463798,0.179508869031131,0.521517555061328,0.0130193278127202,0.318111891412575,0.417372969768729,0.0318962705373576,0.331149982630121,0.194524293270835,0.318975129153403,0.600699373878044,0.0882600488472462,0.0651770347112374,0.305641562262176,0.244598451813441,0.0816908716038607
"5",0.0875530947027682,0.0459119231552635,0.0601750103422963,0.0213887660062842,1,0.268097622927788,0.111076847002324,0.0425350510991762,0.0226319606926094,0.146076814971877,0.0980586380607654,0.170935482806302,0.242445557005929,0.210543974973404,0.090710651505857,0.129696868366909,0.266614805377116,0.376697477056105,0.150979216469572,0.281539901857983,0.207527489319925,0.190194999268994,0.352226054150946,0.179491589055009,0.159005796886792,0.0182596895991854,0.18265775616149,0.332096038226314,0.255662688337333,0.244368550845044,0.266782276185827,0.31308152781686,0.253850652834954,0.21458297983379,0.228163385549886,0.0953811300210324,0.00337865315075079,0.149616904654607,0.0538887998605219,0.140637630971804,0.0314155407833861,0.202939476080904,0.107012740707034,0.188752010408492,0.0648751196779076,0.0979638275920866,0.000737719522444128,0.0610627709717577,0.170193185677808,0.279560860823265,0.193607745874954,0.108300032213286,0.0839637072643974,0.123769691792779,0.075501674434717,0.162591680931648,0.23685038666621,0.3123125252538,0.324151775355162,0.272195274236627,0.304258022858476,0.302142475465311,0.238661925163584,0.157613623064567,0.202343135165451,0.248735645565771,0.203528374085147,0.113874812782075,0.0840521089188342,0.18968057880152,0.170175776053564,0.220747468857944,0.251543272581246,0.120394849368593,0.135577918834827,0.0432826247668783,0.0196023065322252,0.0103264270986859,0.17805452450145,0.0789974712216243,0.155108573882496,0.220501799422376
"6",0.054162159770155,0.125154991703883,0.0220343353108047,0.260143312790678,0.268097622927788,1,0.142521078598902,0.0392714730986994,0.0649336202608102,0.193664141253965,0.354235265240945,0.133397288560463,0.0301296094686546,0.310283427518197,0.019327950320044,0.196087879554179,0.0688064714878096,0.492512677893963,0.109556063651582,0.139399721496807,0.174513778381157,0.354911042181716,0.275875569565766,0.140978920934414,0.0264554462335344,0.0343754819481217,0.154804517735048,0.308455105434899,0.396278250863461,0.224193818790082,0.0680226765672505,0.318652556278221,0.0736434117255291,0.0529028904467501,0.0766710302324269,0.0646592048716002,0.201487539642535,0.0406505829662893,0.235637231297596,0.0576671413368623,0.129778053928027,0.143035238258386,0.0607948257099366,0.188610052881589,0.0865900648710793,0.11688147918702,0.064679274346476,0.0480600403460093,0.0888859208575567,0.139668398427334,0.18951800906531,0.19221080507469,0.113617813024483,0.0292604738176537,0.0737591462454815,0.220279546966973,0.144588572291778,0.211706600191949,0.213164526667818,0.243333910392667,0.255959714765809,0.210567780095841,0.036417716969979,0.0381101396562192,0.165234368596011,0.0930338867060169,0.226147095112331,0.0120343253576722,0.3180265593608,0.174719340071419,0.282261102378753,0.0425639421174808,0.0923004072996663,0.0934334006865321,0.193279248802356,0.0922857918990544,0.288961102241013,0.0315735073875799,0.0715139405230394,0.00567633480481152,0.032229509031101,0.266554680017367
"7",0.0482902115189445,0.114977746872811,0.0253639571868542,0.0800715795649209,0.111076847002324,0.142521078598902,1,0.00201116144891016,0.012693608456625,0.107533407449664,0.0287296377569182,0.0116645594644685,0.0179357643105578,0.0277494604929887,0.0852313198881217,0.00310802517727905,0.0918148581078372,0.0598399765500116,0.0674208832436984,0.0748455142972045,0.0144412776575151,0.0623873754895704,0.0144918282638089,0.0112110375719236,0.0148557884095248,0.0441277147731495,0.0203244977445016,0.0640834094582171,0.0854266265652351,0.0240592480293613,0.0626211510435272,0.062595165605821,0.110043275875364,0.00850776931175364,0.0474140588997825,0.0603292363798622,0.0203740242355907,0.0104430034043776,0.0791917241888621,0.00331056570926542,0.0612966959113862,0.00703846081001796,0.0524146763367165,0.0423446396774588,0.0525378906655988,0.0911067285683766,0.0366056076621679,0.00163960476233689,0.0216815372413764,0.0148590124368413,0.0401268048971883,0.0505890410791449,0.0665666780135219,0.0246649965099673,0.0385636994442995,0.0124380094136337,0.000243672969431464,0.0891743904881983,0.0775159662709311,0.010994207198033,0.0141946256057823,0.0120347973744768,0.0161011973774781,0.0358445988976542,0.0787049933859905,0.00807844504690725,0.0760983830826166,0.0617949239691119,0.122944721830757,0.0835987514823678,0.124087496896088,0.0407035779312364,0.0444713141340936,0.00202199933799832,0.015563291055052,0.0500626792778557,0.0787288069504774,0.0256866194685139,0.000620967253549116,0.0415361400687248,0.00142556210308122,0.0638110834981842
"8",0.306521505840998,0.194955185246295,0.314826453582914,0.321195029665459,0.0425350510991762,0.0392714730986994,0.00201116144891016,1,0.00793318407317716,0.344560022139831,0.0214312159345059,0.278798685698791,0.319146386598311,0.11754517050643,0.146049027937937,0.125009809666019,0.338237876872877,0.00256660557120641,0.165018467918555,0.307271781754715,0.192371009357659,0.0575309472322974,0.0901369664177006,0.0282862894048016,0.321634146106047,0.293551785186982,0.0419278668092904,0.00835271357417484,0.0397424023833558,0.0383456153954557,0.200952425673505,0.14807571914598,0.330121229034802,0.337374765690265,0.0802025900928095,0.320485877974653,0.169043901368781,0.273240963996765,0.347468338206403,0.222523135829644,0.0535440125888835,0.207890693765029,0.188235816098462,0.0467435350756137,0.0595101326770409,0.120995008140232,0.138315724952949,0.183226114715597,0.33448404733238,0.210465309138336,0.10577822826769,0.137402247732358,0.0267098114782171,0.113961482412232,0.110647756983463,0.114421270929002,0.045035098824733,0.196576698493954,0.0448055000924699,0.292249278646592,0.0949220185705563,0.211778243517678,0.376383567923298,0.138134187130517,0.039782930386686,0.285455796175093,0.0210430337092223,0.167801955486554,0.207531646882218,0.0629242435380796,0.181617385397767,0.257686626616372,0.081357131269909,0.121760325736974,0.017113714651741,0.25383346995348,0.327112172720866,0.0170230507070507,0.00929913489212757,0.222213567033863,0.177850753920223,0.175002201021303
"9",0.0922470637190316,0.0208452846285954,0.0168414059180868,0.211544517484967,0.0226319606926094,0.0649336202608102,0.012693608456625,0.00793318407317716,1,0.045511987864641,0.08920278445145,0.0186572054828633,0.123086207045967,0.0215219802021139,0.159505424256981,0.00299056160083224,0.0508423216247457,0.0866313275129922,0.167116961604557,0.0345952454682379,0.0384413191561124,0.132035904486838,0.0972585031959773,0.0958429555378579,0.025976425765209,0.130401717758638,0.0532845277443342,0.00134925749082176,0.160135388474327,0.060541790230562,0.0161345143392015,0.026699176706516,0.0810955980123467,0.0345200764141254,0.0268227088876546,0.0559121834700261,0.122005363092449,0.0401205546253862,0.0296247500645931,0.016827119803785,0.089222403077281,0.0154290051790922,0.0388287913633772,0.0604074177827196,0.0481292160585569,0.0347295418644129,0.0514770249484661,0.0463362939014367,0.0886129359499002,0.0671361507003119,0.18772389498746,0.180185551173712,0.0953771966978782,0.0820936734188595,0.211915479604788,0.0244932725547076,0.0374450644211199,0.0761620947266288,0.0231616527733287,0.0776802116000701,0.027313008075706,0.032466905195012,0.0468709245393984,0.0107571060591583,0.10425260053179,0.0192445002794604,0.157625539068232,0.0810441057122937,0.129112947480187,0.0625876090035579,0.104199820064319,0.0305586697175299,0.0589726466624132,0.101759372496996,0.0389315112013173,0.178484248683974,0.141173756230975,0.00290452952182729,0.00810116602849777,0.0508160450783589,0.0680407799388474,0.0501439534501342
"10",0.34280092792833,0.374199819070166,0.292495947415693,0.599298404037004,0.146076814971877,0.193664141253965,0.107533407449664,0.344560022139831,0.045511987864641,1,0.247391716310439,0.344046491726053,0.654360573197038,0.0316019570702311,0.341632742385414,0.111746551815664,0.6320748553353,0.0116820405226283,0.313688073016627,0.482298616627299,0.339662749950202,0.070565010280557,0.299653196622809,0.121282452438735,0.499629457873505,0.148414599813521,0.117521957152077,0.152357338947825,0.155693673853906,0.241077705903923,0.51309330026841,0.199235470412928,0.616149623621075,0.589704201650916,0.258985732576883,0.465004895181598,0.275737721564536,0.248327168791568,0.497323117003908,0.404295895922105,0.113992320298696,0.314984578265077,0.0968677270571355,0.0746547430601658,0.0521347268876575,0.209634531452161,0.240595770311219,0.32866600397814,0.635317263001415,0.272016430962443,0.00189988058821053,0.0259051177985589,0.0306210837283653,0.264187547485182,0.254401450964757,0.146899482513962,0.10707731979689,0.397667631674104,0.381858198922484,0.315148192561185,0.176336149715435,0.323322393654505,0.645950829010593,0.286110294108369,0.0603841310062939,0.52152342813298,0.0493902823638242,0.212202546553612,0.489663527981529,0.0462707036477157,0.196747791225952,0.549924589238146,0.0931189169481407,0.365093045448185,0.0339959664651138,0.360119384739813,0.66004563741215,0.126875606131026,0.0901409805984005,0.375797295086649,0.349584948451798,0.136685263911661
"11",0.0348920703682522,0.160309099505789,0.078127948846928,0.36927919000801,0.0980586380607654,0.354235265240945,0.0287296377569182,0.0214312159345059,0.08920278445145,0.247391716310439,1,0.0999500217344483,0.132243499111104,0.0825309764438286,0.000172940021889295,0.118504490936639,0.0293372792125544,0.400025907609242,0.149885506481144,0.131521497978262,0.217492374254576,0.419893743184813,0.243562771840289,0.218955121940254,0.0285837679759366,0.171013905701177,0.00814118635289222,0.241237723553754,0.398588693157833,0.0216601215336114,0.0229362640006747,0.272370159410307,0.0226035273185233,0.00283424456330029,0.0332048654493289,0.0770854568460448,0.175783174616154,0.0756454612595478,0.174276045627499,0.0330841378195268,0.154788640589617,0.12480471852346,0.154787124815685,0.152830893986279,0.0119375895457136,0.277780032808915,0.099082815118911,0.0420706587871793,0.280062103376513,0.250623116429996,0.297582651966135,0.0908907150595511,0.105638537636572,0.0349607887970481,0.0117187606341791,0.170410949264198,0.115985669257773,0.0495922020293045,0.142459518793954,0.282924520289037,0.210082448017525,0.262827408401194,0.0337643412426515,0.141943997932858,0.172083434467327,0.0648430533716444,0.198741170841443,0.106253943222196,0.383771428915219,0.140482583853049,0.229409722286401,0.0858688861158667,0.0673024234997742,0.129584974637235,0.264682238062233,0.139561727940337,0.32085568509935,0.248854494403669,0.188384076345375,0.156914753466216,0.0449760594118839,0.198532847549194
"12",0.186519196510997,0.109750053921655,0.354773954802434,0.303951023994842,0.170935482806302,0.133397288560463,0.0116645594644685,0.278798685698791,0.0186572054828633,0.344046491726053,0.0999500217344483,1,0.484630744810072,0.122718913378185,0.327517539683189,0.193969806071496,0.487382035157948,0.289079008881265,0.297722850466805,0.346047191309115,0.326942185904029,0.185124535229924,0.379125446284301,0.229722085560252,0.402664668164647,0.140690358924828,0.0835187586223271,0.351495678309211,0.161018874013898,0.356264414795244,0.420085156352074,0.358809944112772,0.451248464564787,0.35296730985469,0.301508643589565,0.248912597796749,0.108534959615964,0.264676697238332,0.264705031266162,0.317308989007687,0.00301409160673369,0.152805516027954,0.133287808706661,0.00718161615369956,0.11104764344921,0.0138286369258224,0.14926420439751,0.161101136400618,0.345876767514703,0.404510093705,0.194477832903595,0.0631507578261054,0.080781771595468,0.0480633342787441,0.321893300274173,0.160515945627271,0.286241239902818,0.507855738401716,0.391085108966489,0.441322704389204,0.378582577357565,0.496419024660165,0.497808854187259,0.254343867253657,0.193092702266486,0.268441744265881,0.23685509453237,0.285864083705559,0.179811487410519,0.289850961423507,0.0133445941016894,0.350496108212036,0.138559368284764,0.295515220546967,0.00976572320311947,0.123255333026199,0.302436369336606,0.0558010224008389,0.162751939764881,0.192173945693964,0.430005452946557,0.375856647656403
"13",0.370871205797094,0.217840145549736,0.396427005090765,0.507467180832933,0.242445557005929,0.0301296094686546,0.0179357643105578,0.319146386598311,0.123086207045967,0.654360573197038,0.132243499111104,0.484630744810072,1,0.155198959775353,0.333139384577945,0.161380067438996,0.711066576610153,0.22427627740056,0.293056204591559,0.526837559802575,0.419625535886132,0.0750961155595126,0.489417780885725,0.133995463763182,0.449447601405179,0.00026870633583303,0.251389118900021,0.287250145182132,0.064695033627483,0.449487200055255,0.652047589530458,0.37162199818742,0.643020215506081,0.513437428506263,0.353907584471595,0.459015447812497,0.260209593652485,0.30519810866474,0.367618807955712,0.472021772459573,0.0437231817245133,0.296088367961048,0.107264251440949,0.0945734460384633,0.232002718194857,0.183010708548152,0.20995120496587,0.302075271223025,0.595658686342566,0.398871649717117,0.104952612385981,0.0112499846328099,0.0470907056494132,0.293078315573605,0.342070665219857,0.252736100637107,0.342620954253092,0.533748249137534,0.474690259909473,0.428781600104398,0.372627538292016,0.45863671218888,0.712763040792379,0.338516766611265,0.211275122837506,0.580286532535559,0.179212975401092,0.239929175338516,0.419842473797689,0.192531996566005,0.0625147110542001,0.518076811190648,0.280420409282638,0.386896315790112,0.011268075436789,0.233012483210906,0.552864525547822,0.12749805164574,0.066354039687351,0.329566214217603,0.401979991177364,0.325644057461555
"14",0.0394158693856285,0.0185085968173325,0.104220476585568,0.0377405090892819,0.210543974973404,0.310283427518197,0.0277494604929887,0.11754517050643,0.0215219802021139,0.0316019570702311,0.0825309764438286,0.122718913378185,0.155198959775353,1,0.0309069083299341,0.0205953705498888,0.163122798121505,0.417166532464182,0.117685288004437,0.171768923925392,0.0582552335152592,0.169822264997218,0.318995356355167,0.199953124524576,0.0265996708333956,0.271828424246463,0.270045624285117,0.358732530206294,0.367279240804,0.413301083805787,0.339399989613692,0.345073530122517,0.176536066468327,0.0784758428946968,0.253725840981778,0.0492984266789797,0.0771073823310081,0.0405908698941352,0.226996952991429,0.0382151131496298,0.0134055597572953,0.24044673167154,0.265848935773911,0.234377688898047,0.261323749866353,0.0334358471143516,0.031863200638549,0.149180867523025,0.120360687138809,0.0842694329035952,0.0209396448196174,0.383108839416272,0.0824619903732801,0.180882577877086,0.0232283485173136,0.240489997721379,0.239980100522286,0.315693112844113,0.469726396856869,0.128711821880092,0.234937822053105,0.149645621489339,0.133020749147474,0.151172923816532,0.235699331645087,0.220428136489448,0.104497258417655,0.000647078402363653,0.0530457331501786,0.198053421676196,0.195321026056883,0.0157111411844873,0.405748203367238,0.0686873108980705,0.0178086199860805,0.036710270218905,0.0381897232759874,0.192785098139393,0.0300927895982656,0.104850843916976,0.0798189546333646,0.100363745407027
"15",0.223285361371098,0.0881339923658121,0.17438743251242,0.346219528642274,0.090710651505857,0.019327950320044,0.0852313198881217,0.146049027937937,0.159505424256981,0.341632742385414,0.000172940021889295,0.327517539683189,0.333139384577945,0.0309069083299341,1,0.120814349165446,0.391355611428073,0.124104243249288,0.231023114014564,0.275252453565526,0.291013244097443,0.0357752760677737,0.274595463359331,0.125962546718638,0.306975914119392,0.0425578471130086,0.137710643627139,0.228512525501975,0.00792074917896469,0.274941146523706,0.369296072011782,0.221193748083823,0.371876841651334,0.309498696928239,0.188022179893524,0.227627508223966,0.188082673240816,0.14296502412242,0.308853385201827,0.303381444163903,0.004743742449824,0.138178261666769,0.0419145403427308,0.0299574693121229,0.106303497043891,0.1025137290781,0.219449401793193,0.17291332341384,0.283097626130229,0.326337371039607,0.115715814451989,0.0382430837136879,0.113800785090094,0.136445437713419,0.319385056200728,0.199657427907021,0.264793698887154,0.356838983794863,0.359913944978541,0.226363653745765,0.262415748414902,0.372791412267794,0.391484674510103,0.193193106655276,0.131870651387889,0.221742315396499,0.0995883576489988,0.168644836998182,0.272282834860606,0.122163130767837,0.0878975127870047,0.381629892220424,0.110595893793439,0.291195959247149,0.00360082643569396,0.178549714868582,0.348492122724126,0.103830459227102,0.116179017032031,0.173956888490683,0.316990626296723,0.211350707167299
"16",0.085447401028599,0.00897186006843866,0.0995121625131575,0.133697057117204,0.129696868366909,0.196087879554179,0.00310802517727905,0.125009809666019,0.00299056160083224,0.111746551815664,0.118504490936639,0.193969806071496,0.161380067438996,0.0205953705498888,0.120814349165446,1,0.244267398261662,0.136904785104156,0.126975599137917,0.202134038910433,0.195167186497109,0.185432173044939,0.131985568840759,0.0156385439656906,0.17184258188306,0.101976531779274,0.0407127859496363,0.162979188890916,0.0713859703221846,0.132218201344628,0.143927518663152,0.181758789317303,0.239925293755008,0.259404507108286,0.0900177825437805,0.0763192789067131,0.0662691042340722,0.119976433051892,0.0923860755220329,0.107906468673805,0.0472204767180312,0.137604966003393,0.0575073364802318,0.167104441404903,0.00528984695395865,0.0293019778003758,0.0298958154533104,0.108490025916827,0.168056074836901,0.181662363923963,0.202250511137203,0.10262926454423,0.129475451095197,0.151935281207509,0.00305115332710489,0.119076267795117,0.00135590008254519,0.164966413935018,0.175781286388871,0.237500261645376,0.159490195238224,0.262299495306705,0.264753952678441,0.0952209147576064,0.00942908424602242,0.171403688075078,0.151026393678015,0.0871912629418441,0.0412542447787852,0.0925132958223457,0.0508495728355271,0.0793215442332187,0.027802142683615,0.065881806972514,0.074401131019076,0.0398925894759292,0.0759486480607419,0.0143790336318045,0.04985831883311,0.0854355583602922,0.230300950223712,0.245933888312525
"17",0.363619696493088,0.249655941725442,0.367895476219421,0.462695910290259,0.266614805377116,0.0688064714878096,0.0918148581078372,0.338237876872877,0.0508423216247457,0.6320748553353,0.0293372792125544,0.487382035157948,0.711066576610153,0.163122798121505,0.391355611428073,0.244267398261662,1,0.395854441526165,0.446613963359902,0.581151220411889,0.505095568795023,0.112107379317529,0.5446964439726,0.0839034045276045,0.50700140737928,0.155428773237751,0.241883348590166,0.326631012678978,0.099892529170137,0.425363468049242,0.646693088383149,0.47394825665066,0.690567908575895,0.648536478362464,0.330364961918694,0.399646656348872,0.174320514108137,0.276206706801227,0.374865955050745,0.502566409245281,0.0319944448588289,0.374087292602728,0.0874587840174216,0.292701079019235,0.141730379030977,0.0335269882520741,0.214028614468543,0.256539784687582,0.535396223910883,0.512856199145795,0.242655308122989,0.0722642224480995,0.0578332840058552,0.321381424085944,0.276511820588203,0.27318603884361,0.296045753939309,0.517990484471022,0.601328728355349,0.503952141938212,0.408828626877789,0.536808400438229,0.690523546840655,0.463779651804534,0.207094101240149,0.555571214084056,0.204358090482178,0.271647810874977,0.378832333299707,0.242094609218528,0.0490216862799746,0.576725142636,0.178219868258967,0.388432444980303,0.0631647076781383,0.216352811556014,0.511026657536831,0.0862416072222303,0.204353523566265,0.362649696805801,0.453683336254163,0.359293372425589
"18",0.0263768533708207,0.158505161470618,0.0878819637750408,0.147564996554604,0.376697477056105,0.492512677893963,0.0598399765500116,0.00256660557120641,0.0866313275129922,0.0116820405226283,0.400025907609242,0.289079008881265,0.22427627740056,0.417166532464182,0.124104243249288,0.136904785104156,0.395854441526165,1,0.249038938948075,0.303702337572661,0.393542996606201,0.432515812067895,0.558473688099005,0.429391637946298,0.134097603004233,0.0336379058423769,0.313761711461746,0.55692242728097,0.501635249722165,0.458112299231824,0.365381072775139,0.55082841332644,0.252640163688819,0.149458183950646,0.226914420751088,0.0446846631641463,0.0991088873613606,0.115478612299226,0.144369163101278,0.243212881561981,0.187752190251019,0.208768542114704,0.126369471050752,0.367540605478583,0.315402058296519,0.326272204110586,0.0872111728002829,0.00229252634402948,0.0203421074586562,0.449629058950111,0.360912429953138,0.213935626847549,0.128136724390636,0.165280954651429,0.0598292243415027,0.391962012933475,0.366800252904814,0.460348813128366,0.50068840460668,0.394531197803607,0.483469613770317,0.472634118599608,0.285124573610206,0.367104471328002,0.329560488330471,0.274875201356734,0.427780577402334,0.114132165894689,0.214468426416019,0.399348600288492,0.31527145993864,0.125966047556504,0.331705810454178,0.146929601843701,0.293037171765383,0.202699783385385,0.108629079091065,0.0218894042468027,0.224142758582002,0.0248354291841852,0.294524248152203,0.354974362209779
"19",0.257532524110364,0.163765948264074,0.191771050159842,0.218101433898783,0.150979216469572,0.109556063651582,0.0674208832436984,0.165018467918555,0.167116961604557,0.313688073016627,0.149885506481144,0.297722850466805,0.293056204591559,0.117685288004437,0.231023114014564,0.126975599137917,0.446613963359902,0.249038938948075,1,0.335958985020121,0.420270517946106,0.100706478701875,0.325707091105448,0.0833244975369903,0.302839877530391,0.228097757376744,0.0890243550447233,0.199620694714496,0.160751762921462,0.0827578163617167,0.372775825858005,0.378570161900903,0.489000293547648,0.438340326657713,0.247302457898037,0.203065660622024,0.0672804276501692,0.133647502962692,0.212852679470513,0.300674564932893,0.0978920862786496,0.415875667780798,0.109633316860445,0.252146215477975,0.0685740905681992,0.0308069566567591,0.0833741807124956,0.184884746926438,0.180291905545616,0.355709676589121,0.130497486344645,0.389659414919723,0.0395219131161892,0.127038171764099,0.200349558627291,0.12190637460202,0.169872150362938,0.249625817015737,0.48008134471969,0.334012512997486,0.278234638701601,0.266951071563848,0.333985047873036,0.178571194397093,0.227639269334571,0.198033991657406,0.0542530505213522,0.145317513097442,0.233868109758279,0.184033456901176,0.0287259322126922,0.288543252265747,0.167207283767278,0.243066838339923,0.164174674539985,0.323791083755068,0.258239597109907,0.0647840173071214,0.266091885504414,0.168206576336998,0.180993908179793,0.196326254852511
"20",0.324118838016029,0.169009457052486,0.290125131856438,0.267763771651799,0.281539901857983,0.139399721496807,0.0748455142972045,0.307271781754715,0.0345952454682379,0.482298616627299,0.131521497978262,0.346047191309115,0.526837559802575,0.171768923925392,0.275252453565526,0.202134038910433,0.581151220411889,0.303702337572661,0.335958985020121,1,0.391814593034108,0.123349581665373,0.438548224341827,0.0612847165951016,0.394542190447031,0.171356122708372,0.172595147679142,0.249550627359019,0.213982781493042,0.264583010939038,0.492771222281774,0.419650634771548,0.527974261040097,0.466621663104357,0.230171845479242,0.346553633485164,0.126223104682506,0.298523654399818,0.253538801287407,0.333892713494401,0.0035623193148657,0.234169210142741,0.033574561094433,0.281242874096696,0.0488959794278671,0.0175620250488713,0.148550709767835,0.24911632861187,0.414121149461762,0.391466682079321,0.171231404871888,0.160985549851828,0.0010990514511997,0.36163884922675,0.175738881817148,0.227584253525561,0.265617595016921,0.405209170754504,0.41053068959744,0.488274870722895,0.260460104529328,0.429061073160601,0.531622905276279,0.273809342533757,0.150529959519926,0.478710031059088,0.13579299622616,0.286956800981911,0.162407278638339,0.208912877617954,0.0117492218190034,0.363726370899392,0.118655671289857,0.259029548153574,0.0816655430260976,0.277229209017764,0.372257911026263,0.0553873517146522,0.237330686708317,0.265536157146967,0.324103588946818,0.333281122241843
"21",0.297165974740424,0.00788467306325136,0.344333963284265,0.204587097899039,0.207527489319925,0.174513778381157,0.0144412776575151,0.192371009357659,0.0384413191561124,0.339662749950202,0.217492374254576,0.326942185904029,0.419625535886132,0.0582552335152592,0.291013244097443,0.195167186497109,0.505095568795023,0.393542996606201,0.420270517946106,0.391814593034108,1,0.214077115276118,0.487562260748083,0.164662622225425,0.320078034315106,0.131393572451935,0.166580364736876,0.337847501842851,0.167882807122651,0.279320792970475,0.37638807921458,0.433876106864316,0.477954794036445,0.314017296816892,0.217515801701672,0.201918093571401,0.169133658176912,0.25182137331753,0.238442081894907,0.331773972877087,0.105813298322028,0.258808470326687,0.0609183482559435,0.270254289330202,0.13228477655894,0.0927779984352172,0.0475556634298172,0.137875912643938,0.207449575203306,0.522675003558747,0.301332308285721,0.0844933937861573,0.0740370967462162,0.105219332863829,0.255696579853295,0.301280206855948,0.264235317621887,0.327317942697659,0.385509336997471,0.402187978122819,0.336514668369987,0.415792987167027,0.454514874993559,0.25688800175668,0.271584784383053,0.322293439747399,0.228906239698335,0.315496226044856,0.126064646412076,0.19351556969836,0.0291908450808211,0.323964278082251,0.14860723650323,0.268166624566951,0.165923516238667,0.122695242429412,0.236387305607206,0.0985901862131659,0.215230485051336,0.107095492973849,0.339289735029321,0.261844766524454
"22",0.069868012783442,0.173827483840326,0.0805518665909358,0.250795387241903,0.190194999268994,0.354911042181716,0.0623873754895704,0.0575309472322974,0.132035904486838,0.070565010280557,0.419893743184813,0.185124535229924,0.0750961155595126,0.169822264997218,0.0357752760677737,0.185432173044939,0.112107379317529,0.432515812067895,0.100706478701875,0.123349581665373,0.214077115276118,1,0.258930644803379,0.218614355693554,0.0578169406224044,0.128599157371491,0.0245155435209345,0.261032761220072,0.351999880420933,0.247479065172399,0.0910522732994392,0.323305156563953,0.0924517468981093,0.0185059341437929,0.125242263159795,0.107928294671274,0.143009521606701,0.0315024046678324,0.043448311702025,0.054282928909227,0.0810097603021065,0.0961355454132142,0.0402808922463866,0.117639223253858,0.092445756655115,0.181644332154602,0.0454481317791686,0.0360592915145499,0.0938804801646428,0.252116201958061,0.315493949856241,0.0653907990802462,0.163342825407221,0.0493869230178861,0.0217124659208252,0.246855552598159,0.141397490738013,0.238896644456643,0.205869470865583,0.274240319662011,0.20787093807185,0.308432159001179,0.132668161974664,0.182722610065523,0.258482849672976,0.0182617372555818,0.321185573276006,0.132218744727125,0.242592536168255,0.185074491243914,0.22120866114485,0.00568822671113655,0.0441078412218709,0.0435361609020579,0.196214108125977,0.1444214539503,0.104767910912254,0.0770642959103244,0.111847117418721,0.0400676164911811,0.156864375119186,0.271169867496706
"23",0.133400768641709,0.017897152476693,0.213401019315632,0.105974517375189,0.352226054150946,0.275875569565766,0.0144918282638089,0.0901369664177006,0.0972585031959773,0.299653196622809,0.243562771840289,0.379125446284301,0.489417780885725,0.318995356355167,0.274595463359331,0.131985568840759,0.5446964439726,0.558473688099005,0.325707091105448,0.438548224341827,0.487562260748083,0.258930644803379,1,0.393220346995083,0.232425654743368,0.10961769269537,0.385995850575953,0.592784588697678,0.428287089982812,0.46074684034598,0.570275195160441,0.534014790520253,0.43576358315872,0.31341343484712,0.313001842426752,0.197706613472866,0.0734134681870474,0.213435799798823,0.084295868256493,0.408193134389228,0.16748917033266,0.219545798079667,0.219798805696531,0.355964666142805,0.333121679388637,0.161199637270853,0.0149925660129002,0.0503295488025641,0.242092593620982,0.546513059673801,0.251884872874136,0.18997338668753,0.0200713099370796,0.13770514878407,0.29741399151635,0.421746429387847,0.468444271804714,0.552379406109491,0.544650164167533,0.413573346431336,0.524005535072277,0.533209720505253,0.502504431003952,0.331303908146775,0.398278661078393,0.405185924581722,0.362267443450112,0.181928974797332,0.0248042513547283,0.3020526475602,0.24466924842363,0.389772906019077,0.425528481779558,0.222429019364083,0.162733423622451,0.0205350734634662,0.178574795577819,0.0238956552931268,0.241237013526049,0.131189298846192,0.346580462693732,0.345856884137817
"24",0.0154577542632318,0.300394831622461,0.0574030610989993,0.160429159021458,0.179491589055009,0.140978920934414,0.0112110375719236,0.0282862894048016,0.0958429555378579,0.121282452438735,0.218955121940254,0.229722085560252,0.133995463763182,0.199953124524576,0.125962546718638,0.0156385439656906,0.0839034045276045,0.429391637946298,0.0833244975369903,0.0612847165951016,0.164662622225425,0.218614355693554,0.393220346995083,1,0.0152252558407495,0.195492632170926,0.318298749536789,0.401965232303955,0.396817458832761,0.279469722071427,0.231878701328641,0.347991394899067,0.0279193977756693,0.0880825919665513,0.178746081393176,0.0313778995059824,0.0453389669914409,0.118500278504487,0.0726463039168696,0.149707983839538,0.200103415814225,0.00214505009526972,0.00242016486842628,0.151645881116529,0.322504935519772,0.239703399826177,0.199231610291114,0.148863183082752,0.127078345136079,0.301220509210611,0.218336080844306,0.0846850435031868,0.00867260837748945,0.0578706250384661,0.120030857088524,0.331307891250459,0.316669402006852,0.293543054811643,0.249182609762425,0.164337272931991,0.421348517929977,0.337789335390769,0.0987705905667051,0.100985443723803,0.252318543654947,0.00781145559068842,0.386992771972757,0.180097051769856,0.110710492334955,0.251210800266164,0.224647538450391,0.0262315406138056,0.348352558609,0.0156982486576839,0.123083545915601,0.290287677845848,0.126601280524931,0.181148456451078,0.0558626079126093,0.165998957132322,0.17979467635905,0.241893420395498
"25",0.309189700663197,0.247653081632526,0.244118720568263,0.434445326331517,0.159005796886792,0.0264554462335344,0.0148557884095248,0.321634146106047,0.025976425765209,0.499629457873505,0.0285837679759366,0.402664668164647,0.449447601405179,0.0265996708333956,0.306975914119392,0.17184258188306,0.50700140737928,0.134097603004233,0.302839877530391,0.394542190447031,0.320078034315106,0.0578169406224044,0.232425654743368,0.0152252558407495,1,0.200532960082366,0.0599254681994622,0.15410508589863,0.0289436200693102,0.286436385596382,0.395539507534263,0.19054301089169,0.453507566705289,0.476394970480355,0.214509790159707,0.332681892390645,0.145974079372634,0.275515633323295,0.442908256970727,0.327596223455007,0.00927062676395821,0.222078960643233,0.0597016106578094,0.0113745060790262,0.00129756728854953,0.104957697375584,0.154748279669527,0.237456833617807,0.403256556925574,0.320604742587689,0.0746219321806167,0.0152575097243818,0.0968630993055219,0.226032558139176,0.25955498784927,0.0441048647751278,0.152571696350605,0.359719124550799,0.350672113463357,0.312876109520367,0.215309289209198,0.358088924635903,0.488317736928368,0.267124878697933,0.0695453366553549,0.304492957266824,0.0696341569428416,0.239309831184229,0.304761998352077,0.0695434709247808,0.0411823283979252,0.392407814577949,0.0851170422187134,0.327177175070409,0.00423234821565262,0.258413793326945,0.450870500066182,0.0482225954272314,0.147404310383068,0.252919118102858,0.301392114752998,0.182207288749618
"26",0.174951451267738,0.217020011530889,0.213900356391316,0.00328794412197599,0.0182596895991854,0.0343754819481217,0.0441277147731495,0.293551785186982,0.130401717758638,0.148414599813521,0.171013905701177,0.140690358924828,0.00026870633583303,0.271828424246463,0.0425578471130086,0.101976531779274,0.155428773237751,0.0336379058423769,0.228097757376744,0.171356122708372,0.131393572451935,0.128599157371491,0.10961769269537,0.195492632170926,0.200532960082366,1,0.304464307541341,0.251703894246167,0.0344102473436115,0.251225726965099,0.126344602008283,0.0109477913220091,0.193755282300032,0.219604747048996,0.0715653516789476,0.110535693204308,0.0879570872847818,0.103064228727849,0.254800561561668,0.0134474067586893,0.0799368446069298,0.17298201404145,0.338888954162314,0.0210959468882427,0.399660235323177,0.00454399419970651,0.102231772783238,0.0927805137990385,0.039746388465383,0.0435122020462605,0.256822190385307,0.0782810262881811,0.121662330281839,0.0197123194606168,0.200449097809823,0.111379335436017,0.262436459617565,0.0647449117377695,0.0229922731832121,0.272285973297053,0.104692769159312,0.036280990821085,0.0820345469337941,0.0613283503064622,0.185581142284482,0.0173353107273649,0.080978439869131,0.0995672005148057,0.0404505387628621,0.0622561660397046,0.0922284887760467,0.155405911992407,0.401240758476923,0.00744126162519856,0.165184555610363,0.230770967693113,0.0978637182861715,0.107385689952357,0.124363505899413,0.112369518468599,0.158896073772835,0.144841648199391
