"","1","2","3","4","5","6","7","8","9","10","11","12","13","14","15","16","17","18","19","20","21","22","23","24","25","26","27","28","29","30","31","32","33","34","35","36","37","38","39","40","41","42","43","44","45","46","47","48","49","50","51","52","53","54","55","56","57","58","59","60","61","62","63","64","65","66","67","68","69","70","71","72","73","74","75","76","77","78","79","80","81","82"
"1",1,0.326523941794464,0.0152816623909233,0.148685213297096,0.0840932240196176,0.367163676710578,0.203802014292979,0.419190074573756,0.321104140080937,0.258552837771995,0.174434355235456,0.449156797938133,0.376667621928861,0.0914932260905119,0.264696792642001,0.0137857651041864,0.493458173512974,0.441692406042781,0.420450911274714,0.201403669559127,0.393796693955828,0.496058261553913,0.525111167129264,0.34182895659624,0.259026366714664,0.149889631202256,0.0693606093783072,0.451997065615871,0.4752544301403,0.390575035658115,0.405657005079178,0.437937724402182,0.457209980991293,0.461533147459787,0.382230317896938,0.00687030106845729,0.135958585933765,0.029727258597969,0.0671387328835677,0.418145574232613,0.407501547659756,0.220094096274821,0.258783434559985,0.332354015889903,0.247847546637447,0.422207960954184,0.0273334900735811,0.0191203833916762,0.42385425079195,0.442368967266516,0.332814935982432,0.093321441388997,0.125246642603638,0.0828110114936865,0.300884405017898,0.382249480916093,0.452832765302127,0.44221153835854,0.33877652106332,0.495458854135464,0.375931049698755,0.489515647478507,0.364962818323966,0.228311934248502,0.427800422753741,0.0541153047573418,0.203872400489202,0.446580641125063,0.452321970115559,0.380029266624164,0.154648881348957,0.229292769652905,0.174354430873886,0.0883016035517064,0.0439062572517145,0.196676242899602,0.262207992992101,0.252316852284699,0.26605173270715,0.221677192276109,0.315845251502128,0.287693258423789
"2",0.326523941794464,1,0.0479137017262472,0.0618964461635235,0.0124033943906932,0.317869737296592,0.201297686403769,0.405719639453171,0.357862682582289,0.257269715186242,0.0346457458375975,0.352637276361753,0.152482214550807,0.204985580035337,0.0864412093402705,0.141976204907128,0.342751243018695,0.215470900929586,0.368439535331745,0.151390880001412,0.344179960294274,0.369522662419355,0.390955723666655,0.411001553592679,0.336755073572902,0.0640824586945981,0.0776701048067288,0.215989743585943,0.348093899482155,0.168858352422583,0.153114432701758,0.349666083307094,0.407350479591475,0.365799340144484,0.292242948446367,0.046181661333076,0.167967552353069,0.115009980045169,0.0249697122015953,0.341960312824932,0.282662392881126,0.261868243752263,0.213493462971231,0.169820692232292,0.302809680161156,0.33011148163245,0.0425775673159882,0.0499585045855009,0.383523488412474,0.348756947368446,0.0707615816542481,0.135939635234599,0.0214214007181356,0.104955058057448,0.177565240332542,0.387465139602386,0.314174103386356,0.425055385309298,0.238191149814138,0.434743188912216,0.215401167479599,0.4058903858196,0.173869179780786,0.0825960690597444,0.334799934832377,0.140259319286633,0.0715757629100272,0.408601196827964,0.359376925712758,0.33295462495396,0.0352734849810379,0.15392594300143,0.0184343887955527,0.032169807286318,0.0476123210502332,0.114879677435153,0.380890250476251,0.324997210959922,0.133507151739811,0.25103420238976,0.232845055330394,0.22614693843928
"3",0.0152816623909233,0.0479137017262472,1,0.119910470848515,0.166148371837844,0.0493519567601042,0.103705273341627,0.144345065357094,0.0391657016002747,0.0206798932850176,0.0363986822065445,0.120006973858727,0.143060337094405,0.14982120420089,0.122085904003664,0.138343351419711,0.102553697999115,0.0855907882117679,0.0256722469113658,0.147017147930307,0.0225169926810715,0.0434767744682251,0.141798030759516,0.163557990327967,0.167853728404495,0.209140948638454,0.149883697597183,0.0499187732287604,0.124276557187918,0.120325933889751,0.163397379332881,0.0159926308436043,0.0515216998731785,0.188467770827903,0.116098069958377,0.129449301086607,0.152168586124439,0.298233885916716,0.0635304272223962,0.106161062287213,0.165308851159143,0.00229710239446863,0.187072680107494,0.0163798876245415,0.0110025821736875,0.157256636962073,0.142509470312211,0.0149973900231969,0.241019304390831,0.0363260537807134,0.0173819256258499,0.178129020501977,0.0124578507741598,0.0133136372412783,0.0652801978193954,0.117133276092545,0.150497603201624,0.146545544464718,0.110209566612533,0.10180878682608,0.137228575909042,0.00412745487456606,0.085140251132468,0.191091667215963,0.217593654221787,0.225728173688488,0.10764101474518,0.0513559450398702,0.122563264982015,0.103734798243803,0.0908891208669419,0.120445949611493,0.00481448089006781,0.110865321006203,0.14429228076521,0.242574511971762,0.0826147608129925,0.131856307099884,0.129180549059193,0.14735642288384,0.176463910260852,0.0138834211289362
"4",0.148685213297096,0.0618964461635235,0.119910470848515,1,0.176652161849034,0.169113371467689,0.122896176908684,0.268581034509744,0.208127680977078,0.0459845080630705,0.0092480940465704,0.280169556482875,0.242262049560049,0.126801335004768,0.1332401501173,0.00495629632937095,0.196061802888209,0.0809873092218764,0.109114463092341,0.173244821576602,0.173548508619529,0.269403484147364,0.243272565370295,0.126886366407344,0.333036629109349,0.102805951694511,0.00282714368116477,0.149646197933494,0.167764612472992,0.0834403206467551,0.0286742055684894,0.185745595961864,0.207279638178068,0.307511197380092,0.310051324500715,0.0927022789387468,0.216559597866747,0.152455952015383,0.0364079036020738,0.238402104216874,0.327127398396683,0.259872513841646,0.122934634034943,0.00147133236376089,0.117909784548047,0.333533886324238,0.106322608409362,0.0368097296763327,0.199120921780414,0.232553414714521,0.00941801732403468,0.0114384386274229,0.00530963328525742,0.189894022016395,0.183618000538603,0.17592286255945,0.250496309486046,0.149998421896006,0.0305896500730621,0.059159949958849,0.340048941158911,0.117656738453725,0.0922876761020126,0.193673689244286,0.235644034642404,0.264405552187502,0.0951482810788661,0.175417674733244,0.195969931466481,0.25203714788985,0.0669077044866164,0.0674339132065826,0.0522504576289337,0.082430440820329,0.102246537745973,0.323070369098437,0.28319512265318,0.0107994914340691,0.0195182347326981,0.128310920409298,0.094324666031353,0.00731353596714147
"5",0.0840932240196176,0.0124033943906932,0.166148371837844,0.176652161849034,1,0.128639923038002,0.0119495130131171,0.0147969715843646,0.093557973958202,0.0210142895285093,0.169689859416083,0.0340336673693448,0.0845492328149161,0.226722293459224,0.0531663960805354,0.0344282142531916,0.198349059926483,0.294199708293954,0.0765295040135001,0.204091680261475,0.133765598911368,0.0968441802323274,0.145864031452556,0.0472867557552087,0.18140429597577,0.116411392754252,0.104668917460025,0.22281035069919,0.196255917172665,0.16853483210759,0.174788629033846,0.151579547092123,0.0938088202085711,0.0563525851478026,0.0490615352623115,0.0769435952337584,0.0854539595241575,0.157873948026865,0.0339137989249317,0.159798530650439,0.0863257962184988,0.0593406538084663,0.0186862294070751,0.167138774970025,0.0363088579742229,0.0452218970794888,0.00231765117538729,0.0126319520933113,0.00348713622403871,0.246029633582982,0.244824835708695,0.0159431458389206,0.0237063447266863,0.0871755256117717,0.0378826600187682,0.111142080069511,0.0296187367098664,0.155502458263711,0.176883319552294,0.135619151394016,0.167092968961698,0.21926674851592,0.287064856589252,0.0513810299439326,0.118885917413567,0.185758495185932,0.146152244012895,0.133180020018702,0.0665071282651025,0.0658647083377507,0.116360571629171,0.189728337417103,0.133669260600972,0.00584179301400618,0.0706134573579779,0.0523453020726803,0.00149058932744482,0.0399371111337299,0.214520461941183,0.149595865225623,0.133963533165988,0.134703361600366
"6",0.367163676710578,0.317869737296592,0.0493519567601042,0.169113371467689,0.128639923038002,1,0.344476272987976,0.480759243736636,0.395465935124768,0.289369396065878,0.247232357965126,0.507656227906344,0.476124012291649,0.00139007158060105,0.225437449137244,0.0575808498933883,0.606889263746038,0.498397027557301,0.52447776761126,0.34162731194997,0.508993266325951,0.5436134808536,0.593306766672255,0.42567024908271,0.266606940957171,0.102092871284931,0.148940180367007,0.55903435901997,0.481443563271629,0.411545878751387,0.405422111067155,0.541419934429325,0.607944467588712,0.590656527480853,0.559527428574844,0.152406107241306,0.245049954829452,0.0251852862656008,0.0145520707384729,0.481159295674925,0.339535279926917,0.0150126514345842,0.333105238884472,0.445995221012133,0.450497681976029,0.436713917487583,0.243356799657709,0.102729704967116,0.504166684114229,0.569231013832066,0.312397261148342,0.274521974864207,0.0592632660441849,0.345579941535123,0.421533316849477,0.47057207071082,0.548934031330774,0.5725246589128,0.551260398765095,0.596582290887267,0.445343877472931,0.520302880682308,0.426161447541921,0.412178917503307,0.507526003287489,0.044771707161274,0.0977172247811608,0.555724162303243,0.516089141515114,0.440524455536367,0.239569079239579,0.23811452163952,0.301003757986195,0.0434472210455315,0.0307429819691641,0.288173644664402,0.203861759880748,0.424249850465554,0.341954417727826,0.162620433187106,0.254821932991968,0.462984391182163
"7",0.203802014292979,0.201297686403769,0.103705273341627,0.122896176908684,0.0119495130131171,0.344476272987976,1,0.316003427357127,0.249763406081455,0.288773402892048,0.293343284834329,0.384837082460095,0.309624359949939,0.00576164990587011,0.116365190660307,0.00298803328433589,0.330177582797587,0.272047712452341,0.166150831050562,0.273361265299882,0.248563728853751,0.344503402037821,0.33713196176845,0.28717114882082,0.242026214216334,0.100942716150832,0.215689630144551,0.392358601884037,0.295215059825349,0.26384332440611,0.316663749049709,0.382295687478216,0.340279168990343,0.496124237837702,0.402098335335876,0.179209652507492,0.186588636763908,0.0468768028094584,0.146030591620942,0.301436127450065,0.310948956654112,0.0746245047575321,0.400908260899691,0.201898299773302,0.23524057646293,0.313059628481533,0.134073402897428,0.0117845146791421,0.416391755512787,0.345090781568297,0.00507142289019964,0.199745409734953,0.0521775889696923,0.259600606127859,0.274044819750357,0.2501514716934,0.435659794581998,0.334108307040932,0.20659121458874,0.353127221025173,0.267649259076711,0.276262167182219,0.29906901661076,0.364264506860696,0.349774610627926,0.233753207080243,0.024686526528537,0.372943545489834,0.283710376272256,0.262160098152715,0.0432825725252108,0.155136632947826,0.167877050025381,0.0769946440682075,0.0476244046662354,0.26290794050548,0.110271016414577,0.296504725429693,0.233779588318911,0.0234500624773139,0.0317253650940859,0.194694033984032
"8",0.419190074573756,0.405719639453171,0.144345065357094,0.268581034509744,0.0147969715843646,0.480759243736636,0.316003427357127,1,0.409687957318887,0.315754748884013,0.150658038222063,0.64739813235985,0.523242799905713,0.0629208372333444,0.229804436492121,0.0357366936582828,0.607354976716568,0.435510411579253,0.597786114073586,0.197662780646862,0.529944956254941,0.664906899595632,0.698524941574767,0.408259559342672,0.469741028345929,0.22542720666893,0.00670285495526082,0.505416222511087,0.476902995865402,0.46720235104727,0.427676786824835,0.525262736906011,0.66449275155952,0.659311418495805,0.64773168565183,0.0260499850008355,0.348404596629759,0.155057071041818,0.0860014147603332,0.594742471055422,0.553308759799898,0.310469911036703,0.42712146611708,0.354055812869107,0.408481420784172,0.601068601905432,0.14980220618842,0.0258479185811249,0.595107333272375,0.565881320026792,0.31681818214009,0.125863391239731,0.0827050002116631,0.316550172878973,0.390301221439319,0.553140668369283,0.635457962097006,0.586958479524995,0.432762425665564,0.609536378348855,0.540313800211426,0.616377646939592,0.446541534926001,0.360006568323267,0.599429463591888,0.282983716664008,0.158918687927407,0.603404562014476,0.535590809610262,0.54524397115126,0.155055924963495,0.160705713783057,0.09399919386999,0.0804604665538552,0.0918377219472783,0.399042627877853,0.470155360004316,0.379011507735184,0.230198148863755,0.317365045547287,0.286264117944353,0.360740541758607
"9",0.321104140080937,0.357862682582289,0.0391657016002747,0.208127680977078,0.093557973958202,0.395465935124768,0.249763406081455,0.409687957318887,1,0.286132273660239,0.021821962947785,0.453121171822699,0.277693215386519,0.269483519636527,0.248546622080829,0.245157273647848,0.32370871177067,0.351325282730907,0.491063255225984,0.15652348748771,0.383636821345092,0.500805764863009,0.440575237192392,0.514730487996025,0.405844967099342,0.0155227572343738,0.0285340912454924,0.332413762151469,0.383447352609377,0.289504565255806,0.265783215791606,0.407639187435936,0.460326420485871,0.377059300485019,0.445603610412332,0.0161873087826338,0.274237984449725,0.108002628013308,0.100313880001724,0.406947998776839,0.245034554314903,0.35688063762694,0.171953582710117,0.167219960913456,0.311942235392405,0.308998595593998,0.0401984236549092,0.00950728128743192,0.404342431013707,0.380565465120516,0.205653657440324,0.338892588228254,0.0297532058939046,0.0792811915295178,0.349386055936273,0.425646911410459,0.455324662164848,0.493195554448985,0.352082729509215,0.41749617537908,0.232363969415449,0.351119512748139,0.147965780946802,0.0829968242412547,0.309997842548291,0.178563885412108,0.0230463775047933,0.376980515402646,0.426189250017354,0.269512632187307,0.0539977624282803,0.23273687291885,0.0410630900827304,0.0228616245372412,0.0870775757278499,0.224419693380721,0.298766324834036,0.318848581443912,0.00345472874342463,0.285065565013761,0.293622547822985,0.184375971431338
"10",0.258552837771995,0.257269715186242,0.0206798932850176,0.0459845080630705,0.0210142895285093,0.289369396065878,0.288773402892048,0.315754748884013,0.286132273660239,1,0.192017717884602,0.290271827897507,0.212539579185833,0.0260673486135075,0.123541303456587,0.0342005629266369,0.34157642550804,0.253796066091792,0.280907834456811,0.270595734978617,0.309516302884406,0.358768330211656,0.361552767460186,0.280955599484741,0.142723529907026,0.00130499450079714,0.11303874512084,0.300544475810542,0.335055318042071,0.269541512678683,0.278353084522322,0.337554436496941,0.402155587902402,0.315683465910051,0.338096814058609,0.0824370481362533,0.138970061984032,0.00335969477427418,0.0300744244479199,0.365322666792474,0.228480137288311,0.0143081902745712,0.236728348950366,0.207454305420831,0.200800452151456,0.275068656597413,0.0701695078410688,0.0901282456490158,0.332915762924996,0.336057935170402,0.169161150136002,0.14251110758135,0.0755997592253202,0.173456322173542,0.220847673349965,0.294978685278028,0.314320098974496,0.368236475239243,0.259924921768892,0.355881739939911,0.249542879388837,0.415425159516228,0.256577844637729,0.194817627976194,0.28712271240623,0.0503064345695004,0.128652299149817,0.339881010837649,0.269175533707868,0.250014606211047,0.0550527113425325,0.130953323621268,0.108650967456227,0.139745814346609,0.0166292175109959,0.110051024200834,0.173391783381018,0.315068533236702,0.184946765145357,0.188876070432325,0.173127170737545,0.212502010224447
"11",0.174434355235456,0.0346457458375975,0.0363986822065445,0.0092480940465704,0.169689859416083,0.247232357965126,0.293343284834329,0.150658038222063,0.021821962947785,0.192017717884602,1,0.269062877612802,0.259773900812826,0.144169719444986,0.169698446563366,0.110686442687245,0.262486700623033,0.295604639337163,0.118784862738549,0.37324611994517,0.146441754102594,0.191152776961734,0.181920556379236,0.116659515552632,0.0789663275917563,0.204755960498412,0.331162032051022,0.324290907546304,0.24552550052779,0.194555761150839,0.266703426923026,0.31881268931453,0.213531361764534,0.269148392439627,0.233941056136655,0.134431915700181,0.0328725892105193,0.155080804035989,0.292901108625942,0.15180080484674,0.201836502206627,0.146672946031278,0.304319526460713,0.206320980737856,0.167322096512031,0.172473576404983,0.133478914128519,0.0855362558261699,0.0917475042289477,0.297111979529037,0.165470086124253,0.174224332275408,0.0513532302691858,0.155210307002947,0.0768914917352766,0.0686742921313243,0.338299679811737,0.327267512356875,0.195432960377631,0.220525360771422,0.259625893716412,0.22537155329119,0.321138995287314,0.384469987176869,0.201299400832633,0.0879063315013701,0.000521589592147268,0.252750001664448,0.183292232215728,0.15908552705159,0.102636527846128,0.076722661142678,0.235848920950927,0.0915060025278535,0.0716529433552506,0.159290341137837,0.00822464208747316,0.175124456008168,0.277775987044263,0.0171035500975894,0.042184881039329,0.19472575651639
"12",0.449156797938133,0.352637276361753,0.120006973858727,0.280169556482875,0.0340336673693448,0.507656227906344,0.384837082460095,0.64739813235985,0.453121171822699,0.290271827897507,0.269062877612802,1,0.511063149092706,0.0986094022196382,0.286512158946201,0.0191725483826688,0.611709285051888,0.471733378358809,0.540353210882327,0.202392748601983,0.496855651229366,0.657538472327051,0.647980283519225,0.423694368197636,0.497499356318003,0.228845416466239,0.117173598148831,0.530368155289297,0.52684981388226,0.387881973120555,0.443508843511074,0.576887836751359,0.621510223955041,0.671341565044524,0.623019006832582,0.0211731462196936,0.329139177133827,0.161752581418588,0.0851336628721457,0.571520935847103,0.576800952581509,0.362478090091753,0.445362260034016,0.307842088277674,0.42037207783606,0.628926558428622,0.165163126885447,0.0167205906703325,0.555533596727619,0.605204728396922,0.261113983152453,0.173821496753411,0.143621745442878,0.353109917641523,0.376637730985635,0.551331383920914,0.664766384001106,0.575164637993445,0.367647342575277,0.53344437906267,0.520577984096229,0.565478572441719,0.486760020623067,0.418224956732822,0.558088948305185,0.248473221440123,0.157907284978519,0.582172550592569,0.559226431351903,0.541453452453231,0.0534903272564077,0.23138409489158,0.153176611807349,0.0741396063108798,0.154885955511092,0.369526728883682,0.468677951643825,0.343215007446073,0.21398345326454,0.193069282578651,0.28296523159489,0.24818170881758
"13",0.376667621928861,0.152482214550807,0.143060337094405,0.242262049560049,0.0845492328149161,0.476124012291649,0.309624359949939,0.523242799905713,0.277693215386519,0.212539579185833,0.259773900812826,0.511063149092706,1,0.15055499650549,0.222868859185388,0.104962972457081,0.629356597257804,0.539596027500215,0.53371651491733,0.200620426601438,0.448644670983325,0.580934769933415,0.60551528546434,0.158802683174938,0.2738084256086,0.384986811966915,0.0823976055298876,0.583258146704475,0.407852011282796,0.554682556245873,0.501311865648281,0.500278666753193,0.498891856564812,0.604031180592623,0.542591077723711,0.00407700204552788,0.233126643552537,0.0614437448261337,0.230937787083173,0.544148520568629,0.5331279834914,0.182557769436129,0.432667828714571,0.223351966501183,0.294810190776698,0.516623898093602,0.170743397106418,0.0768208897963244,0.443160841154081,0.54752398964894,0.401024297899079,0.0669662117100617,0.09556706175067,0.258652044927948,0.281616062837599,0.452092149082269,0.594970719615007,0.484442330599325,0.363196391534011,0.485137371998743,0.57190592919262,0.477248767616858,0.493283627743133,0.543767843218047,0.577208565108666,0.096349551220936,0.160953672365482,0.487085196745934,0.511811464068403,0.421728091892514,0.179672690054703,0.238121037333637,0.173698186629131,0.0692539035375442,0.125713838966979,0.453706900330789,0.329844368268618,0.221413816916459,0.360652833346447,0.175317348613598,0.145233279252957,0.310615201690851
"14",0.0914932260905119,0.204985580035337,0.14982120420089,0.126801335004768,0.226722293459224,0.00139007158060105,0.00576164990587011,0.0629208372333444,0.269483519636527,0.0260673486135075,0.144169719444986,0.0986094022196382,0.15055499650549,1,0.0670271756875589,0.404171001708255,0.184341038337277,0.231094164070821,0.0329763030477313,0.150829405705566,0.0343890082587778,0.0478025706366362,0.107886692286133,0.247729133098956,0.172006410895643,0.283807406191903,0.0716011834271711,0.140015811538255,0.014259414646569,0.31548213887401,0.357006636367596,0.0113625382431545,0.0676717168375083,0.0483720582773347,0.166861296417093,0.0569844458576713,0.140202319265071,0.0173856734951834,0.157004221756574,0.0677905612231067,0.110266746851971,0.074005130078663,0.104538393619778,0.0440098370634656,0.202812774258094,0.00456097325535427,0.0687577042570275,0.0512494218562199,0.0140648275236753,0.0473369661508069,0.399124203115877,0.374062291276598,0.151294437082586,0.0504726645830875,0.0716508353011249,0.0502951245366312,0.00365421891128849,0.124471951553387,0.0437062507161031,0.0913928162609919,0.171365151478916,0.166444241962885,0.417813025111285,0.222168048714465,0.254847848580345,0.154011704755843,0.138743268833879,0.0398861345484333,0.0773613186773031,0.0900993261022056,0.23113819302131,0.0706334419829901,0.0838934134627314,0.136119460318746,0.18327736217872,0.043007615124425,0.0787661514623575,0.0320187210334805,0.253808627663691,0.116148637591819,0.0398862671358819,0.187190207283097
"15",0.264696792642001,0.0864412093402705,0.122085904003664,0.1332401501173,0.0531663960805354,0.225437449137244,0.116365190660307,0.229804436492121,0.248546622080829,0.123541303456587,0.169698446563366,0.286512158946201,0.222868859185388,0.0670271756875589,1,0.0114687435197105,0.250590459029988,0.325947757135954,0.214513948681531,0.16346725409013,0.24485571260773,0.318549451953652,0.247337218839488,0.338892166095992,0.0927466512531348,0.117844510393097,0.17511710817056,0.259378713856357,0.441411798064884,0.151080367147709,0.121866452288491,0.425574906460037,0.303972042653899,0.23151211393352,0.192400199230079,0.0522409674833475,0.0824868307489315,0.090235846142339,0.0156992529672489,0.227443228372948,0.202516842019861,0.141286206637039,0.0872689719411594,0.068873306420913,0.237520697298303,0.245965208343141,0.0902089550379046,0.0106357313553959,0.139702185030643,0.357171367278647,0.239707597374736,0.160053263234706,0.0952407692437464,0.143489065619225,0.181393926185537,0.197442918852408,0.24444472589138,0.299961637484252,0.297696683072919,0.15877231436012,0.254187333685814,0.317429535142081,0.239415451567998,0.13705874826999,0.189437903596531,0.0263871616212392,0.167187098710594,0.207235019853119,0.320849995717647,0.175394182942762,0.153472759858968,0.283869296708408,0.191436946086016,0.0507703827814734,0.179825884442307,0.0751611338174238,0.198393684803785,0.144190560849272,0.0363988491538471,0.0484127386253468,0.193852601555333,0.108029864319909
"16",0.0137857651041864,0.141976204907128,0.138343351419711,0.00495629632937095,0.0344282142531916,0.0575808498933883,0.00298803328433589,0.0357366936582828,0.245157273647848,0.0342005629266369,0.110686442687245,0.0191725483826688,0.104962972457081,0.404171001708255,0.0114687435197105,1,0.184539684240356,0.122502563629809,0.0231223562027605,0.0201182857036651,0.0480723077431493,0.0379904073939683,0.0484663980909658,0.159762201304911,0.0980322236096415,0.18280027707122,0.0403067307120737,0.154395946919923,0.0575052549720029,0.166198319734464,0.177489318908535,0.023560955348306,0.0921000168251237,0.105029577040467,0.0272910890424623,0.0525050915754366,0.122207378418614,0.0282945398657846,0.0823310647792986,0.0170924608641177,0.0732157690470518,0.164403055268831,0.0932128704570599,0.0835544193117072,0.0364857049611607,0.0882042367574145,0.110280296244034,0.0351985463801798,0.00261105389575039,0.0530065985452736,0.217367182872359,0.284712022102553,0.153101517202604,0.072565871083504,0.00623569319714119,0.0725613545123873,0.0062175283480427,0.0553353848093768,0.0240041197099006,0.092209713034064,0.21809839891224,0.14306872661538,0.233140001796753,0.218828892940323,0.137598651237961,0.115650143780784,0.103100061376266,0.0439428514814428,0.0505394913970503,0.127274899981133,0.124771415118771,0.0874658376709724,0.075334576881843,0.106584239514174,0.11231830227835,0.0475324323875426,0.0178426427327677,0.0565350356664146,0.158221722196275,0.113565679299721,0.0403795451021717,0.133949849938512
"17",0.493458173512974,0.342751243018695,0.102553697999115,0.196061802888209,0.198349059926483,0.606889263746038,0.330177582797587,0.607354976716568,0.32370871177067,0.34157642550804,0.262486700623033,0.611709285051888,0.629356597257804,0.184341038337277,0.250590459029988,0.184539684240356,1,0.649039748892168,0.625569921305675,0.294284991644437,0.649211077941749,0.697802477186877,0.785031552013102,0.431291323180662,0.382729777081785,0.331564563115144,0.0967418027310983,0.669398836541405,0.647730309901725,0.591141208409624,0.57285668730208,0.644125782698372,0.706172991827771,0.740716138603141,0.603400997571753,0.10243172685405,0.289659366825428,0.126824155932403,0.116264284307259,0.667849129209295,0.631769484706159,0.216030346224096,0.484118713922854,0.422450761842346,0.453487801988723,0.65172675613232,0.207150338189155,0.0438730206886095,0.612771705800986,0.720668940238134,0.44085628703968,0.148635910393425,0.136419035309703,0.263949783367211,0.423281481545535,0.653773660726015,0.668741455979296,0.603915825536213,0.59594140890122,0.719208663927708,0.688912832519612,0.729269782960169,0.68008799195847,0.518635957170661,0.695052448978789,0.0888360397350822,0.254444283427096,0.659054377883882,0.632450700309291,0.631781113613684,0.234870702553844,0.299612221365767,0.234496751440941,0.184137997171455,0.00874815474855723,0.39515283183392,0.40366024452342,0.421955270547712,0.428775113349038,0.205986502187611,0.289510167748333,0.437435373659796
"18",0.441692406042781,0.215470900929586,0.0855907882117679,0.0809873092218764,0.294199708293954,0.498397027557301,0.272047712452341,0.435510411579253,0.351325282730907,0.253796066091792,0.295604639337163,0.471733378358809,0.539596027500215,0.231094164070821,0.325947757135954,0.122502563629809,0.649039748892168,1,0.494221825323767,0.500412348514712,0.607368497914367,0.631893965772386,0.598825850621591,0.474619387500439,0.0979266710844211,0.25989205863668,0.203097242741772,0.615219729627755,0.609103960273656,0.62275336754148,0.620570232198147,0.592938199730085,0.597109971750788,0.502233489164581,0.408674352285712,0.089000878859395,0.0538309888361318,0.106906806822097,0.104564072429624,0.546301546036391,0.412737351954083,0.165487008817253,0.230349426557449,0.37433260169842,0.262045337682004,0.395868170887236,0.044115627152799,0.0801843895247276,0.306462148265897,0.672941646763129,0.598589456104919,0.152213206729131,0.246655624097274,0.244871961738995,0.352927830249006,0.51283748889575,0.537686961343652,0.617976620656108,0.651461606692655,0.59506366940406,0.581726449209903,0.669040081336155,0.567615037412071,0.417729395382086,0.487708031168785,0.0868497293945246,0.420149519216328,0.539808434338206,0.447432266930965,0.428604381015284,0.269458059661052,0.373573771740082,0.243353379773568,0.0925318977360389,0.112777616307331,0.225607288006418,0.325293243195531,0.301258913925231,0.363771315785559,0.0768519397859655,0.516533735858993,0.457254149278879
"19",0.420450911274714,0.368439535331745,0.0256722469113658,0.109114463092341,0.0765295040135001,0.52447776761126,0.166150831050562,0.597786114073586,0.491063255225984,0.280907834456811,0.118784862738549,0.540353210882327,0.53371651491733,0.0329763030477313,0.214513948681531,0.0231223562027605,0.625569921305675,0.494221825323767,1,0.260611820129424,0.541481997602594,0.592021219356727,0.663230740700927,0.340874246341382,0.354693591393877,0.0721129975312143,0.00931155512577829,0.501756447374955,0.461124072130112,0.548813046733354,0.54870170638013,0.467312072839644,0.629930845825233,0.532764843776327,0.51270504156029,0.0333543960471391,0.294268786810847,0.168432542081867,0.152431172642825,0.602015478409625,0.496284430358766,0.269170331050504,0.30959384691381,0.314978547523379,0.394304557164521,0.511323015465916,0.0768782929542354,0.0537076492181248,0.531479351230802,0.542393289807554,0.506530157345842,0.114957602589968,0.0929400910098407,0.242319746640468,0.283870941562091,0.568373803553294,0.560254863683956,0.592108524021643,0.479071756286335,0.652244673740759,0.442696501095505,0.578699532740123,0.466340985474423,0.323078528067958,0.558795089182367,0.0689196802187926,0.197370939403738,0.534292194929979,0.523929466105751,0.480849240905009,0.189749504530766,0.186335492282742,0.101562385876174,0.0535508952425254,0.020103559447753,0.284424694417936,0.393203760575346,0.371119564240304,0.283698668731804,0.319823233331445,0.38844757148535,0.334182342693391
"20",0.201403669559127,0.151390880001412,0.147017147930307,0.173244821576602,0.204091680261475,0.34162731194997,0.273361265299882,0.197662780646862,0.15652348748771,0.270595734978617,0.37324611994517,0.202392748601983,0.200620426601438,0.150829405705566,0.16346725409013,0.0201182857036651,0.294284991644437,0.500412348514712,0.260611820129424,1,0.291566513633253,0.24861911193211,0.250214863175654,0.365215112949635,0.133241570594943,0.00380639389954796,0.225546937496043,0.31153465602298,0.293063348869319,0.36565888247944,0.37146442830707,0.348313481204524,0.332253373351544,0.163169721735576,0.169622907464078,0.0839711508238904,0.0563887397122562,0.321392629804512,0.122530745455229,0.187750893234748,0.0457700343669178,0.103137018678416,0.126588699297716,0.32910116049246,0.200108661264443,0.0754412018163869,0.0394413560284013,0.074976422012376,0.116993681669224,0.353893077244802,0.333032085767516,0.218359666848636,0.0477303370133228,0.205414916546158,0.180817637407683,0.192890662797321,0.271387118122352,0.397437197799504,0.455984448749197,0.37828885537425,0.20538435073919,0.362098059163803,0.29140989790781,0.205450016664663,0.178096566319042,0.1807448836618,0.206675496285632,0.355799408154927,0.181321543869106,0.161701088317584,0.208213051114453,0.227415071725508,0.272258908148673,0.0595292586095848,0.0283970213482795,0.00490663933169676,0.0233883871541614,0.295112621205705,0.201015316323297,0.0235832835074416,0.426555579005941,0.395439461565473
"21",0.393796693955828,0.344179960294274,0.0225169926810715,0.173548508619529,0.133765598911368,0.508993266325951,0.248563728853751,0.529944956254941,0.383636821345092,0.309516302884406,0.146441754102594,0.496855651229366,0.448644670983325,0.0343890082587778,0.24485571260773,0.0480723077431493,0.649211077941749,0.607368497914367,0.541481997602594,0.291566513633253,1,0.626795501950869,0.682413343684019,0.435548798244176,0.304568129114385,0.153255743714449,0.0301170446176283,0.56650348676039,0.539850057287341,0.530140664728447,0.463514992067422,0.567241203167921,0.695251482710957,0.5934167817282,0.471236592929693,0.0913763784465492,0.206796550071943,0.0844606308962716,0.0229144157447339,0.573824103599702,0.454736753689971,0.285653524008385,0.278204767910199,0.302326244109073,0.341009226055236,0.539563848647957,0.117506905573947,0.0444066866133778,0.529009928698146,0.683985004194567,0.432377247211403,0.0200235954776993,0.206936759264079,0.283498845678411,0.38262953471262,0.635136039918913,0.531208176843171,0.554272678191136,0.492823249189353,0.631874037701207,0.58679923149884,0.669009694399547,0.519915484784576,0.346309534362699,0.552839136164922,0.103966150410955,0.354066062051212,0.574420425768944,0.55886003092918,0.51168433881162,0.202662160664867,0.251738037663832,0.159875213794365,0.0833265758616229,0.0963219598468904,0.225750997355011,0.378208432712236,0.37490305208892,0.389060588890569,0.208906136164234,0.406108896371157,0.49032410904713
"22",0.496058261553913,0.369522662419355,0.0434767744682251,0.269403484147364,0.0968441802323274,0.5436134808536,0.344503402037821,0.664906899595632,0.500805764863009,0.358768330211656,0.191152776961734,0.657538472327051,0.580934769933415,0.0478025706366362,0.318549451953652,0.0379904073939683,0.697802477186877,0.631893965772386,0.592021219356727,0.24861911193211,0.626795501950869,1,0.767075684549922,0.506634592462108,0.446028158037127,0.282902876279878,0.173059286457056,0.653838738359196,0.637209578295853,0.552439068570334,0.53408585696563,0.682737552597242,0.727799355829967,0.686361545493817,0.647789382011655,0.0102752482016757,0.234178115605323,0.153904615619355,0.0948725087154441,0.666455685282582,0.579523670095707,0.391091131958787,0.40383240771965,0.380713100684627,0.378366769162292,0.646693311605086,0.0898082778160657,0.0455665013672437,0.60974987238026,0.713594017516985,0.417271148817512,0.14722440352076,0.142167962357121,0.262441429710875,0.417500643128769,0.613106861623945,0.703852325032701,0.643495912955324,0.484301565146089,0.647471175157466,0.66089723186738,0.693063769199414,0.525996256008628,0.479248562886396,0.646239071579967,0.219104148631279,0.245175653283365,0.678534044261872,0.648521542945047,0.590484899701469,0.182869157282161,0.285839987542027,0.181953428853038,0.0725978802831512,0.0991662156397741,0.418958617944377,0.435667803141109,0.315308501752036,0.269673484080873,0.246341527781045,0.363847850467381,0.389528526587045
"23",0.525111167129264,0.390955723666655,0.141798030759516,0.243272565370295,0.145864031452556,0.593306766672255,0.33713196176845,0.698524941574767,0.440575237192392,0.361552767460186,0.181920556379236,0.647980283519225,0.60551528546434,0.107886692286133,0.247337218839488,0.0484663980909658,0.785031552013102,0.598825850621591,0.663230740700927,0.250214863175654,0.682413343684019,0.767075684549922,1,0.467145475530987,0.494413042425078,0.307305228243167,0.0209385572717874,0.646261353941516,0.593940369906775,0.600082086188766,0.576965388923149,0.646680490724939,0.800930493504801,0.734547576092325,0.65848470421006,0.0453483063911745,0.357690746695085,0.194679789858528,0.0154328437048136,0.694843499929691,0.621572205169792,0.327353035641074,0.3957687580254,0.426208451305083,0.399216390741856,0.688998984831683,0.16787935750837,0.0358322028679184,0.680765093126823,0.70850031345544,0.456381570338692,0.0933580751759599,0.141327395530572,0.29834174459123,0.467981316353148,0.663190403301213,0.711850224502437,0.601792421164566,0.522529454698068,0.715604788376794,0.69840148558352,0.748079535392706,0.609744018533493,0.436010399039186,0.75030846512844,0.18712753054097,0.245346084578323,0.665043605562595,0.648840960649141,0.626360765406115,0.260822108113939,0.214112912741499,0.220479665970356,0.106086536665386,0.0229666599810893,0.439740591836612,0.463541543814185,0.435108936102903,0.425254748677272,0.314948771263061,0.309347549919431,0.462547227481176
"24",0.34182895659624,0.411001553592679,0.163557990327967,0.126886366407344,0.0472867557552087,0.42567024908271,0.28717114882082,0.408259559342672,0.514730487996025,0.280955599484741,0.116659515552632,0.423694368197636,0.158802683174938,0.247729133098956,0.338892166095992,0.159762201304911,0.431291323180662,0.474619387500439,0.340874246341382,0.365215112949635,0.435548798244176,0.506634592462108,0.467145475530987,1,0.287804368783117,0.0309850759205482,0.288641462140341,0.368414506517089,0.57502022139093,0.213575424351976,0.185576840449203,0.544682743373221,0.495239405263474,0.36225802670954,0.43772515765488,0.04158767825678,0.105953226503378,0.0316833601268085,0.117784033153344,0.352975577091687,0.210523820558206,0.200356044726087,0.122492693642135,0.335677949312466,0.455699640518637,0.271413703175103,0.0344056486798346,0.0294858661780728,0.313097800179631,0.49023581847236,0.163327756308847,0.462240345977169,0.0691694109500081,0.157757080429657,0.412928961399756,0.415680292505566,0.402117473549417,0.545733309407847,0.550336557048391,0.428508579578833,0.328472845411021,0.516246104506828,0.249082368251466,0.124659982508569,0.243142272214593,0.126416510759782,0.213231031729232,0.502842596517212,0.410729719913131,0.363748616855639,0.14039489447209,0.315896851574516,0.277278712955126,0.0563586052783367,0.0272549846425871,0.127814888421716,0.299915428385779,0.362259244428188,0.067966229598851,0.138067901064328,0.40912794085744,0.325081282756974
"25",0.259026366714664,0.336755073572902,0.167853728404495,0.333036629109349,0.18140429597577,0.266606940957171,0.242026214216334,0.469741028345929,0.405844967099342,0.142723529907026,0.0789663275917563,0.497499356318003,0.2738084256086,0.172006410895643,0.0927466512531348,0.0980322236096415,0.382729777081785,0.0979266710844211,0.354693591393877,0.133241570594943,0.304568129114385,0.446028158037127,0.494413042425078,0.287804368783117,1,0.154465180308502,0.079657102945412,0.189165774718399,0.304196279829226,0.161515749782787,0.14350733441311,0.338808954919258,0.396365443087072,0.469812589730841,0.441528336341911,0.0353193655669738,0.370449821663919,0.327052459365214,0.0977179680292357,0.370608386009061,0.405655360381845,0.435875911924133,0.265947507384477,0.139869643345433,0.257740387947651,0.454725988131134,0.0359366290088772,0.0321654834219514,0.503505161718533,0.295799639727822,0.0199964584119201,0.094756797112546,0.0119249783485745,0.0831787268887621,0.267566499611885,0.378746036614263,0.420158263562163,0.243696504450425,0.112528917214891,0.321933798534011,0.271853172010285,0.322606661173438,0.239091316197689,0.202733497651584,0.415382074794348,0.400090735589105,0.000163707891129422,0.401032865101037,0.444411781911427,0.389269154642307,0.0196942483096741,0.0203585563089466,0.0582713352362752,0.0323716336418196,0.0806570708167167,0.377670404263657,0.35944043860449,0.217163234006819,0.0323754459180441,0.26022651261224,0.0368028860741661,0.14181309618473
"26",0.149889631202256,0.0640824586945981,0.209140948638454,0.102805951694511,0.116411392754252,0.102092871284931,0.100942716150832,0.22542720666893,0.0155227572343738,0.00130499450079714,0.204755960498412,0.228845416466239,0.384986811966915,0.283807406191903,0.117844510393097,0.18280027707122,0.331564563115144,0.25989205863668,0.0721129975312143,0.00380639389954796,0.153255743714449,0.282902876279878,0.307305228243167,0.0309850759205482,0.154465180308502,1,0.0617735897441383,0.284082096059987,0.187599694537638,0.338796967446417,0.291843073223654,0.252437407170567,0.237469060321689,0.36955325019208,0.24237996430391,0.0227249487270152,0.170416147896155,0.112814438980585,0.259068902415216,0.290254254301532,0.42367721120148,0.261566947547069,0.34857591687249,0.011534034974504,0.0105573665947105,0.305355491459972,0.0161817107534618,0.00694060482379386,0.252650543665633,0.263476969655129,0.245859165160141,0.157825017433388,0.0758592456191482,0.0988092125839586,0.141237690846803,0.218869145901841,0.360404033323032,0.0771749323878853,0.0288276077228657,0.0938899747767315,0.417962277620174,0.220100192654857,0.427341238511866,0.471527920262962,0.466978018892289,0.159995170628389,0.0199572497039656,0.199709141514032,0.32953848439272,0.204432404252091,0.112831180998489,0.0645210743237676,0.216707470266217,0.0934698757917532,0.0243551908919627,0.385831261091878,0.115744522785275,0.0949355846221355,0.186443926369918,0.00427694267643497,0.0239626823409174,0.0407082498851808
