"","1","2","3","4","5","6","7","8","9","10","11","12","13","14","15","16","17","18","19","20","21","22","23","24","25","26","27","28","29","30","31","32","33","34","35","36","37","38","39","40","41","42","43","44","45","46","47","48","49","50","51","52","53","54","55","56","57","58","59","60","61","62","63","64","65","66","67","68","69","70","71","72","73","74","75","76","77","78","79","80","81","82"
"1",1,0.0343379878064087,0.34099772364718,0.372923481823668,0.088576625776074,0.118102905201633,0.057639851948615,0.18493520924098,0.00996677709603531,0.206133329688755,0.210373245161746,0.188434307813625,0.0983929178063474,0.167998507399122,0.164935823259723,0.154929705905178,0.343767177318877,0.177926499971971,0.248549466031383,0.288429118751867,0.203054909125239,0.270244459090932,0.303848042204429,0.274056417085347,0.0918494170457052,0.108335802486216,0.0857953044907333,0.273306489320367,0.19961119938326,0.1935869219005,0.148473365112975,0.216072799872239,0.170836726379243,0.206622633859456,0.265224776851061,0.0733148548081615,0.0192270508468101,0.0602052156727195,0.198848601703515,0.125652270206899,0.236477996358394,0.0241208821698664,0.00199487884654557,0.125179807451681,0.185110450120984,0.16800106408455,0.156751888859268,0.181705648391579,0.312887249909296,0.225855967389902,0.291729766285674,0.0145106649888711,0.290941378698434,0.264194223843462,0.188471477177313,0.172334921847664,0.137986813876034,0.111768077446418,0.33365468921031,0.292991899476703,0.301536434230887,0.356076625757385,0.0814740339597638,0.00195301333471872,0.221550575844127,0.0494906141975985,0.269704718738889,0.223053852512833,0.335772750186868,0.209839798845289,0.0320433646642752,0.252020609990264,0.0190356713652573,0.104683262838464,0.137069943529602,0.0374676378622656,0.197895128596823,0.0726802242407492,0.00545000426345154,0.336646213260744,0.00453662343968491,0.264023945285098
"2",0.0343379878064087,1,0.0806120206273721,0.0231822103697435,0.0292972663329429,0.0311816061817675,0.000897999969208042,0.0350706522998368,0.0845220736735015,0.0825032086746324,0.0603372324725197,0.127660637892216,0.00604842059012601,0.134831686559202,0.0281769740537481,0.151875759037018,0.00741943783248893,0.111490522997567,0.11360848917366,0.10549927740703,0.0346063443019255,0.0337992445571291,0.064012801629662,0.0292336300988359,0.00933781221479244,0.07881552266709,0.0289014752970664,0.117698414428472,0.0333613383124612,0.0700057372299123,0.0336014111917754,0.158032957891065,0.0593840501096081,0.0206527535385805,0.056529003886217,0.0635509224866022,0.0421442045666024,0.0315271817597183,0.0368193027803589,0.0654181471823907,0.054088225379608,0.0263534660837627,0.0965975690277259,0.0393806107353762,0.0849394182017671,0.197595969889705,0.0262335090952197,0.00358589532693671,0.0115318108039539,0.0227882724299632,0.0265689207024608,0.0440947052368564,0.0260970692319424,0.0134042450228969,0.085480695233628,0.0416454441725444,0.0969476651530285,0.0511627089499791,0.0966811215458678,0.0501620869968899,0.00846574762996151,0.0525686818476359,0.0608062436144238,0.0467117871045258,0.127514763093797,0.0816756816277749,0.0514182605561099,0.0162665245201231,0.0541154441301094,0.087010575123429,0.190032796263596,0.112120175871218,0.093359785237664,0.0301863817886895,0.00334871610073606,0.176858787650259,0.0219699155717884,0.0245093475244246,0.0372584788559105,0.0526471920960222,0.212126302351223,0.0406715048202099
"3",0.34099772364718,0.0806120206273721,1,0.500482185598433,0.239949764781613,0.233266559350377,0.143630184040438,0.347476631187852,0.0214520623587355,0.420039237510106,0.429225974237031,0.494009569861371,0.19882172920129,0.279601937275715,0.343983713160763,0.418400856047966,0.622148190748086,0.245391365527495,0.608813698410729,0.464172908401413,0.404608281315237,0.377892719510014,0.640918961624911,0.249386255131461,0.296835349835018,0.0670541848647286,0.227918426376167,0.419903182018182,0.37906168369293,0.383694789245781,0.284600922912792,0.476443215643184,0.483824781092647,0.271243070859205,0.555050426787847,0.401829972093355,0.122694747942015,0.0446679942678841,0.218270836647787,0.321268053340689,0.576717216342136,0.168918882414494,0.146182814492748,0.345755173660949,0.354927331997208,0.419857870976189,0.426425021580393,0.441099331475135,0.560119864617352,0.302775729861457,0.553007830844029,0.0459183392154432,0.662384861200575,0.584461271225751,0.343676634583403,0.48188158532544,0.312763538622401,0.22468484784833,0.582091178398154,0.576500305370366,0.640619364755941,0.5834209771072,0.279968854864849,0.167176589054679,0.437392307614532,0.0692994210392135,0.474193580434772,0.323119386972123,0.563527094687735,0.19268941074339,0.0509348914201015,0.5062624627703,0.0554719920241922,0.247411090004714,0.251801132580401,0.0911036099978256,0.580835957944939,0.185907367894612,0.0201079685417419,0.57275712876118,0.0588336657875378,0.386595894962294
"4",0.372923481823668,0.0231822103697435,0.500482185598433,1,0.296600060265194,0.112885231083207,0.279399037579035,0.228290489725065,0.0550520094761487,0.400360580061041,0.239932559760602,0.247231396384259,0.00208222541840294,0.0270682497722547,0.178650457357116,0.161605335804199,0.470097749390974,0.0360869599843303,0.391706780300421,0.285745499780835,0.238951310803925,0.295995552216419,0.44715171041685,0.226286918378943,0.412868262636672,0.0823221351077168,0.179157761502066,0.206593556107511,0.0702422540377522,0.259758165180153,0.134829883097037,0.234651280940749,0.0536215265775464,0.301994754830718,0.497135688856642,0.244561776509154,0.143639697777442,0.157996055962969,0.172888808597819,0.179671474368166,0.421366882566175,0.0822353302975146,0.14787618311662,0.167870960121596,0.231207772203596,0.298075995012077,0.366643753125945,0.438843396454902,0.50493811395193,0.236535295192228,0.263815919506317,0.0136490585961186,0.607905109815161,0.421899133479584,0.28254472899636,0.259673351508741,0.116689080459669,0.0874945524947992,0.48720799293527,0.294054236712716,0.4096065725339,0.387387552804724,0.0947606412386059,0.0339408094052097,0.395997032455407,0.163372113039535,0.590385162183898,0.399354676922846,0.444987597177952,0.130529099430127,0.111549796525334,0.369914440080964,0.0895659293194251,0.4010534425363,0.425810392634237,0.0903289310889417,0.364742576728714,0.0706091204457944,0.0353514405218075,0.532754595233992,0.145313081317347,0.410901466410616
"5",0.088576625776074,0.0292972663329429,0.239949764781613,0.296600060265194,1,0.0939388741488556,0.083579636234835,0.0792915608407222,0.0601661626548487,0.0556410845144854,0.0195204495128123,0.0726252159916429,0.0293178098823057,0.0293150842041764,0.0166656387841573,0.058461810894672,0.104708292839089,0.200110513923002,0.162514640841993,0.0100769118439999,0.0176501353434456,0.0232986560616473,0.14677885555618,0.0379416586169469,0.23144697443311,0.00945729084808774,0.0624852486748914,0.0804728915567982,0.123292486412132,0.121628887994091,0.0405229584855854,0.0670177095585054,0.028931273389976,0.0188049954398754,0.178615790466208,0.182993913354816,0.0274622833328548,0.16279730660908,0.0297796200935352,0.0999618920557647,0.165276168312821,0.0513357117231984,0.207632054353988,0.0360265366563019,0.103651894071249,0.135293644796442,0.232645788890442,0.278710151494069,0.202688988720409,0.112209854524484,0.0587291571719997,0.0907333567510077,0.295150122030323,0.16860844170209,0.0967179268384799,0.104055809338975,0.0435654040760969,0.055186963434098,0.127839378280778,0.0490071294395661,0.143951783849016,0.0253055587663883,0.0587689233472293,0.0258258313340345,0.0997639435450789,0.24500393919603,0.333725906716832,0.0459997249121033,0.192509512844862,0.0468096471135187,0.0508397970738261,0.167368892814153,0.036282156950567,0.197316972703885,0.178033029314439,0.0430776194973775,0.123272338129124,0.0284548052365337,0.191223303213932,0.224734379193744,0.130362287557975,0.130098424123251
"6",0.118102905201633,0.0311816061817675,0.233266559350377,0.112885231083207,0.0939388741488556,1,0.149070841789086,0.141095414118051,0.134852843437017,0.197263212242871,0.275807086283664,0.240011862609894,0.282596443668551,0.275772418090842,0.310215851628153,0.269827737695899,0.291649086182722,0.40152722710235,0.284595261184717,0.324225416677784,0.32599408846776,0.270948063075531,0.335944560256333,0.246724959993372,0.132116690376995,0.0439032393374153,0.177114880863903,0.33748499270075,0.306878553967215,0.219874750362479,0.191580514874794,0.372971423143341,0.492965234450174,0.167647723079722,0.230393141284732,0.143902094946247,0.132698348020088,0.159823391714419,0.157530825285574,0.236564832153347,0.179796584375796,0.0999425538310277,0.0267425897073125,0.190722902342088,0.206966001470714,0.223041810719363,0.0243441329449007,0.0438522928129975,0.175450736991618,0.344203876586416,0.337271595651294,0.197925071273951,0.0760287805393899,0.215309366678265,0.238112467869449,0.213961922504035,0.150414733847848,0.169587084949598,0.311248449001089,0.406137053913067,0.396691842591357,0.349750152220941,0.253645995804172,0.277455997485354,0.187914889528637,0.0423926347921994,0.0280490667520764,0.0776155113659928,0.251780608432522,0.242355263794327,0.161398886138742,0.211909725057981,0.00726065654678482,0.0308351366798199,0.0967524165455056,0.0779043647174507,0.210174344307553,0.106403153462572,0.0676210611392157,0.087927662259347,0.26798080752471,0.109200142387715
"7",0.057639851948615,0.000897999969208042,0.143630184040438,0.279399037579035,0.083579636234835,0.149070841789086,1,0.10743384905811,0.0665551556512126,0.0208386213701884,0.0443387406858287,0.161991072244836,0.138427533812443,0.0198513933412623,0.0204010680142228,0.140014533157725,0.0210054340810685,0.119546054636625,0.0183398807119332,0.0320770699339348,0.0261234194258557,0.0815132856267552,0.129708380677472,0.116852679778603,0.135105729988253,0.0519172958032907,0.145608876456417,0.100309281649403,0.00963551329851214,0.151985457565522,0.0287043138556038,0.0782367055217603,0.101602364909882,0.000409102491235048,0.0345140125237696,0.0839429781949714,0.0539386934712955,0.136931269144513,0.0355179208271492,0.0398411009707855,0.0198688844746038,0.0338143573308754,0.105708263414961,0.0142563665020577,0.066227496411355,0.119641415295171,0.229070033402133,0.035206582303191,0.177464444531717,0.0506032186375223,0.0664512552789515,0.0505586759750088,0.22579972065326,0.111506308926853,0.104781298826973,0.0749066141265764,0.0584409467185006,0.0423299282867255,0.0137911788759709,0.108264395551591,0.0345985015001756,0.042077267273915,0.108057048149806,0.0852758541380093,0.086149330254853,0.21473730289078,0.241011731473857,0.0417879408945868,0.0816477420580195,0.0020898894659659,0.109714077439896,0.0210601505627563,0.154667460256726,0.0158285159625427,0.184065389128485,0.1357267229749,0.0822244416319748,0.0342543832282443,0.010905787015251,0.157235547182452,0.19114063733963,0.00465892919289608
"8",0.18493520924098,0.0350706522998368,0.347476631187852,0.228290489725065,0.0792915608407222,0.141095414118051,0.10743384905811,1,0.0161792300565257,0.129395522763981,0.24481943927648,0.418555939189106,0.0725961556423148,0.213035962693452,0.157842519142725,0.261167343449269,0.222555232741483,0.0294761817226212,0.331787043323418,0.32783898238231,0.194258180905259,0.118771779857483,0.364596383334483,0.00989773230808975,0.0886485929578669,0.284852254693812,0.0490913141637049,0.344672929633394,0.294810456677305,0.308281652417071,0.0541557775518747,0.299093922553456,0.202816298557292,0.0996862519684656,0.259852153893689,0.195093358993291,0.000795597442551351,0.0134591244387683,0.249465085152648,0.178270392329138,0.210040719909068,0.0684754946470724,0.0880273211031129,0.222992158939992,0.359294224184841,0.405538233810483,0.262294041838926,0.194385798396011,0.345135018336455,0.150648785705812,0.35364957616245,0.136929177133108,0.352595245642812,0.230970152297088,0.0407094671767905,0.38304167115248,0.0711661008426487,0.141326456105753,0.311900942723021,0.303706548991558,0.255884920783887,0.285424686210588,0.187893556225837,0.152529329456083,0.310900281458648,0.00504002805654145,0.237127889202419,0.167500458063576,0.261032049920991,0.0699837144857379,0.110327626028276,0.174653378740197,0.0731990565329009,0.0341701299340949,0.192413599157687,0.106481708083996,0.352167544085456,0.0160402261445001,0.0958408367700535,0.357066022965102,0.12863212321055,0.110105431078165
"9",0.00996677709603531,0.0845220736735015,0.0214520623587355,0.0550520094761487,0.0601661626548487,0.134852843437017,0.0665551556512126,0.0161792300565257,1,0.0584920426362516,0.0755153709457677,0.0338142397880616,0.0188768581531777,0.0449453383782922,0.0430443130772893,0.0401310656823069,0.028098564882815,0.166649531430994,0.0457583881367317,0.00256062958495088,0.0583730762952535,0.0663267846704734,0.031456758805112,0.193044610301206,0.0300643800102508,0.0736271580725398,0.0186317086989486,0.0903471232612608,0.0767437611566337,0.020232100007467,0.0813802325308244,0.0591432346326511,0.00903779847226263,0.0812741936424051,0.0440423995501345,0.0597322458308479,0.0178324209848171,0.0139116648265196,0.108246138873202,0.020296577809186,0.0715715788735962,0.00094003884076072,0.0665404793482381,0.0240712056349423,0.0176961001452373,0.0238311184904734,0.0650127306197894,0.0675058325211939,0.0282218558546276,0.117010719729396,0.0459900935474528,0.0224278837711271,0.095096772118517,0.100029303140784,0.124081724202169,0.0692929971021707,0.0562246777914906,0.0492065833819198,0.055984098094581,0.0210127804656616,0.0325302755992894,0.0749973731330214,0.186458605399949,0.0175569282369761,0.0174186106967558,0.0396930761531372,0.0281451442969556,0.0503034571851457,0.00572206637268661,0.0126390395604702,0.0295615164616387,0.00464621508683273,0.102906449361938,0.0207477761639322,0.0511250852671317,0.173300117845453,0.0456853311947455,0.0099540335503695,0.155653889920576,0.108627587331592,0.0535430646964732,0.105702141420782
"10",0.206133329688755,0.0825032086746324,0.420039237510106,0.400360580061041,0.0556410845144854,0.197263212242871,0.0208386213701884,0.129395522763981,0.0584920426362516,1,0.344340872038104,0.263721257558545,0.187429675832238,0.0548406899673974,0.159542411384317,0.124968939156785,0.502231304312738,0.251505616893278,0.40122963948329,0.405758025123213,0.287865170516244,0.31728595730327,0.435463918948482,0.19904684871651,0.0999732168726929,0.114494370034623,0.355688052841613,0.260480661668921,0.206539490311697,0.246059167350996,0.272355033984992,0.379947301536329,0.266980823237207,0.337760318096433,0.44007949604705,0.230472801035151,0.0973782419299194,0.0369389175472243,0.143668991600184,0.243911541034114,0.390924061561278,0.0643093933521757,0.000905533064625415,0.250524187828313,0.252792656581784,0.275445487914391,0.135352301068101,0.21697873898087,0.312585340017747,0.263473267550567,0.320080670686776,0.0136995550177932,0.400526633047828,0.364503381850947,0.381384416305335,0.281660656908537,0.12934130057981,0.143478840199452,0.458731915008585,0.434425136485577,0.429708317237714,0.442163590836111,0.228922904001353,0.166162987715235,0.296481602643538,0.0778307053858766,0.296159870793912,0.349074246761984,0.383934157947145,0.156695017373629,0.0502983898219632,0.38994383324789,0.170780938695617,0.281087631041162,0.247948543152338,0.0948972269714664,0.31893167751386,0.137134827061763,0.0567560684707402,0.317357492299459,0.0720730311084744,0.304598927421027
"11",0.210373245161746,0.0603372324725197,0.429225974237031,0.239932559760602,0.0195204495128123,0.275807086283664,0.0443387406858287,0.24481943927648,0.0755153709457677,0.344340872038104,1,0.410579959686697,0.334418764003722,0.213869948846877,0.282897941270806,0.160160705480591,0.587864613672436,0.424951071359914,0.498764764738059,0.565542548574219,0.526623438195278,0.406190044197845,0.591585254068362,0.332877639148374,0.109021069973905,0.0381565505472701,0.254352685647217,0.500471516916506,0.407350797378453,0.403815980020734,0.328153564994794,0.561359179486898,0.462896000473735,0.401340599547077,0.518891751972989,0.24989823116704,0.023152880222379,0.0359269377992701,0.164145838412091,0.41332965786168,0.462199233073058,0.201047228598625,0.0230211511419755,0.334842617515566,0.399530300612708,0.390549216857694,0.2056403726184,0.24043481122308,0.266652603965083,0.474994895896966,0.512017298991638,0.0447041480426032,0.366742140007886,0.409462339971806,0.407373360891118,0.444055281041586,0.308219816738702,0.343060907069519,0.610447088054197,0.569276953127488,0.580535584980743,0.616659726524531,0.401095686067569,0.34846827510399,0.527010621531918,0.208881771725446,0.144609402391662,0.468238700093322,0.432960049155052,0.270197273249986,0.16148334852458,0.501935417441897,0.204020262933339,0.216033481102134,0.123837017639825,0.0416133633478219,0.387672677582449,0.191377761291087,0.157171711281457,0.395640135624409,0.159653136328452,0.440624010103315
"12",0.188434307813625,0.127660637892216,0.494009569861371,0.247231396384259,0.0726252159916429,0.240011862609894,0.161991072244836,0.418555939189106,0.0338142397880616,0.263721257558545,0.410579959686697,1,0.147923943967973,0.194554275854727,0.324504017079207,0.290680853360471,0.407168705688552,0.251882996942351,0.409518664770834,0.498842117019946,0.401082760753882,0.286885723076497,0.59176680044274,0.106143077950745,0.123800437575032,0.159460127012972,0.0963036991271446,0.515381338883441,0.47938938761671,0.468465128626334,0.195220707025697,0.491564486802358,0.394468717156093,0.163666137241216,0.430757900974187,0.29540272663435,0.0106271435286565,0.0682348234909947,0.152235313175262,0.258759817825266,0.340698385878802,0.156547712696693,0.00682292127520349,0.334289015670782,0.389651688481075,0.523348752171881,0.341300189160769,0.236739240881995,0.431909964713575,0.299178515660833,0.518034097595382,0.0924956005003196,0.488063386796997,0.370248069180432,0.183692214278679,0.460042171425278,0.28507579824106,0.305636630422476,0.513834610296743,0.592195275357227,0.494477910802,0.495114819194673,0.28121297697458,0.37968553054942,0.456205628739936,0.0215764128874771,0.234876758891717,0.230952103959162,0.386737897300935,0.212173841394976,0.0100754545618509,0.387139394280782,0.0735693791531158,0.158601130528239,0.193610659125828,0.0855601819351485,0.424642887667743,0.0825189888258197,0.0673670321521941,0.416691836017846,0.0802448989372408,0.336577968015755
"13",0.0983929178063474,0.00604842059012601,0.19882172920129,0.00208222541840294,0.0293178098823057,0.282596443668551,0.138427533812443,0.0725961556423148,0.0188768581531777,0.187429675832238,0.334418764003722,0.147923943967973,1,0.148948457232548,0.16852537949291,0.148128401404823,0.328095523048086,0.280766424782167,0.280271795224045,0.325428263694741,0.23027651774653,0.287739251356273,0.300962913800619,0.251168691352631,0.0660470270560016,0.0822532610464564,0.203899530362245,0.223087742794827,0.290159566948095,0.127289191283941,0.26997165021413,0.266292927032968,0.365686572032363,0.201516312283827,0.256153879887898,0.199773265908445,0.0327135448926351,0.0387426848716586,0.12579201594525,0.222799499329015,0.232564120818821,0.108511125877964,0.0559507762535096,0.262265741555474,0.218014036601746,0.102179845211135,0.0877559302086341,0.124786171479086,0.138903749115316,0.288127252156656,0.322476653352892,0.100071734854861,0.121036260286891,0.207463939800245,0.243448821494258,0.154462866515205,0.1545353992173,0.213445983536547,0.271935261281591,0.266972597641726,0.327350719729435,0.302154313309759,0.196565321020924,0.153569541205523,0.253883550573599,0.07997430557144,0.0983919919127891,0.221322434704361,0.158019334838145,0.186782035197806,0.171584989270349,0.300734965897977,0.120216725756028,0.122014996164201,0.0361314180211879,0.096509815441203,0.224532785628773,0.113502515325011,0.0496902023795213,0.119466082529356,0.223895624257536,0.168719884024484
"14",0.167998507399122,0.134831686559202,0.279601937275715,0.0270682497722547,0.0293150842041764,0.275772418090842,0.0198513933412623,0.213035962693452,0.0449453383782922,0.0548406899673974,0.213869948846877,0.194554275854727,0.148948457232548,1,0.0852773771819356,0.232288468203112,0.254680852126265,0.311155348298216,0.312559472107658,0.262581444460924,0.109968922635838,0.215240166822366,0.229171208236296,0.129091638917824,0.00809799274854756,0.0729537360321535,0.00936630391530668,0.25497694230011,0.323695723688896,0.204679064123787,0.350827684246951,0.250091430361865,0.316410459675929,0.149868515247916,0.0392710900621317,0.124137897359459,0.0372320997023404,0.108758831830639,0.0903964572938582,0.0538680712667382,0.113553902591191,0.0945001188533663,0.037498431502425,0.127970228566531,0.0930495449871859,0.151120429725086,0.0464355738774136,0.0355071089298152,0.11315773319501,0.205381863711187,0.344032086457307,0.0265726536871733,0.0853296449939007,0.149766140291255,0.0020832455467527,0.236393935119475,0.154288958154737,0.22317344842676,0.256154224439534,0.297484823811525,0.163174966670133,0.2863691751749,0.332195993595641,0.113784348475665,0.170100763113522,0.0661236902709788,0.0546917375705903,0.207909245538213,0.230960068802522,0.174670120325418,0.145188644879519,0.0955232936010286,0.177877855284804,0.0947026609954656,0.11059121282234,0.0958423310590128,0.226485955980723,0.147677540558888,0.101039527170773,0.178416059011248,0.15449100820959,0.0966608257527388
"15",0.164935823259723,0.0281769740537481,0.343983713160763,0.178650457357116,0.0166656387841573,0.310215851628153,0.0204010680142228,0.157842519142725,0.0430443130772893,0.159542411384317,0.282897941270806,0.324504017079207,0.16852537949291,0.0852773771819356,1,0.384847381488979,0.334296256120804,0.185294545963983,0.311752711214889,0.311715537702759,0.341536641205336,0.286672731020601,0.456271637374676,0.241853062726032,0.0607608692234178,0.0633730678754558,0.133223313077085,0.350375562294461,0.278209409686142,0.33261050736071,0.104476712693335,0.325405702616618,0.386126238365221,0.143893497226027,0.361061211934179,0.20165192534252,0.0416650337874181,0.045199724469816,0.268204764202454,0.244289900177382,0.386915000870716,0.0483760724806094,0.0222537796040818,0.227822115253261,0.241857092675023,0.267837236832669,0.218915878319199,0.216345938811195,0.28891172083664,0.288478242851982,0.400617295365242,0.0875315642486595,0.324004373046336,0.359855604078748,0.180674422737233,0.342956372549354,0.256518943634251,0.250788575959482,0.313776818943374,0.414029872463917,0.509085593460062,0.380519271765384,0.186715615928792,0.279807639446571,0.299243961978836,0.00133980738526077,0.153486042523724,0.0796812774356725,0.269210783932249,0.226700893227684,0.0937332038540771,0.276053071906203,0.0361718168054832,0.186899482225412,0.0628982036312173,0.125172354654408,0.223081651425933,0.016399831553487,0.069595712913108,0.310606814926897,0.127205813688603,0.317474609941621
"16",0.154929705905178,0.151875759037018,0.418400856047966,0.161605335804199,0.058461810894672,0.269827737695899,0.140014533157725,0.261167343449269,0.0401310656823069,0.124968939156785,0.160160705480591,0.290680853360471,0.148128401404823,0.232288468203112,0.384847381488979,1,0.298831437938862,0.073521127783274,0.357987423762782,0.234930307140066,0.279708612672081,0.191147472293372,0.446341890275827,0.0680986581041484,0.0692305636804412,0.0262480497241321,0.0504844796717429,0.288896524112634,0.304802135389037,0.250120334010395,0.158288180843969,0.25178450091991,0.399895974426555,0.170918403128976,0.209295624561771,0.285262846235727,0.0337184920691651,0.0563085669968929,0.251266357641112,0.208620069018493,0.332837742431569,0.0275108234417325,0.25746548340503,0.227023834925187,0.149507983226499,0.298142688315758,0.298840520699434,0.22311238509973,0.328239504152769,0.179730014958684,0.415735498819703,0.0580574154056253,0.433496510085251,0.352011653711023,0.0863589686708742,0.237252492075419,0.259554212560881,0.310243174044572,0.232583113967432,0.428180364057779,0.391112893374693,0.344768613066776,0.128717526867359,0.229527914220526,0.254417506531813,0.00989510523850904,0.284089256522368,0.137497600591818,0.257914900127537,0.227300537407356,0.12818332603835,0.257899357203578,0.0205488890895351,0.144470468695924,0.053328649239302,0.205883366312688,0.377381516954271,0.038118400605632,0.0138818805250013,0.349125119195694,0.0837204604095866,0.201434059818174
"17",0.343767177318877,0.00741943783248893,0.622148190748086,0.470097749390974,0.104708292839089,0.291649086182722,0.0210054340810685,0.222555232741483,0.028098564882815,0.502231304312738,0.587864613672436,0.407168705688552,0.328095523048086,0.254680852126265,0.334296256120804,0.298831437938862,1,0.541789283966571,0.676946115562288,0.620364228272314,0.552059066223091,0.539659777505921,0.756635378759567,0.480020978745219,0.260771114227734,0.163823022359853,0.450397209431332,0.487992327161267,0.40228235786331,0.502237842734554,0.602553466001942,0.672891601131093,0.571261059510594,0.51232160331323,0.68971194391233,0.383791938564066,0.182160913601708,0.00348574049181512,0.226960675001673,0.507726877863599,0.687697046135727,0.154083504236884,0.164072622233787,0.444502956697794,0.430759146089109,0.416080480669737,0.30455369443404,0.416002338675039,0.428289380991671,0.516739161237473,0.63677791418535,0.041824527339369,0.569881354204139,0.620179451846615,0.589580155683821,0.534129006935434,0.390684168454025,0.337488252160631,0.771511239469064,0.682786340061912,0.721198770884469,0.718906554265595,0.416871507204654,0.300757556101636,0.559170605920252,0.133577535147848,0.37091387248575,0.510195443236366,0.632989946091516,0.371228567091745,0.175887090669518,0.64259159385902,0.198301990910997,0.413720163280671,0.265892897852102,0.0508985942839165,0.507298490248922,0.203561382118099,0.142268261792052,0.545903296041043,0.278485167323422,0.470025819425785
"18",0.177926499971971,0.111490522997567,0.245391365527495,0.0360869599843303,0.200110513923002,0.40152722710235,0.119546054636625,0.0294761817226212,0.166649531430994,0.251505616893278,0.424951071359914,0.251882996942351,0.280766424782167,0.311155348298216,0.185294545963983,0.073521127783274,0.541789283966571,1,0.23640443649165,0.462752575151075,0.332251471367913,0.484836323467519,0.381922009059975,0.516415677386606,0.108262607311277,0.142253262493927,0.288454496447326,0.330919366186261,0.330449645744661,0.398255331109975,0.544375080848065,0.515961055289406,0.424219736843203,0.416802583018787,0.3182098272543,0.168838689656543,0.0851694460951792,0.169715389447729,0.129012297498329,0.25569147856344,0.230280897094706,0.129858911105011,0.170906697253327,0.30077016692465,0.228198015688241,0.282958474961737,0.0323495876473094,0.0434560587634411,0.072292604273003,0.480240425331567,0.343357835501475,0.0703316644365748,0.0279719557681382,0.211563783264287,0.391371377717005,0.269087209382923,0.169015813037228,0.196978664078889,0.535551884762334,0.50714989688709,0.333618713957511,0.467048110652746,0.449537847791475,0.198391473718876,0.301928432750166,0.317183028592596,0.0783219103903839,0.284493972389238,0.28993483751983,0.271306653814489,0.0205651639640049,0.347412710221605,0.173704355057154,0.0936445017193927,0.047697043854981,0.284618435322194,0.18121917053968,0.253638062946335,0.181169082582795,0.0498717512132003,0.331861194547972,0.181573006372788
"19",0.248549466031383,0.11360848917366,0.608813698410729,0.391706780300421,0.162514640841993,0.284595261184717,0.0183398807119332,0.331787043323418,0.0457583881367317,0.40122963948329,0.498764764738059,0.409518664770834,0.280271795224045,0.312559472107658,0.311752711214889,0.357987423762782,0.676946115562288,0.23640443649165,1,0.446057156868262,0.502601354285098,0.369851263685009,0.635623436632407,0.226974356679946,0.250082624875563,0.0747423859908127,0.248181543565996,0.432945830457212,0.455790540377444,0.353234631112963,0.396454663223657,0.479629222853834,0.54229063822148,0.341482215946914,0.537192374836152,0.338861912780348,0.0832012433551641,0.000858398066290753,0.214247548445323,0.462973596763911,0.659915796809466,0.126016869548867,0.21458128546381,0.336294576131437,0.402183927824242,0.312873828717785,0.307825617920878,0.391525758026707,0.363712372528117,0.367038682135988,0.584199713946602,0.0694292878355506,0.573024384935783,0.502463281670419,0.423155607944039,0.490708305358937,0.409506851023655,0.445372265231228,0.550846194890743,0.556242706877563,0.653440999296307,0.585402384308711,0.341276700771274,0.296552214925859,0.424280240914106,0.0749485109084448,0.375015950978311,0.40089342335066,0.482184707696009,0.284710184606763,0.258301321301483,0.523407208456589,0.214632523081593,0.352493334762903,0.218974359560991,0.227737337165513,0.480708057842344,0.134470572310352,0.054704021009462,0.566437811203249,0.266391352193685,0.398625557934517
"20",0.288429118751867,0.10549927740703,0.464172908401413,0.285745499780835,0.0100769118439999,0.324225416677784,0.0320770699339348,0.32783898238231,0.00256062958495088,0.405758025123213,0.565542548574219,0.498842117019946,0.325428263694741,0.262581444460924,0.311715537702759,0.234930307140066,0.620364228272314,0.462752575151075,0.446057156868262,1,0.456758590175493,0.473197832290236,0.629667099963783,0.354639401067035,0.183097300345418,0.11760303038288,0.336393981342118,0.529724278835981,0.389095960775902,0.398810366914365,0.307967292623651,0.64674560780402,0.504376680475439,0.333397377642787,0.600968812438824,0.222675629468897,0.10851205037138,0.0259136757469785,0.190538376419011,0.350494136110258,0.460091002688651,0.166314880147362,0.0194530949354318,0.434243255537901,0.469934082119436,0.521953651988439,0.228903915657847,0.279700422505572,0.386113256469808,0.466024299627887,0.509493946838024,0.163501357723658,0.441038291931855,0.461747535584436,0.423589044617886,0.481152430147327,0.247994118204467,0.221699921133581,0.733054551793894,0.629652999624098,0.565440873007834,0.641046911247867,0.403957324537861,0.278268976461179,0.567919306568075,0.127635781033145,0.225593938156952,0.500706053260071,0.553634005950732,0.185461030657662,0.0345964903648942,0.520933275601921,0.177620774614035,0.245821413689944,0.182624973992442,0.135612456065097,0.418400299895997,0.0934219876317535,0.13788525531407,0.472626193181413,0.0758238091298506,0.377086943649191
"21",0.203054909125239,0.0346063443019255,0.404608281315237,0.238951310803925,0.0176501353434456,0.32599408846776,0.0261234194258557,0.194258180905259,0.0583730762952535,0.287865170516244,0.526623438195278,0.401082760753882,0.23027651774653,0.109968922635838,0.341536641205336,0.279708612672081,0.552059066223091,0.332251471367913,0.502601354285098,0.456758590175493,1,0.4173278704663,0.606835046344054,0.2661313615687,0.089154687786994,0.0885612776457952,0.207201890372244,0.559577453068889,0.467242765217826,0.449623527907413,0.235635873192714,0.501779302431444,0.540928865047508,0.341333960537675,0.490559612901406,0.259888180583784,0.0394127827238379,0.0534934848986185,0.111052825649139,0.465021576652807,0.534805220914194,0.153741392576245,0.103297704579373,0.414882235104998,0.369754212161327,0.408962483174642,0.219532888060151,0.293569487896273,0.239762879289059,0.463633975376392,0.465988684312073,0.0368147040219527,0.41780967672208,0.477216135693659,0.415017178487017,0.492327121600598,0.466375480980318,0.407024417432114,0.512781838477922,0.576667781700898,0.646492649299031,0.568662793890462,0.326471788208935,0.494995254967204,0.453287479596103,0.157955660781554,0.0937962579169054,0.366881223331285,0.389764972173167,0.322293175330406,0.208753563077495,0.502074615306649,0.21710425824546,0.310185692089113,0.0970675813069248,0.101764885063811,0.367635472628519,0.137505404465129,0.175039026090848,0.412480700044462,0.186767864020057,0.450602900108489
"22",0.270244459090932,0.0337992445571291,0.377892719510014,0.295995552216419,0.0232986560616473,0.270948063075531,0.0815132856267552,0.118771779857483,0.0663267846704734,0.31728595730327,0.406190044197845,0.286885723076497,0.287739251356273,0.215240166822366,0.286672731020601,0.191147472293372,0.539659777505921,0.484836323467519,0.369851263685009,0.473197832290236,0.4173278704663,1,0.491942802939483,0.477216919473158,0.137712827059144,0.0186241586050483,0.232796015542907,0.387696240101166,0.432657683088864,0.397043499668044,0.414851900293147,0.482808946566373,0.427172319722549,0.406126823322137,0.491969872392089,0.110743980864082,0.088583453089571,0.0353505476953384,0.186013887227302,0.323104126986548,0.381287541719114,0.175289371534647,0.0309683805800015,0.346897178207458,0.318141991839261,0.340276794563283,0.139741227615122,0.19057650162812,0.241670267788188,0.512350714852623,0.430233661837596,0.0538818417545962,0.277767248552051,0.364285048332828,0.398952313417677,0.356595772011729,0.355500034734926,0.291024204371021,0.569123392450939,0.466952081603601,0.501976342503057,0.522867257804132,0.369370030236361,0.287860269625541,0.408356067425948,0.151255719480373,0.077622540322972,0.390044676260504,0.41039601124815,0.291595966290201,0.130909849659317,0.456838384006875,0.154590771798044,0.295381151028826,0.0166771375874265,0.119573663087253,0.151365498552696,0.182806946142204,0.14004527328129,0.304833044482527,0.245837821451651,0.428806279074513
"23",0.303848042204429,0.064012801629662,0.640918961624911,0.44715171041685,0.14677885555618,0.335944560256333,0.129708380677472,0.364596383334483,0.031456758805112,0.435463918948482,0.591585254068362,0.59176680044274,0.300962913800619,0.229171208236296,0.456271637374676,0.446341890275827,0.756635378759567,0.381922009059975,0.635623436632407,0.629667099963783,0.606835046344054,0.491942802939483,1,0.350007102695485,0.314612902878551,0.0390525867057357,0.271227701228019,0.607546979981843,0.51699756920119,0.615263206620669,0.407015230367932,0.67450128791118,0.606168362109606,0.442916978383125,0.693555140073252,0.448949570292084,0.122765805460168,0.0174802682805937,0.344675939642653,0.525204812223757,0.671969974719889,0.194134387785596,0.122396666175297,0.501381909652742,0.54068055583819,0.624640112792661,0.455899295006379,0.451532101197042,0.494246059043742,0.511949160265209,0.628933962331932,0.0799006453567012,0.693788914386537,0.654386075299039,0.462574477102382,0.626179022948686,0.437942185811932,0.441611888858394,0.763205854840257,0.764576708823115,0.736975816581193,0.740429512197205,0.363599310884596,0.473663834284836,0.651845013331246,0.112508257726874,0.393597291405462,0.503584951057955,0.643336497531673,0.371789856710357,0.107014493866982,0.648107214675951,0.138992765425479,0.39835731252006,0.272999921284265,0.0434049194052065,0.54765360227509,0.130204171809692,0.154246624745278,0.629169265991347,0.0363270750494755,0.539224221123072
"24",0.274056417085347,0.0292336300988359,0.249386255131461,0.226286918378943,0.0379416586169469,0.246724959993372,0.116852679778603,0.00989773230808975,0.193044610301206,0.19904684871651,0.332877639148374,0.106143077950745,0.251168691352631,0.129091638917824,0.241853062726032,0.0680986581041484,0.480020978745219,0.516415677386606,0.226974356679946,0.354639401067035,0.2661313615687,0.477216919473158,0.350007102695485,1,0.00940004349795734,0.159525675513841,0.343472702943812,0.222948384925968,0.108178962616094,0.280218656171018,0.332925162536761,0.388082484430492,0.295841850873726,0.398881376134318,0.447476287067374,0.109984150477512,0.152364614713204,0.0594303057539892,0.276415222872509,0.224600235740775,0.259866386960201,0.0922677849427885,0.0469349074499826,0.234088517282665,0.259564566185567,0.189074174659781,0.00650334987065711,0.157104818318973,0.186482197234636,0.420715431254178,0.291280398591246,0.00156636199193926,0.101417030412632,0.245623761611813,0.40959049367438,0.198432594239347,0.194743770011457,0.0534938543470973,0.50241993969065,0.316197937591831,0.382486846604761,0.44258510073769,0.408935308257094,0.0601370896036245,0.284324334058087,0.180316878449972,0.0911137063081363,0.17313331687703,0.335541014580227,0.214058787624061,0.112352535764315,0.278448724900466,0.133826717206842,0.212592194184156,0.0647217095504168,0.163490086714365,0.148172465224913,0.159992721037466,0.120254784673918,0.172517563253556,0.270271245104733,0.231114878829879
"25",0.0918494170457052,0.00933781221479244,0.296835349835018,0.412868262636672,0.23144697443311,0.132116690376995,0.135105729988253,0.0886485929578669,0.0300643800102508,0.0999732168726929,0.109021069973905,0.123800437575032,0.0660470270560016,0.00809799274854756,0.0607608692234178,0.0692305636804412,0.260771114227734,0.108262607311277,0.250082624875563,0.183097300345418,0.089154687786994,0.137712827059144,0.314612902878551,0.00940004349795734,1,0.0661490347611915,0.120370746798142,0.0645281247979882,0.0999317557873358,0.174538366985479,0.0538507584657597,0.155621353616684,0.0694131245142932,0.106336670937049,0.254815833333817,0.0896452124893151,0.231993898048634,0.132744575515066,0.0718161713706758,0.195311824347923,0.27962026840646,0.191024540156476,0.115369847185501,0.117398972251791,0.222701078993802,0.162051051085263,0.237440001956668,0.220806881858162,0.163298254362193,0.0408596342752372,0.105792332229115,0.0109753596804053,0.411301687547189,0.328761045997841,0.163062689745353,0.165496501360684,0.171572877120508,0.0661229662691906,0.244415539312789,0.133850989948596,0.194745364885927,0.138341855966567,0.0328998012739146,0.0843890358955893,0.314291246175478,0.155264572088847,0.293826922077922,0.262202265578157,0.328895468949089,0.0332694219571333,0.0347359795489984,0.276945344693562,0.0675528025354755,0.301443793406914,0.229477772557879,0.0516449079722831,0.227590942059029,0.0050882013672954,0.00658977861354014,0.350244561666803,0.143171406454176,0.240190687802802
"26",0.108335802486216,0.07881552266709,0.0670541848647286,0.0823221351077168,0.00945729084808774,0.0439032393374153,0.0519172958032907,0.284852254693812,0.0736271580725398,0.114494370034623,0.0381565505472701,0.159460127012972,0.0822532610464564,0.0729537360321535,0.0633730678754558,0.0262480497241321,0.163823022359853,0.142253262493927,0.0747423859908127,0.11760303038288,0.0885612776457952,0.0186241586050483,0.0390525867057357,0.159525675513841,0.0661490347611915,1,0.272785779957137,0.165738650322738,0.120571083790188,0.220888810247152,0.225546600474748,0.0677058583957501,0.0307350560836712,0.047058805933083,0.105475445287419,0.0204969684145051,0.119538133361298,0.0367559142053489,0.0727424858169937,0.000185058275975016,0.0253102040352379,0.0524495306851748,0.054791918406959,0.0274438257796346,0.142914549348489,0.144621510952237,0.196681592954435,0.0661724569282681,0.062261799380683,0.0778104056689748,0.00026632487991003,0.0654409348407086,0.00360624972287686,0.0212406255415004,0.187140926042744,0.146121693936396,0.0919289152085688,0.195693644130724,0.0843036724305057,0.026465413670837,0.0383991322185425,0.0601073615157335,0.0207439809403614,0.213236583972759,0.0182242587775612,0.0375312626873514,0.150992744920659,0.0695293864487108,0.0898551288761299,0.097975785766717,0.0697357834336806,0.0742624132606631,0.078694739668637,0.0944383293256578,0.0873807083921266,0.158563162227648,0.0505176177612462,0.0337987211888352,0.0581604328824762,0.0292299512656248,0.240546793595449,0.040591490892857
