"","1","2","3","4","5","6","7","8","9","10","11","12","13","14","15","16","17","18","19","20","21","22","23","24","25","26","27","28","29","30","31","32","33","34","35","36","37","38","39","40","41","42","43","44","45","46","47","48","49","50","51","52","53","54","55","56","57","58","59","60","61","62","63","64","65","66","67","68","69","70","71","72","73","74","75","76","77","78","79","80","81","82"
"1",1,0.193887768752484,0.252771469596257,0.478277171416782,0.143352610962408,0.340658651861894,0.095283729549396,0.30541923131412,0.0626750543206339,0.180111774270247,0.291320333371386,0.177818444679669,0.454567748971949,0.171266303727543,0.269386369379715,0.195015194226902,0.405592373674203,0.209817777291414,0.0971838046387253,0.0962160491073833,0.432249756746416,0.201549667386469,0.228514033793839,0.328455803568468,0.0686857802990021,0.0057352326980223,0.354376024117928,0.13556799180104,0.219402116293264,0.387648666368167,0.148793807058411,0.388946624888993,0.214965914418055,0.290894668879638,0.184836062072711,0.037337405769683,0.208848891778581,0.18174270786932,0.334009556622035,0.399710333257294,0.305939270934196,0.354698161908904,0.286560504920422,0.336427043724723,0.192420413735226,0.433454604531184,0.023083643828111,0.127355825834996,0.485088088489391,0.28105911024297,0.129201578175194,0.306203823648143,0.452890324187,0.0285753219182467,0.0438170881933878,0.310072966903895,0.440890182680939,0.455334143076663,0.361038475237541,0.287512167851413,0.446541401249944,0.309391590532837,0.184331441429052,0.0964377117046,0.161007278558577,0.0375198161928017,0.430865440843533,0.322039260558856,0.211424910850552,0.102176622619036,0.311968261420007,0.192503112439737,0.090567072810771,0.23503435210339,0.252760331061895,0.0200105957503391,0.0886853225293398,0.151710525345393,0.313852082123279,0.231826227642194,0.234839531741262,0.522814924933101
"2",0.193887768752484,1,0.21893501965814,0.173727339379664,0.0708336268133887,0.395954725233468,0.103961950102763,0.169652413188958,0.0731756828305571,0.0691550750565429,0.0049160760477719,0.0484505143136268,0.329514843217914,0.0855973719458511,0.239257378641182,0.180438197144161,0.34890667328265,0.0292810125160051,0.32262341010555,0.0208007381739463,0.140088428869103,0.0918514759077809,0.0199763894922981,0.360558266365068,0.0244080058752453,0.108468650861041,0.329769135923037,0.0143969686238346,0.219752283119355,0.33081437203915,0.109845856388363,0.175408765524667,0.0959602101920646,0.149433230511648,0.0827544598253662,0.0228708076689002,0.0386825027751966,0.117174675506821,0.265679746001145,0.166023372877335,0.242055222906471,0.344515289041987,0.327460021298488,0.21714418747715,0.26332023684048,0.262644253474183,0.0768899796919776,0.215555148598428,0.345547829135399,0.0507304379382012,0.0541634798092296,0.084794449289513,0.411014064795171,0.123841667759617,0.0544568909670587,0.0703017461918746,0.437919767059869,0.28355754054583,0.332774301723179,0.065694615475564,0.245969622389914,0.0968436686379223,0.025044112301831,0.155216559621677,0.0451548305596268,0.156830998665716,0.275340170092043,0.0366701134315978,0.194792209490651,0.200734680464711,0.13951169986705,0.157351930639037,0.0352200582276829,0.225881979512541,0.193432172031009,0.131432033910417,0.186352619662036,0.16463299412702,0.236794751568765,0.194103297607872,0.143365878072485,0.180120520998073
"3",0.252771469596257,0.21893501965814,1,0.325033485995222,0.0219855292119165,0.419215595715766,0.0022975568093809,0.261915724073643,0.239226448885434,0.243418772964739,0.0443064966109045,0.239360821585522,0.319776623056421,0.279547309700825,0.128899275635127,0.274182644696276,0.329382678284092,0.0110678852400521,0.0443739808092536,0.132459692634528,0.183532956849116,0.0489460344664428,0.0574186743871834,0.145193563002423,0.0315779659883233,0.00216474750485666,0.175533248334349,0.199316154955474,0.134901496876643,0.217002395554358,0.00814639994393748,0.104708920115713,0.0668188485177209,0.192409823780744,0.0711872756378209,0.013751230198522,0.116235165137472,0.199377293630841,0.0962996927524554,0.169370813794494,0.166084873271188,0.491463399650609,0.347342220743326,0.198639190682432,0.0413156298068761,0.196373835748985,0.0225228120142082,0.154762715272885,0.468658356521841,0.12687249793252,0.204530852749292,0.402221842544477,0.432475731362177,0.0689550435768383,0.0519250556550407,0.070675137123412,0.237333829058495,0.248093350263988,0.256089259192525,0.0610360139210522,0.258446781270702,0.0703249135155285,0.14848195753812,0.0157444873538956,0.00295748429505328,0.309945316818783,0.31940412379998,0.181513678113905,0.229780722180911,0.056009006083134,0.0762216553563594,0.0969499686503592,0.225419868620285,0.33663524539551,0.227189835723557,0.108373976922913,0.155214377020851,0.14643051635272,0.418386956599394,0.165882370783626,0.0764674725779381,0.347236612403187
"4",0.478277171416782,0.173727339379664,0.325033485995222,1,0.135442169965922,0.33314997691772,0.0810311178640068,0.271167476939923,0.208529870371378,0.245919025237648,0.212347499851272,0.00881678264401459,0.422013317250233,0.0142013132040648,0.235289622065608,0.272513802889456,0.617960630623234,0.294524050957288,0.0437138599531171,0.0928061689471829,0.387737387287261,0.349011253511708,0.318307531354587,0.352656962752904,0.0366620276682127,0.16630423564037,0.294233440740147,0.0595686547352967,0.338442394980646,0.498671135103076,0.183079586727849,0.276849221870491,0.202120965273121,0.379527460993846,0.291671963889587,0.186492563534515,0.189401077058332,0.222985047729427,0.317379013011175,0.392631135684658,0.396811738535371,0.33459510431093,0.376063244411586,0.319758918010332,0.168258947979002,0.303723535963368,0.133124550740865,0.146446638006708,0.518804111387256,0.188562524780971,0.0301808006537357,0.367353881743856,0.580009064935045,0.130776985011407,0.000281362108931645,0.346080233897646,0.355929626165241,0.402769932408276,0.382684573497716,0.272268402773519,0.468797692275364,0.319440717887867,0.131380694303917,0.00534872031365396,0.133122121579022,0.0398178522611757,0.244190537042204,0.384548314720623,0.184226294702639,0.0299290482338171,0.162511569937901,0.250411413561674,0.195735268129971,0.131693193228408,0.315082178015774,0.0543944866032494,0.176180221327154,0.357312751711484,0.377104238257748,0.260846052621019,0.127116226181979,0.559156841511566
"5",0.143352610962408,0.0708336268133887,0.0219855292119165,0.135442169965922,1,0.171370497505577,0.0171264587571736,0.0850258217262194,0.0174111806567918,0.119539243256558,0.156221097279582,0.163207041249872,0.0881769549033947,0.0487286063238796,0.154775520463711,0.112285161988324,0.0434715384715133,0.205905263442553,0.0545430401201193,0.302159140375743,0.176517375667368,0.0921953900986197,0.260862048072236,0.060333176969303,0.164982353852268,0.12500160842994,0.174139563107751,0.347156645476479,0.0168706939025122,0.130995908866958,0.156188205672984,0.250200657834336,0.278836782359942,0.0981304801611486,0.140739221843613,0.0904732030880957,0.048723232896403,0.0829570921731085,0.0179477593790137,0.14288310099588,0.0286850633441868,0.0105429192068465,0.153215967110115,0.141894560671563,0.0543910675269609,0.081632147889181,0.00947463164478371,0.0285019734147185,0.125236350921595,0.321477133218057,0.170597979874888,0.00404203657526359,0.227316380413575,0.0617100191387456,0.0520743524641615,0.138238267842714,0.123060865900489,0.241335404554556,0.16956119299071,0.177948524496975,0.180243634277501,0.273351359100244,0.238388037015509,0.189272443771118,0.159283613350458,0.138906838399278,0.13283289723216,0.115012910814845,0.0830721508725292,0.272929553357524,0.102300290985423,0.173152676196066,0.0936869353966013,0.12883218388498,0.015249832294268,0.0808740375313523,0.0227062641333183,0.127490494621285,0.174575162816004,0.025693911398327,0.278579821053115,0.161002537675811
"6",0.340658651861894,0.395954725233468,0.419215595715766,0.33314997691772,0.171370497505577,1,0.105621941244207,0.429052005383024,0.0017968213458992,0.18982950030205,0.0387931110937253,0.0976324994934422,0.365755800141054,0.342332698484369,0.147911962719613,0.3257916150803,0.286487154701397,0.174997147184234,0.159606986490265,0.291194277200669,0.155219630292728,0.0106862019982533,0.0506330338095869,0.227085701332276,0.0534410736714369,0.024532918975275,0.347318199539346,0.23212866667001,0.0766048757419916,0.261094283387449,0.0665507460886588,0.128564951784142,0.103108602979654,0.0471474646992531,0.0394772198665775,0.00800367114342213,0.156134658952012,0.342066362256306,0.316711490140587,0.244213128083952,0.296102800343081,0.60454178588579,0.44296179412325,0.122909468778295,0.225287732852615,0.401491004038397,0.0707083129205715,0.211261490451204,0.596064886602299,0.174574660630123,0.133097345741255,0.285558456455537,0.645680479646466,0.254330355922781,0.0418558829217273,0.0223790710643673,0.448495942522612,0.262091869611657,0.170355658481263,0.12667567032274,0.190585376074763,0.0186711619191094,0.129047007159574,0.076200748546504,0.0940613315672416,0.306600747190153,0.37145555790556,0.106678268181741,0.400072054536992,0.21966981797422,0.100898187165074,0.11608993333891,0.192565799196326,0.342403495731912,0.259651507873053,0.117943489896512,0.230198092448138,0.163445731785875,0.459993611589037,0.230195626591372,0.181798137209066,0.220857095904004
"7",0.095283729549396,0.103961950102763,0.0022975568093809,0.0810311178640068,0.0171264587571736,0.105621941244207,1,0.0109480911457673,0.195330088799705,0.0146958742815011,0.15287095616969,0.126523391044535,0.0975491355597522,0.0281251534779263,0.0851245788372061,0.0149787907681645,0.122978897530821,0.131731770669662,0.198099148406051,0.0856580589946032,0.156660535765298,0.134231242760255,0.214346167781311,0.207692688986477,0.0751155950679536,0.137239801470496,0.241048417918552,0.158841774576126,0.214363351787522,0.160726295688054,0.2172308823805,0.23043325876656,0.0940452946465633,0.0308636401266494,0.00162230885584185,0.0593744084217889,0.00212284338269736,0.0903354973556579,0.0929561851688393,0.121279325553449,0.169904294876093,0.0984342046308798,0.0905330866526253,0.0569146293699327,0.178665761822847,0.167936529480049,0.0749694858726253,0.121754670926255,0.112582660574493,0.118252223624648,0.0765055288989469,0.120046857979698,0.162193691777394,0.0111363036299135,0.112565173280486,0.138929147647693,0.247379347171643,0.175950235572011,0.183112362097434,0.263884327398368,0.263727827520205,0.107439587840509,0.0452420650746499,0.0714786717409698,0.213067268527702,0.0175955232171813,0.124425647477773,0.0931218536978998,0.0784500971272294,0.0317484409693997,0.159836241457889,0.142941616157879,0.199629090574702,0.00699790133952775,0.0751648262063342,0.109557115458497,0.112593882497373,0.149491779783957,0.0578343372872083,0.0835723343850372,0.0258374995870433,0.0882764157152419
"8",0.30541923131412,0.169652413188958,0.261915724073643,0.271167476939923,0.0850258217262194,0.429052005383024,0.0109480911457673,1,0.11757465904602,0.166802501838077,0.0381852015536887,0.0620262158758229,0.204857496767323,0.313203052011282,0.0192023274257411,0.239762093235551,0.256234130042511,0.0555577857516531,0.0865792043570571,0.159603227881679,0.329888374808839,0.0475238343098054,0.106137000046793,0.179746532404339,0.0369193680719422,0.216594060807289,0.31099069450022,0.0135137140484483,0.0321459042351046,0.285652988299168,0.0818934551008904,0.116733101089189,0.0539546980867526,0.0997863652864375,0.171058685332299,0.0765800802899878,0.125443765164693,0.331367656024768,0.124362400730876,0.206108067113354,0.226504337048301,0.428408865940875,0.275198714357018,0.19315875049926,0.123748590519391,0.288170923957236,0.0234577015975407,0.138784840272417,0.390999247396808,0.05624311496413,0.125507339878652,0.292482625644065,0.380196045168533,0.0400490159311288,0.00239064535353552,0.0553369878176234,0.277792541620475,0.268077378425238,0.161081821838771,0.058824643076227,0.14513796812061,0.0546157503029426,0.0508453394059026,0.134429830807618,0.0606432345212597,0.0628684136567595,0.290774243453022,0.0511081068697731,0.140356334061273,0.0390307826308641,0.151954132773976,0.143135939934081,0.210663448299664,0.203291972072601,0.19624670554065,0.0672170145233167,0.106337104860109,0.00681918665465214,0.306896344777436,0.145645064255687,0.0613012461124498,0.212288460246725
"9",0.0626750543206339,0.0731756828305571,0.239226448885434,0.208529870371378,0.0174111806567918,0.0017968213458992,0.195330088799705,0.11757465904602,1,0.1925009491066,0.0403702815148064,0.279618817452745,0.0963077223372881,0.130643677515681,0.0302415714624779,0.220633858711642,0.260555240203665,0.118652891885463,0.372654092011572,0.0472533167020457,0.0480613043861284,0.0943015083769112,0.0207608350164382,0.0933103011763622,0.0184883344774122,0.0626940858170646,0.0128438064266862,0.145093925905569,0.0639829524012243,0.147593862800998,0.0815641221623973,0.0743194879736446,0.0974661823834714,0.258699360130751,0.211410953062648,0.0546580542138214,0.0699291602965558,0.215251225442812,0.245173008650369,0.0864594196722991,0.0274966806442422,0.189169808503165,0.145737541565078,0.0416123379272295,0.0128206394848057,0.0962703169705048,0.0560984285107067,0.0180574405025641,0.125795527371128,0.0343961694657397,0.259247670420636,0.320804209168591,0.0524501057200687,0.0562754905533377,0.176050079596439,0.0646613329194519,0.15189097664887,0.0662867051016323,0.0747475393260755,0.124940774709945,0.080744644322171,0.09392955509642,0.0541986039682551,0.0901822098316184,0.0658377508613676,0.0191889641776104,0.0314804594266846,0.194309978041036,0.0735791831149794,0.227194657594354,0.141863720956355,0.0449369586960457,0.399533400481354,0.17526704521109,0.134437727904424,0.328217404753132,0.00408853076100016,0.0720632002702089,0.212879254689693,0.088303602028553,0.207223674722935,0.208403454545585
"10",0.180111774270247,0.0691550750565429,0.243418772964739,0.245919025237648,0.119539243256558,0.18982950030205,0.0146958742815011,0.166802501838077,0.1925009491066,1,0.152038682618181,0.0867602177452114,0.307243417696772,0.0554100957106123,0.184066327745859,0.177097098203365,0.39581375963526,0.285555984738006,0.00628979536729125,0.117842999878986,0.25037059203846,0.271923716392975,0.190912384275725,0.286857830092504,0.0600103417882743,0.124431157199474,0.270290598337473,0.0449333346282208,0.287978486280643,0.356467970859182,0.131856956676578,0.252905267889452,0.230816174739344,0.233915544533939,0.117666699831351,0.0186517295676032,0.0862361699973932,0.017171246634142,0.000333421341114064,0.201164131523922,0.153012935109818,0.229904260819584,0.144997996949212,0.226929228942751,0.116444481534153,0.154575061835199,0.0290140332409017,0.195616338636439,0.304084389684115,0.0353074832364028,0.0390678726065509,0.182423769792787,0.150724233061503,0.0803562682115831,0.137066544142869,0.225936305635095,0.245990214520811,0.308398241400514,0.349611988140722,0.196320605375049,0.319263002541166,0.252081708389197,0.0766168659464727,0.0576244282842416,0.189073968425809,0.101861718135011,0.217151733205638,0.324230125544805,0.0128129859530528,0.17186981852354,0.00653051113673386,0.169539418037893,0.165756837945709,0.27297353173584,0.210980975670303,0.117382917108791,0.164971668083244,0.222929263413366,0.265522271232778,0.236194268305609,0.192470002800399,0.339002154469171
"11",0.291320333371386,0.0049160760477719,0.0443064966109045,0.212347499851272,0.156221097279582,0.0387931110937253,0.15287095616969,0.0381852015536887,0.0403702815148064,0.152038682618181,1,0.336071805027617,0.350099257599056,0.0911541980782641,0.30443327265381,0.0347159756774748,0.381657375179638,0.457899754145211,0.235263934613899,0.390745884817371,0.467430987376586,0.381152764838383,0.445649110447359,0.329182236512049,0.202866200960791,0.116041416419494,0.284860908382291,0.436149789989928,0.357215830397686,0.417636051107574,0.388462316633895,0.489605609351706,0.428211399235589,0.253572632076471,0.269936856064686,0.0309144791681991,0.0709187988264265,0.0643826560803393,0.263149610546759,0.28522386911151,0.272024097600817,0.022301118261801,0.0329805213379633,0.33622936903264,0.188335097764947,0.338543468861307,0.0887257577587707,0.138071314403794,0.226564272171579,0.503465128430113,0.393410427888324,0.0581476913160436,0.125398413354994,0.135377921825096,0.129902795890261,0.397385641468024,0.372415184679621,0.529340796683478,0.41010943518118,0.487667984690381,0.473257320410224,0.550110157885721,0.446135055732234,0.19988255420766,0.334133596494729,0.193583571705058,0.284763298486885,0.355117233921766,0.0477182663948834,0.270247592190685,0.288546291735542,0.312098635676523,0.0710239546527199,0.100296408463699,0.184551803984303,0.037761935978553,0.020869831777191,0.236038499983591,0.0395670166843312,0.212113992839806,0.270197729291176,0.456509595953424
"12",0.177818444679669,0.0484505143136268,0.239360821585522,0.00881678264401459,0.163207041249872,0.0976324994934422,0.126523391044535,0.0620262158758229,0.279618817452745,0.0867602177452114,0.336071805027617,1,0.113042295307891,0.0372923284507512,0.119012721733209,0.222103020833943,0.0321488283524764,0.0895676877230489,0.340465470344095,0.232945999486682,0.22027146717568,0.115083426121385,0.25470109080161,0.155833539033291,0.18874580655123,0.0446300298205366,0.161916844387369,0.397230469188121,0.0463172394196332,0.131215549692491,0.165590884435695,0.28160144099986,0.138140938503345,0.0864251609785003,0.0666262643055191,0.0940575027035516,0.0159432542540691,0.0440267938300468,0.343330610590877,0.160779446102098,0.180864229112711,0.0891933742429498,0.210518530304906,0.154056174963075,0.109242340841565,0.284515764471353,0.0363798092054008,0.0295091507355515,0.0119351543930141,0.418869364352649,0.439926099100199,0.105727630887962,0.0187550502936123,0.112354106246676,0.000316278665987602,0.207194618274716,0.284564187757995,0.248342228601876,0.0752127046745109,0.289755045623247,0.180274468541237,0.224011777443617,0.394927163660445,0.238461060612717,0.155594747505673,0.255585458490504,0.124901885894044,0.0483761533503312,0.0270701969629294,0.0587945750386369,0.186148790214482,0.132297885229258,0.210747765782516,0.0984744360459692,0.066005984881572,0.21828136656467,0.0863104681932839,0.0085330509345998,0.218063639182146,0.0635436444650418,0.0463535515032427,0.137129665578307
"13",0.454567748971949,0.329514843217914,0.319776623056421,0.422013317250233,0.0881769549033947,0.365755800141054,0.0975491355597522,0.204857496767323,0.0963077223372881,0.307243417696772,0.350099257599056,0.113042295307891,1,0.00284021691798516,0.335284814687748,0.270830615703686,0.611120036004272,0.288307418077268,0.238804850972365,0.107832248299921,0.47639383807794,0.319936031219796,0.301454381386163,0.487620789415032,0.00526436709375054,0.0797730370750297,0.432923758932217,0.173631007363149,0.383374268582432,0.53956392129971,0.282227735847745,0.433040536334468,0.355445777789691,0.33771968371237,0.125135233090204,0.05319725572204,0.239857640905525,0.200146495641732,0.320638103363953,0.457640455721701,0.361567371287329,0.440423871755786,0.247845281242162,0.411966322563179,0.276743135852342,0.376441531143002,0.0233378352125802,0.213702202146707,0.527675397684631,0.271985940289098,0.131844593837546,0.292322666563953,0.473343174822159,0.0689457231778126,0.190164981166322,0.270810324317708,0.554905644187806,0.57958839196812,0.545718825550445,0.278904095435065,0.516289243547982,0.40264338431946,0.230422407049078,0.141360244281453,0.237894891977851,0.102039661103512,0.514434349254991,0.397003464302083,0.199737242054419,0.0941255119454549,0.245308897227398,0.280847481486742,0.0569712906958451,0.317094303584726,0.361078341637772,0.0700706381438222,0.121529795727097,0.284730164974648,0.311417223168433,0.31453497840103,0.130100458717314,0.589465758023414
"14",0.171266303727543,0.0855973719458511,0.279547309700825,0.0142013132040648,0.0487286063238796,0.342332698484369,0.0281251534779263,0.313203052011282,0.130643677515681,0.0554100957106123,0.0911541980782641,0.0372923284507512,0.00284021691798516,1,0.0608751601944163,0.15380799209264,0.110880224138465,0.321079370499688,0.0775104453992456,0.253557868546136,0.0826303576692267,0.172426646540352,0.0973125116551882,0.156486320933874,0.165860447294564,0.283569434859613,0.020743075375005,0.190231146133775,0.224250354033407,0.0572259255297704,0.273648310605053,0.107199526473284,0.0732963335623189,0.0161971241087561,0.0621298044984857,0.00215816160966245,0.112031977919265,0.244387630084261,0.117847110180434,0.0512253282783102,0.0687141419939998,0.37378627636012,0.133916322760707,0.0540596271577759,0.0872234076245308,0.179366812857354,0.085897857199345,0.00880382458595646,0.26094926034969,0.0220206656715706,0.151411857718037,0.275881546281071,0.223251235797432,0.170518288600852,0.102067666133334,0.0667133198715096,0.0972505164943201,0.125111380840888,0.120765596546248,0.248558781889624,0.0741291753831105,0.0440254742671061,0.129889803458458,0.132628813842412,0.0591997662984465,0.142260592841166,0.251331175724887,0.123066696187369,0.364419653303239,0.00283468908501208,0.0457444816292917,0.0555522416776292,0.185097190672326,0.261367005014136,0.0578883161691419,0.139704879322384,0.0393633873366235,0.0842807882152982,0.302801450058826,0.0576809404053096,0.0198229047170676,0.119079222135185
"15",0.269386369379715,0.239257378641182,0.128899275635127,0.235289622065608,0.154775520463711,0.147911962719613,0.0851245788372061,0.0192023274257411,0.0302415714624779,0.184066327745859,0.30443327265381,0.119012721733209,0.335284814687748,0.0608751601944163,1,0.0742083666505428,0.381805583926425,0.372629428359421,0.253990418372184,0.281283730565438,0.305559471477988,0.345329609047505,0.318976294689467,0.401191961634744,0.116669232460813,0.142841256227088,0.243703765394642,0.252622057433352,0.405928320044562,0.487795086332351,0.336261186982775,0.45455646172323,0.382818060272087,0.204081901170032,0.0358603594418461,0.0558248189358241,0.0327038033134937,0.0450230811724957,0.183481386721902,0.19915779461824,0.242189487984219,0.116187725910782,0.0941094678349405,0.345995928154471,0.209670837127856,0.248344858968,0.0100327221999816,0.222485079639222,0.242591038809157,0.246566059122421,0.240060175368094,0.182093315440294,0.202175133523008,0.0217191383586718,0.105712076218665,0.331587169654176,0.363551694988089,0.426061344152875,0.434416120401421,0.368121452082372,0.40775685893138,0.416331251083501,0.282161030731979,0.190493344718842,0.311833207005763,0.02415134879748,0.260517912789154,0.356106108548849,0.0507447706174203,0.164557512129942,0.172398911433767,0.265233700629859,0.0461901596886301,0.213411166679224,0.232798310327582,0.0030320548808157,0.0999098673158634,0.279751644710898,0.0359651690660771,0.275829227416451,0.2237110487328,0.395519451985127
"16",0.195015194226902,0.180438197144161,0.274182644696276,0.272513802889456,0.112285161988324,0.3257916150803,0.0149787907681645,0.239762093235551,0.220633858711642,0.177097098203365,0.0347159756774748,0.222103020833943,0.270830615703686,0.15380799209264,0.0742083666505428,1,0.278345932246175,0.00664315988708117,0.0129347145655733,0.0648954887778661,0.105918333550863,0.0282781600993261,0.0199735463302427,0.229481729510125,0.00408586418263258,0.089982260663579,0.166494394989567,0.171239568079696,0.127429384702148,0.187678570523882,0.0488614671571727,0.00201174144761234,0.0465565910002306,0.13091116566015,0.0223576560578047,0.044473645471475,0.0791805476056861,0.200215566336103,0.0353423318898693,0.186365333828973,0.100321478381019,0.307234881697079,0.320138466162703,0.0868877354196836,0.147801151185863,0.0901601936591371,0.108439791945101,0.138203864645824,0.372953438139971,0.226843212836893,0.150919895849943,0.188528068011077,0.317078731747889,0.0625968013408596,0.0440136096189862,0.0384520520736974,0.111579645769652,0.161623189755804,0.225635353119203,0.0853565850104451,0.19234774232853,0.0669757823577705,0.0906495658945943,0.144827671475413,0.0855205880794322,0.198648456859246,0.241707733768914,0.126811841022587,0.157344759811421,0.0434088543938074,0.044709954792977,0.0144678085457731,0.181218139825342,0.290680896434815,0.170121269889299,0.0487783469167936,0.162184141731414,0.00683503475180142,0.310392909075292,0.230257423461305,0.0619983333217952,0.230706352554282
"17",0.405592373674203,0.34890667328265,0.329382678284092,0.617960630623234,0.0434715384715133,0.286487154701397,0.122978897530821,0.256234130042511,0.260555240203665,0.39581375963526,0.381657375179638,0.0321488283524764,0.611120036004272,0.110880224138465,0.381805583926425,0.278345932246175,1,0.55931659656904,0.233417198657376,0.291755091689832,0.523283097342006,0.491898323633319,0.49040631102918,0.566518570876618,0.0356818719941126,0.258252998876796,0.459304114246673,0.258557259968492,0.628889312039043,0.72676000474441,0.418776621854649,0.497177139715239,0.485467518694469,0.511940960284017,0.289644153736248,0.0428603090539837,0.173300235979711,0.16301448855192,0.265406992612365,0.443352028090928,0.417440892714341,0.380972407908557,0.389139192460502,0.54804714266706,0.314309045797824,0.360625551257959,0.0795326787994236,0.302351025748574,0.541450643257116,0.270007880972805,0.141551104171373,0.339814283967878,0.503718031156097,0.169746067077499,0.173383294459703,0.473197600778956,0.530701043136788,0.640022307444457,0.736996088383008,0.429644530897286,0.615429044324132,0.56707510531668,0.336164751347661,0.128880767215311,0.216020317128094,0.0416830106292379,0.396674914307501,0.537450089335094,0.0793445146559726,0.191626862369518,0.224710827688201,0.382522207061276,0.180322990731618,0.340167762426877,0.456505950972342,0.124690974383031,0.241634356561296,0.374235462712224,0.303291495903128,0.302132590855989,0.205625898573661,0.651257987626396
"18",0.209817777291414,0.0292810125160051,0.0110678852400521,0.294524050957288,0.205905263442553,0.174997147184234,0.131731770669662,0.0555577857516531,0.118652891885463,0.285555984738006,0.457899754145211,0.0895676877230489,0.288307418077268,0.321079370499688,0.372629428359421,0.00664315988708117,0.55931659656904,1,0.10126579377292,0.468301855648259,0.409351179800175,0.561765720187494,0.524235784050976,0.394207439992572,0.132281921124471,0.337156063725748,0.275137404850167,0.464390307798014,0.552022640555142,0.547173539624957,0.637233667053969,0.565415807275993,0.550158108553102,0.30271963079409,0.321720083777357,0.119906722384745,0.0427203492668642,0.143472162874364,0.0275906048025168,0.258627042413852,0.252672990646852,0.0858354750502748,0.0132541372208152,0.417401946881458,0.192428474927233,0.140384585262911,0.0611186275732495,0.0772412461083686,0.0634015277776855,0.45313326485733,0.328487846387785,0.109760585434795,0.0246000366712404,0.23311946800896,0.165848672164101,0.46691568020113,0.276686205343606,0.455659666296607,0.577373708964948,0.600499653671557,0.517884554069616,0.572732144782446,0.368240829173422,0.302795589102508,0.3686746008398,0.189829556050255,0.129573607688005,0.434476878615938,0.108171289043407,0.306825318766905,0.0529552439002294,0.287494087845189,0.0244659405685133,0.116111374314438,0.239005753610871,0.185164035734893,0.140063523469532,0.327693035118069,0.118476021354589,0.164565299906504,0.304598659057674,0.395933520068289
"19",0.0971838046387253,0.32262341010555,0.0443739808092536,0.0437138599531171,0.0545430401201193,0.159606986490265,0.198099148406051,0.0865792043570571,0.372654092011572,0.00628979536729125,0.235263934613899,0.340465470344095,0.238804850972365,0.0775104453992456,0.253990418372184,0.0129347145655733,0.233417198657376,0.10126579377292,1,0.232667348200562,0.220153949607916,0.214198999092747,0.280914528978164,0.297497309554058,0.165311292396242,0.148211575570183,0.273318058601428,0.259983017341177,0.288609082490986,0.248121366236266,0.294368310300126,0.30787629875323,0.205901863001115,0.103018373441482,0.13074421952758,0.0510843928612929,0.014173047435963,0.0652734934980354,0.409103665586366,0.207149308901737,0.231787317244593,0.047937977814523,0.0470447118424753,0.247121509276911,0.23694199555923,0.291058473935973,0.0426421724683537,0.154705376374786,0.119534653239899,0.182333762758096,0.397891056345474,0.20211827140705,0.200650334842827,0.0821109410826168,0.00381899816378697,0.211994586875303,0.480390508736312,0.324092871345304,0.271985822659894,0.298819768936519,0.274758942073674,0.25153104456626,0.324714965586829,0.247273068311893,0.160127508952449,0.0264030862732244,0.136562742784291,0.13143413506792,0.177146841561859,0.132861608890735,0.222678777101545,0.187530420833643,0.361397726032296,0.0950707325600113,0.13601021018016,0.24083254696215,0.13682328923045,0.173594563265926,0.01862107150328,0.0995525039482989,0.206408949792716,0.115529537211159
"20",0.0962160491073833,0.0208007381739463,0.132459692634528,0.0928061689471829,0.302159140375743,0.291194277200669,0.0856580589946032,0.159603227881679,0.0472533167020457,0.117842999878986,0.390745884817371,0.232945999486682,0.107832248299921,0.253557868546136,0.281283730565438,0.0648954887778661,0.291755091689832,0.468301855648259,0.232667348200562,1,0.237635384867929,0.373377828551539,0.40596946274744,0.280612386017776,0.142062790283882,0.220317282517886,0.190356146406257,0.46067092274245,0.358558347451076,0.29553126279445,0.323735032287816,0.371000457874122,0.452074685560839,0.232580457942887,0.133793721990746,0.0691885348435306,0.0131650357330542,0.220269613620629,0.113485528594725,0.167972762158487,0.139102368592572,0.197559148497479,0.0650102752694653,0.292820661436503,0.0410858045804193,0.0734887670840888,0.109286837878608,0.097724902366124,0.0676553227901522,0.394281331675018,0.343047412572521,0.184182730851598,0.131426857108203,0.189542892468552,0.0426436039624477,0.305286111983356,0.219343419578836,0.353014570591461,0.360533364337924,0.46832203660586,0.339671255549279,0.436477877327254,0.431378341008835,0.0689180820835378,0.205549777753421,0.203714984276389,0.104218491172044,0.326099364100853,0.163020901711247,0.299345827202764,0.182807511333782,0.148827868016666,0.172255709167664,0.0141423221073718,0.0213062982214494,0.0412059024179582,0.00764095513970529,0.0998882510070975,0.20633532194989,0.0699861802744723,0.253434125270111,0.278479449870183
"21",0.432249756746416,0.140088428869103,0.183532956849116,0.387737387287261,0.176517375667368,0.155219630292728,0.156660535765298,0.329888374808839,0.0480613043861284,0.25037059203846,0.467430987376586,0.22027146717568,0.47639383807794,0.0826303576692267,0.305559471477988,0.105918333550863,0.523283097342006,0.409351179800175,0.220153949607916,0.237635384867929,1,0.341471831962294,0.468907327935623,0.45173021056761,0.0568570809702733,0.0381051466867761,0.449639556387163,0.387425358470463,0.378320574459405,0.531198918652498,0.38691542265114,0.517027623672481,0.430746759349357,0.300285215412952,0.250091318280795,0.0178597993576356,0.236008777335355,0.100830311862389,0.272283296264172,0.424366480426601,0.31348369965666,0.286990995592281,0.19181398952285,0.38976866969203,0.252897536605469,0.408362241470958,0.0751864218580802,0.152670586077268,0.410551627868745,0.511443380513282,0.219998052944155,0.241748154205019,0.321274308144565,0.177786447650463,0.185969657189056,0.43095744511615,0.554445030162429,0.592072377993702,0.522553736067935,0.451480902911122,0.571330847073296,0.510882286648374,0.398363799460108,0.253233173447563,0.290742129552312,0.124580367777831,0.443725891285083,0.435136561008211,0.0892982127867729,0.256334035723949,0.317278098579631,0.359674192347791,0.0147846093420469,0.274015812321471,0.277679230476514,0.0150131832994251,0.138090170046918,0.274569522581092,0.161911010113797,0.25739827946501,0.349186910592984,0.551900000737699
"22",0.201549667386469,0.0918514759077809,0.0489460344664428,0.349011253511708,0.0921953900986197,0.0106862019982533,0.134231242760255,0.0475238343098054,0.0943015083769112,0.271923716392975,0.381152764838383,0.115083426121385,0.319936031219796,0.172426646540352,0.345329609047505,0.0282781600993261,0.491898323633319,0.561765720187494,0.214198999092747,0.373377828551539,0.341471831962294,1,0.45063934851765,0.309280847418509,0.116528093387424,0.215436173640146,0.268067367252874,0.337110758753136,0.490471956025678,0.465891344442595,0.439721820196464,0.490241813174861,0.39190820843273,0.277600058389334,0.204352445810513,0.10349821724051,0.140997697431891,0.0539337171965991,0.154494276140593,0.265709918038816,0.266503535102899,0.0586725869267889,0.0790605643015609,0.334863270936797,0.208255541901671,0.198204665922053,0.068692251238982,0.159425921519774,0.150424584916751,0.406502563494385,0.228921364134319,0.104709072911189,0.133139924934784,0.200853424132847,0.130051396178555,0.352386870015077,0.322728847518256,0.386915314050395,0.427916357451226,0.451996567185344,0.424544081707644,0.450909977242012,0.299381964784771,0.202448680494132,0.294697941118433,0.16110571873101,0.145138803618563,0.425263015869236,0.00128014848169708,0.200525053270268,0.156666036984897,0.279232422456061,0.0229120603576323,0.139758663976658,0.302064716665956,0.130695828735654,0.0546689308541303,0.297867212159645,0.00172069888938833,0.24290467148453,0.208065793925093,0.388784222057924
"23",0.228514033793839,0.0199763894922981,0.0574186743871834,0.318307531354587,0.260862048072236,0.0506330338095869,0.214346167781311,0.106137000046793,0.0207608350164382,0.190912384275725,0.445649110447359,0.25470109080161,0.301454381386163,0.0973125116551882,0.318976294689467,0.0199735463302427,0.49040631102918,0.524235784050976,0.280914528978164,0.40596946274744,0.468907327935623,0.45063934851765,1,0.379479114196666,0.240643455936868,0.126445943642613,0.394896930846243,0.492324878420444,0.370234129112488,0.447032295991461,0.480206928723833,0.542915574027705,0.453362646423905,0.282563034478411,0.326679914319247,0.0660363527636063,0.197759824175096,0.0378773363834273,0.177937565189548,0.316645197886885,0.294697455597769,0.01714240289979,0.0505179910213772,0.399717709688807,0.209332166336402,0.296447936126705,0.0631571235226152,0.119158378907047,0.172435531289888,0.565173893779792,0.329049168025878,0.081851146492315,0.139872419365665,0.24640597839006,0.186694374392696,0.462908051296828,0.425968579375621,0.486373626461786,0.482391533381755,0.507882214253664,0.512997084736512,0.562842114128192,0.466737722095005,0.236709285544286,0.317551014613611,0.224658802743595,0.231819012685601,0.33240944013532,0.0837080034600204,0.260447034731126,0.238362730771414,0.340373575107353,0.0708517434533351,0.110560122038006,0.215050404468057,0.0170791537117643,0.135811759936829,0.267595058504549,0.0986890698545034,0.188007393217472,0.276772040296989,0.459599606613532
"24",0.328455803568468,0.360558266365068,0.145193563002423,0.352656962752904,0.060333176969303,0.227085701332276,0.207692688986477,0.179746532404339,0.0933103011763622,0.286857830092504,0.329182236512049,0.155833539033291,0.487620789415032,0.156486320933874,0.401191961634744,0.229481729510125,0.566518570876618,0.394207439992572,0.297497309554058,0.280612386017776,0.45173021056761,0.309280847418509,0.379479114196666,1,0.0402867121986768,0.174294354495191,0.541162288230206,0.271401521105147,0.472766510030374,0.558691848094766,0.393828692233957,0.518944188936672,0.361379452134149,0.273135711622186,0.134681530735108,0.0278961467237978,0.126729416834985,0.0230986284374046,0.252940939866265,0.280885987541759,0.329329974339124,0.271200320087597,0.21482175329337,0.341326879842809,0.28668656456193,0.362530897117462,0.0888550778230194,0.223055306938765,0.424044045437382,0.208540070505931,0.256717422073442,0.096459131303001,0.361281337378955,0.0644857378328837,0.149009101238121,0.342598858646675,0.565768837626506,0.52024090786133,0.635921105528723,0.371850458625818,0.493794939657081,0.471917163246439,0.262120471839801,0.10986975327746,0.317799575908113,0.00204755453344636,0.402609889939165,0.353031411914717,0.0917742151756158,0.0641492238049767,0.256466506777191,0.239037992830944,0.14737459728759,0.226579662411937,0.314412541769117,0.0327980800748877,0.144885900570159,0.305177349093344,0.160946920190756,0.312298411001072,0.126576939206875,0.474438379827309
"25",0.0686857802990021,0.0244080058752453,0.0315779659883233,0.0366620276682127,0.164982353852268,0.0534410736714369,0.0751155950679536,0.0369193680719422,0.0184883344774122,0.0600103417882743,0.202866200960791,0.18874580655123,0.00526436709375054,0.165860447294564,0.116669232460813,0.00408586418263258,0.0356818719941126,0.132281921124471,0.165311292396242,0.142062790283882,0.0568570809702733,0.116528093387424,0.240643455936868,0.0402867121986768,1,0.0601511137448977,0.0306191406699601,0.189947643837517,0.0308150178882361,0.0397796138282799,0.10903416502041,0.0975860040321469,0.226750001527619,0.194349677824286,0.0632429815917959,0.00195609879713703,0.0321783425077807,0.003746927031816,0.187626280959671,0.172366825044799,0.0655393528070102,0.0890016357617762,0.090520425439737,0.13992899014301,0.0938953793271288,0.0953964045960339,0.00121896703588437,0.0752005304471115,0.0769123931432951,0.259688118956201,0.241034135454334,0.045033129603593,0.0195790999967318,0.0363525843287986,0.0564112197455033,0.132851512532574,0.0993798035047621,0.238890459079572,0.146249998929814,0.0985094134453984,0.243368336649477,0.252243928870691,0.257567136364174,0.167273317650553,0.0395762121569048,0.152909615434262,0.141601756973751,0.0558754032285491,0.0958023459442609,0.140550291049449,0.081863336612384,0.0619642665031436,0.00640882767663822,0.0830709586231379,0.071481267718995,0.042876634709141,0.0102022177236949,0.0181981576610364,0.0388190858650658,0.0679630432864212,0.0882881470176753,0.230935242671884
"26",0.0057352326980223,0.108468650861041,0.00216474750485666,0.16630423564037,0.12500160842994,0.024532918975275,0.137239801470496,0.216594060807289,0.0626940858170646,0.124431157199474,0.116041416419494,0.0446300298205366,0.0797730370750297,0.283569434859613,0.142841256227088,0.089982260663579,0.258252998876796,0.337156063725748,0.148211575570183,0.220317282517886,0.0381051466867761,0.215436173640146,0.126445943642613,0.174294354495191,0.0601511137448977,1,0.0384929150348073,0.0438475728273138,0.293383115648689,0.123061093888342,0.271563063789461,0.210008741719876,0.134386822338478,0.0397696814796666,0.0304850636068511,0.0476061502684552,0.0665333783854359,0.206904062609387,0.0270532266223489,0.0991727012549173,0.0999178654215696,0.111532052050842,0.051618673858482,0.0765509272906209,0.0235366695823732,0.000261673775893184,0.0400819420199495,0.00457077133195205,0.0626270473710133,0.0513350319177339,0.0962731386119012,0.122062767682356,0.116279137650069,0.00309592894684573,0.109476737449289,0.200459256145461,0.0755399878404853,0.0212731729460045,0.204927783556834,0.224374107462407,0.175667288964852,0.0803035301302463,0.0296513439490241,0.0440461414539043,0.0902828160849889,0.00681924910841897,0.117052810042485,0.228311650502156,0.0566013537288407,0.0822716922091798,0.0929259010480911,0.0588855241120632,0.0979419534339344,0.0461607097841321,0.0956540187421209,0.0957086391375604,0.132604368767332,0.206717557154488,0.0154638090223966,0.0302263357385181,0.0700476549042882,0.0342574703136447
