"","1","2","3","4","5","6","7","8","9","10","11","12","13","14","15","16","17","18","19","20","21","22","23","24","25","26","27","28","29","30","31","32","33","34","35","36","37","38","39","40","41","42","43","44","45","46","47","48","49","50","51","52","53","54","55","56","57","58","59","60","61","62","63","64","65","66","67","68","69","70","71","72","73","74","75","76","77","78","79","80","81","82"
"1",1,0.0623340117191515,0.0407945563440883,0.119944621990543,0.123744124673504,0.115250847713457,0.000947050983988322,0.164675461758785,0.164043057823436,0.150917734703938,0.173347014810346,0.169262704394429,0.216580554278126,0.0565852154521199,0.146276549368151,0.0649884257133206,0.163981008061818,0.205154491617241,0.114102793329347,0.220955586287789,0.0069818911277826,0.145465352825923,0.143977985340594,0.0985483350269449,0.0903641611669907,0.0816520179142614,0.00151078805427088,0.152530904098134,0.162805534957766,0.20463671923711,0.11595010825131,0.170763173894299,0.140743683826147,0.0457082768091656,0.0520716477427569,0.180735077984668,0.183562219810825,0.0786649197467046,0.142884984887184,0.186248437912969,0.064762948052722,0.119955364250691,0.167065934470272,0.136348658153902,0.0200039624129488,0.16743316087205,0.0631390756426227,0.048863542870048,0.183358656767489,0.239740020968286,0.224201483797676,0.0217340463047241,0.119820488403706,0.0715851890084146,0.0111736196395256,0.09669191734266,0.000851490936564514,0.151242472552777,0.0748709953583576,0.144706504648401,0.195188908670241,0.129122362661874,0.174015270219179,0.0518045926920206,0.22342253125858,0.121431555283274,0.204020612987067,0.147197025396723,0.0933459985757604,0.177578622639182,0.131429342517033,0.0502310338707361,0.0231713793391628,0.125941408572954,0.0534298613828171,0.0302552768601311,0.0863346686103448,0.179282598935325,0.244326704741492,0.0526028980783458,0.0370459802363631,0.131361450573912
"2",0.0623340117191515,1,0.0979410336703031,0.0271619045559738,0.139797874700061,0.268950534947849,0.198785892338571,0.0738677396077609,0.0316481207623464,0.0846459849978803,0.157333947399881,0.0628490471313828,0.117515666891381,0.337391898476033,0.121146194824995,0.100507723856893,0.1342000196148,0.174792559689335,0.221507898155416,0.22574776193162,0.0433536095244157,0.240664223811042,0.230054877988135,0.20519485025462,0.152948548833175,0.0974065041477278,0.297314226400553,0.225431411576957,0.211378324460048,0.317662768611357,0.310651852290565,0.273248324673229,0.245311475814153,0.039733059951498,0.227159910112581,0.0825955355845618,0.121463325901065,0.0354490563612982,0.0232163328584905,0.148372511899336,0.158856344590251,0.00275027434783616,0.0758760009752752,0.15878794431083,0.251276545710708,0.137793468257017,0.14701932889169,0.00720459631108291,0.102051553117996,0.281802720384738,0.111384039376375,0.181492167937071,0.0495948799743518,0.0412460396341679,0.127323284137913,0.213888786128114,0.0776771826850106,0.200193700850674,0.259808340487562,0.214016758271995,0.137181220980447,0.206638699485386,0.0854678528380517,0.0836671273592164,0.286361554641853,0.0672549814899879,0.0792125597778663,0.192811496398598,0.238778166888199,0.0829896933032577,0.0153997218330224,0.0266034017439816,0.270595096969996,0.1425142170444,0.102497979438464,0.138057055858177,0.0969990142245686,0.150962675902835,0.0114816378284282,0.07801687036637,0.140470406952661,0.122055769934143
"3",0.0407945563440883,0.0979410336703031,1,0.070269633692257,0.367430998311921,0.170443187781711,0.0729817085722234,0.225604102882906,0.0615569955698734,0.0968011505633555,0.259277482825065,0.272094612922492,0.221567236126017,0.224630438994365,0.0983020417824272,0.352339286261866,0.352819865121978,0.208154376245504,0.290155401150354,0.177733389701378,0.40711915222919,0.24997823102467,0.235036312221752,0.0850996698477607,0.180544497698978,0.147125081786807,0.167633259163516,0.336109354732401,0.227523954881946,0.0892584141648727,0.261323550725885,0.191459272163988,0.218415690580994,0.358377359078588,0.0308776296593454,0.167142545992161,0.00941699779230016,0.0490948048726952,0.149345215805329,0.198731908342438,0.145337686790936,0.104014305906375,0.225223656068516,0.250657354845286,0.0157302287944372,0.180038045295245,0.212890118302589,0.021240258395007,0.193328013243076,0.0606289592079921,0.17567966363159,0.096832713033201,0.0776355999742216,0.276195488782302,0.316892278289535,0.147698625658421,0.285761538468922,0.317227467657023,0.255426913870024,0.340674367700438,0.241538285717337,0.325457740950271,0.398667041529599,0.436224106266975,0.116597206346254,0.394441715457503,0.123299053437142,0.232647822804181,0.0970389978121834,0.168269850458096,0.0899516505939452,0.192078843901396,0.0791593274734576,0.00339062926467521,0.0903827430891723,0.0777044025399416,0.426312880689243,0.254338694598671,0.123806162342536,0.212285044051922,0.037893924784323,0.0678392704595405
"4",0.119944621990543,0.0271619045559738,0.070269633692257,1,0.0932195628390329,0.131213536599263,0.00976767389278157,0.0129358542667237,0.271399749489835,0.226650038637145,0.256141028603637,0.000574293088097817,0.217775518594405,0.0377569419631117,0.237317184178583,0.257078375810396,0.299110332120283,0.243098400374268,0.183952061170127,0.286654855192837,0.0280846800499884,0.255825249925292,0.243487332414814,0.216458758842497,0.0540716063977791,0.0158916965481408,0.00922836628256589,0.201149009072451,0.260327428141996,0.22196754488472,0.109947355270197,0.205585673631942,0.163579671085043,0.0497886350008541,0.170587674702459,0.0386673906711572,0.248749996693948,0.103427223515517,0.235784282347479,0.210911701711107,0.179389518980952,0.311703243290236,0.311895612876347,0.266338582365364,0.214226646126504,0.289938431257186,0.248045154289799,0.0234196101027444,0.220622131358067,0.281566832367704,0.310165843686409,0.0535136508864487,0.104069060444954,0.0455053764259173,0.0845656977627102,0.138528386133766,0.127144483966897,0.177517930902331,0.0334938367297817,0.235811458110376,0.0843657899640423,0.29904412842388,0.281524491737588,0.165251682802749,0.229254986974796,0.205692582140856,0.0134866829801655,0.31179976602177,0.252846366783883,0.00257434752961415,0.296891655305518,0.219537881590307,0.0677582926498663,0.328584629939576,0.33816358260508,0.0349458989919742,0.154827541063364,0.269966575577217,0.280239198138033,0.135920096799554,0.12220177686412,0.141233658316876
"5",0.123744124673504,0.139797874700061,0.367430998311921,0.0932195628390329,1,0.507541459173235,0.262434001305797,0.100942635855456,0.0643838112631405,0.343347488926661,0.443336773614915,0.359345413072786,0.463082371817485,0.449865232441633,0.254918238967417,0.244230726337918,0.548165807346727,0.571104415247059,0.489720583828596,0.441101578290324,0.359487264264688,0.514827436616768,0.554449076642457,0.359279174597145,0.205465019898216,0.207174413353313,0.45311142985418,0.603355518180387,0.522932971047083,0.514594442708384,0.558173344349628,0.539879029767281,0.480256362884784,0.350642057768907,0.317188786625983,0.034959720995066,0.307158984971589,0.0477899888035218,0.218440458792274,0.43815195232511,0.297515211642579,0.0969588535651616,0.0206870523164781,0.480330233453329,0.271713933294254,0.413531262973486,0.387645835006046,0.0619231170948506,0.0610342471947018,0.476626086379767,0.447707274128332,0.315934810524833,0.191773250376992,0.172520061482822,0.395014748951026,0.435706099480828,0.394857318822315,0.548919514962741,0.548505289842056,0.600270284212963,0.479231270077397,0.581584295552635,0.536876562128028,0.248555397988245,0.440417234419606,0.209617498964168,0.240371621610204,0.453282973625806,0.376275300561147,0.358252059101651,0.185693112655056,0.0167238333690776,0.356747299665978,0.274782063669048,0.285275423654764,0.159650952869495,0.272128130568992,0.409446699364688,0.332479219048449,0.298995394233686,0.0316318321320666,0.319028453405557
"6",0.115250847713457,0.268950534947849,0.170443187781711,0.131213536599263,0.507541459173235,1,0.438643249872681,0.145068425962378,0.0225545706439287,0.556274537735416,0.53956282361911,0.277931941087168,0.566149560621028,0.469574678911746,0.399288712443714,0.373020485815693,0.699504544598513,0.639659495738097,0.609836157127827,0.697271515870502,0.408597586097379,0.763753053123177,0.749968339989725,0.645761545095536,0.366869965554696,0.469844841419333,0.630554074728134,0.738333262844097,0.669776942160417,0.716965619805578,0.625074626552721,0.733521192392792,0.749665965640784,0.231072901144681,0.363423406205892,0.00171586970189091,0.607228999578153,0.0365696532620885,0.356959482595215,0.65321660136746,0.444557367161082,0.38624724787216,0.0281577668647604,0.62949680188349,0.491667387718977,0.601798680230833,0.572847376459635,0.0676056879187357,0.154673691164733,0.691271511562592,0.53004837170496,0.498366669372672,0.374698587563146,0.249675610838488,0.404721288837437,0.665753733351922,0.465007980427027,0.779591031674316,0.716454859141402,0.73082282505793,0.569160717639315,0.752237566054607,0.612877540950156,0.0632561285373796,0.68767857752263,0.114985258120491,0.27382964779331,0.67873999506636,0.692140503376951,0.358580079052808,0.351770617293437,0.222610161844955,0.562555429124568,0.481831407547912,0.462416156818128,0.38402793444448,0.253034946464194,0.58083245031296,0.460885451416666,0.472952218560077,0.31300524451258,0.392067676612786
"7",0.000947050983988322,0.198785892338571,0.0729817085722234,0.00976767389278157,0.262434001305797,0.438643249872681,1,0.125053274714993,0.068135300027176,0.370715295696074,0.24313870653663,0.219712584731283,0.247470535960089,0.259808455510528,0.0727004711231684,0.251658084575799,0.413501412356641,0.315881242907474,0.362647267387546,0.402350281606187,0.300593089199719,0.451084155367526,0.493275473615962,0.372072890448774,0.218858777731471,0.325718186980306,0.447887323081479,0.446525324594606,0.395488048918887,0.385362393868174,0.374758176652952,0.491416263180299,0.450302738011949,0.213360727265969,0.183597336275432,0.0603870656477085,0.330122448130234,0.00882905142318182,0.143064609021661,0.403494294814427,0.221473017007293,0.17847591031594,0.0716782561278526,0.40623810900605,0.295543506623844,0.331985723771152,0.36420526590323,0.00380311062526573,0.0929891518545818,0.351038080657779,0.222734492736283,0.349154478442236,0.260277521424355,0.210158186282845,0.263435033742042,0.471319355874658,0.32115242657876,0.474200608639353,0.417761250487164,0.432731096422013,0.411133109280618,0.445011739186884,0.336601525286729,0.00571159783084455,0.387073671497204,0.105786972160966,0.10532011311598,0.379479389727072,0.417329252345876,0.184955567449171,0.136926871165287,0.0540981471395033,0.408314535038944,0.218724107423803,0.254846681310887,0.174685336061012,0.236231437598392,0.343283686057305,0.160965694791729,0.27978326092399,0.180888396825714,0.236141172554034
"8",0.164675461758785,0.0738677396077609,0.225604102882906,0.0129358542667237,0.100942635855456,0.145068425962378,0.125053274714993,1,0.16289579199065,0.0998425694504621,0.119674160880871,0.107208206923298,0.025412339448396,0.0953367810667365,0.0659115153908838,0.245381946365726,0.147966911560992,0.143760639919299,0.127464486068332,0.10851786124857,0.277699536656372,0.125280937611148,0.194683230980575,0.144341723698623,0.0621284304156866,0.179702666802668,0.192693504171941,0.183244231436002,0.0957124807986798,0.0277175054792996,0.0836974871842789,0.111467785123668,0.152436508201809,0.230310723552261,0.0479513379108182,0.223670977345925,0.0228106880757713,0.0234487480425237,0.0071278997302213,0.120710187614239,0.0954944872415546,0.0927179194871375,0.246961930720793,0.113176506194921,0.0707991812369644,0.00275569897218361,0.143348359482469,0.0370143067665924,0.234691305025897,0.0320527449777126,0.0106504659396489,0.166603392617394,0.0160163194355515,0.249012826155082,0.149483457804374,0.167976019090138,0.19380644204262,0.192714503046618,0.228163640768634,0.202960075498464,0.183869563267702,0.224550360706919,0.188348739526237,0.181814418019617,0.0597536772657643,0.185336779078976,0.0179510312909818,0.0958659925418576,0.12268469643473,0.0272255432474875,0.0196871566628457,0.137141718441472,0.129373034624132,0.0455149429807191,0.041052961731004,0.088699608715457,0.278347638884054,0.0419511962946573,0.00815251686426062,0.0949673250457814,0.00934606238870717,0.0949806008909668
"9",0.164043057823436,0.0316481207623464,0.0615569955698734,0.271399749489835,0.0643838112631405,0.0225545706439287,0.068135300027176,0.16289579199065,1,0.241673747957621,0.13240350559381,0.0336828057998747,0.257116295510391,0.0160135867023222,0.159473976871367,0.104312061318919,0.163344045575466,0.0457675431597898,0.0900529127303801,0.165928746589798,0.164651029187319,0.22226261291201,0.0750983503074569,0.114640685152176,0.315802549168881,0.0987400285570456,0.157151892208129,0.118909298529262,0.0886857051824379,0.148470232748293,0.00253066394572532,0.0166294200770011,0.0986658461074977,0.042722138980289,0.294198612161606,0.145529066358124,0.215067585487027,0.0475458719714247,0.446133389495964,0.197262136830136,0.158085300568748,0.287684428959265,0.251661584211307,0.192082779689741,0.0693517026810544,0.243468055604241,0.173627467929563,0.058635441906522,0.210806040751048,0.22723496272462,0.315618669029706,0.25546648344694,0.0290064526905791,0.112455027329553,0.00454714408623885,0.0347539585266831,0.127568666677739,0.0204528741347866,0.169263610607816,0.105409901318809,0.111207801182097,0.0734624481428488,0.212990685065075,0.0466072880850374,0.185259383226725,0.17393539739443,0.0234746252996996,0.349143901081898,0.100692629874371,0.0145641209480036,0.0757490515183579,0.201979881967567,0.318250063133688,0.195295794200643,0.197314860919373,0.00262624305539222,0.0195266186920139,0.237797762800148,0.1998050351505,0.224041844460622,0.18822139418214,0.0893852816606502
"10",0.150917734703938,0.0846459849978803,0.0968011505633555,0.226650038637145,0.343347488926661,0.556274537735416,0.370715295696074,0.0998425694504621,0.241673747957621,1,0.464895024879442,0.0619906365896227,0.549686312066012,0.278257180454469,0.386736981794218,0.365610021402113,0.646807176669984,0.529372194965772,0.435467335523059,0.661352224889504,0.269478316792641,0.68538848548878,0.641866373359028,0.542473828431735,0.272706310455177,0.28006775529379,0.414588250723362,0.599626157249536,0.623266552594148,0.588913670461501,0.40588532709596,0.568366345366261,0.666630364480301,0.0410089373633622,0.0706132324819631,0.0622529053761678,0.641110020613896,0.056222295006174,0.439259274865206,0.631966936705835,0.419470454863395,0.557635670094265,0.182188882299704,0.607298608575843,0.415762147268385,0.63686634234601,0.545790314990896,0.00729590489420913,0.335399423348194,0.657963647795562,0.50164752068625,0.226102668385532,0.378986785420213,0.112399357007578,0.234832244524977,0.534815259253812,0.333814503515794,0.618725202778975,0.447595606420395,0.548549835099207,0.460909650941952,0.605758663998453,0.579874712402552,0.0549098881746085,0.631124441734821,0.0639026681559836,0.16866599947601,0.673809451857906,0.643889473204059,0.301621058423659,0.374461445656995,0.362321924595153,0.261566426222079,0.544827441228905,0.492343457186825,0.28435734355169,0.0302196455245028,0.516983616959166,0.504950926418881,0.458825921733325,0.38595541924578,0.35789904542264
"11",0.173347014810346,0.157333947399881,0.259277482825065,0.256141028603637,0.443336773614915,0.53956282361911,0.24313870653663,0.119674160880871,0.13240350559381,0.464895024879442,1,0.397773101575762,0.568348275408859,0.357886059361726,0.388161823563189,0.265941222741327,0.62118668242154,0.615641814005286,0.516326138045379,0.600932608665676,0.400675283337221,0.543693775577104,0.574725737382798,0.477207623155761,0.194770214724529,0.194691725583085,0.34360835584942,0.617799257958061,0.548732976987022,0.531579357178536,0.492462141522366,0.549760875129395,0.584705708824697,0.27327862896314,0.202424184800329,0.0552564130010436,0.389502195507469,0.151583397099819,0.374120997788159,0.492392757554403,0.354872554785627,0.219922393585391,0.113117446040485,0.539586341830602,0.233565927720612,0.50962055281331,0.413029586601085,0.106149971679648,0.0813544680880211,0.559320946867818,0.562030795254633,0.183550814137812,0.303483081962351,0.168519100714979,0.342674988437847,0.529830325478639,0.393887438234369,0.596438633345416,0.552473919236653,0.612999772643854,0.570875124495018,0.643946026495787,0.630860895050079,0.248987813852361,0.527543110978784,0.136734638439564,0.325742786931115,0.575833113147864,0.446576430879755,0.471964092920706,0.355947504825253,0.0333211176912206,0.306235445828918,0.343002854333317,0.333724285500614,0.25480709011262,0.152273866460275,0.446654837566144,0.366840477323654,0.298507954047094,0.0254772741581362,0.420985720500293
"12",0.169262704394429,0.0628490471313828,0.272094612922492,0.000574293088097817,0.359345413072786,0.277931941087168,0.219712584731283,0.107208206923298,0.0336828057998747,0.0619906365896227,0.397773101575762,1,0.250108095752468,0.324612616831395,0.172986508467158,0.0838413763220844,0.306092151463954,0.342321170670287,0.365973350768529,0.231011276821007,0.380589118260789,0.243076620023545,0.346213755297413,0.232333007649739,0.0943102826056681,0.0617025330137562,0.14751330909972,0.368185668172471,0.314570512875885,0.234756363386052,0.383579402812075,0.338871872192799,0.304284733178542,0.271748739332153,0.171584052930297,0.0644796004343487,0.0221526785971904,0.092824441283238,0.114676785661822,0.213562264361855,0.194818862402471,0.142632762553498,0.120358381652875,0.303741661145084,0.0160750606481389,0.175341367142304,0.133021660083027,0.0967591422643838,0.0934085370134404,0.194317027480863,0.295706766480769,0.197326487311005,0.0607802586295418,0.208084800835293,0.277336295527892,0.261678940114304,0.25635666464439,0.370500551646284,0.388651153651408,0.394494315227794,0.358662248881113,0.33599564596799,0.382067298714648,0.296414586881694,0.187563564197886,0.260508386754097,0.263666806629933,0.209471853601521,0.147270329200951,0.312421102922331,0.0647728566758024,0.180813693717634,0.251385737982102,0.00102013798877888,0.00758900568944062,0.0701263167306176,0.203413559037457,0.144732951398453,0.0877837077075968,0.085601439535965,0.19352689702817,0.237383212137366
"13",0.216580554278126,0.117515666891381,0.221567236126017,0.217775518594405,0.463082371817485,0.566149560621028,0.247470535960089,0.025412339448396,0.257116295510391,0.549686312066012,0.568348275408859,0.250108095752468,1,0.452332312558283,0.425430336473924,0.34274290636024,0.685747759124369,0.606097153035057,0.529181553539398,0.642082781421878,0.313992119868192,0.701528516091177,0.650197229790561,0.521778594506199,0.161055302857457,0.288991469638053,0.391800328955193,0.711473913082457,0.642762207085777,0.67829099074739,0.596646202905676,0.589925918592232,0.673454755766315,0.133597029271525,0.153816733382792,0.0496388352994063,0.578167033616972,0.0266777844305795,0.49682324419023,0.609264900401255,0.426125696700169,0.423314253965361,0.116948705471389,0.621231836143566,0.349105136071853,0.643162493769711,0.536074219356916,0.085948153918061,0.202063634381748,0.667257641245476,0.601486674348559,0.180368996478073,0.300402160195684,0.148022413629326,0.283217189543309,0.533240260875911,0.353910597000506,0.621261489080795,0.527914640221913,0.636973040664145,0.513260703451043,0.670325272601313,0.643215376949844,0.17855655146214,0.673523858416768,0.0291477489936935,0.225078260899968,0.668665448938403,0.523943741605424,0.393164568077249,0.354300016251927,0.253017340754825,0.277922417033363,0.505636926371734,0.484506890413811,0.221999574231558,0.153616542228008,0.578544926363863,0.534563731918125,0.473156484788527,0.233857375087717,0.349670210416996
"14",0.0565852154521199,0.337391898476033,0.224630438994365,0.0377569419631117,0.449865232441633,0.469574678911746,0.259808455510528,0.0953367810667365,0.0160135867023222,0.278257180454469,0.357886059361726,0.324612616831395,0.452332312558283,1,0.269772351867852,0.166356773157293,0.476524957973471,0.423830349605671,0.476060963299916,0.426076481851263,0.318713229696098,0.494269750252298,0.50446421457641,0.364834067057326,0.170240095890803,0.232713257957753,0.41425801958102,0.503356479496659,0.438304017628733,0.517420035704678,0.617000922864792,0.436489472691726,0.483905795020767,0.161264637531152,0.271474844767498,0.0605019122445268,0.345535347230896,0.0827562242202937,0.272204740073509,0.366658201853645,0.328952767280486,0.136292362638166,0.166927904801525,0.411953428801828,0.251221037291682,0.338378930553141,0.408293383887585,0.0664209308863748,0.0138462461360527,0.417905430867378,0.406533852336223,0.307343201333086,0.150450947018398,0.10960744198178,0.289789638737979,0.388495603074478,0.259607133051948,0.472208578697542,0.581089346908791,0.484012449899349,0.383991622690916,0.474659814844577,0.400628774815725,0.106070588668663,0.473295609604949,0.106748060142941,0.233895985266032,0.441981673599083,0.369491711020481,0.203077906294245,0.155150481553375,0.0343569778610425,0.402901056669286,0.24967705227269,0.181603291123774,0.238403545399134,0.275114619400799,0.319356663499113,0.253273388528735,0.321451866975393,0.120530428956578,0.172387961635343
"15",0.146276549368151,0.121146194824995,0.0983020417824272,0.237317184178583,0.254918238967417,0.399288712443714,0.0727004711231684,0.0659115153908838,0.159473976871367,0.386736981794218,0.388161823563189,0.172986508467158,0.425430336473924,0.269772351867852,1,0.199574816456116,0.474589760860066,0.431551586562856,0.356866153163581,0.468850309520927,0.178328233831697,0.509945341624524,0.481713010535727,0.377606600087265,0.150134126321266,0.151488562974753,0.292949519931371,0.431068209719951,0.459954798343123,0.454240712276807,0.37064428198594,0.430981911424285,0.463902722765579,0.0521129737119891,0.134220753270172,0.0696867710715409,0.391037860452522,0.0908506728575725,0.321372529037116,0.408719477138123,0.320534376117472,0.341596639594186,0.139408770441911,0.41625678188011,0.218939329819102,0.418610580638171,0.305106723323951,0.0682625356264215,0.171696397362508,0.487283668948894,0.486200759990905,0.106727210194602,0.233690892130265,0.0969546448876519,0.25608405688398,0.383563523203672,0.275331511827359,0.461937864470917,0.351871026310198,0.413451871492773,0.351499813895418,0.44996951981663,0.437105799908705,0.165067339801571,0.451164085514917,0.0491575018557355,0.23340028135909,0.473438815228939,0.398569569799905,0.286136851118745,0.295240701146122,0.16922132731804,0.131585839519288,0.385998880086442,0.33914158713209,0.200165909278732,0.109708451226606,0.367554644478829,0.358800845450205,0.29915962433589,0.162543463320349,0.303074014801042
"16",0.0649884257133206,0.100507723856893,0.352339286261866,0.257078375810396,0.244230726337918,0.373020485815693,0.251658084575799,0.245381946365726,0.104312061318919,0.365610021402113,0.265941222741327,0.0838413763220844,0.34274290636024,0.166356773157293,0.199574816456116,1,0.531776645421227,0.264204986860868,0.331289945569442,0.442237145549301,0.308266954205173,0.496718367118997,0.487171531780868,0.393064403660918,0.0472762066351875,0.297282361224199,0.328704154713315,0.484565703984714,0.459058198696757,0.246811120246169,0.24258328156496,0.378342832249832,0.449911294358135,0.272673380230221,0.0458986884747432,0.117967251016586,0.402681841447986,0.0637859239035227,0.272731216683252,0.39513092059786,0.248147493876721,0.337017179942486,0.0053569777460197,0.45160505340325,0.289400590457001,0.404087699419975,0.413020685048862,0.0394291103801523,0.0041683699349974,0.341330240312202,0.337671181373557,0.275536707215009,0.150241356866932,0.252678857715297,0.364810320324075,0.369791814297315,0.387917374441859,0.452162966439885,0.289383138563898,0.458546886934398,0.302441049085861,0.519402979321935,0.524174873741825,0.277871290627421,0.362281031166483,0.127013688982441,0.0563143642301011,0.478883124373284,0.420945984595833,0.0832513354323145,0.29125893594633,0.188070753715758,0.199226925072854,0.292692928368612,0.390739293673531,0.25629847745822,0.30175691387179,0.399749151678045,0.273100962682883,0.382122518104223,0.270773776372197,0.260311737334497
"17",0.163981008061818,0.1342000196148,0.352819865121978,0.299110332120283,0.548165807346727,0.699504544598513,0.413501412356641,0.147966911560992,0.163344045575466,0.646807176669984,0.62118668242154,0.306092151463954,0.685747759124369,0.476524957973471,0.474589760860066,0.531776645421227,1,0.736957922023881,0.609430128623752,0.808729853931577,0.429974535215227,0.846888135988649,0.826658274899626,0.699779484264988,0.240779029883895,0.389745622074725,0.54352009077806,0.823100062693275,0.79788775777815,0.732996646905074,0.671169074272136,0.751477530567664,0.808925088168785,0.332189647052162,0.201264318215171,0.028978052341108,0.6754782449633,0.0791409437764797,0.518565498415181,0.712125447705468,0.490896214891176,0.499695382946057,0.108226133267333,0.763936499853036,0.45096737849151,0.747582269913737,0.62342151653175,0.0283374827691371,0.177164447690396,0.764459674059682,0.707210530489289,0.362317526540262,0.39768546801351,0.267605433767207,0.48481042248278,0.695477521821697,0.591318039627955,0.828841259107567,0.691038192233261,0.785551842396823,0.630962409286289,0.863196776716459,0.787827621897929,0.302518592396087,0.735225306296169,0.0476277914140411,0.239236372366173,0.827078662119211,0.707578467516992,0.40995978524203,0.456368568640053,0.247309124535417,0.388315514586647,0.572680539798728,0.554069734818012,0.303901338662785,0.223280233604369,0.633328769701724,0.578890465503236,0.533511222998436,0.278756923684902,0.506539781321675
"18",0.205154491617241,0.174792559689335,0.208154376245504,0.243098400374268,0.571104415247059,0.639659495738097,0.315881242907474,0.143760639919299,0.0457675431597898,0.529372194965772,0.615641814005286,0.342321170670287,0.606097153035057,0.423830349605671,0.431551586562856,0.264204986860868,0.736957922023881,1,0.544059278929248,0.690958610374019,0.453814191164782,0.668774512651269,0.742007023482032,0.688618114124982,0.461069115299138,0.310289621945872,0.523477166641655,0.718165561473542,0.730889872685918,0.718791757940261,0.64731098560494,0.762000668053734,0.69032806673378,0.322402300470749,0.288059687673299,0.0470507896752244,0.486788161990234,0.194375303964066,0.294018268421883,0.603703351678641,0.434180086996807,0.309561928546888,0.18396392702856,0.643616779006345,0.44790588879779,0.583553003569129,0.478579339901735,0.0788551853987214,0.203636761682134,0.720789967485357,0.561498906869573,0.286973702946254,0.43609261620575,0.216609729083925,0.41442977293634,0.680246281026741,0.563431368279903,0.736793390253562,0.737432336454403,0.71212443884926,0.713814311615466,0.771152945349768,0.652177359851325,0.259430345080377,0.598834526113173,0.0841415100433007,0.343458273260765,0.603596378854602,0.544320849360975,0.491859732786099,0.445716379319751,0.103584652047655,0.388721493959632,0.54336173464301,0.471976607740941,0.131061097849523,0.0836693275321752,0.456020316473858,0.511765556886142,0.348466413124907,0.0451262885972939,0.616634701281289
"19",0.114102793329347,0.221507898155416,0.290155401150354,0.183952061170127,0.489720583828596,0.609836157127827,0.362647267387546,0.127464486068332,0.0900529127303801,0.435467335523059,0.516326138045379,0.365973350768529,0.529181553539398,0.476060963299916,0.356866153163581,0.331289945569442,0.609430128623752,0.544059278929248,1,0.588114610778376,0.368396934922322,0.65969780555388,0.660937058798138,0.444741160065761,0.274189484847253,0.376188639586867,0.450139012019127,0.674979175602259,0.618897879214819,0.594494538470046,0.572800903079559,0.605740546331712,0.601568028806565,0.294816493733981,0.212015118295333,0.11409315218647,0.47909278214547,0.0761146884393332,0.439192909455454,0.548542128011867,0.369385068121755,0.251184756940646,0.0725376049123204,0.589931368741193,0.344701141481717,0.552181418308313,0.51049307233106,0.093185829059955,0.0823494379618335,0.567224517298442,0.460886483378842,0.4370199403109,0.233185984116046,0.216416416216372,0.362641799437549,0.522521687129495,0.378614675751827,0.658393674350981,0.618191237484133,0.6285295875793,0.504832180573669,0.669605728483931,0.631696664828773,0.136355027163767,0.597100862912344,0.175461787547526,0.224887655440838,0.598116356130358,0.543181170506675,0.239661025190643,0.278218811766305,0.114844670439316,0.43597821943476,0.431286504583604,0.354385282993293,0.313256313092113,0.302725745441026,0.51119009884316,0.442881590498258,0.437997361486217,0.191262342780723,0.298049509978991
"20",0.220955586287789,0.22574776193162,0.177733389701378,0.286654855192837,0.441101578290324,0.697271515870502,0.402350281606187,0.10851786124857,0.165928746589798,0.661352224889504,0.600932608665676,0.231011276821007,0.642082781421878,0.426076481851263,0.468850309520927,0.442237145549301,0.808729853931577,0.690958610374019,0.588114610778376,1,0.340895789211847,0.786893860014011,0.77759884766287,0.672886369085148,0.331307673995472,0.385187329348643,0.53584934094139,0.766231574913058,0.742756704349219,0.719010797207552,0.576614225457883,0.753701523739596,0.76090670952975,0.170606006565531,0.200045610517205,0.0979177667817484,0.68957471213196,0.118516884948998,0.498412996038237,0.700662708960489,0.494745989713461,0.507631827070448,0.181081516937054,0.694456930793271,0.493702621635677,0.736494688318733,0.595101979079118,0.0313872837159039,0.299322699929565,0.798118868387679,0.654861624724718,0.372820415790897,0.411512869502499,0.198106925149701,0.412353116103597,0.681940314022411,0.469360449418451,0.761450048151454,0.60615420339571,0.729712063440296,0.58452211223602,0.78324850886488,0.682456403155276,0.157454779281044,0.75885731738111,0.000558083822249133,0.251071688908533,0.780250449136485,0.705304489262332,0.332912342581184,0.449622851410632,0.32428290538535,0.447450104605986,0.629113541466959,0.541185997587714,0.344610040824733,0.112632379254129,0.637115218229878,0.54382393967195,0.549588120082961,0.324755946150715,0.522703289453497
"21",0.0069818911277826,0.0433536095244157,0.40711915222919,0.0280846800499884,0.359487264264688,0.408597586097379,0.300593089199719,0.277699536656372,0.164651029187319,0.269478316792641,0.400675283337221,0.380589118260789,0.313992119868192,0.318713229696098,0.178328233831697,0.308266954205173,0.429974535215227,0.453814191164782,0.368396934922322,0.340895789211847,1,0.36956003889582,0.472291827326225,0.386861779707997,0.176971652524352,0.205191220745212,0.346329609394398,0.478236500047113,0.397043512061396,0.331708618820142,0.443975324932094,0.422992905181346,0.470386628937913,0.375594495687914,0.260601743537131,0.115097171843561,0.11292788270904,0.00759669915582543,0.047943062073052,0.283596529942404,0.171045236969624,0.0585048669161069,0.193658033490491,0.387247059875101,0.161638841725279,0.213926198424522,0.225812842267036,0.0360483992837821,0.135529337192464,0.24154830477297,0.25607418925828,0.282287022497572,0.124673143060996,0.318617582927233,0.320994367301807,0.376969738515017,0.434880686635397,0.537539204219664,0.544886591226764,0.464198258556509,0.539802715450034,0.478066497839948,0.42739398000235,0.331522114788802,0.289055161107711,0.342300799690518,0.266791995247254,0.316130780407559,0.239355055956011,0.366972358802031,0.162680646990268,0.153382177098643,0.375030357449723,0.0848855581221131,0.147771050464441,0.189348569580485,0.292708661371538,0.258258517347324,0.112119916913014,0.158215404854783,0.122620069056495,0.31267419826476
"22",0.145465352825923,0.240664223811042,0.24997823102467,0.255825249925292,0.514827436616768,0.763753053123177,0.451084155367526,0.125280937611148,0.22226261291201,0.68538848548878,0.543693775577104,0.243076620023545,0.701528516091177,0.494269750252298,0.509945341624524,0.496718367118997,0.846888135988649,0.668774512651269,0.65969780555388,0.786893860014011,0.36956003889582,1,0.865713380954314,0.682339658597379,0.274513726854043,0.439581341238708,0.626128192361578,0.850618495416269,0.79634880158908,0.783041050567203,0.649022195492295,0.777574207704015,0.830959217682666,0.202683474588708,0.244725003635973,0.0452614927281263,0.776242778372144,0.0027421167529685,0.531605445052191,0.785077239144209,0.509336655324251,0.590652510247146,0.0316811044528106,0.763541097501193,0.537362359506689,0.762303282119138,0.662810423952925,0.0336643070063674,0.251334227819973,0.813391860744615,0.655207470110417,0.39358701038727,0.397407554574188,0.231866907466509,0.452950803506261,0.69898100126301,0.503875226435465,0.836236334138769,0.656332246082291,0.797529434543866,0.552405177333066,0.852122962596177,0.76450001557928,0.140493316900387,0.820154137120342,0.00709971973927512,0.228990685252381,0.837173685196214,0.792479781789518,0.345710879129915,0.445908094392778,0.360976803497544,0.434136321674756,0.630388410192754,0.60642499050471,0.348172632264632,0.298046554098766,0.696977999597288,0.597576722763835,0.619496436166267,0.446532243579459,0.441753396337335
"23",0.143977985340594,0.230054877988135,0.235036312221752,0.243487332414814,0.554449076642457,0.749968339989725,0.493275473615962,0.194683230980575,0.0750983503074569,0.641866373359028,0.574725737382798,0.346213755297413,0.650197229790561,0.50446421457641,0.481713010535727,0.487171531780868,0.826658274899626,0.742007023482032,0.660937058798138,0.77759884766287,0.472291827326225,0.865713380954314,1,0.729331456184355,0.361046334633585,0.422209550720085,0.63017580386049,0.843657510955387,0.811605942858558,0.778323880356441,0.682581214335298,0.808984036593173,0.828361733748652,0.292090899169868,0.300082975461834,0.00519759149376668,0.666104432706871,0.0821390705654859,0.436362703143177,0.740459391047875,0.478247171369011,0.482081578606691,0.0609738246568031,0.759599234149159,0.543423067100421,0.723244720019633,0.615141325863982,0.028718165149552,0.192089979221258,0.791523870087344,0.614739760343198,0.412850484108851,0.369970067810776,0.277407502909569,0.486494196598745,0.745648858776736,0.57215281992951,0.830110069209451,0.718670798063673,0.8178993611461,0.63713424642357,0.868261292583738,0.749011642859913,0.206454805146902,0.772338443515469,0.0381477062345064,0.261495974467774,0.785222717683656,0.749084465678386,0.412079211415425,0.437115615209624,0.266474454738081,0.4819845285163,0.614668278415228,0.538559373441911,0.309277081543973,0.230912438723464,0.639949450708517,0.545253060876856,0.540831614023617,0.32432980786379,0.511615389810151
"24",0.0985483350269449,0.20519485025462,0.0850996698477607,0.216458758842497,0.359279174597145,0.645761545095536,0.372072890448774,0.144341723698623,0.114640685152176,0.542473828431735,0.477207623155761,0.232333007649739,0.521778594506199,0.364834067057326,0.377606600087265,0.393064403660918,0.699779484264988,0.688618114124982,0.444741160065761,0.672886369085148,0.386861779707997,0.682339658597379,0.729331456184355,1,0.429310824157497,0.350522794625046,0.539971156943581,0.6467982163113,0.711074461987349,0.625859100556686,0.550321449491261,0.732528598768583,0.728141560182358,0.189232266346135,0.308943206158217,0.077350376752225,0.582981091012271,0.128507737312397,0.231865499812748,0.573415392079745,0.399450612878829,0.403321163447998,0.123106433166806,0.604131799888154,0.569696017404798,0.574772413771763,0.509491437953697,0.034469056050719,0.212434775021587,0.674380963122359,0.458328297823024,0.425761626045276,0.400451327335892,0.217378668952335,0.385487954174506,0.652787529463019,0.61303919453568,0.716205910345556,0.628558088862746,0.629766748278828,0.606105288288834,0.738347304096695,0.59081785802797,0.142590878296352,0.610762592927821,0.0270059801325918,0.194185999517997,0.592734318517428,0.621087322420503,0.362723753879452,0.4438786351471,0.280380339839667,0.469833458654007,0.56118686724897,0.527876429817201,0.246511858584467,0.118640175956037,0.46873854427124,0.464831002674524,0.423122413995669,0.276090783402929,0.598106223291713
"25",0.0903641611669907,0.152948548833175,0.180544497698978,0.0540716063977791,0.205465019898216,0.366869965554696,0.218858777731471,0.0621284304156866,0.315802549168881,0.272706310455177,0.194770214724529,0.0943102826056681,0.161055302857457,0.170240095890803,0.150134126321266,0.0472762066351875,0.240779029883895,0.461069115299138,0.274189484847253,0.331307673995472,0.176971652524352,0.274513726854043,0.361046334633585,0.429310824157497,1,0.17810887527363,0.343451434614526,0.299146241437957,0.334397876729112,0.398451050079948,0.295149227343015,0.411361086508961,0.337832686278972,0.00860870771960952,0.312451294419,0.105699337774165,0.288658761805323,0.192679678155765,0.0577300741613877,0.256614511783168,0.077429933308748,0.191312403286673,0.152236147766531,0.267154449980856,0.36369490140437,0.204223079292171,0.159174246865257,0.125592802223915,0.216605736626099,0.402744476798342,0.142390118377726,0.286069162851808,0.308469777898335,0.0780280622205467,0.151397631510943,0.383031703233205,0.245798184654062,0.350405874817548,0.428674079985945,0.268229340191855,0.383116479120725,0.331164493308951,0.196598945911061,0.109672026851518,0.295820054339854,0.0101613558633972,0.100842078821693,0.183000799096203,0.345439877730072,0.148955214357311,0.169615890375731,0.108497402683202,0.339049717022537,0.328785765012954,0.215234919736065,0.102874715997281,0.134923019136313,0.131725358210151,0.235303983481201,0.0870468267429334,0.0753073801038457,0.368748712139709
"26",0.0816520179142614,0.0974065041477278,0.147125081786807,0.0158916965481408,0.207174413353313,0.469844841419333,0.325718186980306,0.179702666802668,0.0987400285570456,0.28006775529379,0.194691725583085,0.0617025330137562,0.288991469638053,0.232713257957753,0.151488562974753,0.297282361224199,0.389745622074725,0.310289621945872,0.376188639586867,0.385187329348643,0.205191220745212,0.439581341238708,0.422209550720085,0.350522794625046,0.17810887527363,1,0.413501460100646,0.410037888105751,0.383574095229768,0.370976985233888,0.286636124576658,0.41864420877396,0.429759962133174,0.214810692356069,0.191412496209989,0.122130238161909,0.367329277911404,0.0132245502950658,0.265978951763062,0.375523769136066,0.190879925140711,0.259310470186375,0.0697531365987423,0.39725149713352,0.325059838142837,0.327766567401255,0.316848876077457,0.0481182017863932,0.110219334285146,0.321277210937702,0.224420890022838,0.303939554133461,0.203978950764291,0.194685981609685,0.216357508885587,0.400241720823399,0.309356744566517,0.454765181391076,0.384146900611683,0.401429926286407,0.284734842476205,0.424047583169402,0.346010154688262,0.0854187798622285,0.440329610129713,0.021611947478359,0.124100734110296,0.379442582829574,0.439681152287289,0.0749785310113548,0.164089887681473,0.115117273080939,0.302907786187448,0.303417718186097,0.301561646422915,0.33929409441586,0.243601723337819,0.392934323115823,0.19967657207968,0.36421108973257,0.312492182836686,0.155568270351785
