"","1","2","3","4","5","6","7","8","9","10","11","12","13","14","15","16","17","18","19","20","21","22","23","24","25","26","27","28","29","30","31","32","33","34","35","36","37","38","39","40","41","42","43","44","45","46","47","48","49","50","51","52","53","54","55","56","57","58","59","60","61","62","63","64","65","66","67","68","69","70","71","72","73","74","75","76","77","78","79","80","81","82"
"1",1,0.579827061286461,0.514937622238899,0.550093515993749,0.486913982988458,0.604962171972905,0.591570266258346,0.537774204939753,0.49902948193576,0.239691366220023,0.663996442181218,0.643370876483828,0.625246967586777,0.605869995673606,0.469547281433301,0.440089470763923,0.629291918930921,0.453317191202639,0.590668876663753,0.613448881585438,0.586475781169597,0.660225522877985,0.660579607705936,0.305978933833583,0.307154329188808,0.349778177799169,0.0128192936483986,0.616135975675351,0.656685075751133,0.635132041549706,0.565910983441432,0.584572407312298,0.604350781581509,0.459855859419514,0.363794380238554,0.139267937934989,0.304203581888178,0.560699498282484,0.308123845864661,0.589259021366083,0.520637054433397,0.191418345107805,0.0955634543385837,0.590119950189252,0.536629963325936,0.538785421329026,0.1701211978289,0.182960166961223,0.142493672135943,0.601808179180355,0.533002094565423,0.234241643573963,0.309953105859834,0.529262661239447,0.5966273384716,0.665014019154442,0.532129948792432,0.635600555107951,0.55678098619436,0.64270582544743,0.644708892622466,0.591645182014621,0.659019722331524,0.28038521174938,0.618400688205075,0.614567348420342,0.531932448726945,0.573032555633621,0.647890072822354,0.55863844200292,0.438853051284787,0.375900481240623,0.597523746854756,0.254302920127398,0.383779351408115,0.4294234001583,0.0413634342060315,0.102055750051769,0.446837263339224,0.201560405353852,0.540108690885455,0.617855775723038
"2",0.579827061286461,1,0.520475717736025,0.604618088453017,0.502825249892016,0.674211113429299,0.699825970663603,0.657146742254492,0.659138988888381,0.175595171924755,0.795886674343888,0.804162708327811,0.722982850060863,0.734085183008457,0.631939943932855,0.555210450360504,0.723074171169469,0.384653080907405,0.665921745567932,0.689074282964251,0.664472179732883,0.767818401803734,0.768223461853076,0.304867629491975,0.373354006000094,0.322514838172624,0.0769623481270311,0.703197973863289,0.716956732028567,0.739281204815638,0.685736625121005,0.599260493526289,0.741139100048543,0.587318734313666,0.322447063924526,0.080899907991129,0.506627686318648,0.748173951197213,0.337516967439644,0.688227750321462,0.646242932183811,0.0995657703531687,0.0089152657093518,0.683398145461619,0.569432597172083,0.735148424406469,0.113551060011813,0.259689010235421,0.157454505184214,0.660688047546628,0.626316590420502,0.169741201369105,0.295098178610859,0.613544633022368,0.681368489541607,0.793903978517382,0.503619634490369,0.76017174722778,0.659772761107823,0.779553115996975,0.666312977933096,0.684297582618149,0.724392153565839,0.216643489861434,0.736551103635095,0.731524220515119,0.579663358133026,0.630833167530424,0.725993761766584,0.56820016953706,0.475974133934654,0.547621239210929,0.560780193395226,0.383219613030665,0.400374966658367,0.577488703609155,0.121787608315227,0.00499407989148415,0.414614285703407,0.202785462332028,0.619244765170035,0.804770528532212
"3",0.514937622238899,0.520475717736025,1,0.669038694857572,0.409407213366203,0.683469104860881,0.65919310419849,0.476845677384354,0.536437916135404,0.513661105416194,0.633805370417225,0.60395046341902,0.647047170076317,0.625603981869169,0.526062747101965,0.510508813571584,0.744164893732907,0.732413311665047,0.698165612938896,0.739520616289117,0.610671815138167,0.713401216850565,0.719933710713498,0.479974433023293,0.637092053532894,0.607453951215665,0.369625944853827,0.716384267062472,0.762434821621273,0.702774164744837,0.682007421869827,0.740006814851752,0.678916582395935,0.464539630556583,0.303319956037738,0.220733053835968,0.280186273120515,0.460099202550041,0.395415994103213,0.624562624977091,0.62474522874457,0.398995254380098,0.302072716604228,0.573338326193228,0.605036197155728,0.613137153447491,0.215459762817955,0.0578891669624207,0.33945482776632,0.766811569933594,0.734012411614833,0.406029252302345,0.570105412960023,0.550635309549721,0.621274814415134,0.666055880522006,0.637981327554123,0.649612111195869,0.728974629602808,0.633318396512448,0.731323789548901,0.678413505586689,0.713308426700258,0.541796105791623,0.637010389804641,0.679091602728102,0.665217083328126,0.627202165023196,0.685247080372211,0.520443259322961,0.470632527009142,0.339670931978078,0.506889814803939,0.0341469618289506,0.432523990560758,0.322302006824366,0.0429177861342389,0.226834568146472,0.564620146916231,0.127892669605428,0.649306017109821,0.603267494545806
"4",0.550093515993749,0.604618088453017,0.669038694857572,1,0.513392201749554,0.67009082221375,0.694040373428373,0.603239406817116,0.560252550206118,0.424145640525041,0.695799520670528,0.664535443078087,0.67210740069669,0.697969814730846,0.596822346582845,0.5388881920641,0.748426284884364,0.622982738210423,0.695871784632295,0.739251400399303,0.636301044504665,0.753577820949239,0.724356175495078,0.450058295948489,0.589286256037426,0.499811662203075,0.325940393399636,0.689474326046954,0.777232934676456,0.712258797306137,0.686697123768146,0.701624142631434,0.693319079684648,0.484344229521309,0.33329237801564,0.210890789012025,0.391079691409797,0.561032168522188,0.452540704198343,0.648396798625474,0.667606654903942,0.347566722594071,0.294071191467749,0.626129978635007,0.623496467664081,0.61307664466962,0.196656786374468,0.110633150398276,0.307954735734649,0.744496359681608,0.685170991606047,0.307115785508682,0.43533675073013,0.5501413985228,0.626394477224856,0.719578841499246,0.609288928638789,0.684025706007604,0.718520295782472,0.683354916013523,0.736668396374646,0.707332159430147,0.706054471296143,0.46379409837346,0.682950907742501,0.710728666452556,0.598238959815181,0.633648620160072,0.701558718346259,0.517584284092661,0.454908726406077,0.391687973906175,0.480892619029417,0.150935672861321,0.458295731697862,0.354958145731313,0.0647449095698026,0.0851517270998211,0.591220567412519,0.158596389207075,0.684492653241911,0.654858140631873
"5",0.486913982988458,0.502825249892016,0.409407213366203,0.513392201749554,1,0.65061036008575,0.52490668658581,0.508365482020535,0.483955850355583,0.305782638609528,0.682174812428053,0.657935154113734,0.670587981042222,0.602227120699731,0.523234794202539,0.433754494724854,0.672677450994734,0.541363795387042,0.588771055294615,0.614139651548756,0.662371288606177,0.638259254428758,0.676491513853827,0.411995780091751,0.377915405636994,0.250818698258519,0.0657293727287147,0.680369977797075,0.649732791443876,0.663741149536457,0.65403475768096,0.630636929473157,0.685223606516025,0.574539763216228,0.423046434316526,0.0643613200395816,0.283234590914865,0.580754628430702,0.351452597877288,0.562023914234539,0.509819819771675,0.0529749940215212,0.146114699500229,0.666212153102771,0.497129387396653,0.564768477193774,0.239839156434089,0.172116395552463,0.156795151629598,0.639891225183328,0.611227159588737,0.27694214050396,0.257863748867138,0.547852029473034,0.613884206648106,0.649375183084635,0.57657570951222,0.693286997505539,0.657085513142954,0.667999804918657,0.637949050966841,0.685512187078494,0.683356423506282,0.380076685228105,0.61173507316437,0.616257781527468,0.573055516584547,0.585692054830152,0.569760531437659,0.623494751627835,0.413984176872719,0.498099203013577,0.584679308439635,0.254280866069522,0.385237174925153,0.405760667914026,0.131803167928906,0.0759080049037411,0.385131081065334,0.250396641861668,0.613494160101965,0.627768847950649
"6",0.604962171972905,0.674211113429299,0.683469104860881,0.67009082221375,0.65061036008575,1,0.736866817805196,0.630067728097364,0.622197523411871,0.437066888598786,0.834834420480132,0.822845293225564,0.786411293773742,0.766125277988503,0.707857746909175,0.60809777513068,0.873864309039165,0.743238510907041,0.800884776127139,0.860950308899889,0.804227561851084,0.868705396554475,0.87440621854097,0.545727238808127,0.588881445710934,0.514098120440969,0.268716651974543,0.866098355095326,0.86424313975982,0.869138143371155,0.834094625537219,0.838200505149641,0.868279962479865,0.628063092988967,0.403993547193383,0.156496138909618,0.354074670153816,0.703304869679514,0.508513515383514,0.760502753076264,0.697413053627872,0.117054448233498,0.270195597219921,0.781739678120492,0.712323079777995,0.771357436101327,0.314968292350745,0.198952429835713,0.263509204030288,0.856285312002303,0.809248688996629,0.384779511393141,0.493177793107564,0.681701832535881,0.778865996921961,0.819881876466486,0.701936223706656,0.871756468014255,0.856456477654295,0.846254606600655,0.845229199656364,0.847240303643238,0.870542231290229,0.503606876897878,0.811724757512098,0.814304909614228,0.768942199486656,0.742028190674603,0.759046002059172,0.736142517011274,0.573932123901616,0.52771184769224,0.663772433824578,0.22083813827543,0.482120137135072,0.482278258536362,0.148051092841411,0.101914400426686,0.629323402035104,0.246653234638214,0.789957289707928,0.80861236271395
"7",0.591570266258346,0.699825970663603,0.65919310419849,0.694040373428373,0.52490668658581,0.736866817805196,1,0.642001077282048,0.618276712132343,0.343180341090965,0.762379651829324,0.752112329894159,0.750061118380074,0.717543554152715,0.62284823952097,0.527789879238967,0.768112164184563,0.574969918733664,0.701141502127545,0.751717727968839,0.673438002283022,0.787243867890509,0.780351359708132,0.405204679951311,0.537057403903987,0.474117004600333,0.207834010212585,0.736485726492022,0.778965943445712,0.786161378717481,0.737857146046808,0.708739328922547,0.754123991251882,0.553164691031853,0.353947155022127,0.14711063601228,0.419005068377955,0.687933942443417,0.424307469562704,0.714474642300592,0.651685600183494,0.194848766997793,0.19064010816918,0.700414667835433,0.629169672044008,0.690100760280401,0.182860074673061,0.232118354152081,0.261066426614738,0.757334643401052,0.69905257419631,0.279779233677404,0.450533874949309,0.588356920889915,0.687075535226048,0.762247441115643,0.592234625757037,0.773246972632918,0.722409856240028,0.744158506873967,0.734152786993894,0.728787375990378,0.758608749364545,0.409971322034124,0.750226489011762,0.742795670892846,0.625563210614917,0.649317835092356,0.762723598392457,0.627210504595851,0.520284050572348,0.504410811939578,0.589018969830943,0.255967841147436,0.466180408718413,0.478865656234609,0.0911313108596198,0.0421777688875802,0.513967236253762,0.162871829152833,0.675050756997842,0.75346455582755
"8",0.537774204939753,0.657146742254492,0.476845677384354,0.603239406817116,0.508365482020535,0.630067728097364,0.642001077282048,1,0.568509765920079,0.185596928145635,0.70831000686368,0.717287613980208,0.694487881458882,0.673803140531924,0.646592609752368,0.503269885418674,0.685525031771956,0.435830133995728,0.641260818851027,0.649859457460638,0.635231398842179,0.721963065415678,0.71521768212042,0.387826119760205,0.39183428084433,0.31548913661164,0.198534646138199,0.677266749343734,0.695146836940683,0.711573105296861,0.695920723037137,0.643017114384257,0.712572885769129,0.534196178068152,0.262096512523136,0.0977276569505202,0.46538688250039,0.698155053380665,0.386341404429848,0.600732136088707,0.623372928328058,0.099085545837302,0.0819842454463184,0.636169468831189,0.560526541745451,0.667600158665142,0.209244446609529,0.267024165494973,0.219344325301352,0.658513318395026,0.625268349784829,0.195714691378536,0.273585244013916,0.524288463332094,0.610933547139862,0.726796485347057,0.529260164356167,0.755483212327677,0.644631543622664,0.748191604752061,0.65910184880915,0.689862064038778,0.696541280548779,0.307567792979972,0.703100187261951,0.648873667765927,0.566566911236733,0.580010424665312,0.701787676162305,0.537646306650612,0.434681109340314,0.46549993558176,0.518560968834429,0.361070548911009,0.408632263785866,0.359733732464573,0.134388393097255,0.00137982296037673,0.426407971329207,0.193345284307521,0.632484843177892,0.766251339246609
"9",0.49902948193576,0.659138988888381,0.536437916135404,0.560252550206118,0.483955850355583,0.622197523411871,0.618276712132343,0.568509765920079,1,0.233413317618875,0.688610193937312,0.705596936688388,0.63184257609824,0.667682756900198,0.5405565326141,0.462886662303878,0.648421470368194,0.420863877717542,0.633759351556111,0.615461827336926,0.594008454891542,0.672203145504176,0.683558555407232,0.307786181510961,0.432127099329496,0.324539867771615,0.0593495464301111,0.652150674617723,0.668594437358003,0.685979259903672,0.628215963507204,0.575347071305747,0.682592606379275,0.51004458299861,0.309920455774604,0.124925658221951,0.411985318037195,0.601993156267015,0.33379643141381,0.565978634482341,0.570779242334918,0.132771447967948,0.00989994833827365,0.574016378398848,0.530835265398918,0.633060668221724,0.171063843067455,0.269233302677906,0.113075855902761,0.620925481035836,0.612632471430658,0.244950029839295,0.328174930945318,0.563140208344217,0.607985195106306,0.705971592634093,0.526699973950225,0.669392499780882,0.627351168313988,0.665203320473989,0.617215114087726,0.628113682797249,0.654008491831862,0.255174244744729,0.663875876353473,0.643799132022896,0.591544905209245,0.532415455200078,0.647087550787189,0.503191336948741,0.427536754198473,0.450406032407638,0.496438302180426,0.291070038205377,0.363517225286669,0.482538162197587,0.10116312041313,0.0964001906167507,0.388434109481125,0.17923671048235,0.557316439985021,0.693790453826515
"10",0.239691366220023,0.175595171924755,0.513661105416194,0.424145640525041,0.305782638609528,0.437066888598786,0.343180341090965,0.185596928145635,0.233413317618875,1,0.381393832324446,0.304400809786258,0.390941182544636,0.375417607281305,0.305449258628178,0.269551768428866,0.516036101954736,0.690720168069986,0.452849625934989,0.545371268908328,0.442414127909945,0.437989611822216,0.44225929522056,0.498673252376299,0.548548237771696,0.537744964855083,0.410261510669248,0.477242462477828,0.544124647126931,0.423188882508789,0.48801889793922,0.594089272577621,0.420726310837354,0.256175571115633,0.262649128894587,0.215755203742723,0.0262838248244525,0.122845649058816,0.312405471759768,0.365470186744905,0.366647585972206,0.418043959633133,0.386716070939889,0.330806519178713,0.393799498393568,0.26901255428998,0.301050404367495,0.114486189311859,0.320176423056035,0.599774241259612,0.480141240834076,0.312273727548705,0.564338473714036,0.4116257847045,0.380137284934736,0.361104092710369,0.524108571407913,0.365734853232433,0.542593511849064,0.366498846651058,0.595880006448397,0.494442268102933,0.473160072994225,0.60738967253928,0.390424906447009,0.459009211279704,0.474336588020672,0.444058438221177,0.401488730106405,0.346684684632541,0.340951548344692,0.179903893062322,0.30403569155561,0.213048526497001,0.199529502610966,0.0654132267322732,0.00913768603371627,0.195205300579553,0.465440449679233,0.0476687857389355,0.488473386438777,0.280143667722054
"11",0.663996442181218,0.795886674343888,0.633805370417225,0.695799520670528,0.682174812428053,0.834834420480132,0.762379651829324,0.70831000686368,0.688610193937312,0.381393832324446,1,0.900207966322471,0.862537427952365,0.840191869321373,0.733266256056829,0.61156764366315,0.871278910902771,0.609105653895584,0.798386487855132,0.833149720050719,0.831137940208118,0.901946766602413,0.901202369351947,0.504392471597231,0.540701759306224,0.418066991403804,0.177067984113604,0.862746582731303,0.875918137963198,0.879605356947614,0.841359628676083,0.815241509240105,0.878047637346798,0.716630723641058,0.426146621262108,0.12490090937099,0.435566322046273,0.78887230158319,0.418617130432813,0.745040726937531,0.740199960335989,0.113279986881531,0.149534554616898,0.807694118126991,0.686915798976786,0.76713044523509,0.229347960705655,0.229908554830765,0.1869824826786,0.836473187196386,0.793230730078041,0.284767598809792,0.430093069334971,0.701790689687186,0.791960829377833,0.897872429676407,0.698087688733085,0.892626175192975,0.833289657067692,0.90215837044413,0.837190652093408,0.860350211702802,0.883784574669615,0.409716357142223,0.843641104466935,0.842947724676354,0.769235661977843,0.773119005286923,0.822743336983431,0.726908977447649,0.580653934340716,0.610754792380972,0.703123178086244,0.359661576768247,0.493936296608023,0.568753184969973,0.145113164028658,0.0445411436784243,0.537632062812133,0.243212643644108,0.776951977198309,0.884017719223803
"12",0.643370876483828,0.804162708327811,0.60395046341902,0.664535443078087,0.657935154113734,0.822845293225564,0.752112329894159,0.717287613980208,0.705596936688388,0.304400809786258,0.900207966322471,1,0.856456282001807,0.824777679909703,0.736411980334704,0.583123350859201,0.867659274226663,0.566177860050697,0.808395207532388,0.82998510618361,0.824589134248804,0.871380495983788,0.883154291321012,0.483459337669254,0.503476363511966,0.378923024924906,0.14103556758171,0.858417644752036,0.843040309034147,0.88439538844335,0.837927272332598,0.782435877270526,0.884187440844368,0.69246998853862,0.411337535442359,0.123632733962366,0.455492973447615,0.806872815248443,0.430385221799024,0.75273079356167,0.702250100991263,0.0309796478253361,0.144013204943912,0.803181216447463,0.681739717216634,0.791178051204519,0.209312701653809,0.264515400367116,0.171499461606825,0.812179951271087,0.787847909911194,0.242074611208771,0.409178880670843,0.674647830622747,0.795868064278729,0.890502694450791,0.687816585364516,0.901350570274895,0.827136222268001,0.904691823600669,0.799883659323084,0.850530351930414,0.880818437876542,0.366064964667085,0.838730184915613,0.829813133291666,0.751936973801986,0.729416028078944,0.793104163092486,0.71491163362963,0.557248693917317,0.631073005658576,0.705676575982999,0.392863707756983,0.493251028297162,0.566979118571444,0.152845594063257,0.0535409182365708,0.498335067190814,0.251612159868133,0.753841794752726,0.879866897671826
"13",0.625246967586777,0.722982850060863,0.647047170076317,0.67210740069669,0.670587981042222,0.786411293773742,0.750061118380074,0.694487881458882,0.63184257609824,0.390941182544636,0.862537427952365,0.856456282001807,1,0.802643902438129,0.713710866913327,0.575715283872601,0.850414872309466,0.629022064251744,0.787153809228726,0.805737492509212,0.799825300332178,0.857385478658446,0.85570599161776,0.506358101379208,0.542776838442116,0.40086020601798,0.243507436285014,0.85223796458884,0.858171553075851,0.861756060845859,0.828068638295593,0.801164995885203,0.839346274757988,0.702168854918349,0.408851409423477,0.126569417620108,0.446728462817384,0.741157638051672,0.468346862422096,0.737304308899118,0.647129182002853,0.141279440875621,0.165212854574706,0.779575550535993,0.696286454110628,0.716323255954416,0.22164904989625,0.231231970812985,0.237010489822588,0.796075479039022,0.783723563169898,0.28405243896314,0.433185177127124,0.684164603533921,0.766302482580724,0.85314756255039,0.692481399487782,0.868411656419389,0.810853882985269,0.875541082383392,0.791991476787986,0.834673906783597,0.872080951968792,0.411750645101217,0.790386533934548,0.833838496075059,0.718717791525723,0.73162185021751,0.800091605446741,0.688277401920803,0.547614346402998,0.553472000897893,0.708965459036954,0.314310120229194,0.521744826400125,0.498048633051603,0.176860277722351,0.100227986259828,0.545161701964634,0.22753049743759,0.760666031794911,0.836824848837638
"14",0.605869995673606,0.734085183008457,0.625603981869169,0.697969814730846,0.602227120699731,0.766125277988503,0.717543554152715,0.673803140531924,0.667682756900198,0.375417607281305,0.840191869321373,0.824777679909703,0.802643902438129,1,0.688774194579224,0.517088426886676,0.817027393454668,0.595174056278257,0.752345086833134,0.792758446601053,0.755238932994576,0.836080542388585,0.834386689202858,0.484943141386279,0.551413937372983,0.423579225672729,0.276118809034278,0.80898972868153,0.822261031124692,0.841581900330877,0.806963416081495,0.77081063626907,0.830562515088989,0.622771899474893,0.35005720955931,0.130919700955274,0.449342745896865,0.721318402378318,0.432885092516005,0.702690128967435,0.691871672195138,0.139812540527456,0.195456858483093,0.726249102140521,0.67170865211903,0.722331887582455,0.181160262068394,0.209836016966829,0.236141164209216,0.800882156056322,0.779441490748698,0.275255856831693,0.413880794452977,0.641551622626172,0.707815174723178,0.849785762807797,0.664240621800953,0.816789321611765,0.781912964464912,0.819638693184222,0.777048427285539,0.791069076288726,0.815567389599496,0.413926213122536,0.763897648148137,0.776754274573418,0.685110941776009,0.714291029497769,0.777892037944101,0.645084764885329,0.524383277296276,0.567711286607436,0.59727366033777,0.263950127057174,0.486624333587759,0.463267164442274,0.0979125399546528,0.085125892587499,0.481731513027906,0.2191406904701,0.732372800654831,0.79248018234608
"15",0.469547281433301,0.631939943932855,0.526062747101965,0.596822346582845,0.523234794202539,0.707857746909175,0.62284823952097,0.646592609752368,0.5405565326141,0.305449258628178,0.733266256056829,0.736411980334704,0.713710866913327,0.688774194579224,1,0.535928556961105,0.723873381003421,0.526071833589837,0.656593702332157,0.745302319110658,0.69817271536884,0.746677276030732,0.742751874054044,0.463065800534027,0.492366733566822,0.337577084595721,0.299427387998098,0.737739975170269,0.732067674243372,0.758950503240508,0.741488392387876,0.699022537584271,0.764481399398011,0.546669818829856,0.267799058141591,0.0875015963314257,0.454097649227447,0.679948793245724,0.370085765020851,0.626283810995347,0.635667199775668,0.0318573629527842,0.209827768368634,0.671014118389335,0.607256022057476,0.676060313662819,0.201163822630896,0.190162553942042,0.192731240971835,0.70495212351316,0.693288452583264,0.170461295483094,0.37652372231681,0.532963158750787,0.646160266391937,0.741401050685157,0.541356018231711,0.771959765143663,0.704169437636414,0.774895572427314,0.677917691739785,0.728090257179363,0.72780083814693,0.381817791290291,0.747044800683032,0.676876502999346,0.626043656859969,0.620197975271609,0.694278194921725,0.57027819655832,0.516595188881478,0.503879778487678,0.511692193823345,0.303016975147607,0.420175158864153,0.32341416262435,0.166517050412801,0.0434554162385005,0.422563669412394,0.203864936085114,0.675159137396612,0.757727164147452
"16",0.440089470763923,0.555210450360504,0.510508813571584,0.5388881920641,0.433754494724854,0.60809777513068,0.527789879238967,0.503269885418674,0.462886662303878,0.269551768428866,0.61156764366315,0.583123350859201,0.575715283872601,0.517088426886676,0.535928556961105,1,0.628086431502376,0.48536574941793,0.579070688018348,0.596794269182363,0.561950347903112,0.649693005319639,0.647327177622892,0.424249630961048,0.426904166136359,0.357005594916439,0.0933770468739075,0.603944411653841,0.642451228502793,0.602206590006232,0.600581617002696,0.590366898890162,0.628706597669241,0.413819131061089,0.319399379723702,0.0838646523509696,0.318656613123994,0.505177313014109,0.349334332633315,0.528827946090135,0.532023266194973,0.181767645178555,0.151086029480713,0.565488228623097,0.509944172587867,0.559764398811726,0.170108410783309,0.146432379920412,0.141738941540383,0.606379096439382,0.587463049912411,0.206787948519754,0.364158765639328,0.487681767984468,0.554687927599044,0.626626823606606,0.513177180866827,0.64440487225306,0.596095687455851,0.62075493978625,0.607246137869593,0.597379432670743,0.632938359471571,0.324993646190629,0.58628194505959,0.589486054887176,0.55632194141482,0.553899670096221,0.561654404215136,0.500624971683264,0.329008434397912,0.317703838095045,0.503759789262698,0.247094365771248,0.421393778341925,0.429535217202716,0.0793097154583375,0.0837045660857427,0.467009724227548,0.239918166901618,0.584178932630042,0.64760311054933
"17",0.629291918930921,0.723074171169469,0.744164893732907,0.748426284884364,0.672677450994734,0.873864309039165,0.768112164184563,0.685525031771956,0.648421470368194,0.516036101954736,0.871278910902771,0.867659274226663,0.850414872309466,0.817027393454668,0.723873381003421,0.628086431502376,1,0.788286013579455,0.857936774883074,0.898206640863019,0.837858905417432,0.906601463504528,0.92117443164009,0.595370102445974,0.655201965283081,0.550579729224527,0.315509145023881,0.920790350847268,0.918460701398998,0.90752951125583,0.890228495424789,0.891522546541249,0.909217527981059,0.648777465727074,0.435509771506083,0.183833004479393,0.390429171892636,0.709094251037267,0.480724432826994,0.748198710601262,0.737769547020247,0.187598021964208,0.295828892223231,0.795146155635437,0.731687719006511,0.77937654360863,0.278887350669345,0.151640133728844,0.324723400412253,0.902708948768389,0.872349818878637,0.383926637621991,0.548824811424334,0.729315083816765,0.799711755886004,0.875567488498532,0.781152535639954,0.891074076017326,0.915928544818013,0.87764251837006,0.906976260928776,0.906938421688553,0.93281469308181,0.572525193242316,0.838780707249354,0.871357959756853,0.80105701253576,0.805954660411373,0.814662795391842,0.711815357353726,0.556343246299983,0.576002655645165,0.728646963761555,0.231338539363266,0.513853565054268,0.482725735754985,0.120771065769795,0.168137468987894,0.616254407019353,0.273986766902317,0.835213121138334,0.843420208501181
"18",0.453317191202639,0.384653080907405,0.732413311665047,0.622982738210423,0.541363795387042,0.743238510907041,0.574969918733664,0.435830133995728,0.420863877717542,0.690720168069986,0.609105653895584,0.566177860050697,0.629022064251744,0.595174056278257,0.526071833589837,0.48536574941793,0.788286013579455,1,0.724437986354291,0.778813714017745,0.686670778101866,0.726198771291155,0.730740651339634,0.674769782201773,0.698393985236299,0.68129405225107,0.47756770399592,0.762870156945688,0.793627389063967,0.710184168215429,0.747318491698673,0.814730362694787,0.692585659031182,0.442942530616693,0.365294837030375,0.228349339605207,0.162730114716051,0.393545208109157,0.485742231012456,0.60458211762453,0.558212766666787,0.363822646998338,0.440785523715265,0.592790845718123,0.665485102859469,0.562243284556169,0.325681693149188,0.0226946228268637,0.426550521722975,0.820430135623182,0.761287882156731,0.536068880077584,0.61910330946315,0.573817269642572,0.636343248771647,0.627160898968673,0.743548341750812,0.667393635072121,0.819730776172925,0.628930837237971,0.822131896782153,0.7743282507241,0.755324994199488,0.726138363992925,0.637178162026378,0.712604004150299,0.695155058917745,0.683894011702209,0.609546309523902,0.593464429825364,0.484881545119869,0.378162245909526,0.54840280514051,0.0856376835877577,0.446872943188248,0.228173295836664,0.109183021912787,0.301946495088009,0.659620292971385,0.169195326893964,0.721133472045304,0.531871452063929
"19",0.590668876663753,0.665921745567932,0.698165612938896,0.695871784632295,0.588771055294615,0.800884776127139,0.701141502127545,0.641260818851027,0.633759351556111,0.452849625934989,0.798386487855132,0.808395207532388,0.787153809228726,0.752345086833134,0.656593702332157,0.579070688018348,0.857936774883074,0.724437986354291,1,0.816764551681011,0.766220375873657,0.852990313723035,0.845272182361021,0.533346890097501,0.598648143088575,0.569583054768709,0.298802439808426,0.825715794264363,0.852023392913978,0.841740339742936,0.817286974673629,0.814717287180273,0.818344410350254,0.577667562805423,0.403059752398812,0.164114191490433,0.380687200486387,0.659243104348171,0.491746541769862,0.720141318321457,0.693509025900128,0.225571726171888,0.294748021619659,0.727549385363607,0.624745975507577,0.715230532703188,0.216265803943548,0.147369839095382,0.246526917090665,0.847099315190083,0.800052623131736,0.376210606458749,0.516624903139357,0.637748079732972,0.724147156176889,0.80307015814037,0.709843058483252,0.825609061947987,0.835936074039878,0.824319503214546,0.818862584662059,0.836748904020361,0.842840070468457,0.507662237475749,0.786498459202622,0.832081892909958,0.746400103470298,0.702829016317722,0.745226337655429,0.656019220028069,0.526439173339778,0.533672958631876,0.642226434989935,0.232836856144598,0.526279309576433,0.450408733506037,0.154065738522555,0.177314559700041,0.605218853093691,0.177785807588351,0.765419651881701,0.757292435102851
"20",0.613448881585438,0.689074282964251,0.739520616289117,0.739251400399303,0.614139651548756,0.860950308899889,0.751717727968839,0.649859457460638,0.615461827336926,0.545371268908328,0.833149720050719,0.82998510618361,0.805737492509212,0.792758446601053,0.745302319110658,0.596794269182363,0.898206640863019,0.778813714017745,0.816764551681011,1,0.816353819917813,0.885111396484073,0.88290432689379,0.58468551543862,0.676357910925229,0.54580597682864,0.394167560426059,0.88795334554364,0.902729246309914,0.878655211998392,0.870130559892381,0.86965960107348,0.87397761647834,0.608214191309412,0.390697002233205,0.176290524888111,0.364495243990215,0.70520339497888,0.508530775892546,0.76225731757243,0.718773343443211,0.232034677974126,0.307908972676368,0.768976695955893,0.741001610249166,0.771766845283685,0.294978064522933,0.155181280450828,0.328221220709274,0.889544946582331,0.828269262338576,0.362452590154157,0.555392194594682,0.680031857318205,0.763437115348791,0.846416325477371,0.723563938689344,0.871780092667427,0.875715288271782,0.850727227347617,0.86557253841867,0.879927975467078,0.878526358676799,0.572587904529864,0.814235847736799,0.840947977738216,0.780580532902058,0.79466194183384,0.812895695164796,0.704810365592102,0.588937933418819,0.550530535322138,0.627163186532639,0.160816310309743,0.500460966185086,0.434886376995504,0.110318141615268,0.132793666349138,0.617131737721842,0.225194109580548,0.801439125189433,0.812987267293283
"21",0.586475781169597,0.664472179732883,0.610671815138167,0.636301044504665,0.662371288606177,0.804227561851084,0.673438002283022,0.635231398842179,0.594008454891542,0.442414127909945,0.831137940208118,0.824589134248804,0.799825300332178,0.755238932994576,0.69817271536884,0.561950347903112,0.837858905417432,0.686670778101866,0.766220375873657,0.816353819917813,1,0.842214837312361,0.850084773792396,0.563667019420418,0.55637917577612,0.461546199399993,0.229943303737325,0.842644749009468,0.846332697702689,0.815475118682105,0.819599894261695,0.808777817405964,0.832167131844394,0.613008775885796,0.374942339142538,0.151115043085137,0.362149088791293,0.679559372268222,0.450344176490598,0.689842116234079,0.674639279803352,0.1166382542073,0.252743985593505,0.749859293724684,0.691484062032875,0.677477942120075,0.238703010794956,0.185068549803675,0.253081736651551,0.84104021096538,0.760271101666382,0.347021780009488,0.458360743169827,0.654619750782916,0.747776484189303,0.827768833421756,0.72008089448465,0.846266632589001,0.826981911657113,0.834114276644143,0.817127611599552,0.841009207258715,0.855643796633557,0.511471599104019,0.789449764771912,0.793238667052074,0.749234553176003,0.732314287481523,0.754056077543004,0.683407635013759,0.562489946741043,0.55804555374146,0.670575873967962,0.271437429945048,0.478843600470423,0.4684471647397,0.188586692264681,0.100396676102676,0.557346089369113,0.243445563784014,0.742630254072071,0.800473957744914
"22",0.660225522877985,0.767818401803734,0.713401216850565,0.753577820949239,0.638259254428758,0.868705396554475,0.787243867890509,0.721963065415678,0.672203145504176,0.437989611822216,0.901946766602413,0.871380495983788,0.857385478658446,0.836080542388585,0.746677276030732,0.649693005319639,0.906601463504528,0.726198771291155,0.852990313723035,0.885111396484073,0.842214837312361,1,0.923386499217643,0.591808605045149,0.620383319919071,0.536057186073409,0.28037629451621,0.885385146987325,0.92005426440495,0.901604891839234,0.879652639531799,0.864678770370257,0.896940594105401,0.668083665451132,0.41801738848481,0.180095606038692,0.429494646390685,0.758266505045829,0.480970811318642,0.780718755908762,0.743556581259459,0.197357097293665,0.253198243154601,0.789680866534507,0.735194872637199,0.796158440721916,0.257346499874238,0.204728747955076,0.279406729042442,0.891059341452928,0.83140757100634,0.358864418765893,0.486036182177966,0.709549581878218,0.798247858149096,0.895226888876042,0.745922565071763,0.910429242037791,0.871003523694157,0.896822523128516,0.882676375040745,0.891175086173853,0.907049676511062,0.497588298372258,0.863614435507383,0.861473560996735,0.796997758363178,0.77285424764459,0.846842895786558,0.734867390071576,0.59531667395785,0.572721316616391,0.716537636458181,0.293641769715775,0.546207989407481,0.514715949269077,0.145773184646216,0.125239239554089,0.6327308009926,0.214300364013332,0.825919837389715,0.870478937632682
"23",0.660579607705936,0.768223461853076,0.719933710713498,0.724356175495078,0.676491513853827,0.87440621854097,0.780351359708132,0.71521768212042,0.683558555407232,0.44225929522056,0.901202369351947,0.883154291321012,0.85570599161776,0.834386689202858,0.742751874054044,0.647327177622892,0.92117443164009,0.730740651339634,0.845272182361021,0.88290432689379,0.850084773792396,0.923386499217643,1,0.552217213552562,0.604784357699153,0.514929576076979,0.252551149470023,0.893158464054418,0.908880138768179,0.914621243338688,0.881937887659769,0.867554804116465,0.906968055622015,0.677393318277594,0.4451310166317,0.190110883788364,0.433737009049314,0.770617522435666,0.455376178447155,0.791516195446984,0.762818258980106,0.17802659066948,0.232473071232757,0.813542952672125,0.741534357121303,0.799145544247619,0.258725002606022,0.194979529688678,0.239689448819763,0.893456052190015,0.847619373641144,0.377561570214332,0.480637534308762,0.710931317618517,0.800743983636603,0.891684235653967,0.757935200516294,0.90920653946779,0.882245292328469,0.903749623240551,0.882995912070942,0.891850718145739,0.917720675329129,0.514729871073561,0.870804444503007,0.870585954745692,0.803742847441031,0.800852667426321,0.823866340857365,0.741956272052034,0.557110313748939,0.582227403816841,0.725219891788672,0.28403781835531,0.537343492544763,0.534183885498316,0.129568762345875,0.121914871570265,0.629017428188246,0.257556817140909,0.827890357604133,0.885338478803326
"24",0.305978933833583,0.304867629491975,0.479974433023293,0.450058295948489,0.411995780091751,0.545727238808127,0.405204679951311,0.387826119760205,0.307786181510961,0.498673252376299,0.504392471597231,0.483459337669254,0.506358101379208,0.484943141386279,0.463065800534027,0.424249630961048,0.595370102445974,0.674769782201773,0.533346890097501,0.58468551543862,0.563667019420418,0.591808605045149,0.552217213552562,1,0.496945563773584,0.452771258403404,0.352106779014805,0.577399960945712,0.624752354140878,0.551233429521311,0.598609789753371,0.64184833034809,0.574337701759697,0.377934471653732,0.302753277136438,0.106487331408504,0.105383323802506,0.31182151732005,0.312362516568584,0.469347749372708,0.439188828200461,0.212780923306635,0.330504387849684,0.479795549161216,0.53309569217709,0.417166895593518,0.26759924172175,0.0344768870005363,0.291025414403403,0.628715378173278,0.581474187818687,0.365482009761327,0.418955205092948,0.421621704728224,0.478094286567246,0.475749327255641,0.574371076926675,0.54854836494007,0.638190579236683,0.504979415692847,0.635303290932577,0.605826501871758,0.594032723590208,0.550758776171293,0.488273362299071,0.522181316396681,0.580952638825422,0.538079221591981,0.475494567096733,0.434787162543488,0.363888541528139,0.28449319560516,0.406513269415853,0.00718199813173918,0.320496615630237,0.18454006248632,0.122132180233679,0.197595465533058,0.434020431120311,0.213336762601308,0.57551615471864,0.444104701337743
"25",0.307154329188808,0.373354006000094,0.637092053532894,0.589286256037426,0.377915405636994,0.588881445710934,0.537057403903987,0.39183428084433,0.432127099329496,0.548548237771696,0.540701759306224,0.503476363511966,0.542776838442116,0.551413937372983,0.492366733566822,0.426904166136359,0.655201965283081,0.698393985236299,0.598648143088575,0.676357910925229,0.55637917577612,0.620383319919071,0.604784357699153,0.496945563773584,1,0.531268429520394,0.467289663209395,0.636745039035841,0.685394000523152,0.602231193266887,0.653130230469769,0.675329100419074,0.608385572284261,0.381588984318202,0.236030018142073,0.186607122337232,0.241831272502413,0.345009130424378,0.421554483418072,0.47872455935692,0.502416031610915,0.310983805443976,0.375348128665019,0.46740797094017,0.521569863236089,0.511820373580085,0.212891101948805,0.0205789183955943,0.345227832960151,0.679761018160721,0.672270155146482,0.35220104263251,0.551358466616589,0.453858793460639,0.514842906040743,0.563073429246273,0.558822720910159,0.5684149496885,0.676063105781127,0.527610902677895,0.648727038113621,0.640384483885261,0.606468563978872,0.543294269008693,0.557876280083807,0.599297039494553,0.578000037036057,0.574038111138373,0.567278998883955,0.450181537087337,0.405072159947117,0.306808780231212,0.403288135084904,0.0104964937220853,0.367912108471007,0.180007756758806,0.0497343647493803,0.238852572536801,0.482084657401569,0.0478571706778459,0.589385028635712,0.486189741577022
"26",0.349778177799169,0.322514838172624,0.607453951215665,0.499811662203075,0.250818698258519,0.514098120440969,0.474117004600333,0.31548913661164,0.324539867771615,0.537744964855083,0.418066991403804,0.378923024924906,0.40086020601798,0.423579225672729,0.337577084595721,0.357005594916439,0.550579729224527,0.68129405225107,0.569583054768709,0.54580597682864,0.461546199399993,0.536057186073409,0.514929576076979,0.452771258403404,0.531268429520394,1,0.424757134954786,0.516259639946169,0.574282579242558,0.501899014934977,0.490842133703156,0.580294319873281,0.468270005786834,0.244606244491925,0.199293002532507,0.278966497374863,0.171581985189563,0.240842540318223,0.358344539229032,0.431165115213865,0.455021190278289,0.380358366002044,0.416063743927446,0.406770733905889,0.428042170150821,0.416414710050242,0.223202283832455,0.0115138470533021,0.372302942375663,0.633016400113838,0.549787604563245,0.421416516869826,0.606451125175396,0.394191220418826,0.400051400253617,0.454864840647685,0.497250444127509,0.444693335442716,0.546479390042715,0.412610685335724,0.601117979439276,0.5405960196434,0.500935346849317,0.48689188750746,0.484333826775858,0.499969665533482,0.519732180169021,0.450447156007191,0.458376342507137,0.371230517214458,0.376283188266715,0.186714510664349,0.328348740435305,0.0986703876109975,0.392058588188718,0.111897973002195,0.0201568095193969,0.178119542664287,0.555056118635885,0.00833532194835374,0.523063905661823,0.356994004474024
"27",0.0128192936483986,0.0769623481270311,0.369625944853827,0.325940393399636,0.0657293727287147,0.268716651974543,0.207834010212585,0.198534646138199,0.0593495464301111,0.410261510669248,0.177067984113604,0.14103556758171,0.243507436285014,0.276118809034278,0.299427387998098,0.0933770468739075,0.315509145023881,0.47756770399592,0.298802439808426,0.394167560426059,0.229943303737325,0.28037629451621,0.252551149470023,0.352106779014805,0.467289663209395,0.424757134954786,1,0.324180296313516,0.354369632771892,0.276143101312734,0.348441199325974,0.375656179496665,0.28406557889719,0.11303680836238,0.00556456921100629,0.0980686399496039,0.10079698906439,0.0955476738775642,0.26353281459312,0.246145074759792,0.220980489211312,0.208335898853336,0.403238038259186,0.173693951034173,0.303901244780418,0.228539265892325,0.0903745465523058,0.0947748642296783,0.368341663913422,0.388942811919957,0.390658990702007,0.235254479567145,0.367081703241209,0.16262793453076,0.151032449780423,0.235192510312608,0.209320700329382,0.237589807553766,0.335015342528618,0.198672786578971,0.298983030012968,0.355633277146929,0.238475545512958,0.458805229334437,0.255173558361191,0.261099069290143,0.290878121686268,0.244601182182827,0.275226633812936,0.118505988628544,0.251872423169125,0.092524749607543,0.0436129830269268,0.233691118175735,0.180567110908821,0.170317935447837,0.052060510157334,0.1104465047208,0.275342604262,0.0258297509826998,0.326266714817075,0.160629864804982
