"","1","2","3","4","5","6","7","8","9","10","11","12","13","14","15","16","17","18","19","20","21","22","23","24","25","26","27","28","29","30","31","32","33","34","35","36","37","38","39","40","41","42","43","44","45","46","47","48","49","50","51","52","53","54","55","56","57","58","59","60","61","62","63","64","65","66","67","68","69","70","71","72","73","74","75","76","77","78","79","80","81","82"
"1",1,0.103909144639009,0.14299486564267,0.154054961937519,0.0544573375857257,0.0411703035004549,0.10518364864911,0.0375875232807607,0.0346464859651879,0.0613341839294409,0.0212542351843457,0.0103399146207921,0.219669864349457,0.1111754272516,0.101223822783695,0.0536213576773284,0.264654823047416,0.132148396085604,0.225526038339922,0.130176719872969,0.102626972246283,0.19844163109101,0.215526001993636,0.124575376072802,0.131707317019553,0.0810478895518538,0.0911987515466841,0.212164448203746,0.266414645153745,0.048002829452867,0.106123604406106,0.105853989699754,0.148791327567659,0.043617579938094,0.00499082789992018,0.0386696954480709,0.0558788637024083,0.0677750828354427,0.0863295268952395,0.142495475399002,0.0515501724701371,0.0411367895094668,0.0837311138952893,0.116177277476513,0.0250250377947865,0.0952631529389565,0.0741002779062633,0.0161416251247708,0.177870387972547,0.160058927012864,0.225620704657036,0.0460708171234332,0.0484644751365162,0.027321050873518,0.0167554478289048,0.170500275233721,0.0491673778574233,0.203626758700308,0.174881156804664,0.176091695402309,0.102241283646294,0.241333538978264,0.216156276018356,0.111098661399234,0.158193656872176,0.222360328807128,0.0686185381865844,0.0646512230863961,0.131195384981956,0.113275579024941,0.180184476054786,0.000687843451751068,0.00295290246219949,0.0606744332661825,0.0277014854261385,0.123293176045114,0.144733062157808,0.129756406977289,0.0125694505698776,0.0163507546657357,0.0704064545935517,0.178380994549466
"2",0.103909144639009,1,0.160549679238501,0.127372998040038,0.226871396435424,0.0729561241056388,0.110155460287205,0.192578057021548,0.243728619345336,0.0234400689016079,0.0990692077770469,0.0921982574156269,0.270439258304006,0.175069206470977,0.11841835093565,0.0795183293414634,0.195321840434151,0.0808394911049442,0.359939478836181,0.116137190523226,0.104849110699508,0.230054063888528,0.285031683375035,0.14355871019045,0.122740075167357,0.075690532051617,0.0388634322588481,0.166103735670002,0.221023987759819,0.0752113357167057,0.299665536632898,0.0743132241024392,0.263172536493509,0.214170070547849,0.224180001399216,0.26211974295491,0.18626605191518,0.123200318981599,0.141872646789157,0.0408385820976283,0.20728800219749,0.110930103739846,0.137527943465133,0.121167229525612,0.0090956909651013,0.15662219509033,0.0836937662714251,0.114225882414453,0.229589714370399,0.325064413031748,0.0979370674509195,0.0591540639432082,0.028554722208479,0.0250950023199295,0.0354118796817883,0.0313598313698911,0.0730333242086421,0.132194972675766,0.0187001082237424,0.108535749754307,0.0761495042672267,0.234939309396255,0.163426798408816,0.0893385030999243,0.0144175717033606,0.370688100015262,0.0491511542074392,0.0986793326053591,0.126465778958906,0.221350844480364,0.120690902018845,0.047010333872482,0.029630485263331,0.109242833270219,0.0107209268454109,0.0874375287957462,0.170545571529727,0.244944747544252,0.109944971195361,0.0519315627398657,0.0110992036215965,0.0126674043795186
"3",0.14299486564267,0.160549679238501,1,0.261023403499673,0.0805247550265968,0.139882526734232,0.0293191213846296,0.0824557252620106,0.152102791961498,0.137956726101763,0.110845721314372,0.110447575504685,0.265677643095787,0.177938877679577,0.0563956042774245,0.0727206940834992,0.175777226724605,0.0501238539192952,0.241337425798353,0.0192831141024457,0.0546469125435529,0.121290113378554,0.19593244901891,0.0468436035480085,0.065429174064345,0.159340164183266,0.00205290287547453,0.17621511935315,0.210182812392502,0.105050208322262,0.131933718698824,0.0178933427656786,0.0827883781828707,0.0439048031344946,0.17724177991691,0.0578691545750145,0.0861509649870237,0.154972456350106,0.0459912805244415,0.126462281328603,0.219421283413638,0.168324620630387,0.218565106160565,0.0777211560226253,0.0226350574942924,0.0980598006170431,0.276976899394741,0.0431687495953543,0.280408531491516,0.209362473956576,0.171957608964046,0.164123047180428,0.0604386296494415,0.0767641479554217,0.154028507095139,0.193957627666773,0.0844941741255947,0.0896626902640038,0.0869598409831127,0.0777304308022413,0.0378362338599646,0.177990052837843,0.0982216481163549,0.0925360209422542,0.0356385089703616,0.290486606140951,0.0137719771725775,0.0442139371513912,0.0647385001536797,0.150864221576602,0.0208727724878667,0.156222718572357,0.020744920904095,0.0732505138675161,0.180845165060631,0.140345271826221,0.261912156238335,0.184545284159544,0.0457033925695294,0.053430632314573,0.115235666745272,0.007906173107144
"4",0.154054961937519,0.127372998040038,0.261023403499673,1,0.16463458027308,0.169069642423106,0.0804755941454041,0.199090849358069,0.26196261053474,0.100705568639465,0.140653485077354,0.141959698794666,0.308503817635105,0.27211086184465,0.107064999941523,0.0914962725996362,0.24113666730059,0.0899988698177111,0.286910998840717,0.0509111730989213,0.129151277463218,0.157129028063962,0.33289638808053,0.0168610300487583,0.0586853432212997,0.104884589305711,0.0636506975857471,0.243484706902512,0.33028183028831,0.173180272181004,0.183338830785944,0.063985494733287,0.203449545815843,0.113832893012494,0.219944200168562,0.215519526288185,0.0225430723597031,0.159760684237774,0.0252713473437225,0.25348934467433,0.288250965421491,0.253114697102437,0.187555880468994,0.0878987871693328,0.00686891918210868,0.126720300065808,0.188183231055676,0.0387616316429064,0.392183039632699,0.217775420402839,0.231189986289271,0.200176691541649,0.0170519686041664,0.0644931697655927,0.138479511934523,0.154325117341851,0.0615875976838943,0.0843940623964887,0.176954648085497,0.0028627477353162,0.0211021259275889,0.236733769800606,0.264283187939568,0.103936954013301,0.0548469760977245,0.433135049685095,0.0370484278400069,0.0682860979788237,0.0540614450514476,0.141323437428207,0.0564498116996958,0.18727427448243,0.0523648038562203,0.12537004334398,0.0860529923124606,0.205435511686874,0.329330769513056,0.295940370195154,0.0927179442247005,0.14742618828321,0.00195529031131521,0.0187714200379945
"5",0.0544573375857257,0.226871396435424,0.0805247550265968,0.16463458027308,1,0.113058620606069,0.0524262150829178,0.415383024801623,0.240004513445354,0.212569344149783,0.124308938481986,0.150761155308814,0.372378643831561,0.173250987553962,0.120484029509675,0.226507277839232,0.375353200200902,0.107707603997097,0.43254651207502,0.200041242587369,0.243469048709357,0.243448102111864,0.434830085787965,0.321021875945271,0.219218952121487,0.129671792313967,0.0178211830082764,0.440290435129052,0.404386531087983,0.155137745312657,0.584641519110219,0.0578286877722479,0.425117087874679,0.41545365296803,0.267642855542342,0.142865781281797,0.10205387891533,0.141793539430772,0.128288588522987,0.173201316150392,0.345044983938193,0.290615641293264,0.222937130136729,0.387731932754943,0.0445953474322074,0.0195253609082279,0.144304064194363,0.0413034778414408,0.475055249372716,0.510320170292652,0.126443901462302,0.0153636975718037,0.0117096060630094,0.21450008199694,0.133831934299951,0.131093513388686,0.215994922150798,0.0539062094014301,0.098250898482062,0.243495025120033,0.331386292527277,0.498224417006952,0.165253172676224,0.0413492876587104,0.0714323627989149,0.352543586444889,0.181532793669439,0.251893632364698,0.248762109607961,0.414252283337258,0.0160500696291851,0.228848944166334,0.0585340527163018,0.121444775546698,0.0679938164356658,0.193278321993842,0.341002772934248,0.175919221294079,0.11006350872879,0.126581043856491,0.0559418471878529,0.175670961364194
"6",0.0411703035004549,0.0729561241056388,0.139882526734232,0.169069642423106,0.113058620606069,1,0.0698292579868942,0.0821736997533949,0.0619154948813337,0.0733214860102633,0.213072742892406,0.159623854297263,0.0184444753100471,0.0610940774732333,0.151217562891516,0.182278531674333,0.126020293341642,0.353399023963927,0.124125551964449,0.209308153584056,0.0491473870694161,0.0988907852886342,0.00470572866003403,0.00949963752000509,0.0858705274081962,0.297327554166718,0.187731397703497,0.0836274961354393,0.00341591781489364,0.203661575547285,0.00315690199200184,0.291844956899476,0.0056754530546643,0.018112160922956,0.0853213639670414,0.0127575617500675,0.0132295407190478,0.242548914349775,0.175681283892522,0.0372387684882269,0.0405063342517755,0.123404420024145,0.241005100538681,0.00376922685332756,0.153661443172681,0.0373436912363326,0.0693157088816602,0.0770369894406498,0.199167357160319,0.0215012818797119,0.252318533775037,0.260896660828152,0.119212026566927,0.0371322441158674,0.0762357000901667,0.206468232222874,0.0598438951559529,0.191793825729899,0.335321091128004,0.170907577987455,0.0994014907417408,0.0166006240781791,0.131545730652459,0.145858045580637,0.235665531700595,0.112378750611257,0.0565692444954352,0.0898319016086231,0.0197550432885596,0.0781785402518212,0.0596457873704604,0.0282049473675153,0.188969889902143,0.031349839213988,0.044808143867026,0.202913091259248,0.262338237876178,0.0384162436416562,0.125831979071929,0.0791909006652731,0.123369798150744,0.0962854403563573
"7",0.10518364864911,0.110155460287205,0.0293191213846296,0.0804755941454041,0.0524262150829178,0.0698292579868942,1,0.140765704600555,0.132499473988502,0.156340716681603,0.157651865093926,0.0671029198621153,0.136100999932002,0.106188184611953,0.128735841276193,0.11510936690469,0.220893658276494,0.151734362726018,0.140882708228241,0.0958179027053157,0.146820316880866,0.194681029220284,0.269763755500848,0.142404633900559,0.0302044753298918,0.0389586959015975,0.036429183730201,0.198579458883363,0.208986833490442,0.0706966148447959,0.130889040351433,0.0205790261767905,0.21715468660928,0.0221036931167495,0.104296941259267,0.0872553993024442,0.0693908627342053,0.0490167109476451,0.0490398464951106,0.071784855497891,0.188671232291982,0.0775097738746503,0.0393569473997709,0.0585877905755229,0.0298981173716754,0.0992406593258669,0.177076300734216,0.010481320048325,0.165637848203676,0.176271136905821,0.180589078549657,0.0993149085857683,0.082029964482432,0.0977113014908884,0.0572587999782067,0.103566311198661,0.18877609892199,0.128309502944744,0.131880732988217,0.101370309513339,0.183643103962156,0.233821270029561,0.190287004915958,0.111027701626532,0.0869521119415448,0.237611872823299,0.063343195605956,0.143970709412715,0.0365504051918034,0.134330750915777,0.0617875287969314,0.0435620850295122,0.0529732164164118,0.124393501699925,0.00124803912661764,0.152235439105164,0.114570902450803,0.104119851140845,0.00481654964577484,0.113211188294852,0.0456118841127317,0.224296931928421
"8",0.0375875232807607,0.192578057021548,0.0824557252620106,0.199090849358069,0.415383024801623,0.0821736997533949,0.140765704600555,1,0.315519908335235,0.0841670410484018,0.116175679031915,0.252450577884397,0.271853829565274,0.267735470058495,0.0408649479454418,0.0956763941817448,0.288323583967944,0.092423575463821,0.394608152393698,0.201774434955317,0.124598778004372,0.218452080929629,0.342264491416329,0.256770510677797,0.193669465128524,0.149693502296705,0.0688258872431606,0.256478263501792,0.244156499992623,0.0532337165101295,0.413846950130161,0.0117922429466348,0.265300667816565,0.371842538712409,0.209230357261228,0.305431452031765,0.043824914720376,0.0205538418721111,0.0249926785096414,0.232046076670196,0.228230314179123,0.088702143153182,0.0250868595109349,0.239607714083203,0.016323562514424,0.158295761935275,0.0632068410175635,0.096338971231309,0.32921798920291,0.34732190865454,0.131620466225296,0.041640036151458,0.0289435335997862,0.170836815262323,0.116693286941793,0.131921805890652,0.148761167401201,0.0197011481633808,0.0252703292861971,0.140852526179697,0.179856198866077,0.364189907292004,0.216555183463458,0.0529719151410846,0.0948968510918537,0.374608408820361,0.129572050773888,0.141440316397946,0.146186479021703,0.207508076364918,0.0690021968134523,0.0993367425850704,0.0599585800932924,0.21354057784446,0.0658940755601535,0.11232799879237,0.325920175304229,0.333130047102044,0.063559951692259,0.155712737651622,0.0463043892900277,0.194147995639635
"9",0.0346464859651879,0.243728619345336,0.152102791961498,0.26196261053474,0.240004513445354,0.0619154948813337,0.132499473988502,0.315519908335235,1,0.172064808398204,0.0711033909254934,0.265506575305723,0.220742980800354,0.243805245670532,0.00196701992222271,0.148113362059444,0.344414112494325,0.129486685210238,0.387900218875601,0.207851408736765,0.0696400245287005,0.252139814565566,0.384380665475375,0.172407372722183,0.106030759692683,0.071507104869053,0.097417244046679,0.291189378744265,0.363797276937564,0.0412894141506603,0.384106856595099,0.157404534261601,0.37478610821023,0.342243156538887,0.362750344343635,0.278352538925062,0.161797728112741,0.116683569658846,0.00477634213578078,0.269585525586313,0.286935164232167,0.143188756791417,0.121599840102109,0.137295467601961,0.102591901050835,0.182185160640437,0.160027220692011,0.0118358436089222,0.317685882078819,0.430340500673195,0.21394598029017,0.0110084676064844,0.0908582907552255,0.135789786852841,0.110168015463786,0.209121991097252,0.109159263262517,0.0936624687239682,0.0597662947288675,0.110200473277436,0.189484829619725,0.317016617628144,0.269887064478114,0.169018546520071,0.022682048407654,0.452664314730616,0.0845219379506021,0.158400832494043,0.117026540721755,0.234604041471255,0.085621239115329,0.0552670164309113,0.0162665766156556,0.238290158688003,0.0144281483009633,0.217232471305452,0.276701887876819,0.359582033643111,0.102091462411321,0.162310129286463,0.0409516653526319,0.0919822049008634
"10",0.0613341839294409,0.0234400689016079,0.137956726101763,0.100705568639465,0.212569344149783,0.0733214860102633,0.156340716681603,0.0841670410484018,0.172064808398204,1,0.119979469572249,0.161168591315666,0.368260449544942,0.101471583368108,0.130687736840215,0.103387494210944,0.263884973039643,0.176218496364093,0.204210580622714,0.263823394511248,0.255466440946659,0.213746551172108,0.325273622677568,0.195661919833643,0.06584214836751,0.0328421656431835,0.0476156806585512,0.348321995046493,0.287705190745333,0.193066229935561,0.239371740502618,0.0573471875952247,0.23142141855534,0.160559562820332,0.275592417333847,0.124768505432483,0.0168520195007232,0.0271269938523808,0.0446093313168449,0.0116572604570897,0.212234513366667,0.205145699519831,0.045786573721263,0.0955646471677579,0.195557150919128,0.0212987443887004,0.158685585793682,0.154308452249259,0.354094606208916,0.282036668846485,0.314131795671046,0.153566524881049,0.00643652795473408,0.0159696542987221,0.0699514729849586,0.322941403345972,0.121235753594978,0.127031118522906,0.0729168854885232,0.22880371889079,0.194956426990277,0.363647041886168,0.161115437089266,0.0126288003545738,0.12086048228166,0.241682012081983,0.0538853696362886,0.304029858576959,0.0364700432410239,0.238828512039728,0.0687691074189407,0.081402495172078,0.159696574491165,0.0645623005031747,0.171647296178888,0.208549281192765,0.164122138961872,0.180614458070328,0.0100776779810679,0.196901041480263,0.239223675552142,0.116111752506932
"11",0.0212542351843457,0.0990692077770469,0.110845721314372,0.140653485077354,0.124308938481986,0.213072742892406,0.157651865093926,0.116175679031915,0.0711033909254934,0.119979469572249,1,0.222035005637418,0.0200283134918036,0.0304336970494578,0.358773871581117,0.138104638970299,0.291159811247193,0.478982693684765,0.241432481051059,0.122706988134419,0.189721056544333,0.200916239621521,0.160271350783391,0.258616264461223,0.248787925455229,0.175719904368903,0.0227711557011639,0.200987574282181,0.13349519410904,0.341223572298084,0.279688923224637,0.320384091693121,0.362040802675163,0.138873010588935,0.113634290944842,0.0904134492180532,0.148892164724363,0.169808617388296,0.115575547625389,0.0463034280703416,0.0743913499048726,0.117475036323122,0.217006748206426,0.242574882367991,0.115988084780099,0.220969250623706,0.0330870881093918,0.0134985662787483,0.0246775871504944,0.181404946065029,0.0671610907026353,0.140993641781064,0.0978779947909917,0.0244452349982087,0.238671990137946,0.0807837604295632,0.282407792228927,0.209977428948745,0.105765728173776,0.267670659413432,0.405563392108828,0.240214119230738,0.142922583045213,0.146211587931864,0.191840186584401,0.0545876898297516,0.108388302230594,0.0931879066747646,0.127064674411623,0.139170545266507,0.223966160070127,0.149984625245405,0.125552011120709,0.0275568413121716,0.0750389267704494,0.00567018871423889,0.113038600808668,0.0254449204281389,0.160143156394183,0.179763050362731,0.0835645613803362,0.335596083236225
"12",0.0103399146207921,0.0921982574156269,0.110447575504685,0.141959698794666,0.150761155308814,0.159623854297263,0.0671029198621153,0.252450577884397,0.265506575305723,0.161168591315666,0.222035005637418,1,0.259497325141682,0.300514949214605,0.182866139230739,0.0531147699044975,0.397061791413312,0.367308514651332,0.336302677411548,0.338730258767866,0.236426500056111,0.232084864142839,0.31472735948535,0.245027237550909,0.0392934483373489,0.00358097766344909,0.140213304383243,0.326283480131976,0.255816246011218,0.132234512779891,0.414504395451322,0.251753692466557,0.285634813709561,0.297600963838505,0.261763478331895,0.263975749008033,0.110822429200822,0.145106490093407,0.0883220783542092,0.216300583839607,0.31682939662235,0.0162388149034455,0.0546466611617487,0.108685441447462,0.24435563388975,0.213689677409695,0.0524700975867818,0.0211519832022369,0.27170136452631,0.425970667048244,0.257196159329961,0.0362787568653732,0.00571156288284492,0.055705005842224,0.0912164281079044,0.301210786413083,0.253021477938647,0.280664064849536,0.194814350756731,0.272737788590132,0.275007573605544,0.360023808457882,0.329783195165683,0.00949271389642994,0.180749700500573,0.303488186186336,0.154757776194832,0.216958277234018,0.0696327903753339,0.263808187815335,0.114463126639793,0.0112069396479231,0.124948771327826,0.163717903589927,0.0299440832590884,0.0183977662755453,0.145657730289749,0.266531431944979,0.0830986651934379,0.0846892653801799,0.0691742164553878,0.218343759413954
"13",0.219669864349457,0.270439258304006,0.265677643095787,0.308503817635105,0.372378643831561,0.0184444753100471,0.136100999932002,0.271853829565274,0.220742980800354,0.368260449544942,0.0200283134918036,0.259497325141682,1,0.279160523871881,0.0668662950552852,0.0553567458231607,0.447049102883254,0.17449823906906,0.44271072084195,0.312005880843086,0.371159485209581,0.304154111687116,0.565490718976884,0.280880753982926,0.004983878008026,0.226113513138193,0.0089830261850872,0.448298080312796,0.495875022566657,0.229098297841995,0.471227725020635,0.17127779660895,0.413712590372621,0.297732608435749,0.339697302051031,0.00227454714619616,0.114981110832481,0.149212430251517,0.299345149503786,0.173125922795964,0.514498275832618,0.318662747782189,0.274240560953998,0.203224336528649,0.235787997290749,0.196274785168739,0.24785225750926,0.119394394311022,0.596282100279723,0.532005875011583,0.390624822983054,0.261418444872038,0.0413912964165209,0.0357337094567398,0.0518992217584119,0.390840679968426,0.224994977609753,0.333933772952688,0.170475915690653,0.352932869114074,0.303460048092715,0.571706249572185,0.369245168500105,0.0731364008176895,0.17906458536745,0.489277842981295,0.15689220167049,0.412263356517193,0.0943328675991633,0.476924910895669,0.0122859655407223,0.113256799431765,0.191605275410854,0.171809065748683,0.255878603898117,0.243166609163937,0.357546572432151,0.247750105849688,0.0530675373214102,0.15564492701382,0.219271406153724,0.166265060966325
"14",0.1111754272516,0.175069206470977,0.177938877679577,0.27211086184465,0.173250987553962,0.0610940774732333,0.106188184611953,0.267735470058495,0.243805245670532,0.101471583368108,0.0304336970494578,0.300514949214605,0.279160523871881,1,0.0439041275614875,0.0774636854886085,0.330807653065222,0.233916629177504,0.405493965995401,0.2661434419226,0.290374335211943,0.279872120231228,0.411733957251442,0.141034684182566,0.0191193491036225,0.25781805848124,0.316542104814779,0.266371725610631,0.317347070956507,0.0585009492024637,0.322301621565307,0.195512778841909,0.296583713929061,0.111652907515802,0.152760317875851,0.3112428957755,0.0735232718102204,0.0622835651100036,0.152990173119958,0.231028782155678,0.334801729589791,0.101747107105826,0.000186973233287393,0.121327602924486,0.0207196290113121,0.213104828860461,0.349437950851658,0.0431012533063264,0.33450314517716,0.352392781899934,0.214038320575458,0.0486942901398873,0.149204704023477,0.203743976834912,4.11873681492642e-05,0.217651266086304,0.230430367934043,0.311305340021105,0.189852762737639,0.282314203424696,0.204681293808697,0.360837864456215,0.404310554970397,0.007946514009084,0.143699698910127,0.339466437422378,0.267903138660595,0.185443678554114,0.0716756477689746,0.265760289944656,0.0961577150134264,0.0719422183704011,0.00502061608995473,0.159513403848296,0.0179931825455375,0.0497777457506186,0.267535015455929,0.296963154608644,0.0662913716656538,0.187563572581102,0.0404110340079783,0.178744849204224
"15",0.101223822783695,0.11841835093565,0.0563956042774245,0.107064999941523,0.120484029509675,0.151217562891516,0.128735841276193,0.0408649479454418,0.00196701992222271,0.130687736840215,0.358773871581117,0.182866139230739,0.0668662950552852,0.0439041275614875,1,0.047469587488382,0.263708944477921,0.347537212624376,0.21948379347359,0.118174350480966,0.197624343519622,0.141871467420559,0.158065727724538,0.267337959014221,0.150919640616316,0.0570112496489237,0.0505109971080993,0.213610307877031,0.123826474695697,0.222906115229448,0.196955630987537,0.225519609962177,0.197905936651513,0.0816786723626535,0.0466587051834339,0.0139955902981931,0.105946003013014,0.0957525934878107,0.0787022684202617,0.0858937100095667,0.0784517895423723,0.105865595825925,0.0544033907895008,0.168228008569926,0.0174654807073783,0.0674751860078913,0.0214047062619683,0.114799914377732,0.0221829886031231,0.147443593514014,0.136827913453076,0.111208218748907,0.0857955224243311,0.0605415762008314,0.14064348371701,0.0978492728317498,0.150997795873694,0.132461410524065,0.142037468143412,0.221569524667798,0.287526102523183,0.243379445085355,0.1225996030601,0.152556499389592,0.0880064620818244,0.0268397726557822,0.142851948242367,0.0166875100452625,0.0577773605496534,0.158333216451566,0.073889340202673,0.134637289980899,0.0653246280271896,0.040314152198491,0.0536141016097811,0.00298858049625427,0.0313894925006457,0.0163208568261229,0.120352241381005,0.163282447138725,0.0370175501548972,0.360257317311295
"16",0.0536213576773284,0.0795183293414634,0.0727206940834992,0.0914962725996362,0.226507277839232,0.182278531674333,0.11510936690469,0.0956763941817448,0.148113362059444,0.103387494210944,0.138104638970299,0.0531147699044975,0.0553567458231607,0.0774636854886085,0.047469587488382,1,0.0853501081554571,0.229757354012324,0.0882643121415128,0.0974908930619465,0.0206148912876319,0.0373462890175232,0.0670995229258797,0.0697779725233792,0.0246465339373057,0.112939481488778,0.0203914580625156,0.153624679442319,0.113155485982598,0.0687312184496428,0.162020037606629,0.109370046488607,0.0582463022415677,0.0959507984462378,0.0566008174549012,0.0935609739901614,0.0668463634203386,0.122061763704329,0.029712264450088,0.0718731844823938,0.0404231672121493,0.140348277865191,0.193371943804569,0.0590405081550995,0.144485081345177,0.13927175505711,0.0398111419071777,0.175534557366096,0.28662339028938,0.0606989435531786,0.0398241550945929,0.125157638237827,0.060096228682376,0.0668248959119315,0.0242449177600576,0.0135264173465915,0.00211182673583439,0.185756446400332,0.11714759158143,0.00134757618538467,0.06201855730401,0.149237591965826,0.0238254252205989,0.0353762112555911,0.159151032760738,0.0855905738527124,0.113917127696073,0.0401609330808405,0.0807249609917406,0.0583526812443683,0.211361385864595,0.0786649870576732,0.0531240043270806,0.136013673065967,0.130093498551596,0.139197805131342,0.235020577775121,0.0302440597813154,0.0816518557067231,0.00841579050560848,0.0124591623660693,0.0072082186312517
"17",0.264654823047416,0.195321840434151,0.175777226724605,0.24113666730059,0.375353200200902,0.126020293341642,0.220893658276494,0.288323583967944,0.344414112494325,0.263884973039643,0.291159811247193,0.397061791413312,0.447049102883254,0.330807653065222,0.263708944477921,0.0853501081554571,1,0.472520531035162,0.57866597235799,0.300167990350897,0.260976486511784,0.356673010424687,0.535440698515756,0.338885443581756,0.228103145403734,0.0372651543939036,0.147163116095492,0.587039141505663,0.588633601487985,0.260621457654301,0.595395261085366,0.357422508057431,0.571503880563319,0.350694650730051,0.321143740633684,0.141115462149041,0.105488451245541,0.0791641906395959,0.11459389946581,0.247637582483149,0.414629546429186,0.182904384892344,0.116399106887755,0.279647407833724,0.191328151707783,0.303129554238352,0.26596066488477,0.0720870559139783,0.453528927843777,0.528058006540525,0.463210334224788,0.0718223292128408,0.00721980861506895,0.167607336878719,0.188088486186301,0.315969363734816,0.29299350894821,0.369537303614943,0.371577722299252,0.443118618066595,0.441128915988643,0.615364058000111,0.452327783259526,0.136211736700759,0.174859837140534,0.438229877711322,0.212446040525542,0.311186216025672,0.26752653106443,0.298588618563365,0.179063431901789,0.159200250846392,0.117419352416277,0.178969386734263,0.0876188669988059,0.210621979990127,0.317643091390636,0.329230400824367,0.0882735205972812,0.184358703721081,0.128222758563017,0.390311069504876
"18",0.132148396085604,0.0808394911049442,0.0501238539192952,0.0899988698177111,0.107707603997097,0.353399023963927,0.151734362726018,0.092423575463821,0.129486685210238,0.176218496364093,0.478982693684765,0.367308514651332,0.17449823906906,0.233916629177504,0.347537212624376,0.229757354012324,0.472520531035162,1,0.298506504836269,0.39057187203027,0.303235169334294,0.363756296806194,0.370802942634994,0.337601479347853,0.185581212418976,0.104785625718524,0.169584457838638,0.361637830927599,0.251406053232239,0.416025187762044,0.395764696788694,0.464336799249626,0.391175765510867,0.145316186132563,0.142636770142211,0.249748804388589,0.214959142198159,0.252650687059248,0.117489803761289,0.0816213022356028,0.245588309912645,0.166701876466436,0.273421328710729,0.369965796050142,0.258968238943253,0.311347425740806,0.0938634977851994,0.0525167377497391,0.0257234784713708,0.346509072832139,0.298668125305207,0.228025521569024,0.204264897798477,0.00239855160200941,0.217558478278174,0.264876797150845,0.406388166060099,0.471252776262429,0.431125100386608,0.412468172260251,0.479605303046369,0.387287754354087,0.382149441965192,0.147187518946557,0.367241732835609,0.104111173595663,0.202518354180008,0.288286368489023,0.182736963732163,0.286030593136109,0.18869910205546,0.0488897284850265,0.234562799854361,0.0281597395280257,0.10026390603617,0.0537648443915263,0.0769697517632349,0.128972835306095,0.227420651736928,0.139079711404609,0.0562484916122795,0.420152386499827
"19",0.225526038339922,0.359939478836181,0.241337425798353,0.286910998840717,0.43254651207502,0.124125551964449,0.140882708228241,0.394608152393698,0.387900218875601,0.204210580622714,0.241432481051059,0.336302677411548,0.44271072084195,0.405493965995401,0.21948379347359,0.0882643121415128,0.57866597235799,0.298506504836269,1,0.264851778082887,0.253350320554618,0.392766617730447,0.633980007998461,0.333499682234472,0.193036472171778,0.216442733460143,0.0727994504434902,0.510776252140243,0.554475673489896,0.0671583260330565,0.607696673992995,0.199434930300247,0.559252770114489,0.37255150411819,0.316566545329043,0.336252747902103,0.189530047549448,0.210000076415081,0.175943529336921,0.270779771939186,0.404889532956953,0.165144011471192,0.204524973202317,0.30391633879112,0.1003126542505,0.371039422413683,0.259315717633764,0.0305521773927766,0.499891590034898,0.538666718815543,0.272166372434638,0.126605648820104,0.022151341249331,0.169442388613803,0.136310851268214,0.224182221116437,0.319218861674622,0.345531203609799,0.142244967136655,0.354120683528502,0.386290555298554,0.604693714577375,0.38793503648679,0.0638554573067198,0.134319442087279,0.54789525760138,0.179435716333131,0.23256545360348,0.202243698476641,0.456049900329102,0.24616700771076,0.0318599359079514,0.0036870486875703,0.229285731571026,0.0176256184190487,0.185603583431935,0.444409093366667,0.418890431237171,0.0637802071163094,0.240401248652701,0.0186428264089321,0.33707746886143
"20",0.130176719872969,0.116137190523226,0.0192831141024457,0.0509111730989213,0.200041242587369,0.209308153584056,0.0958179027053157,0.201774434955317,0.207851408736765,0.263823394511248,0.122706988134419,0.338730258767866,0.312005880843086,0.2661434419226,0.118174350480966,0.0974908930619465,0.300167990350897,0.39057187203027,0.264851778082887,1,0.25997898790279,0.323116531631852,0.377635054471721,0.356563025430474,0.0153547135531073,0.0727217623831142,0.244414605912308,0.309790935065208,0.205586541313874,0.269601574889212,0.352295269644651,0.334546669950936,0.272708716846075,0.279593450553756,0.245640568493811,0.16717554273916,0.0626128505959112,0.127985832781201,0.0219315245011921,0.21779086273416,0.301758346246261,0.0550833256427344,0.144396434526241,0.22529672823728,0.255172998786615,0.132742041489412,0.176711438897056,0.0141786357770215,0.199544806646476,0.390507863783736,0.342566362304703,0.127330233315187,0.0831362962319928,0.0558029424706123,0.115808547036463,0.356415845956017,0.256451315885773,0.259878254873721,0.25989662669526,0.304618034075341,0.247690683321744,0.4236099025289,0.40232924505315,0.0201775218828796,0.228622855474626,0.263275169617798,0.180904839446639,0.271346170533682,0.139648102170966,0.291299209799812,0.0613991736244738,0.00999073866517596,0.163262408898539,0.0747844216450169,0.0579703670433134,0.0123218749385628,0.0821602356973281,0.25223646238409,0.0192421506669289,0.140424710364651,0.247204875978584,0.20055411188784
"21",0.102626972246283,0.104849110699508,0.0546469125435529,0.129151277463218,0.243469048709357,0.0491473870694161,0.146820316880866,0.124598778004372,0.0696400245287005,0.255466440946659,0.189721056544333,0.236426500056111,0.371159485209581,0.290374335211943,0.197624343519622,0.0206148912876319,0.260976486511784,0.303235169334294,0.253350320554618,0.25997898790279,1,0.281959446545209,0.449430324723129,0.315927998097046,0.0176617553652853,0.0984242385605748,0.0177841145134387,0.388377025160543,0.30837765326559,0.284168401594803,0.303793538451278,0.329496962521204,0.323628378905704,0.101321301043361,0.136807949039429,0.0114715976393421,0.0873678252721956,0.00108438566681225,0.263999275558952,0.175670849192733,0.319797514308139,0.155125318074691,0.0438695137482098,0.178943723084151,0.212680216977505,0.193013424767124,0.147525173872555,0.0902855426156545,0.345269069318153,0.372214491205674,0.236546658549427,0.0979551372349427,0.137205859353717,0.0295947307570399,0.0335500806568175,0.35917784461545,0.198901458765708,0.326452462118579,0.276926495651001,0.357035649721801,0.294383219123579,0.423878972543428,0.407480913921195,0.165389161851334,0.224871156708139,0.280757094001862,0.204242000541911,0.342085341666922,0.00421777071541873,0.424569287550772,0.0473224790911822,0.0329142750911747,0.27861855643253,0.0347015492378098,0.178145797582857,0.21088340267417,0.187290810642851,0.124848662662386,0.0476555737924137,0.114769599499902,0.187137795336522,0.209473589166057
"22",0.19844163109101,0.230054063888528,0.121290113378554,0.157129028063962,0.243448102111864,0.0988907852886342,0.194681029220284,0.218452080929629,0.252139814565566,0.213746551172108,0.200916239621521,0.232084864142839,0.304154111687116,0.279872120231228,0.141871467420559,0.0373462890175232,0.356673010424687,0.363756296806194,0.392766617730447,0.323116531631852,0.281959446545209,1,0.500823915759012,0.29584710246871,0.080208303191235,0.200152478733985,0.217699315933337,0.281957262557543,0.352243870754073,0.0959099416258355,0.371939664144343,0.27193535515418,0.337334147856283,0.222324842642066,0.240764447499764,0.283378772284442,0.227561028702255,0.0171834098318558,0.0677806185063623,0.215359731180723,0.332345982212719,0.126400423472747,0.0230117560536156,0.247635931540462,0.14261646340364,0.245421713102619,0.145157026850945,0.0521834017817184,0.236619516049743,0.418560925245102,0.313842293655511,0.129154839229398,0.101805410537258,0.135165392204584,0.0664017243451565,0.215577535813807,0.195894506471598,0.412234588392999,0.24483138094736,0.349503447873377,0.22310793971504,0.417214928924099,0.32410879676171,0.0023001087303969,0.208077129959204,0.369593265273953,0.178311361931241,0.188182825318044,0.148383768593794,0.376946826158908,0.142094977750499,0.095098171905453,0.114736686127089,0.104520640372181,0.0325432092512878,0.070770614764363,0.148804314148486,0.239991523917796,0.0462323957593924,0.142356953934185,0.119846292670645,0.222404991100366
"23",0.215526001993636,0.285031683375035,0.19593244901891,0.33289638808053,0.434830085787965,0.00470572866003403,0.269763755500848,0.342264491416329,0.384380665475375,0.325273622677568,0.160271350783391,0.31472735948535,0.565490718976884,0.411733957251442,0.158065727724538,0.0670995229258797,0.535440698515756,0.370802942634994,0.633980007998461,0.377635054471721,0.449430324723129,0.500823915759012,1,0.362832122157445,0.0957049961400455,0.199806341259543,0.0841812258586922,0.62498182981051,0.602642670884437,0.177849840432447,0.584728823156483,0.315825113285198,0.591662586162007,0.330043440395206,0.383667588137213,0.265041783793436,0.209389941325161,0.134144608018745,0.18666550188998,0.262893967497401,0.569279316093991,0.303270372930342,0.126076861810816,0.268395618479243,0.227250009326702,0.349101943163044,0.36673485455271,0.0590822478711593,0.557245022381157,0.660872835958357,0.477651790872642,0.0884003075884312,0.0536251849690783,0.193704434045449,0.031666708376967,0.443331868447077,0.315599000478214,0.447751412400226,0.327847061617966,0.455743707398743,0.376446389928737,0.680583315140462,0.542509723549498,0.0136823277415521,0.182176461591197,0.639365213229035,0.213797729446263,0.389670397540336,0.15934905872487,0.614702772191862,0.172792496301411,0.0298828228046301,0.161049130577565,0.22041829585031,0.186860859087224,0.257753193991451,0.371076715989383,0.364981400014355,0.0304737037938418,0.214993245203692,0.18472292377331,0.289388054028941
"24",0.124575376072802,0.14355871019045,0.0468436035480085,0.0168610300487583,0.321021875945271,0.00949963752000509,0.142404633900559,0.256770510677797,0.172407372722183,0.195661919833643,0.258616264461223,0.245027237550909,0.280880753982926,0.141034684182566,0.267337959014221,0.0697779725233792,0.338885443581756,0.337601479347853,0.333499682234472,0.356563025430474,0.315927998097046,0.29584710246871,0.362832122157445,1,0.128958523962886,0.16503037425411,0.0906293124315041,0.380676055851956,0.228704873995449,0.283750911273895,0.425661366731231,0.317373547383957,0.305603930573768,0.291472814309821,0.18083665196576,0.0908872886435277,0.137994116688685,0.0823488170519832,0.0879098627676416,0.169722389903805,0.205114679478082,0.0568440543854031,0.0134090065563088,0.297909472910361,0.108884377517363,0.0665882826764115,0.117799355772067,0.0224089870315133,0.232538618920819,0.347605235241156,0.184143947676506,0.0797511583876919,0.0112679864421523,0.105001851430236,0.160895519402008,0.225020817346448,0.223656949167168,0.138789180244232,0.0864354918548503,0.359536563759686,0.370188845282365,0.499233891830714,0.29834938195941,0.0681967627465314,0.147285304176391,0.240532288694566,0.227681192480798,0.172497703199596,0.113030869489894,0.38144185937998,0.0207387493867435,0.163336648778154,0.212874071910623,0.131805556719271,0.0414465783929519,0.0637131517312254,0.177690918770895,0.151069182816622,0.0336529453675952,0.200909312154015,0.167176990094203,0.324060535251807
"25",0.131707317019553,0.122740075167357,0.065429174064345,0.0586853432212997,0.219218952121487,0.0858705274081962,0.0302044753298918,0.193669465128524,0.106030759692683,0.06584214836751,0.248787925455229,0.0392934483373489,0.004983878008026,0.0191193491036225,0.150919640616316,0.0246465339373057,0.228103145403734,0.185581212418976,0.193036472171778,0.0153547135531073,0.0176617553652853,0.080208303191235,0.0957049961400455,0.128958523962886,1,0.173336529572149,0.00881627205519363,0.222410412796202,0.133276446149095,0.0944763456188059,0.259209490063046,0.189673897873334,0.154948480484555,0.174046791606181,0.069591634366705,0.104836583469832,0.1420300651945,0.0143557969438935,0.0193878773545218,0.102541221796763,0.0618532337193655,0.0204775790587406,0.0110743021177574,0.1970878064198,0.0409591701958984,0.0920850087747143,0.028604754746096,0.0332676246975574,0.0572090217734953,0.168991346736313,0.00528098545242798,0.0765429892472445,0.02871033552047,0.0168801260667416,0.205488874149172,0.0384376015661854,0.0595756357261173,0.00699125588190957,0.0161780797956519,0.138395876291726,0.136327672562399,0.124575398643548,0.0635979807321663,0.00433979593891577,0.127434335322308,0.0742909696672736,0.0135568765796827,0.0551832111848662,0.235477709842707,0.0157589215041563,0.172473691161627,0.219222245207694,0.00865634279449011,0.066287829013278,0.175560052100943,0.0523366481426851,0.0189870727371567,0.0501232399708935,0.0156260086818373,0.0526743128198821,0.127172707276768,0.257873308239463
"26",0.0810478895518538,0.075690532051617,0.159340164183266,0.104884589305711,0.129671792313967,0.297327554166718,0.0389586959015975,0.149693502296705,0.071507104869053,0.0328421656431835,0.175719904368903,0.00358097766344909,0.226113513138193,0.25781805848124,0.0570112496489237,0.112939481488778,0.0372651543939036,0.104785625718524,0.216442733460143,0.0727217623831142,0.0984242385605748,0.200152478733985,0.199806341259543,0.16503037425411,0.173336529572149,1,0.0534281464486122,0.0741695388646817,0.0651888414935828,0.0815886872725341,0.0986911193301084,0.100120954495893,0.044098656713825,0.0130988542495142,0.0427460398494376,0.195941862574944,0.0194807115310322,0.0878495353099509,0.191284221194875,0.130967581912793,0.186626588811692,0.125706193320192,0.162566603776555,0.135234254808671,0.0678325160893008,0.0768802841432866,0.0703637098592424,0.00527627523018151,0.225410610921805,0.136031763757378,0.00193889370998964,0.0855906241374111,0.101911926611055,0.111113029124619,0.197997743706388,0.0290580436617517,0.112187493410106,0.140142590713757,0.17577256487922,0.0580266507939014,0.0238842633262231,0.212056674559796,0.0622142859872858,0.102597478013734,0.0562623776371132,0.210923776285351,0.198024762212822,0.0286560978005807,0.055553054506862,0.282000579394362,0.0530804923383628,0.161221989158508,0.0088412312567131,0.186763005867539,0.0390593960716251,0.0382727061674156,0.233114349241113,0.103653105614086,0.121211401341058,0.142830660585847,0.146435940715336,0.0313953055420578
