"","1","2","3","4","5","6","7","8","9","10","11","12","13","14","15","16","17","18","19","20","21","22","23","24","25","26","27","28","29","30","31","32","33","34","35","36","37","38","39","40","41","42","43","44","45","46","47","48","49","50","51","52","53","54","55","56","57","58","59","60","61","62","63","64","65","66","67","68","69","70","71","72","73","74","75","76","77","78","79","80","81","82"
"1",1,0.23698878776267,0.160228634191923,0.32590035231505,0.169374756874802,0.399026829096144,0.438923605579774,0.321776536466445,0.135383892330438,0.477444512961036,0.272311357706175,0.431488842652905,0.199781894626984,0.361260461421156,0.294904406409071,0.199802730254336,0.491582249029743,0.23949531856737,0.448696807070418,0.382543448297205,0.492259150011907,0.496570746805532,0.516464165448932,0.465366399139765,0.143901363061908,0.366427842632027,0.522892334056964,0.456310569345214,0.417838420294173,0.431121778773018,0.477442741723884,0.410686504753488,0.508693786154411,0.389450241205892,0.355340589776925,0.238525612483317,0.176334969633507,0.0657358869716909,0.154679587623488,0.516153954868704,0.367703862580242,0.459897968020494,0.243241644150469,0.0272910866122878,0.402105905067191,0.409120506396865,0.116051380843688,0.410211341748001,0.403268000043853,0.467787796724476,0.459432703944401,0.303141406519691,0.337031502124963,0.28225259036533,0.107620085619101,0.397840397772541,0.135010439103418,0.140047619401407,0.185466203197116,0.338124643890045,0.480586832444274,0.0785642649047857,0.514222960393854,0.50246836074781,0.404034330057538,0.137390422537153,0.421170371805607,0.228013141215349,0.313006403861726,0.225286881324937,0.44567821083549,0.340598128824213,0.272929986693542,0.221836963074385,0.290201727311362,0.314387359997071,0.00316770309858475,0.0177788939903529,0.47893028856759,0.26295710063984,0.246990827184102,0.361817470104019
"2",0.23698878776267,1,0.10082772558181,0.378953129215936,0.185960997326246,0.386305565183584,0.425538543128936,0.388346011763963,0.207959081805343,0.623042774378459,0.423049022636875,0.527292987092547,0.0852747512714916,0.551478649956748,0.467169155647122,0.139715669572583,0.621169667949637,0.248958926036168,0.480504991006309,0.693877099732047,0.589447117386738,0.508910271794687,0.636232688959647,0.564558168305269,0.0838652405041297,0.574168263736859,0.578702005026833,0.545739682156779,0.678168692570425,0.567903338980319,0.595002406665876,0.332187413589519,0.617425642127461,0.0149640366866118,0.575069350821205,0.391435234753973,0.690540739482882,0.199012287381711,0.0173456948245259,0.621410513025943,0.416313672746244,0.599667443402581,0.362440289836885,0.0760791792855153,0.557640912295769,0.698716789696699,0.0871834171588919,0.440208545804365,0.160353947880302,0.64853227425713,0.648162266453741,0.0753889658319037,0.561121221956454,0.601358819203414,0.0941815861917462,0.588861193919195,0.47320594464448,0.209734218723336,0.190901469249857,0.248778191336398,0.655328155527859,0.122412628174089,0.389425898321395,0.518583300031371,0.359614352654518,0.412562479098587,0.618137687521008,0.4742348009663,0.580778059490314,0.500138730827413,0.675504704117215,0.612585073219538,0.319588019311955,0.302201380565084,0.292078880911064,0.425828966120691,0.502171356617341,0.607156022226133,0.578138608744619,0.116553103696266,0.453289413000253,0.176641148353672
"3",0.160228634191923,0.10082772558181,1,0.101039765624231,0.293152898290933,0.38483922732866,0.369765474014406,0.123104444632043,0.0936490611728088,0.32856219647429,0.253407891707888,0.267370032059853,0.0107938946617207,0.27910893865352,0.200184460270697,0.139775974579553,0.383476396513088,0.388118842132408,0.357271051170687,0.3113876686104,0.300152025794714,0.369377903351848,0.32438686409991,0.347483822127264,0.344877154744346,0.290997452841224,0.297672082497669,0.379254486901956,0.241664745004196,0.367494872606589,0.359107786648863,0.373367428270672,0.327902836649265,0.404647934324504,0.254075546422741,0.0735977618666097,0.0100053417861966,0.267357907126574,0.0596884172682721,0.282805945145586,0.202082328891943,0.237759116982576,0.00903298620871121,0.0121819026785458,0.225234340570145,0.164506413830478,0.146177807405243,0.153549790787977,0.15784781976801,0.37997266641322,0.320581859302878,0.252962096177246,0.0803304803699673,0.135318838531785,0.0314660225218542,0.292327585273289,0.0627208322082497,0.236184675310477,0.41473904130569,0.342600682040993,0.303631684621807,0.191530606659184,0.381314992374409,0.254277115206297,0.376133803891572,0.100243478889816,0.302680719622319,0.0153785504524951,0.253757386486852,0.00949219824654003,0.20935463290236,0.199126937293113,0.00268896869393893,0.10679340960831,0.104779684778573,0.192164083511319,0.0866015539135869,0.0860040388486316,0.385270746825946,0.0315435342302901,0.179451611606482,0.330728615316166
"4",0.32590035231505,0.378953129215936,0.101039765624231,1,0.282289429667192,0.443908681449575,0.483591524876534,0.383980158014792,0.1219244822871,0.579361938928527,0.21397538230569,0.357694179004786,0.0852935448403272,0.376173070068914,0.265368885258861,0.00409354105046811,0.568900007354713,0.163355041712764,0.515611929282087,0.497978946394241,0.515088158479927,0.510658731224853,0.541880724590078,0.562932480445539,0.113931507434433,0.475996759189929,0.542132434398569,0.473640506037764,0.487855903160202,0.445032741028665,0.507838104316045,0.352302386448894,0.559197406932687,0.259442229138438,0.475268417815424,0.245826244356466,0.297044819625138,0.0530426554656794,0.137567940820125,0.578807967947109,0.395234223833267,0.524788046629377,0.102105771370787,0.0712934349274448,0.484808456165561,0.441402281697542,0.129186736724935,0.343791111173576,0.42147102032259,0.555417828859379,0.486055810331229,0.0839477654780239,0.447531071726473,0.442327234125964,0.00059325694938442,0.463494087576137,0.216596412154723,0.0259667625920713,0.0703358605074471,0.212481494061366,0.536003585670946,0.127298168040004,0.511803053955635,0.480258665010932,0.455196005864632,0.307490811609146,0.515534499768036,0.379626360814844,0.386998107086711,0.434293955689278,0.499709780434956,0.404416752474712,0.253296475851911,0.342728220767353,0.287484663144137,0.432637667599635,0.0782667037854829,0.0788641349402404,0.453364246014318,0.236657629425641,0.280381645297216,0.320476893567201
"5",0.169374756874802,0.185960997326246,0.293152898290933,0.282289429667192,1,0.463736029817783,0.405144188227504,0.356872925865539,0.033358172064999,0.414871137969318,0.215917713714495,0.240278548826681,0.10553287669264,0.266213624692403,0.202664573954301,0.143290331236475,0.474675771888171,0.392205353219022,0.482502315269477,0.382173413031266,0.43355965061269,0.456246818549374,0.387910048326485,0.480822133979413,0.26479963061885,0.383769479473812,0.3892237144246,0.440687283099502,0.355328583213027,0.433773129893614,0.400437977701906,0.511583070898742,0.435433625718975,0.256498335338378,0.381758339550463,0.202920231921676,0.00763571739791844,0.263650019465784,0.0554840302602496,0.346491607086819,0.23139672350758,0.278565893920082,0.0358847001616957,0.0634803105350348,0.358169232774863,0.275911249757743,0.0715103028685976,0.165896964629643,0.305856089282078,0.476407028482959,0.378271738984433,0.168029502042549,0.228919021080053,0.228462449814121,0.0690075826591019,0.316992494243649,0.215621199509234,0.143815539272153,0.39189223014409,0.319859439160911,0.398456181050365,0.164441344574691,0.469253379678397,0.389213562275732,0.375539362264043,0.237532387792655,0.351973101169276,0.082109366070285,0.285729447626758,0.158047770413973,0.28820566906977,0.258688709646589,0.0161277461212712,0.21167408543405,0.199730671902367,0.334634528373372,0.131240669702193,0.0497235981217625,0.319826598474043,0.00443941673482696,0.275266243084886,0.360955929584096
"6",0.399026829096144,0.386305565183584,0.38483922732866,0.443908681449575,0.463736029817783,1,0.626676393431255,0.411137544042088,0.0697829783281024,0.669228112353938,0.360964708748963,0.479282741679842,0.0836259593742012,0.513133814517939,0.392764811801248,0.12448327891706,0.669582320478817,0.359893678189109,0.643660826420115,0.658191860045874,0.606695562929676,0.689898977565694,0.691757777487884,0.742588830751048,0.27373630169815,0.586185193801175,0.636753731001909,0.6747528685406,0.619079157882609,0.639414777718158,0.644204291093716,0.688917273600159,0.705967006511825,0.359353679871799,0.630203755830509,0.340631691909648,0.25145184568516,0.190609314232732,0.0649607958067695,0.606868725021641,0.312911989193934,0.570837468107545,0.197064042848691,0.0133487381230996,0.562574173321933,0.497331361619941,0.0757206672495658,0.467081458215431,0.416313449508352,0.714017889320891,0.644658003485431,0.258580609624792,0.377992343143111,0.409038796085738,0.025793409024801,0.561815126427134,0.219590937560811,0.221360038266721,0.392219690935583,0.383411310145896,0.680274542968299,0.0557799460145284,0.599068692263145,0.571771738882241,0.566058008128394,0.361565322726802,0.613583702224702,0.237024268805804,0.472387066632703,0.228042872084301,0.577562687453838,0.454556822539565,0.110509796380803,0.316796298704147,0.270015419840022,0.518540966174104,0.0491370655047195,0.0911762896489187,0.605414996254995,0.181615321351371,0.352416423709959,0.495385356267122
"7",0.438923605579774,0.425538543128936,0.369765474014406,0.483591524876534,0.405144188227504,0.626676393431255,1,0.556526833852006,0.100798726212166,0.751562570592604,0.329262913456017,0.501181159047045,0.0109731436549087,0.516517187268791,0.317436141419464,0.20885428984018,0.729606557573512,0.375967928503882,0.723507949729558,0.645137159021431,0.672125337434595,0.750121549814018,0.715181327422618,0.740417610688174,0.295358517193386,0.653975186881184,0.714299725136901,0.663474167668963,0.577263279133317,0.675114136209543,0.677620469512583,0.588363429372806,0.727863312927194,0.396547255478829,0.584090710505356,0.42407309159536,0.263268214337556,0.168405688254486,0.131694587756807,0.730892787725923,0.470984879550412,0.641505368992769,0.200996550116285,0.102787102025681,0.549304904444415,0.557383301024052,0.0792062111299001,0.505224935232945,0.431648381458916,0.73831122673948,0.644814602588841,0.296058074595346,0.465250950180654,0.482558627389471,0.0874004992196057,0.559093116438099,0.187551775764018,0.132602199476818,0.32152522656601,0.362873875075022,0.710769755329645,0.0580338047432432,0.670729305739136,0.644480229601422,0.582958850480552,0.269714342099867,0.656206582896065,0.367844495856053,0.560892663361392,0.360613919569368,0.617403360016747,0.527510802363844,0.352565277278514,0.333355634794194,0.384893931637062,0.526142829541026,0.0161045767007841,0.0941561922153214,0.712009774784944,0.226248161775759,0.387608773718829,0.442180121000725
"8",0.321776536466445,0.388346011763963,0.123104444632043,0.383980158014792,0.356872925865539,0.411137544042088,0.556526833852006,1,0.172573849558042,0.691560761955637,0.0461285423032493,0.273554542092834,0.128328937724674,0.348577544319139,0.203507341576519,0.320968978874704,0.591495362287597,0.0299880261470637,0.719995157728489,0.401862361526295,0.608350516545605,0.632219056425064,0.487800515371946,0.639706773806607,0.101479973173293,0.591168820191956,0.624278891570245,0.452109860553008,0.38850375774124,0.489269175589724,0.506498728252291,0.440061304829805,0.636014278595273,0.25679618204372,0.513960452337093,0.448720826092909,0.132230157296113,0.11996468366252,0.00835087581224032,0.654187940027201,0.402949165303769,0.676735013178836,0.0397367165739343,0.200530516058384,0.474471677478538,0.417255364366363,0.0655551870633761,0.383476052245895,0.484243596516029,0.589623038539107,0.525435940922014,0.290237577752557,0.538778625675633,0.56979634534151,0.1956649867727,0.342088956245577,0.0147219125288864,0.139449710220973,0.100620901225923,0.024497725088667,0.54327397515898,0.386546633115571,0.452163422400947,0.512233222098407,0.298079839449265,0.0291467310259056,0.471160624390227,0.523842977304278,0.384813350456957,0.560027032926008,0.498870543699969,0.363642159363954,0.414095988864842,0.218828557685978,0.575797359290086,0.475634837383739,0.0990914685237014,0.0270742051804902,0.563728525508196,0.109343552349796,0.200628083574214,0.116593609036828
"9",0.135383892330438,0.207959081805343,0.0936490611728088,0.1219244822871,0.033358172064999,0.0697829783281024,0.100798726212166,0.172573849558042,1,0.0482871106962948,0.245503967557545,0.167112052320154,0.115261921771885,0.206150903039691,0.159612479195463,0.188309625873534,0.0257794428794375,0.146673965171355,0.109790968413108,0.17522256186899,0.0141582419329937,0.061080016860412,0.0794834180589495,0.00584790783146768,0.0704788642802837,0.0146753718871782,0.0870301602395521,0.115160439249805,0.208101116307554,0.0915786419410875,0.0200143503761322,0.0759134440621669,0.010250561875187,0.303707889162963,0.136047296171777,0.0779419607948515,0.289198451070632,0.193989775072139,0.34801135364817,0.0775772146391012,0.0165368742277509,0.082584214836637,0.2100253296519,0.0978105525599537,0.138721840498424,0.123323884337146,0.247789061210703,0.0512595998324319,0.223215188496833,0.0329713713602648,0.0678408846708738,0.109675379427248,0.0301566233115124,0.0264222816636785,0.34290611529201,0.127387203496441,0.305879423147919,0.239995250221855,0.129803233779545,0.159009257545869,0.0654487738567077,0.181417670332276,0.126917898607159,0.0167793060913894,0.026972742865086,0.255946088101311,0.0791698617502769,0.0353261558242702,0.0952803218612139,0.0902659385206621,0.139523642620659,0.158959626008287,0.148737274712035,0.115361299753608,0.19642814816286,0.000390980773350223,0.394225424835511,0.428295666257576,0.135156346318174,0.0918602952802008,0.211990695613874,0.0164306551739181
"10",0.477444512961036,0.623042774378459,0.32856219647429,0.579361938928527,0.414871137969318,0.669228112353938,0.751562570592604,0.691560761955637,0.0482871106962948,1,0.412731162717841,0.649993148546683,0.0568659414801615,0.683925621079462,0.494897727647559,0.236546132006102,0.897023076187806,0.344657349305859,0.866247436268514,0.790020142006785,0.848548060622386,0.889812141704221,0.860196742621495,0.906164045527403,0.286189119100875,0.802075855013831,0.895562190644596,0.811702501522725,0.791364920746255,0.808872460502227,0.853548920132375,0.671005715278469,0.928493235091385,0.398072521315442,0.771319732310637,0.473181692702292,0.501470857283377,0.047925353607238,0.092480245649406,0.898729232428493,0.57038981379888,0.871796443612547,0.31057039840118,0.109303357580456,0.7451741236143,0.754922675024652,0.0521952584862478,0.596829294594333,0.548493941077278,0.915908552919306,0.871233158797178,0.395118781868625,0.676640654599498,0.706144281943519,0.0781945121710404,0.750399960770912,0.299119575515593,0.243001925335574,0.199232188391207,0.355790078711563,0.86724640575205,0.176614809981351,0.722719139042535,0.741969784566579,0.624824925365654,0.300576937364182,0.83019216862776,0.5410842999401,0.673180231595618,0.538215689652527,0.82794936962739,0.705091184462995,0.376467874445821,0.400235160224938,0.524407282488822,0.570753882250943,0.174217305122906,0.240585133803407,0.865810011881055,0.216748113704872,0.496154896694767,0.420964940042213
"11",0.272311357706175,0.423049022636875,0.253407891707888,0.21397538230569,0.215917713714495,0.360964708748963,0.329262913456017,0.0461285423032493,0.245503967557545,0.412731162717841,1,0.572998054402167,0.365310769990787,0.517004537324701,0.491231319697439,0.132031072608316,0.557218711465643,0.593994493557684,0.354901248615933,0.591737805794289,0.531660709060427,0.440032024849101,0.579575119793445,0.395436800070318,0.343682415398266,0.381590915436766,0.433955719713675,0.600286549958489,0.61262843632637,0.56299000022144,0.551893605363833,0.449635140963854,0.486660410915193,0.199951449653501,0.388037817371954,0.18561501738562,0.437490703842208,0.0422119088879129,0.0460258424624692,0.423981808618698,0.396979052968672,0.273188679739043,0.345950189433966,0.243661670601007,0.456832382436952,0.545595844332196,0.00499160185870148,0.260788819529552,0.215924272636652,0.551251632315273,0.528128070588185,0.189699425606267,0.215713473882267,0.253878527892238,0.17294542859187,0.606540464633438,0.504263886301483,0.499313942167431,0.187091170527846,0.551056434669447,0.551196862624689,0.405560946094685,0.500718812452877,0.465098368682817,0.441445769194076,0.326332781357566,0.546457674829411,0.0824627226162736,0.493430282138777,0.0355738436468287,0.502654202458237,0.510320685908343,0.038928581579585,0.245065873570938,0.0649704580223011,0.237283664137053,0.335632940541356,0.410126631091184,0.439740434144983,0.112746233041483,0.523947113107605,0.484741080173787
"12",0.431488842652905,0.527292987092547,0.267370032059853,0.357694179004786,0.240278548826681,0.479282741679842,0.501181159047045,0.273554542092834,0.167112052320154,0.649993148546683,0.572998054402167,1,0.271450875513484,0.662260098658224,0.546633793957553,0.0412372542489119,0.72262212191071,0.520053382527841,0.601066713720382,0.721537634610348,0.637803229196804,0.689803007524105,0.755988330047108,0.620052456042327,0.298971668253794,0.529372533938274,0.676987916169197,0.714543515323951,0.748873147178003,0.716725337008334,0.750461176019474,0.562489192886289,0.715975605781261,0.319405603932949,0.581083681224454,0.302388643103621,0.554018077563621,0.0068808265969195,0.0316153458298739,0.654584779473211,0.507047719980655,0.572880704617285,0.338564271163008,0.0837851157684,0.610081055199223,0.683461180573835,0.0324961210894233,0.480396142959252,0.28412604366138,0.700908481740204,0.720984217474015,0.35098671545548,0.487312459473466,0.477255449473237,0.183976774870106,0.731136454329289,0.474442839836132,0.513890988409017,0.18764935038784,0.542303968612248,0.73654953823224,0.160022261030635,0.578710192761407,0.596414064008657,0.57879327351614,0.386079387385435,0.703913927498328,0.29553205519486,0.551055634914937,0.245600218126136,0.695163271204041,0.665806754966118,0.155431261674486,0.332788707659446,0.32639191484479,0.318641851308725,0.31562624681624,0.414698325961449,0.664171496070435,0.19817583217135,0.59731201933851,0.416295071329955
"13",0.199781894626984,0.0852747512714916,0.0107938946617207,0.0852935448403272,0.10553287669264,0.0836259593742012,0.0109731436549087,0.128328937724674,0.115261921771885,0.0568659414801615,0.365310769990787,0.271450875513484,1,0.219054252194314,0.269241976833968,0.0966101811579294,0.208264433612495,0.386736675841335,0.0641530053106572,0.162818564247398,0.181429138668528,0.150765047032607,0.211649881464443,0.0495977395657856,0.20136858566056,0.0338229574787876,0.134474550544133,0.232536935312092,0.285877019747959,0.269541199286039,0.227547506338067,0.267972878884419,0.157430604950618,0.11381791425783,0.100600416830852,0.0756328760022227,0.151425922016017,0.0989902082947189,0.0711167680573436,0.0799300241364979,0.116117583722621,0.0188798562523353,0.221699136354348,0.25853258079004,0.232507102022591,0.198337374311941,0.104519865248109,0.00879171046879532,0.0314024634087032,0.153885666858322,0.189684872591266,0.142791957122514,0.0786009637366237,0.0589256100583021,0.194859123130421,0.271610107651464,0.306936172293963,0.448668372834341,0.174409016211223,0.375139006964831,0.220847840855513,0.41625242400346,0.259979785352027,0.201917539595087,0.132729664656509,0.139898406171959,0.152092861763774,0.116568040085075,0.119801545662197,0.197110606891451,0.200544977273129,0.244132313007196,0.146319322642762,0.115696006532946,0.0667193122926717,0.0688359153366279,0.150835499237392,0.185727586229205,0.0456118343008018,0.0586217498680853,0.326501227709881,0.253742830622674
"14",0.361260461421156,0.551478649956748,0.27910893865352,0.376173070068914,0.266213624692403,0.513133814517939,0.516517187268791,0.348577544319139,0.206150903039691,0.683925621079462,0.517004537324701,0.662260098658224,0.219054252194314,1,0.51564059553836,0.0458065740096238,0.71376727033051,0.460575568555653,0.577151840215039,0.700038944081893,0.671976090057336,0.683440006853259,0.751866881023589,0.604486964175396,0.311401946161421,0.573672813495671,0.645448759524685,0.670225286979853,0.70995092994866,0.737541582140715,0.722480829652043,0.511854632280913,0.69926627142958,0.271615717445659,0.595114130217625,0.380823247684651,0.536222675880778,0.0101363160251953,0.0569238863454447,0.640881681863232,0.463515052485425,0.617454004051894,0.384131654754382,0.0214344555945515,0.611274817846972,0.652462566256817,0.00782586597421983,0.408061969930417,0.348748792276337,0.695278358953408,0.707094641525506,0.365636722774805,0.512317854090025,0.497025813432642,0.169560493462347,0.676927051906761,0.463451897861913,0.425820705171713,0.124476030732901,0.453943924074531,0.729093890209294,0.0933499305373393,0.572524879680492,0.609670207766676,0.54394969804838,0.32448614287178,0.690448643775229,0.287608580105769,0.569588385651143,0.236240664520192,0.709091454015702,0.667369387553134,0.162545438898545,0.393995323355087,0.264260220211933,0.361880743461958,0.346995537675802,0.381424309737339,0.624769537314121,0.202595109758928,0.540908224969353,0.389124088662191
"15",0.294904406409071,0.467169155647122,0.200184460270697,0.265368885258861,0.202664573954301,0.392764811801248,0.317436141419464,0.203507341576519,0.159612479195463,0.494897727647559,0.491231319697439,0.546633793957553,0.269241976833968,0.51564059553836,1,0.0835423327019497,0.550501302388307,0.395859366250048,0.425995114241834,0.56058903234977,0.493632115779404,0.504031086982004,0.55100392264484,0.463375941968711,0.232580612366297,0.39973832077812,0.499519484430617,0.510582076498627,0.603340667597046,0.56252973565494,0.568180895129898,0.3963465155588,0.54529780527227,0.173427934507173,0.459636224327554,0.276029497212649,0.442008804981897,0.0224818935060235,0.0405334906232416,0.495409757962619,0.32200031552875,0.502978462977813,0.334500219117783,0.100320005048873,0.498562282359913,0.558222290065467,0.0106133002231088,0.263524254572123,0.277072064698281,0.536629329135244,0.588602494440885,0.237410622520963,0.299866160430521,0.3601397939847,0.105262599552648,0.52617663322507,0.406110200367641,0.403496147714466,0.139514438814248,0.391683491173272,0.565499526347968,0.144039934602341,0.429574962515141,0.438623919736967,0.318236702360394,0.205200197314866,0.487813161069831,0.230809317273967,0.450528976702706,0.246050059673092,0.542028657409236,0.498292054485799,0.119292506006998,0.260023597001007,0.164325420271159,0.310187126528242,0.292302536918916,0.349985890755407,0.478398916933689,0.139331947948337,0.424764859648613,0.319845597135875
"16",0.199802730254336,0.139715669572583,0.139775974579553,0.00409354105046811,0.143290331236475,0.12448327891706,0.20885428984018,0.320968978874704,0.188309625873534,0.236546132006102,0.132031072608316,0.0412372542489119,0.0966101811579294,0.0458065740096238,0.0835423327019497,1,0.184596280724871,0.0892233268067274,0.296591182463285,0.0325662243720269,0.221009266500709,0.289191601591818,0.111566413531223,0.255001045591336,0.117055106253169,0.208240709695582,0.244558874570077,0.142358175113297,0.0373625162313102,0.152201482094512,0.156348495637375,0.240385347630778,0.235524656225295,0.184037116293633,0.186998233442292,0.0679048296796314,0.163050296337865,0.122742382352466,0.024808393306161,0.19132745176658,0.129268026074678,0.232624423888609,0.00830970813400522,0.157995226062291,0.0675204936959291,0.0370032036080591,0.148188169826686,0.0601865912287535,0.280348814617059,0.182771444992072,0.170429082491421,0.470983685750086,0.133170336549502,0.122352157352434,0.179381852520961,0.0711050914386259,0.231227932808087,0.0646753221366186,0.228564798890388,0.0422750208504445,0.0863213087742339,0.188551036392805,0.155440760227539,0.134338859109486,0.0803060676517222,0.135405094768385,0.140518037766641,0.161578216775519,0.0303986724198881,0.0587431966220537,0.142639489622454,0.121921526821326,0.0151888875337649,0.024337925669745,0.250058466749477,0.0480055046571063,0.215891030361536,0.286501226945286,0.196833807160535,0.00849941465906638,0.0877142044617973,0.0357970103282799
"17",0.491582249029743,0.621169667949637,0.383476396513088,0.568900007354713,0.474675771888171,0.669582320478817,0.729606557573512,0.591495362287597,0.0257794428794375,0.897023076187806,0.557218711465643,0.72262212191071,0.208264433612495,0.71376727033051,0.550501302388307,0.184596280724871,1,0.568378797146268,0.859478575542034,0.805812301546043,0.870850023900725,0.876150147791599,0.878244833421895,0.847818143331074,0.431359333172061,0.763254040086234,0.878016561487161,0.83393915536455,0.824518347020855,0.873992084791033,0.893089618150168,0.700128018873744,0.908409302990836,0.446409532348077,0.712186862549162,0.417624574254286,0.49708934039743,0.117756385702452,0.136388069792466,0.870682658395396,0.623421325166396,0.792500852899893,0.321135505006279,0.0112561679249718,0.755529806025837,0.786150900239669,0.106913108174827,0.554854308496886,0.536238536517325,0.928321297736221,0.87119412772622,0.40395556628771,0.587917687672925,0.632000410298209,0.0169319946843003,0.809005571322847,0.451639740405721,0.394129220042498,0.292151735829634,0.519341123240856,0.890141248344394,0.0676602588730855,0.818129203020522,0.767589342300127,0.645470459860647,0.357265356964844,0.83830475667729,0.430627852357647,0.706538593992184,0.439773822773883,0.803690907947572,0.769373979020527,0.32193511536497,0.364077424146471,0.433649973341158,0.523385931717569,0.176388680994316,0.263282582366267,0.846964796241407,0.251214914090305,0.586769669051074,0.539850140970669
"18",0.23949531856737,0.248958926036168,0.388118842132408,0.163355041712764,0.392205353219022,0.359893678189109,0.375967928503882,0.0299880261470637,0.146673965171355,0.344657349305859,0.593994493557684,0.520053382527841,0.386736675841335,0.460575568555653,0.395859366250048,0.0892233268067274,0.568378797146268,1,0.415706232152007,0.480301801783403,0.443265514693275,0.45571345185486,0.495493023268827,0.312914242109565,0.55980959106335,0.332111549616822,0.390404521025844,0.510795365847363,0.482105713279734,0.572795250382639,0.510147078429768,0.47735243909147,0.411722257152028,0.404374745242096,0.243965780662902,0.08680048018832,0.189072063803751,0.271186615493872,0.117558854404423,0.328671962306701,0.356711634488009,0.177922881849627,0.192338555828436,0.333254280448431,0.457296983883349,0.416199810158632,0.118321946357416,0.192556387070942,0.204018224970013,0.495376067814942,0.41490644437378,0.259320634978511,0.0623597545393705,0.133346264112158,0.268235546596389,0.508906680185679,0.494570611357983,0.521613167821824,0.448703127022259,0.666128235699054,0.517049431718389,0.591300287479209,0.630095541849299,0.426707339376124,0.475973993396904,0.308966284365026,0.449656533299364,0.132892248008603,0.430375119075184,0.106846923278471,0.348497120103471,0.403437544722325,0.0297502239665589,0.19434338339096,0.00261534841187056,0.172694902406325,0.0941186280449967,0.211301066616881,0.390486752984925,0.0763187214077564,0.453157709828753,0.540244312614857
"19",0.448696807070418,0.480504991006309,0.357271051170687,0.515611929282087,0.482502315269477,0.643660826420115,0.723507949729558,0.719995157728489,0.109790968413108,0.866247436268514,0.354901248615933,0.601066713720382,0.0641530053106572,0.577151840215039,0.425995114241834,0.296591182463285,0.859478575542034,0.415706232152007,1,0.669969098931282,0.801971038692933,0.883248412095605,0.774567135786589,0.852670976443878,0.377411789958714,0.740157625794674,0.841166861493029,0.751810510371013,0.687384731769702,0.778226897308484,0.798085017833779,0.725087320293746,0.871166529569793,0.498588382214092,0.703649931736379,0.414817409646258,0.308767369476049,0.220811756011035,0.0660580811830315,0.847029727676651,0.517541572321229,0.81100236347529,0.198991542774155,0.0416398509062382,0.712832022184939,0.650087168252297,0.130909573718225,0.51424372014646,0.603347082548057,0.852597754888996,0.7852569508983,0.469404252324627,0.54966429585354,0.59488968435292,0.0589349189435322,0.658747049985128,0.218893907399027,0.227077178138947,0.397650552943209,0.364208860832711,0.817888297829361,0.0759136528901905,0.74295293797306,0.713876226401816,0.601779664902517,0.200684666985227,0.724277028857262,0.451932528957965,0.558087364705869,0.4988753651921,0.69914026630076,0.594514910142778,0.312498673824147,0.337919335133644,0.484460304717863,0.540860231571561,0.00251803530291386,0.0671874162191566,0.81254649258701,0.209053211902956,0.42686091129684,0.430724727949688
"20",0.382543448297205,0.693877099732047,0.3113876686104,0.497978946394241,0.382173413031266,0.658191860045874,0.645137159021431,0.401862361526295,0.17522256186899,0.790020142006785,0.591737805794289,0.721537634610348,0.162818564247398,0.700038944081893,0.56058903234977,0.0325662243720269,0.805812301546043,0.480301801783403,0.669969098931282,1,0.741400757339148,0.736039131824315,0.854798238815636,0.77204052546118,0.246021335347481,0.721455414480343,0.764054677722143,0.80912943476115,0.825614613625588,0.770166374724185,0.804578906286727,0.616266708068451,0.809312399256847,0.236265762488226,0.717319882604764,0.412590312657942,0.653887570632859,0.00163832609674507,0.0278042554736721,0.767648229024196,0.517415403343667,0.655779661774744,0.362814310673545,0.0156054237930088,0.693120959206393,0.756576953008901,0.0274550784797271,0.536234968077388,0.313348744462517,0.837735887948264,0.811601749987123,0.207317718826659,0.595087590481745,0.597442288410762,0.0994570693643051,0.773590619208038,0.481072074962153,0.345747340236027,0.11515559277497,0.483988506803159,0.816290738475958,0.0692286888809945,0.661429498965776,0.671746969461491,0.624892019641152,0.523249606237186,0.81708816939996,0.425156922326653,0.689551974135185,0.390518925560259,0.781594768276789,0.731777402860258,0.269932183612951,0.497027781514146,0.353168280674067,0.554587642813204,0.387489358302114,0.461170397763043,0.739926857389095,0.165838491980368,0.577190601796365,0.464270981408419
"21",0.492259150011907,0.589447117386738,0.300152025794714,0.515088158479927,0.43355965061269,0.606695562929676,0.672125337434595,0.608350516545605,0.0141582419329937,0.848548060622386,0.531660709060427,0.637803229196804,0.181429138668528,0.671976090057336,0.493632115779404,0.221009266500709,0.870850023900725,0.443265514693275,0.801971038692933,0.741400757339148,1,0.841539793692303,0.849754344848482,0.816834341925885,0.3287313758553,0.722362542671223,0.82764098710405,0.789720161734665,0.769744689499463,0.800081369117604,0.839605315423266,0.621323946929459,0.867200826332538,0.360112742568281,0.727283830496962,0.443066532397282,0.442063764338468,0.11177883305473,0.0652164743983194,0.834350257904739,0.585491609836723,0.770794341957224,0.377957010932265,0.0264521045839424,0.732040995452845,0.785655741274137,0.0746511510012827,0.512398697205231,0.533295178308298,0.867001084197712,0.819878818014217,0.434060678252896,0.589162788644881,0.61822874162976,0.010594364008485,0.726813123476418,0.360707058264874,0.295528768947498,0.198205390807895,0.468687775352966,0.836540701039429,0.0469118656583142,0.74613213132867,0.743708246595138,0.586412149488192,0.31167793850334,0.770932408482575,0.491508276033024,0.628461177338588,0.470515466815315,0.782414427905092,0.711011569149302,0.336119117376065,0.421680732148316,0.437133843481801,0.515967827280051,0.211474523726179,0.239800939587355,0.790095946785282,0.199730431671327,0.549899019857759,0.440825154842858
"22",0.496570746805532,0.508910271794687,0.369377903351848,0.510658731224853,0.456246818549374,0.689898977565694,0.750121549814018,0.632219056425064,0.061080016860412,0.889812141704221,0.440032024849101,0.689803007524105,0.150765047032607,0.683440006853259,0.504031086982004,0.289191601591818,0.876150147791599,0.45571345185486,0.883248412095605,0.736039131824315,0.841539793692303,1,0.839636865341963,0.86709147337683,0.341926063436514,0.739232059613203,0.862724804127045,0.805906633938931,0.762589668710042,0.831299386934643,0.851016632979845,0.75509664078539,0.913465867125123,0.43663150917618,0.759466637662869,0.44452295484988,0.376528890184704,0.188994152933908,0.0476596317287456,0.843004857950508,0.550650967700209,0.800446381949723,0.328588543398337,0.0153257989887553,0.738613574527121,0.712364845722702,0.0956945615793927,0.550988638362737,0.552559821935174,0.868813305697135,0.847109711104526,0.539599720924906,0.578022991885902,0.606509128417432,0.0110027368003046,0.745472958467671,0.280928057694137,0.356081766069964,0.369804464721106,0.446152886164912,0.853370678075628,0.0436367192542279,0.744378862735532,0.717796387944916,0.618981392586258,0.268988937653874,0.791529593493435,0.440571206199879,0.609336183147334,0.418668727876703,0.804727929810402,0.689659067469954,0.272429331496304,0.407813680388732,0.487317720558686,0.509145566930103,0.0927102654653169,0.166855178971715,0.821323333779152,0.231612838621141,0.546832442074942,0.494312219310127
"23",0.516464165448932,0.636232688959647,0.32438686409991,0.541880724590078,0.387910048326485,0.691757777487884,0.715181327422618,0.487800515371946,0.0794834180589495,0.860196742621495,0.579575119793445,0.755988330047108,0.211649881464443,0.751866881023589,0.55100392264484,0.111566413531223,0.878244833421895,0.495493023268827,0.774567135786589,0.854798238815636,0.849754344848482,0.839636865341963,1,0.839056774088501,0.316167077510271,0.713805760049002,0.852982897335108,0.851324211809873,0.858496288642013,0.853464386342907,0.856067608293848,0.697764227443791,0.894081804296935,0.354041876442418,0.75064874592757,0.45311410397571,0.574402893428995,0.0450203522162815,0.0657697827116086,0.854657129542192,0.566587461814714,0.754280841310612,0.409006314096879,0.0198159672729869,0.745906389981288,0.810573292805776,0.0465464772395873,0.590102063131639,0.461097583374283,0.887201729981231,0.853843938225445,0.371321188218659,0.610557063279086,0.612193476199549,0.0648094843066113,0.820752692205748,0.469602359449015,0.390313821253067,0.221788434013927,0.540201512928697,0.886078427128004,0.0358476087928379,0.738568255561436,0.74863082975835,0.678686253626292,0.443169720761796,0.83071531699283,0.44286650863299,0.68437971182561,0.43436518727606,0.82873855172329,0.770713686270455,0.285716130605058,0.447688090312396,0.390696293625675,0.512529888156595,0.301572084084521,0.36688998348799,0.818736018686943,0.233992453087667,0.581097733860413,0.543418963751888
"24",0.465366399139765,0.564558168305269,0.347483822127264,0.562932480445539,0.480822133979413,0.742588830751048,0.740417610688174,0.639706773806607,0.00584790783146768,0.906164045527403,0.395436800070318,0.620052456042327,0.0495977395657856,0.604486964175396,0.463375941968711,0.255001045591336,0.847818143331074,0.312914242109565,0.852670976443878,0.77204052546118,0.816834341925885,0.86709147337683,0.839056774088501,1,0.248139464743947,0.808222906416809,0.853620592133825,0.813850119057577,0.776473525318683,0.783232715652388,0.822387619686467,0.72389378260009,0.9039709426549,0.372852150959714,0.82405437409372,0.445027499462949,0.434587978549807,0.104330428671904,0.00957563989382493,0.856100328704886,0.477756786159658,0.805117171400902,0.273849452943736,0.0965063716375961,0.733478174349078,0.690845571166158,0.0339586326025047,0.567754632611328,0.534248340977803,0.893948436674039,0.853861545480552,0.362913978458987,0.611810052683975,0.650574734702782,0.0662844638941509,0.703498209041696,0.258233616998394,0.240293035916466,0.315267756364742,0.347881584862845,0.835357854104803,0.145373257817809,0.68010798941335,0.706339068484392,0.634040418000358,0.335663128280684,0.78354319800359,0.524987359182514,0.622380870966719,0.485501467512321,0.771082094724728,0.646968596804633,0.296901317885885,0.43179971616302,0.503391474202046,0.611821245673545,0.138260046372702,0.185092359500712,0.831556623488682,0.240616818219783,0.476942246047639,0.439736672460781
"25",0.143901363061908,0.0838652405041297,0.344877154744346,0.113931507434433,0.26479963061885,0.27373630169815,0.295358517193386,0.101479973173293,0.0704788642802837,0.286189119100875,0.343682415398266,0.298971668253794,0.20136858566056,0.311401946161421,0.232580612366297,0.117055106253169,0.431359333172061,0.55980959106335,0.377411789958714,0.246021335347481,0.3287313758553,0.341926063436514,0.316167077510271,0.248139464743947,1,0.281621162217409,0.307498077525397,0.359120865210069,0.283655721935402,0.399804661194407,0.381194474821109,0.366356669677073,0.299421279426675,0.367257639489456,0.168920306457497,0.0496834188446533,0.0395980605290036,0.242025477197622,0.139375281120076,0.272587871423023,0.278580079043896,0.192030226539523,0.00105994761684719,0.034862388945237,0.278074042928378,0.199423026341213,0.176782989582236,0.185189339777548,0.352516218859419,0.378220386189696,0.324378085338657,0.379531681454705,0.00966203396054266,0.0740738872559909,0.0892842552860544,0.31547413276919,0.236891580242795,0.405004829560627,0.474137654819442,0.41720037430974,0.333905839623045,0.419248687709257,0.470505358875295,0.340844930108406,0.359660183760535,0.0472393747871807,0.333313026713839,0.0800103775826892,0.300212780077523,0.0861902091318013,0.198587023143569,0.192093095054944,0.0360234039840181,0.0328970901653869,0.0107511698907011,0.129742999601993,0.097076007011788,0.0985689757900697,0.314542772521364,0.0742274907151915,0.300953743673639,0.38562557159449
"26",0.366427842632027,0.574168263736859,0.290997452841224,0.475996759189929,0.383769479473812,0.586185193801175,0.653975186881184,0.591168820191956,0.0146753718871782,0.802075855013831,0.381590915436766,0.529372533938274,0.0338229574787876,0.573672813495671,0.39973832077812,0.208240709695582,0.763254040086234,0.332111549616822,0.740157625794674,0.721455414480343,0.722362542671223,0.739232059613203,0.713805760049002,0.808222906416809,0.281621162217409,1,0.738870872935447,0.693986803698658,0.672140632554756,0.662318460514531,0.721903266563717,0.543399922313885,0.788233663497196,0.276708688739709,0.718105146778732,0.393960232104861,0.466575033119126,0.0221568753311005,0.0106278384409101,0.762272247452902,0.442885753921162,0.700000178142855,0.20237560613387,0.136539152956964,0.644914589571993,0.625000190767573,0.0130787461104619,0.506321231902232,0.450263658987291,0.806283654077818,0.763313069133242,0.247336490721915,0.5722444809485,0.634804584150392,0.0517150724618954,0.617934998694695,0.24415856680756,0.148678438810104,0.191231903635959,0.268898961147884,0.728082384051911,0.135059131859451,0.624670871573194,0.639089867613766,0.558931708013029,0.31796908044602,0.752208693004563,0.504332896621155,0.637945774754359,0.391566892905143,0.690175333341222,0.570295722178536,0.327337754308121,0.423622958651092,0.448248584144031,0.615796016080998,0.180831266735429,0.206453108075474,0.75942094862471,0.190084500001953,0.443603950210308,0.348572623301602
