"","1","2","3","4","5","6","7","8","9","10","11","12","13","14","15","16","17","18","19","20","21","22","23","24","25","26","27","28","29","30","31","32","33","34","35","36","37","38","39","40","41","42","43","44","45","46","47","48","49","50","51","52","53","54","55","56","57","58","59","60","61","62","63","64","65","66","67","68","69","70","71","72","73","74","75","76","77","78","79","80","81","82"
"1",1,0.086290377353815,0.464973088704503,0.603757736913367,0.112646049015956,0.104557323262554,0.0199606280363838,0.369821449261239,0.0667616609976659,0.157288651631554,0.0018255630583588,0.0505506049655622,0.103104433091051,0.113628324938745,0.502739007786714,0.174715727120282,0.0108317373277373,0.20691557290825,0.415845886929986,0.116173933352061,0.330648573324724,0.000474973972072386,0.38424934977452,0.18169208895079,0.378356903286727,0.21876340464992,0.00323653815764893,0.316214816292964,0.10237131482255,0.150279109310549,0.246460074678306,0.413960979592324,0.0613990907121503,0.0373746077038017,0.198256530563975,0.0421666047337882,0.476418458293068,0.175711398545648,0.0183670523316699,0.0750057462636731,0.110673692491906,0.224303799446322,0.0158480145285866,0.487097066323046,0.119636683513938,0.356028486353959,0.234930582588721,0.0409075971760516,0.452362863114394,0.0374756330905932,0.0853455013936753,0.183670465761618,0.163745507594009,0.0913687643669361,0.368674806735738,0.273508171485558,0.333273073831739,0.11063725915727,0.180351780062994,0.21452851206199,0.133548228051827,0.319050201739072,0.359202997685802,0.00565765594329393,0.181934940865736,0.0733166152651744,0.0167616147809716,0.0316633704927514,0.264435210067847,0.177163679756741,0.0741180079661286,0.206497272198251,0.334726559862022,0.105676067279706,0.041722653539043,0.270200709512856,0.275157777604649,0.523821947134335,0.23603674458931,0.205175901670709,0.106953120857857,0.0890783398617216
"2",0.086290377353815,1,0.0418884792915956,0.249317326983638,0.235479343230998,0.121847200792967,0.121057327309372,0.0523697722777554,0.0223947485915712,0.188646519739554,0.00703938937684054,0.0905196188803525,0.110480060957683,0.0696392488695971,0.14024366423591,0.128022113706462,0.120988087581831,0.168557227843343,0.122434512792844,0.219492621508241,0.0318777904406607,0.168651533346953,0.0417003998746065,0.0609158165299259,0.232154203437819,0.284618264860074,0.146779176168494,0.0239380328106923,0.225654390832802,0.129663132999204,0.0762167431030617,0.107360412310052,0.185835418535541,0.144240346520645,0.130043597554518,0.0758038218461268,0.188422897477569,0.280080770735084,0.192677222258688,0.0892497548153472,0.132265967192826,0.0374615054301594,0.238630422807767,0.148585557507314,0.0851370872057382,0.000934115279381686,0.0487417777732557,0.0821497425498781,0.179467536110405,0.248453186335673,0.121070399844834,0.129284310830683,0.129185483130724,0.0862935544105955,0.0442670901438734,0.0287649911519484,0.0148996146716434,0.0901601753725457,0.169221082510849,0.153193362131363,0.17458520092739,0.15047230800821,0.0400605277009485,0.281951478574877,0.171466509045325,0.270469593724747,0.0772606236410394,0.0389044009873149,0.113853103052651,0.0371375417056395,0.216693826245433,0.135937278019792,0.0168025210474542,0.046224979464462,0.160888363643156,0.0608831947297659,0.242154562555365,0.123681890713889,0.0907192103478466,0.140174218390001,0.214340692481025,0.124249797832701
"3",0.464973088704503,0.0418884792915956,1,0.601105570118006,0.269483409018495,0.145434581725482,0.0801322304950819,0.259002697718329,0.0240437183143644,0.362378834825167,0.336149557363671,0.367544658731162,0.342300941937337,0.0654902361731347,0.332940924879948,0.295168405868468,0.274675461289138,0.192143277910572,0.0660428700210277,0.330126802935848,0.157013795353883,0.233059279612105,0.0295375017253362,0.0815406394587523,0.429115273022552,0.215917273366858,0.107046410769733,0.0325866516755065,0.23418133987461,0.167588480496596,0.0582505398723403,0.144548365859857,0.227566308984469,0.123519712640915,0.0399412389216109,0.15708140545663,0.42149061350494,0.281516597692001,0.0780882617827643,0.148174106482998,0.167360404380145,0.0958343312400053,0.146515498161371,0.391007750528807,0.0119618774561433,0.177309429604534,0.18611011894728,0.0683934569877298,0.480805209201733,0.235243651486022,0.412327844285229,0.167360769707155,0.258741235869059,0.00969567730676911,0.218297010521209,0.0527502439235146,0.0350831077833623,0.146309275055284,0.384088827913734,0.0423067057830648,0.423525105304252,0.028713648468745,0.00256152184950227,0.197973170689832,0.344515911181214,0.0344829012651755,0.195688799226141,0.263644183099695,0.145806870936524,0.0433949296297443,0.189997849406242,0.00181018381537563,0.472141195635882,0.000694691429500698,0.202171040250011,0.128666599726357,0.355297402614236,0.340888460428893,0.321526381877279,0.0687999795032734,0.19268443090305,0.16557879261431
"4",0.603757736913367,0.249317326983638,0.601105570118006,1,0.419702923595511,0.111326655925214,0.111204127697,0.466819486278873,0.00920656013654234,0.501549899890451,0.165975849974747,0.276136300065542,0.354984300152797,0.0638568422894537,0.514382707744532,0.394339648599147,0.28633121435457,0.127520012208217,0.433474844961625,0.393357464307734,0.428747917798881,0.245320928017495,0.261333369346074,0.153944365850146,0.638823418527683,0.555795172716809,0.119922907830773,0.22625095685995,0.265729122014695,0.130342356649285,0.132348423698362,0.181209300371513,0.210567848160642,0.186177810236617,0.254689313077113,0.267584996280253,0.686750228292553,0.373837968179328,0.271050585002026,0.0581183059054547,0.0664713516054135,0.153598283042297,0.28767706099526,0.543319180258047,0.121150226963199,0.270926073837656,0.262797387654255,0.100475204981028,0.659866606795146,0.311980958401376,0.370574242292251,0.258759891266802,0.381584812380757,0.0311721733448147,0.335785164967714,0.136337132228073,0.102155345772924,0.0604697086411883,0.413898620255117,0.0990909916022471,0.460794833129832,0.0435042986071818,0.13972319895415,0.354903241877375,0.45159692908109,0.222688055301357,0.209593007589502,0.234450930329368,0.0311956968219064,0.186850407969849,0.377151113838886,0.208307207478607,0.451762887109829,0.0632407077563016,0.346358730985154,0.166297465493331,0.506718473556065,0.622397389550969,0.22719084329493,0.259562965379338,0.288080980515869,0.156218560048564
"5",0.112646049015956,0.235479343230998,0.269483409018495,0.419702923595511,1,0.21274419203027,0.0493263756774449,0.17257836463812,0.184507539687639,0.430533206063023,0.220664947159274,0.262816994875839,0.420183807968869,0.195001229817341,0.195917730687107,0.236933210571305,0.451572028547964,0.479733207636494,0.190751059935403,0.387750052025819,0.0243907170524716,0.508863558188498,0.13870690735065,0.112003052734779,0.502602552032148,0.461148575011112,0.0915566542819736,0.138724794373048,0.542019066577286,0.39859308446082,0.16230634979545,0.273307616290447,0.404262878915682,0.192056660240495,0.187413451544097,0.263596739062033,0.351154762972973,0.383071083286822,0.338900095604022,0.0163171063420905,0.0439505172494628,0.0852011697426698,0.271334703222124,0.18381674170447,0.0655282836062416,0.0311940499113712,0.191010232019782,0.180091157761832,0.366805312775718,0.512736255717622,0.363119125310069,0.327965440987248,0.606051428811159,0.063637193379917,0.026413153163248,0.0572344910036563,0.256412188344258,0.316823550754311,0.3505545128889,0.372163929326145,0.415360812559972,0.297056378690676,0.263674802026769,0.422444923965606,0.418915598971284,0.349690874695512,0.344198295795028,0.315470976246342,0.324153403948331,0.110013845804226,0.354933834941096,0.0345042364806913,0.251469896030797,0.149158142714869,0.315127254099608,0.0714095248936178,0.392474026964114,0.207043447640856,0.101270177737952,0.289288422604196,0.2694379395174,0.34000302046247
"6",0.104557323262554,0.121847200792967,0.145434581725482,0.111326655925214,0.21274419203027,1,0.100434870509083,0.215535866503904,0.145882837218445,0.256866042773972,0.363840395693715,0.451018705513265,0.323335542839827,0.222218055677319,0.171458345214162,0.185439401065933,0.483644228785925,0.577994846274163,0.273821365046672,0.472227799626452,0.273657524628561,0.443269208115028,0.452482617854335,0.279773524107825,0.131831334259643,0.255127891905049,0.221922801649645,0.446902330280453,0.44821354360299,0.452324965535235,0.394678766780821,0.378408007940526,0.33548736362098,0.246812568095045,0.0645731350209027,0.0944459354983838,0.135760718996839,0.31654843356202,0.191210458870686,0.235999501114294,0.246848137823404,0.100354084451899,0.126941645121184,0.0650789445493174,0.25400259287419,0.269465103356382,0.17057117503727,0.167867999783818,0.0658582178396587,0.459491360220321,0.334169192420716,0.203345466422206,0.115955147412107,0.280767949765033,0.0927368383196644,0.384468331944735,0.262591101139005,0.377578686014087,0.492989268742189,0.420652314747153,0.341186605095511,0.570687048044267,0.474422421438763,0.34238985524847,0.333932790772357,0.347512705761046,0.28501056716311,0.258206725459003,0.24373795317969,0.28230961020736,0.222979202443264,0.277136006163627,0.206336656261192,0.0644749502744872,0.0958538254063757,0.077217747932026,0.122067978269518,0.0693734734934195,0.195286122804607,0.0227095888289952,0.255641659792804,0.36480967155123
"7",0.0199606280363838,0.121057327309372,0.0801322304950819,0.111204127697,0.0493263756774449,0.100434870509083,1,0.169270812662942,0.116804595546528,0.0820324620910168,0.201742106158507,0.00249455834605659,0.0683901053635227,0.0733683330322344,0.12697648453905,0.0666357291822923,0.151446939873079,0.160185670085252,0.134533288522079,0.0794528838308719,0.157228776781094,0.103767559099653,0.265393114385832,0.153521110665,0.0132347729006688,0.179849077685059,0.279152220923806,0.227598685618229,0.0919012314037154,0.151188546601433,0.20445085698886,0.0815655637195151,0.135510133778598,0.0125624865255273,0.0593705863494832,0.044746182496209,0.0955854841268678,0.0687250931043469,0.0505025961805018,0.18265670880658,0.225196083971308,0.0319185669870227,0.103324538498416,0.120478767369325,0.0814019907638786,0.0738547806696837,0.207459374573556,0.099712060880417,0.0181109432680334,0.111663844116475,0.141309382545896,0.0454897001576395,0.108708379116556,0.0722683455340194,0.124750635753242,0.133203328702085,0.202803122654073,0.184973716232952,0.0392538263728168,0.108379180880132,0.0199842510813356,0.175311472386013,0.138030609766433,0.0226778113072105,0.00602133211029878,0.00515058876092263,0.0247280893862773,0.130164774967712,0.0600642371565998,0.170134440239406,0.0213103641877513,0.218434071320201,0.0128204560937589,0.0440438100568984,0.0537462795548805,0.0561655480198791,0.0657794132767547,0.122166635475964,0.0527282752223952,0.0845004517401915,0.0249272983004048,0.0270250529681057
"8",0.369821449261239,0.0523697722777554,0.259002697718329,0.466819486278873,0.17257836463812,0.215535866503904,0.169270812662942,1,0.287471251608479,0.272090887722184,0.127526044573753,0.0781707551193429,0.00797861338747104,0.0706192507156392,0.406615155626032,0.229274323140352,0.0904249513300701,0.236994707226427,0.306786934010342,0.0664703358909329,0.467829336618624,0.120505722161986,0.455583994111143,0.300931983860839,0.336602491997785,0.342400738461806,0.283467208906799,0.275365289871595,0.0357913385864744,0.115309063280703,0.373087096260131,0.206094035815639,0.109013209830655,0.0194451213285448,0.275168004909352,0.261554618801569,0.331170662901426,0.065656780510308,0.239226768893655,0.15206385392778,0.29846856508008,0.0355594572907918,0.348303683810463,0.549528867344241,0.308798830290155,0.343530184971178,0.241784368137304,0.151876096627372,0.397507527747428,0.0280989658200335,0.143021994767734,0.115279420993571,0.288338732702858,0.0409132312269517,0.422478818982267,0.226618385959946,0.219871338701035,0.140468168419913,0.0728488593057528,0.0301556963421376,0.192831687717373,0.307571265311607,0.246194015921934,0.0640812535538342,0.197695238325804,0.0545382869340335,0.189297203151333,0.0304399324889474,0.178094119680869,0.351393185731998,0.138514074731487,0.220703600455007,0.0263557957711191,0.162879538268095,0.295819078845792,0.0125799840024756,0.365391398632235,0.391020651594448,0.121197059472112,0.235514605092251,0.249347389731612,0.00615636084285276
"9",0.0667616609976659,0.0223947485915712,0.0240437183143644,0.00920656013654234,0.184507539687639,0.145882837218445,0.116804595546528,0.287471251608479,1,0.0211665689612769,0.169817124215505,0.061878020020362,0.193841165342951,0.155354623346874,0.0561624616890012,0.00958536479225182,0.164002577715245,0.282671230857929,0.0324608554939703,0.0294315547243633,0.175891650943555,0.216429227594901,0.266759867810459,0.149697595377596,0.114069168875396,0.0135893421315874,0.0608047093091499,0.056527124356821,0.126080344167931,0.101767343091824,0.234488240033819,0.033725944133397,0.222317065957388,0.0588895687001817,0.113874924818691,0.0182597825802099,0.00202992581058286,0.00854080266658857,0.0183802989318608,0.0673597985717538,0.199502960341277,0.0462671306310442,0.166317100784156,0.293098744923848,0.0722225474866328,0.194918464995777,0.0283942440371182,0.0250264795201018,0.0386564602948994,0.131855720546289,0.00975578243184537,0.175778146235774,0.0205046941679312,0.0583213989139202,0.237249615762854,0.0282964235456741,0.197199022018675,0.0555586412453596,0.007723518187677,0.0444990209588792,0.0425838842404209,0.182154931335745,0.12759763869016,0.163218972420714,0.0452500216055296,0.129680765317107,0.0337610839390971,0.0510424599983941,0.149017742222256,0.247493965676087,0.110804832654593,0.0715946931937148,0.0912633887325265,0.0618976538921961,0.0379497717025005,0.0233681750981481,0.0865202771753078,0.0201322805632475,0.205103380167793,0.00236094065343113,0.0617168066232272,0.0192070277294238
"10",0.157288651631554,0.188646519739554,0.362378834825167,0.501549899890451,0.430533206063023,0.256866042773972,0.0820324620910168,0.272090887722184,0.0211665689612769,1,0.240037064304451,0.39177122832583,0.424003562839948,0.235088273679312,0.222749781723511,0.376808328083477,0.420116375423397,0.41235633228792,0.0394333922596195,0.468155053818572,0.199496764033447,0.387096125892893,0.094776904373858,0.0715855071926,0.509686170556217,0.555872323727183,0.0506334530941392,0.120190405749815,0.455418906023441,0.401181317485446,0.0987964891719327,0.219638410729526,0.431908019817554,0.271334167541937,0.137010777508878,0.324375423890566,0.437602010810879,0.245331008398728,0.364859776291031,0.037828001517153,0.0336559588000353,0.125747490437352,0.429686729782901,0.389807118834365,0.0242709833812113,0.0133824112753747,0.0960954828845091,0.193938683046774,0.440765046198503,0.4420662697805,0.472601534680375,0.232881405868926,0.365562503097706,0.163916050787103,0.0954749391259857,0.167537580842842,0.229485322492904,0.283104608431854,0.449421373200432,0.377032116870554,0.530855405098271,0.29121986534421,0.268618380891034,0.455584031507555,0.511984356849193,0.296280520394935,0.425835483865614,0.350393488205822,0.179429369747067,0.0619841844356958,0.415366118911896,0.00608292730951027,0.257030951672315,0.264018368400444,0.41146354501176,0.0823863088171163,0.475623551457305,0.24409741555172,0.120817241427363,0.296807184018797,0.446420958513805,0.399625238940517
"11",0.0018255630583588,0.00703938937684054,0.336149557363671,0.165975849974747,0.220664947159274,0.363840395693715,0.201742106158507,0.127526044573753,0.169817124215505,0.240037064304451,1,0.377161570292444,0.428944240521658,0.364811930083576,0.0624047192832184,0.21536764918818,0.554858504971732,0.539413095638372,0.235960841246621,0.446583744898249,0.301113761340507,0.462035366189369,0.450830023188002,0.343634806840962,0.334339835941756,0.141988487132816,0.270919141618484,0.470466103600981,0.49706292807381,0.522994850867686,0.409314705390157,0.338452677970427,0.406230192667648,0.174925540778789,0.0973524331493409,0.176422280517451,0.100011458144029,0.227375508502105,0.147566050353459,0.298537490020713,0.169795922512076,0.119826314004518,0.194262414765278,0.0224434892474389,0.190922242452917,0.200182558042199,0.115592616359007,0.034970905771555,0.253560284698649,0.497720777174368,0.519742359009013,0.173764393593381,0.262276734234897,0.157244030699205,0.0802849434518649,0.359835600329844,0.317670721754564,0.538607090921042,0.375048800910159,0.403469949249992,0.448806008731633,0.510119231153228,0.421376163636693,0.352224421012294,0.362620008154136,0.231795424516166,0.376011705251496,0.455261659149765,0.295841213648866,0.216548601894911,0.37575858243319,0.34538481716103,0.286118626413254,0.0539766683673643,0.193138695495763,0.0453286725348276,0.214495341156418,0.0541909239443088,0.0861361557561228,0.0298004901016735,0.325386739955083,0.376318052583523
"12",0.0505506049655622,0.0905196188803525,0.367544658731162,0.276136300065542,0.262816994875839,0.451018705513265,0.00249455834605659,0.0781707551193429,0.061878020020362,0.39177122832583,0.377161570292444,1,0.348882055539085,0.153924846149795,0.030452781823138,0.414387101029944,0.441208221328637,0.54308425703313,0.226090206189488,0.51101442198986,0.132718665285664,0.462256122223633,0.333264695776872,0.279598929366071,0.222140496251467,0.301393700658127,0.185792890349109,0.359784999550225,0.494916123289883,0.424543603929264,0.371844270523255,0.334852305569586,0.41633344796197,0.296828206627958,0.112590860710796,0.110450266610225,0.20576536217714,0.361419598254728,0.184830623038188,0.18064738804919,0.230152640755383,0.0819784697112514,0.297632040401103,0.0799030909948948,0.23875418979316,0.160648659456453,0.0535096044465734,0.137044803433595,0.258936711847612,0.494227727152897,0.402066304794736,0.22511368429376,0.266268595703346,0.23496496243709,0.0270548780828042,0.361980969804359,0.218253945917702,0.372602780242518,0.599365136124092,0.414061171672051,0.515344514351652,0.531645581811874,0.424041291362007,0.449476612439556,0.405872173425413,0.253431256460413,0.332814234117496,0.266850739193348,0.150260318711032,0.102071691653938,0.313120120778768,0.146879044976239,0.361137481634434,0.0702409098315891,0.22132736442511,0.156283166397927,0.260435994194472,0.0396574711166201,0.217008320350282,0.0773184277633741,0.396469637428452,0.396129091057821
"13",0.103104433091051,0.110480060957683,0.342300941937337,0.354984300152797,0.420183807968869,0.323335542839827,0.0683901053635227,0.00797861338747104,0.193841165342951,0.424003562839948,0.428944240521658,0.348882055539085,1,0.391577494904273,0.13246194572985,0.2640188617548,0.622996698588819,0.58204372526111,0.0267000194280996,0.455625736594583,0.0234385342538951,0.559393060675172,0.327974636744779,0.325596277734853,0.562509303991298,0.273310112733489,0.0742765132071369,0.283072543736344,0.529052270915932,0.482271877753944,0.33652701579502,0.241615559612094,0.554955243794174,0.298427632520906,0.0669131616069191,0.274835728469486,0.284235871868528,0.244610200517661,0.26639695125994,0.109705406873098,0.147377346136147,0.087879530314732,0.208389674937526,0.0685554729779336,0.00704248570796546,0.211518994918191,0.0383818339047383,0.158424731264497,0.371351090822869,0.564453094608879,0.554581051875585,0.191652827294185,0.319265275032582,0.171837835551444,0.145446568430124,0.204032929166222,0.493156330754218,0.489399111170627,0.359691628057017,0.482353588151157,0.5162655958256,0.408497921326665,0.431702660262253,0.475161479690756,0.514853852791431,0.323865030602276,0.403021103373751,0.471076354477129,0.35247991886109,0.251517988667586,0.374133862485287,0.171677135936206,0.19900155963939,0.223329390716398,0.337645181962926,0.0106763536443819,0.369056736458473,0.0831266125194354,0.237855217403097,0.188385633910081,0.345954386960329,0.424010786557716
"14",0.113628324938745,0.0696392488695971,0.0654902361731347,0.0638568422894537,0.195001229817341,0.222218055677319,0.0733683330322344,0.0706192507156392,0.155354623346874,0.235088273679312,0.364811930083576,0.153924846149795,0.391577494904273,1,0.0171473957142481,0.186475067029946,0.34547184012878,0.405527790921555,0.0776922937984863,0.294997919452624,0.0374361016024171,0.339908004860261,0.260838919052451,0.159221168888452,0.405674271166816,0.204649667907939,0.0502864416948906,0.377591057978174,0.347563318625742,0.387375510995028,0.339550808741718,0.244027505372224,0.443871954349643,0.127629598292412,0.214669844450627,0.308435345011642,0.125190333786861,0.0530744414221224,0.396879930620062,0.149478754749371,0.0975473845615889,0.181194355191013,0.363426601463517,0.065587859043523,0.00236990143578977,0.187395607558138,0.0917584221870281,0.228035838381815,0.132955735495282,0.359282584622783,0.507664163056168,0.314126138669588,0.134331128043267,0.225180935402825,0.0757522918844277,0.12370827883058,0.384727701266038,0.474606666654141,0.0965435381969399,0.417039508867021,0.26203229853522,0.319834419285848,0.378582912281813,0.29809378301318,0.379687041662676,0.323348190511892,0.40950957204841,0.301383237647223,0.368110060192641,0.145329243388005,0.466687297514233,0.214274774971849,0.0200133613389112,0.279913585727859,0.400509465945881,0.103752313417912,0.289415944443343,0.0258232387295173,0.109007528422438,0.18112056507589,0.352291648018229,0.433277356734
"15",0.502739007786714,0.14024366423591,0.332940924879948,0.514382707744532,0.195917730687107,0.171458345214162,0.12697648453905,0.406615155626032,0.0561624616890012,0.222749781723511,0.0624047192832184,0.030452781823138,0.13246194572985,0.0171473957142481,1,0.167674407394492,0.000626292337098693,0.191169296213816,0.398735955342099,0.0640275093109541,0.394763705873561,0.00428905708373902,0.376378199048244,0.257284063886625,0.439000747349101,0.210178516273798,0.107194882983697,0.252698953027025,0.0244083107207591,0.0925235252063817,0.242478855509764,0.296966450370605,0.00449688430487752,0.0301517069253506,0.271781911034923,0.108157159147757,0.33893445123305,0.137964100608161,0.115560525103661,0.119012811125185,0.218228554799436,0.175957122902039,0.191839269587425,0.487712648400438,0.2376815695166,0.352862486416309,0.266387878156591,0.00678580197464675,0.435727854911613,0.0192807477980944,0.122289381860186,0.148655510416531,0.212614155612189,0.111012010103092,0.335536116965789,0.299018748024213,0.214502656139306,0.0380902705723552,0.0946353706056497,0.156363400717129,0.123622206777824,0.321011691016486,0.302399956616149,0.092394648274533,0.243454820316597,0.00185269895940869,0.0331998936132417,0.00786334638228013,0.123369308947011,0.265672197668005,0.146735604248935,0.210424510095735,0.167723470135957,0.0695760474743248,0.20730206540719,0.161047969038141,0.303744362805553,0.46936409596083,0.077368534200837,0.16454435465331,0.093115188980641,0.0458652867975161
"16",0.174715727120282,0.128022113706462,0.295168405868468,0.394339648599147,0.236933210571305,0.185439401065933,0.0666357291822923,0.229274323140352,0.00958536479225182,0.376808328083477,0.21536764918818,0.414387101029944,0.2640188617548,0.186475067029946,0.167674407394492,1,0.27199346075909,0.313772095648485,0.0188981703949024,0.470201670903864,0.117910787730725,0.265134350776032,0.0597571502403796,0.00565440588131877,0.334987363092665,0.487962385793599,0.0499236852329048,0.127010977346798,0.343985474211507,0.272448522131919,0.106461372452331,0.20062433456654,0.32099817043341,0.272574991450786,0.10346724147701,0.216315167546944,0.296452403973856,0.305755558582147,0.284193109304782,0.00283410509756101,0.00700744337315456,0.20991316509276,0.454122827824292,0.329200315125615,0.0370661465052082,0.0200345730682467,0.0133610582795319,0.129438150185871,0.384065729152903,0.369387254696222,0.317230893724175,0.21476883612793,0.301047331785498,0.164210405589198,0.168259116125799,0.148260751519063,0.0604998021388425,0.139458783508355,0.523772818711804,0.287331889045462,0.428971334059607,0.273211106267079,0.212124519119993,0.475011390447442,0.410581684381602,0.326802781109471,0.347613038589251,0.160833439811055,0.124518839243943,0.056356050629895,0.417083171763344,0.0294343392129626,0.257119897232345,0.200132770890088,0.30452247967993,0.106661672788608,0.414006086989494,0.209405146567072,0.0942118718957306,0.170030467224064,0.456852253885687,0.317855434579094
"17",0.0108317373277373,0.120988087581831,0.274675461289138,0.28633121435457,0.451572028547964,0.483644228785925,0.151446939873079,0.0904249513300701,0.164002577715245,0.420116375423397,0.554858504971732,0.441208221328637,0.622996698588819,0.34547184012878,0.000626292337098693,0.27199346075909,1,0.737941664426151,0.122457531317421,0.530950811401946,0.212967894264556,0.654948845624496,0.491557557270488,0.401611436904261,0.498037459405065,0.354238641619399,0.23173000933445,0.494575046507881,0.682884683044208,0.67508947392225,0.464908481578164,0.489603620834932,0.590295287725547,0.29166665394239,0.0212413420648377,0.233831915465188,0.284558001962059,0.322425263778621,0.310637194073881,0.235271488541253,0.212048902906014,0.137520233839804,0.223732915993703,0.00239684457982717,0.103442588248796,0.320709484510927,0.0602153242970564,0.132770616721409,0.326327370435258,0.716655865632083,0.577043420138243,0.246404066932682,0.345722324799982,0.279135966022514,0.0867665460048992,0.388529719963589,0.576740858971205,0.675448680612432,0.550196326152462,0.590371620766046,0.551233575306884,0.600044412479467,0.638346542404494,0.476886865392364,0.513776558366762,0.392830082507806,0.466606626681847,0.565739583745439,0.457412320755279,0.303932078432084,0.392504409579799,0.316379172956341,0.230931515831122,0.167345771076885,0.31740869606757,0.082936609381239,0.320756950618822,0.0509343011267559,0.173763586477629,0.128112303757042,0.444450807554876,0.511830773204694
"18",0.20691557290825,0.168557227843343,0.192143277910572,0.127520012208217,0.479733207636494,0.577994846274163,0.160185670085252,0.236994707226427,0.282671230857929,0.41235633228792,0.539413095638372,0.54308425703313,0.58204372526111,0.405527790921555,0.191169296213816,0.313772095648485,0.737941664426151,1,0.272694332135425,0.61767571334674,0.377782185077164,0.709903412200971,0.630243533992847,0.491336234843607,0.349142037430285,0.332618330874049,0.201410217862918,0.596588371396481,0.719540934265559,0.711840501281877,0.592244967508536,0.637149383304113,0.680818670845825,0.37093807909965,0.0507103843635371,0.216003540779736,0.161526040842089,0.369456359196862,0.356867484430515,0.269733909712928,0.258936326983933,0.203659161478007,0.282078493046633,0.141001976495982,0.148676043071741,0.394372227122467,0.175493151970933,0.210827711650522,0.201214344328512,0.742038187417617,0.591146097283164,0.272914908831461,0.318782810989736,0.316506230381443,0.25082731039229,0.480538114318568,0.615864127309908,0.636725397373205,0.539475015741623,0.695281979009018,0.551364298559174,0.784186900747729,0.715182765377701,0.598605767397638,0.477049957193106,0.520437148827385,0.458445333891286,0.457888230633033,0.52424869585164,0.371100272396856,0.453554980862959,0.334623871566088,0.17980544525497,0.193339537974461,0.311264812311079,0.18063590797602,0.254051534854724,0.168394408840768,0.167502012639467,0.126343771700571,0.425248524493311,0.531477258818665
"19",0.415845886929986,0.122434512792844,0.0660428700210277,0.433474844961625,0.190751059935403,0.273821365046672,0.134533288522079,0.306786934010342,0.0324608554939703,0.0394333922596195,0.235960841246621,0.226090206189488,0.0267000194280996,0.0776922937984863,0.398735955342099,0.0188981703949024,0.122457531317421,0.272694332135425,1,0.0429907242737461,0.445546259101152,0.122510933135513,0.484287521567455,0.370265065390907,0.398538335957019,0.236761845808524,0.20500145017297,0.382150733099205,0.191501456028172,0.17751422365861,0.339609327606562,0.390160882323177,0.112064364419516,0.032595656884498,0.435377651594553,0.0806977407267442,0.403118994868591,0.0339530646674039,0.130562912513973,0.223089414791522,0.277145160812025,0.183512363314113,0.0155276633364992,0.332679572465368,0.333737483202534,0.239579366346832,0.26278856536729,0.0506930833107003,0.353460322798155,0.0785747269233949,0.075306029787288,0.188530265685649,0.000148180467598025,0.222919082647003,0.165049227413147,0.525917180583079,0.195304232731387,0.185375861871156,0.176177216647793,0.164953637000449,0.103019837664958,0.423998630715997,0.423896407820958,0.00811861934392252,0.0342260345956814,0.0110700438026735,0.0515158521990996,0.0298147163202329,0.0391619627125711,0.138521964939878,0.106766565729916,0.308861302566056,0.00913347343444121,0.0557034425497851,0.0745668514713444,0.234445839252831,0.201238189949118,0.476152434666401,0.00200731876322318,0.250732852874472,0.0526452972833307,0.177336540674329
"20",0.116173933352061,0.219492621508241,0.330126802935848,0.393357464307734,0.387750052025819,0.472227799626452,0.0794528838308719,0.0664703358909329,0.0294315547243633,0.468155053818572,0.446583744898249,0.51101442198986,0.455625736594583,0.294997919452624,0.0640275093109541,0.470201670903864,0.530950811401946,0.61767571334674,0.0429907242737461,1,0.162959151974391,0.547919768229327,0.286835570985298,0.170186005571433,0.441821857534721,0.531062978801943,0.198662062199854,0.418253915915629,0.550495453088955,0.522702278926832,0.336083536632452,0.380621609840812,0.520997105975241,0.429491940447728,0.112377991114804,0.220573199822037,0.329152459814278,0.505881438650854,0.409429667969543,0.213686777719027,0.0224458134592925,0.227936198618666,0.410803490878298,0.232034108278046,0.0984468758311616,0.200908285299253,0.0683422714909435,0.282743813984826,0.388313588866446,0.65329953043064,0.506195871184844,0.321192221329689,0.328054096811629,0.301650666491735,0.101038457225511,0.309920983506542,0.20350194273022,0.448048032498887,0.627513002191576,0.568300539423091,0.624237059711458,0.523316013303204,0.40921956890641,0.6010697651442,0.515185314122816,0.459784161728732,0.520224647610624,0.424944018913428,0.304092532373151,0.136620275156972,0.513259048157186,0.171615608716635,0.25150984144691,0.121435136125939,0.345523525238792,0.0559291633874679,0.338734590583205,0.139376880514981,0.16972025012948,0.275923223446707,0.523144907176414,0.520917175536019
"21",0.330648573324724,0.0318777904406607,0.157013795353883,0.428747917798881,0.0243907170524716,0.273657524628561,0.157228776781094,0.467829336618624,0.175891650943555,0.199496764033447,0.301113761340507,0.132718665285664,0.0234385342538951,0.0374361016024171,0.394763705873561,0.117910787730725,0.212967894264556,0.377782185077164,0.445546259101152,0.162959151974391,1,0.25971155501837,0.48097586406964,0.309945001512851,0.280225673398808,0.182857216032039,0.331065116952422,0.478383898636988,0.143232849742117,0.198691154587573,0.462838179091082,0.346926129172266,0.0900488219337668,0.135145417601553,0.230213325644565,0.229068204186409,0.321936950137673,0.0730916850696821,0.134243245022796,0.335932673814001,0.217530997839212,0.16772767295241,0.160824929638813,0.398843862551398,0.30595015192579,0.30736328063441,0.226421675931592,0.0920392287719322,0.2589656431028,0.190826400938296,0.0193318547402969,0.0319751444646975,0.0734323596259005,0.239718815317982,0.263483179995556,0.326678000871254,0.158488984584155,0.253761284209351,0.134621567599882,0.227637886100688,0.0605602010931062,0.41486043349453,0.36234704294803,0.056427388830375,0.0362726185036125,0.0865923458645535,0.100440020754556,0.0858761641526962,0.154545745475215,0.363812044640007,0.00126022420151733,0.327640273203643,0.0252935048662915,0.0595967409649894,0.136562378899155,0.133171347055153,0.252767096754169,0.403617054527715,0.0937074399573847,0.213941414126913,0.0476889790150693,0.187460947946271
"22",0.000474973972072386,0.168651533346953,0.233059279612105,0.245320928017495,0.508863558188498,0.443269208115028,0.103767559099653,0.120505722161986,0.216429227594901,0.387096125892893,0.462035366189369,0.462256122223633,0.559393060675172,0.339908004860261,0.00428905708373902,0.265134350776032,0.654948845624496,0.709903412200971,0.122510933135513,0.547919768229327,0.25971155501837,1,0.416129258731766,0.360213691831554,0.429960019335375,0.342159397198224,0.243325078134499,0.427686066373834,0.631431886552334,0.592364059701649,0.462585096371664,0.428624413401701,0.576826019210149,0.30235251147577,0.0331786909332926,0.219056919869809,0.249384314270506,0.377336476621969,0.280306941235311,0.189276221353433,0.176527499654324,0.0726991729180048,0.216579866983991,0.00156299706485516,0.104595698208424,0.288938575927904,0.029502780545531,0.191315165497463,0.237296820350343,0.58876015253088,0.515961574708392,0.314837718002105,0.421345815557365,0.237388077127621,0.140693500943675,0.334556261357164,0.446487165828249,0.49418370447003,0.467282708806933,0.517953850282318,0.509380878735911,0.567197430018287,0.538156865031663,0.462309986089598,0.467428156446444,0.394392754178637,0.415182029792763,0.416870993270874,0.424438487827284,0.258327343366991,0.384497674784261,0.181174309080618,0.249079435065285,0.145330929839553,0.275155961763643,0.0611770855477239,0.273748192921538,0.0263885097869946,0.231560126898513,0.117803276969531,0.368176076220225,0.491507101806639
"23",0.38424934977452,0.0417003998746065,0.0295375017253362,0.261333369346074,0.13870690735065,0.452482617854335,0.265393114385832,0.455583994111143,0.266759867810459,0.094776904373858,0.450830023188002,0.333264695776872,0.327974636744779,0.260838919052451,0.376378199048244,0.0597571502403796,0.491557557270488,0.630243533992847,0.484287521567455,0.286835570985298,0.48097586406964,0.416129258731766,1,0.483089718832712,0.071546452644329,0.0553171063991666,0.33648495262609,0.554051931036324,0.435594238960043,0.485552626802867,0.609651100209808,0.54690348242736,0.425068673064278,0.150359219454014,0.27956685273342,0.0199935719418759,0.22373399428473,0.13900275440716,0.0260255275234775,0.333030672079027,0.404252487662259,0.195612207546634,0.0479315712106303,0.419059644626361,0.296766293899604,0.445381254708431,0.271222159513177,0.0039376233134327,0.123746647522621,0.434679743762354,0.296097023547532,0.072715183053359,0.0587443964546124,0.316987101111074,0.327988404262868,0.491684557514831,0.519927585991769,0.466246725521527,0.306737570406813,0.418288822508901,0.201205159775213,0.653237757255676,0.623480237785844,0.256056164772719,0.188473760727716,0.187784104023754,0.19079182301616,0.246897597904653,0.362513539416429,0.404060627715075,0.10597297823798,0.387347559287189,0.0732123958866619,0.0530557486293286,0.00024611981231867,0.161836692175137,0.0641015146636643,0.443813092353145,0.118254609062843,0.0925017291463969,0.0985375470490962,0.295171652578421
"24",0.18169208895079,0.0609158165299259,0.0815406394587523,0.153944365850146,0.112003052734779,0.279773524107825,0.153521110665,0.300931983860839,0.149697595377596,0.0715855071926,0.343634806840962,0.279598929366071,0.325596277734853,0.159221168888452,0.257284063886625,0.00565440588131877,0.401611436904261,0.491336234843607,0.370265065390907,0.170186005571433,0.309945001512851,0.360213691831554,0.483089718832712,1,0.0650541657664302,0.197015524858427,0.270098323137697,0.392624358326012,0.309732197455266,0.373648738540413,0.355303236356778,0.279749813481923,0.375584483916855,0.149935064716715,0.35361175723171,0.00467203151480347,0.0724337533596695,0.142458138883586,0.120842183438116,0.16558865593845,0.409034181661595,0.0588662837972062,0.0763754769616988,0.337325415818617,0.237768591969089,0.317806680701374,0.162485759509844,0.0986429601196729,0.0686830268775915,0.295665869781119,0.214996820430197,0.00479942304628681,0.0207071345866097,0.124466202024871,0.229538136966691,0.433701108330477,0.469378773637075,0.38300699207263,0.205194020036373,0.211332249500102,0.189002025466419,0.503414571981253,0.426611270526849,0.163445111795633,0.105549763064126,0.118818248780781,0.06051570306682,0.209130323984487,0.181826977132286,0.342438706143312,0.0940957776227447,0.219207371907873,0.0652653127893983,0.02406839155433,0.0838482450775777,0.0542892493213511,0.129671041833638,0.36910829179039,0.144851639302084,0.155773135312444,0.0429872854609917,0.142388073675608
"25",0.378356903286727,0.232154203437819,0.429115273022552,0.638823418527683,0.502602552032148,0.131831334259643,0.0132347729006688,0.336602491997785,0.114069168875396,0.509686170556217,0.334339835941756,0.222140496251467,0.562509303991298,0.405674271166816,0.439000747349101,0.334987363092665,0.498037459405065,0.349142037430285,0.398538335957019,0.441821857534721,0.280225673398808,0.429960019335375,0.071546452644329,0.0650541657664302,1,0.545779455100835,0.092439307336964,0.0736954390021582,0.459274856319321,0.394110290767141,0.0994946854396013,0.0296840573584684,0.459751254535313,0.246839284496474,0.437259878120103,0.374828122428114,0.558848231116889,0.204580192846633,0.493021279333895,0.0307902221647401,0.190199022935684,0.0866564286466817,0.411924452621817,0.472253512199804,0.207632081722201,0.0675053574227174,0.1916742504531,0.219872940983267,0.606954858528811,0.513659866588409,0.583035856924438,0.406980681925378,0.391482004598991,0.0362916726267742,0.0927422575812898,0.116459067144319,0.265159724318154,0.42301089278312,0.281557789842913,0.367142053089581,0.48966797412838,0.0838991282817803,0.157998424309196,0.471005034653806,0.556455283058608,0.338531170116953,0.464556012696251,0.442844010234042,0.287189770505162,0.0257088270437334,0.595542372583471,0.00847847228946045,0.199232915875921,0.218027925457707,0.498240305265663,0.0675210206084524,0.543104805874389,0.454838987146664,0.0709187249725469,0.369529083723141,0.442887433420361,0.375896582002786
"26",0.21876340464992,0.284618264860074,0.215917273366858,0.555795172716809,0.461148575011112,0.255127891905049,0.179849077685059,0.342400738461806,0.0135893421315874,0.555872323727183,0.141988487132816,0.301393700658127,0.273310112733489,0.204649667907939,0.210178516273798,0.487962385793599,0.354238641619399,0.332618330874049,0.236761845808524,0.531062978801943,0.182857216032039,0.342159397198224,0.0553171063991666,0.197015524858427,0.545779455100835,1,0.132694156709654,0.0660381509260082,0.426197053862444,0.292317296722265,0.0172707096056505,0.232188263182386,0.310327317230269,0.306705238930882,0.35525311201932,0.343578215693657,0.493725547476119,0.306344275413147,0.514149523835491,0.0274710617613973,0.201593887850316,0.15258653289848,0.521891086698369,0.436311779102416,0.132802297992512,0.0081460585951048,0.0995159491027724,0.360209551162779,0.509929924179448,0.47529877630088,0.349112643670032,0.333093693793796,0.421915927883899,0.163295781186592,0.245857422836575,0.0305150691082,0.0639853906081195,0.169749223405166,0.504200217066343,0.415864290741384,0.471050657547596,0.238609867972615,0.207314960590489,0.501683678195552,0.462421515200656,0.437855767144452,0.453379178742797,0.260572640303984,0.213112231556585,0.135086867242391,0.529135477918309,0.0172082935488261,0.202687343963913,0.212211491522591,0.463522933000554,0.0942484050544722,0.548406476193197,0.424718294230875,0.0318059201367976,0.451288500817562,0.481734011029014,0.36378754661205
