"","1","2","3","4","5","6","7","8","9","10","11","12","13","14","15","16","17","18","19","20","21","22","23","24","25","26","27","28","29","30","31","32","33","34","35","36","37","38","39","40","41","42","43","44","45","46","47","48","49","50","51","52","53","54","55","56","57","58","59","60","61","62","63","64","65","66","67","68","69","70","71","72","73","74","75","76","77","78","79","80","81","82"
"1",1,0.0200420106861238,0.195178297859847,0.149959666746444,0.0165629903329809,0.02554622068514,0.173553857347902,0.0166187421545076,0.000802751625503935,0.183930611378705,0.11708350714326,0.194818307588309,0.182014177771303,0.236011471551457,0.0945923561554086,0.0230550496400331,0.0500320701818383,0.0779306740995755,0.184943815540011,0.179901072804361,0.314212441660138,0.0366006203421237,0.24900591897264,0.112611876890804,0.0191709211917584,0.271092187348203,0.0915090386850057,0.248702177907845,0.205374524608827,0.000179433380004867,0.00443822663014804,0.200201201296789,0.188990745469545,0.0660345468272348,0.174248800998208,0.043007140218418,0.111686617524138,0.032632246911451,0.000368775844888605,0.253689268132196,0.204029532105851,0.0622932715175437,0.0393600562704048,0.106896128626358,0.0292596338533771,0.285752515591056,0.15307921808159,0.107244682595909,0.123837726005088,0.358848688418479,0.15430447958452,0.0269266625711038,0.0425726539746503,0.17199930355715,0.138119383890704,0.194672052263594,0.182905459916566,0.135729570877454,0.056123897633334,0.245710940473526,0.0577992172747748,0.256082228368616,0.17842152115048,0.160889439196094,0.200840971568584,0.017303242815746,0.197264361934459,0.118117562279929,0.139848629746935,0.162636476176937,0.000576500111360154,0.129454468705691,0.00430874910816363,0.25804934080169,0.0598812249469672,0.195492744495212,0.0614013469846738,0.0139141671642852,0.114615902939537,0.0568620632387306,0.0429388570125029,0.188242566637794
"2",0.0200420106861238,1,0.169752218245243,0.134559972178538,0.174736000042276,0.112929231475175,0.239806223568875,0.0592627999693152,0.0617765284472809,0.119009567143199,0.0116451563698055,0.195784932863843,0.215266558363058,0.163958765179606,0.124738800264111,0.0105539009907652,0.0220548615744718,0.325923754129178,0.129049830662126,0.0137566402126984,0.00578768850476354,0.241685079067752,0.0316102119086694,0.0951743454759797,0.124785093205354,0.00141205321839412,0.0197781965319561,0.0976618509593433,0.0509091437375224,0.349883668568391,0.163409214053823,0.0303750313613291,0.00853592224494039,0.0914706856076487,0.0472844612449549,0.0324336973809684,0.22800574437861,0.206959420668941,0.124309203799398,0.162782360365372,0.158684509938054,0.0433130053743147,0.0123509980369519,0.0278945233281797,0.0756622966684537,0.255954426779209,0.137742582048917,0.0133350522186084,0.0177539371464552,0.0467695882712015,0.0609862211731719,0.0228109784180164,0.0132497589870693,0.0101636984281302,0.16523711962421,0.151624796108006,0.254010646810721,0.0804539211587353,0.00198220647422454,0.146690274825377,0.188631012784042,0.0961848228117689,0.122668831736984,0.17905317433891,0.271053034215628,0.230704869037985,0.0837153908337816,0.156109387973272,0.191987634474358,0.158307226757661,0.147421103474931,0.153992942027511,0.169995774152622,0.0385497269541585,0.106413574883319,0.163968411198652,0.0634668458175893,0.00470423822632648,0.0553186882228401,0.0630951114498154,0.0715744819438027,0.192233503766298
"3",0.195178297859847,0.169752218245243,1,0.155370924636254,0.145268372607402,0.113226157808153,0.229881522732297,0.0451702078547342,0.221581734488015,0.061615017866648,0.178574823936708,0.242037810050022,0.210705981302189,0.103488178767865,0.181078897214237,0.0819601775333655,0.316053678149746,0.376502876904042,0.332547947996037,0.214467779992965,0.238464131404424,0.339506872501237,0.269686820965915,0.192300900702268,0.123549440411713,0.151267356168729,0.312866239479587,0.291744905338352,0.198702227311689,0.28369900920114,0.319606720208,0.372282019284335,0.28593653719663,0.143275895348712,0.215024034953379,0.0344125086778434,0.0618177261426887,0.0250967437205407,0.156965051387539,0.223907015992678,0.257883309074765,0.0164603537473855,0.105556084117952,0.0648347598549132,0.264453629452974,0.255176982599573,0.151296707107748,0.0199803076157297,0.0417571694384307,0.286890451442447,0.290176412802988,0.0374336183916,0.0448667084824285,0.136227735370149,0.168686400164578,0.314760113565002,0.317063792911478,0.42967424968274,0.301983909752993,0.349116732436979,0.381167944286865,0.453392314261159,0.359956063609571,0.348213730833011,0.268426339435022,0.177839712396251,0.265059307540075,0.216344849034531,0.237375708017504,0.352676848438904,0.0979802719705101,0.1728405548786,0.27923422983241,0.0974129288107547,0.0865715636313581,0.106033343261409,0.0281366318792574,0.0383525227687554,0.0865852809516699,0.157308328243634,0.240297247533668,0.310503047293857
"4",0.149959666746444,0.134559972178538,0.155370924636254,1,0.101878765550235,0.170627129629203,0.00792661059646583,0.0228144124248117,0.195065745010206,0.229632414220261,0.116417004450717,0.0899185866324143,0.0945474491550248,0.280145172862441,0.0518054445633362,0.0198768379604825,0.142308263214748,0.136790514667863,0.0658118497572178,0.189895123989208,0.10980624481731,0.108730711838259,0.18302622698119,0.0948427550950871,0.0567581168986653,0.0983031582644392,0.0122330019076128,0.0904718136333789,0.137187816761641,0.141267734807789,0.086750472533394,0.0537093732822737,0.156818172096553,0.101640671392278,0.00965950543000708,0.0292184201251824,0.127191569392074,0.121277185294976,0.131113597505356,0.141871144601493,0.127182044833556,0.00814521655918914,0.219533880642761,0.00562651097730089,0.0603790552348545,0.173061143750398,0.049696771314367,0.0909092692475949,0.0291046243531983,0.243818590178134,0.103569163818312,0.0358253597944609,0.06070549469191,0.154962730491389,0.00181711567811811,0.0561059064095701,0.0592006485318253,0.0885897815477443,0.0790260314880227,0.0665185638246844,0.193946269580706,0.00339355672103167,0.0110446778444302,0.000396769491611587,0.0457804990964593,0.139609274433966,0.0575379087470632,0.0499592364267373,0.0381060194943822,0.104178704968555,0.0129708136906747,0.00751078593951777,0.112979547490771,0.230643629788414,0.00725938435303593,0.205665771363318,0.0435186925858947,0.0141823647343786,0.112510542637259,0.0519609168519168,0.0221323817340664,0.00945423576779432
"5",0.0165629903329809,0.174736000042276,0.145268372607402,0.101878765550235,1,0.250733308442815,0.0423189579332326,0.0408841259671566,0.00861001335093265,0.0407581146347777,0.0841491160626878,0.168189233979947,0.200800790782388,0.161373677193682,0.0991654520708783,0.175621395766011,0.186830403683743,0.351469227327675,0.0721522331891986,0.0669668949992323,0.0844062073598274,0.276709519783396,0.120166806241486,0.171282191308275,0.190036043370405,0.128864945019879,0.13326526802572,0.194176916591181,0.122067877578208,0.312769010095801,0.200765467488434,0.179858499033392,0.128692782342839,0.0855351984314956,0.0269871988221256,0.0855264807656469,0.0807300357209507,0.176584269072096,0.123459499510195,0.103715345629051,0.020867635611374,0.109782040357003,0.0817144423053309,0.192337386040131,0.106998856268816,0.124672933101189,0.0406753741551159,0.0222030086997562,0.0475437948021657,0.0271809180289054,0.0177611116636822,0.0132898726876384,0.015362759043452,0.04919120523302,0.116730807083474,0.156374397929345,0.275631752233805,0.218309592027031,0.186419449101559,0.189265225646716,0.282332616983674,0.17337089893862,0.234668723322346,0.114848811713528,0.126789675456918,0.211317950459981,0.0296412453896649,0.184721146238814,0.11235593957718,0.159440097985981,0.0362072959247095,0.160696423201265,0.153637797918834,0.100529568821284,0.00104832981165579,0.179809253387235,0.0976146609209863,0.0203049025878996,0.0421360951049476,0.117752705863737,0.0583287204861625,0.20455138436822
"6",0.02554622068514,0.112929231475175,0.113226157808153,0.170627129629203,0.250733308442815,1,0.142757861158781,0.0715832868987423,0.299985367815785,0.0107449612514028,0.128084412200555,0.104447334679173,0.0866410483168657,0.342004874914523,0.084985498175684,0.0104058258416644,0.0976097882093173,0.32103282842521,0.0897590261129968,0.0519419730680483,0.0224618188078941,0.203329417540636,0.033314449380699,0.124996528719468,0.140096616180126,0.141916994742576,0.0944777862361097,0.137172362585959,0.0574338853642814,0.229782272647926,0.150191505781118,0.168254670089154,0.0359877477735198,0.19799626766545,0.0531256964760533,0.00647574224075263,0.0977203674811932,0.0277349890620694,0.00494102704199946,0.0251362712483132,0.0721147607627731,0.166475245821989,0.0267923561014627,0.135262065223266,0.0660958674844945,0.0188691231598893,0.105913140446891,0.0904710980605601,0.165977268304768,0.0169624676383009,0.0948047097153442,0.0879958446468979,0.00172384837273032,0.0424431740495299,0.0114269483293681,0.0872207079389859,0.156645849742969,0.302015920207129,0.252069468182044,0.218918383285246,0.200048615366918,0.280431584086514,0.137807836727095,0.0752979550598835,0.063080284197824,0.135215877506294,0.0222666967695091,0.140136278282035,0.012603383293087,0.0391448130198357,0.15588943795978,0.0930212348146675,0.125937905152057,0.117873438009187,0.133014916530845,0.0169187455153278,0.223120732701564,0.0754314019913346,0.102812666718728,0.0277745219286507,0.0175564278345371,0.0568778324823349
"7",0.173553857347902,0.239806223568875,0.229881522732297,0.00792661059646583,0.0423189579332326,0.142757861158781,1,0.0526375225972103,0.256561842959192,0.0215487533271282,0.0135622717712313,0.218225370559772,0.149916003407711,0.0787066302520565,0.262358733302176,0.0506596756150168,0.106637584578361,0.22920074861644,0.195522140006105,0.0752836137236264,0.123268301305203,0.175554706203594,0.183256763099346,0.032692154418411,0.101117368883594,0.337146124985619,0.0593343790866769,0.223836907761405,0.0253708409647852,0.123841077284113,0.0472008508508784,0.216448285587034,0.176864583753168,0.0469094039629526,0.0403544631066958,0.0879366040855293,0.0472962440241894,0.0646298342982937,0.13025121640262,0.203598358497727,0.324995921753277,0.0538333292775667,0.0919124056835497,0.0909179259021222,0.0222061156191574,0.27970940834496,0.130696676614877,0.000713456738543813,0.0954025907722089,0.141958766215548,0.132000082102375,0.0297766667361041,0.0388554039128657,0.0319627473988573,0.0632708319898126,0.321396467032969,0.307950321531736,0.227848997306345,0.00610115804268559,0.317411301181584,0.149344713823258,0.315525349445864,0.218944217390628,0.26148109842047,0.245486120075586,0.0121970034251707,0.18771976114728,0.200221303698389,0.10631092225106,0.144683886518126,0.0369626585963522,0.145377913776965,0.168274120792147,0.165298767161539,0.188542611016091,0.0876165212833351,0.0510914233579358,0.145288048880587,0.0699992135653392,0.0714098768571934,0.0244613871344757,0.211399317319881
"8",0.0166187421545076,0.0592627999693152,0.0451702078547342,0.0228144124248117,0.0408841259671566,0.0715832868987423,0.0526375225972103,1,0.119644229386287,0.0412421745536684,0.161806989334822,0.105166089225236,0.0860657571707774,0.151607636357994,0.0681185834350671,0.010642741894199,0.114966873129162,0.0385404135734943,0.0597971231625423,0.123078720936787,0.0707351366778177,0.0373156127484483,0.116557243343142,0.0712276766006257,0.0244490693367427,0.0849887616829145,0.130673736739966,0.010097560225692,0.102385285038138,0.112666311212031,0.0212827843956265,0.0827480332881728,0.0941278031021651,0.0613201043219966,0.1787068069574,0.144864150075519,0.158412681673913,0.0158275732731545,0.0779858547469039,0.0755961941111339,0.117198627142956,0.0890984134933126,0.112782160076773,0.206812131869853,0.073414551612184,0.0509769778340325,0.0659562927461557,0.000847182496440838,0.0644418391812558,0.0729809188693423,0.109366280369609,0.244966386041432,0.00252526671822334,0.0244164044430512,0.051731618487243,0.0667925350627966,0.182577620033276,0.0480293599284117,0.137344745762935,0.0460790956505346,0.0827439729620815,0.0369655827160963,0.119895691580302,0.182361664002831,0.0529422666417697,0.101057631651612,0.102079906317858,0.0627153628100078,0.0525294294965252,0.123773018664529,0.0803447506055007,0.0137092859071885,0.0736167977164777,0.138126570188154,0.00461245232276495,0.0388178143923178,0.0534561814476733,0.0261536420762527,0.02661968906493,0.0756780698117838,0.0872203828202894,0.138272619153638
"9",0.000802751625503935,0.0617765284472809,0.221581734488015,0.195065745010206,0.00861001335093265,0.299985367815785,0.256561842959192,0.119644229386287,1,0.0622053153055671,0.0582437613002429,0.020347367490463,0.161221644309872,0.233861567222884,0.131169390709536,0.203595706857148,0.0453216571619399,0.148418574655657,0.109196258108852,0.16716911893418,0.0382450833200042,0.136283192637516,0.0748344170110535,0.132436850072183,0.0451295966623254,0.237046316556633,0.0121172039011823,0.0935723882426122,0.258581631525491,0.150203412698182,0.112938420531043,0.140085846577423,0.0984272044268888,0.00028777054596553,0.13653685091489,0.0549663863555467,0.0767699847099094,0.11189101749387,0.252985976023379,0.0738062778465287,0.0410704660085378,0.128102739180227,0.23493129473914,0.153774017770824,0.0195534880540853,0.0380497334130371,0.110170646395878,0.090334451150629,0.0758409417690081,0.0144954511733223,0.169373446000365,0.100013338493966,0.14009088803723,0.123632198199693,0.136238233160838,0.0745729221609834,0.154766520374451,0.243567173445571,0.136371621511649,0.24708010562507,0.147448838810257,0.25109758675085,0.00204577299783565,0.242790111553066,0.0178962720232963,0.188999497624522,0.144013601089384,0.0388286668206163,0.00428393579812085,0.182175106797641,0.150128768703458,0.0410392331925117,0.133433106435308,0.0697467074475062,0.0685742423797857,0.139901703492547,0.00217647748606113,0.0725087206929042,0.0939890694335378,0.10820420443092,0.0922379020246645,0.0250958014693819
"10",0.183930611378705,0.119009567143199,0.061615017866648,0.229632414220261,0.0407581146347777,0.0107449612514028,0.0215487533271282,0.0412421745536684,0.0622053153055671,1,0.203107186657889,0.110984482765719,0.151082181747719,0.0773124149636133,0.0623699117725575,0.119920154212011,0.0873200919913078,0.00178664713040734,0.14706709515926,0.211197788201411,0.287336430649699,0.0265227290190015,0.29158429596744,0.0030954392544804,0.0391334652327898,0.158547549185207,0.163525498064676,0.207146905139324,0.289937070605146,0.0121962604596117,0.0980062002384577,0.192020215940301,0.248248395215291,0.0741836132307132,0.0956819079923356,0.0426901836146016,0.199046741392647,0.0693575198681963,0.0156277955185468,0.196834983264578,0.137478599872861,0.0172540516791289,0.0210047556615464,0.0563750073456413,0.00783842935254342,0.161734139420439,0.0576401169559997,0.0322517126627325,0.0784814941155851,0.326287253471093,0.183272406356594,0.0505994272037505,0.141773423098177,0.162145276762971,0.0826138872036991,0.181222465978353,0.091329178584613,0.124656096774028,0.122034304096013,0.115075776648729,0.0746211101948058,0.162177298328407,0.150429717794492,0.118494903895518,0.153813264402319,0.0496623885375916,0.150400550748572,0.147557127207713,0.0709793302935821,0.0989396501873846,0.0274622250099362,0.0699008133787041,0.0411210934781017,0.251452341824273,0.00345535630983642,0.11418284217417,0.0602222498515784,0.0425745361670791,0.143451941197634,0.114541414972986,0.169451010611235,0.186337836471198
"11",0.11708350714326,0.0116451563698055,0.178574823936708,0.116417004450717,0.0841491160626878,0.128084412200555,0.0135622717712313,0.161806989334822,0.0582437613002429,0.203107186657889,1,0.345283188022438,0.277835944622801,0.118263272687786,0.16580938399536,0.207088070735768,0.395615728056062,0.379089579765976,0.321236765194181,0.455524784706947,0.418308079138114,0.290719389819806,0.422906798207997,0.262049804462888,0.178471236986411,0.0779872806388405,0.275863755824615,0.371909033680349,0.396820468125882,0.336439166146196,0.350154507759251,0.370189043227666,0.392670376702031,0.218112915590941,0.236931954345173,0.00232574410025478,0.0583608091145909,0.125582966992771,0.126502212020808,0.179232479435277,0.16258466813676,0.0620249543002405,0.175863524775632,0.263533224316572,0.230704276674114,0.227902291813497,0.114307802118674,0.0948831358971472,0.0696473289933673,0.364314018447645,0.40475210980369,0.103721251491576,0.130738132858834,0.304466270755084,0.198537326588011,0.27853117989224,0.2663153946405,0.392981574225623,0.419859588310977,0.306211520679684,0.314719827966335,0.439575118931107,0.396539055593116,0.214000863151404,0.218509902850751,0.335745551517663,0.202215881425642,0.23322930214412,0.220606784050748,0.253302177847549,0.105939272887624,0.241530600852393,0.1432150001077,0.0560332876413158,0.0281246742204661,0.0266032563568268,0.0203684020328466,0.0542415672190361,0.19625144527129,0.0612652358087297,0.373140895851514,0.369482148920819
"12",0.194818307588309,0.195784932863843,0.242037810050022,0.0899185866324143,0.168189233979947,0.104447334679173,0.218225370559772,0.105166089225236,0.020347367490463,0.110984482765719,0.345283188022438,1,0.386751956310071,0.139028539848622,0.318301885701245,0.15711180349294,0.355996304317925,0.456779767652033,0.346025027624216,0.46225201507016,0.333165833201571,0.347050413845563,0.384988323610139,0.232498598766372,0.16249911817641,0.111063828680284,0.275897060932528,0.468725990443375,0.434538223380689,0.404877816812749,0.443899329472184,0.393821837349555,0.369634587342992,0.187535693197216,0.210436135838672,0.00904431364706123,0.0371898796440028,0.15899109618123,0.24981177426268,0.302787544532485,0.271815800655811,0.0454592511223639,0.111960233635721,0.250228549918753,0.231355541644751,0.390818520898354,0.218067312323452,0.118027077558932,0.0606598145797722,0.383524541380589,0.45114355828232,0.154141389859817,0.0408534652200819,0.278107178115051,0.284304362772994,0.435201917190479,0.314121167787414,0.363849465011261,0.332459553915409,0.410911913677833,0.311929655337553,0.425251191052119,0.363054014063575,0.284130141966555,0.465830426822376,0.323073740689758,0.185126757346012,0.365295083220877,0.262510518919878,0.359569956917187,0.0628448332968057,0.251393431212608,0.194481018330709,0.156539080203983,0.0121601981666039,0.0750138237651589,0.0506635871998388,0.141370732705206,0.0982752954944085,0.0861603433741832,0.301254612372675,0.423987979318287
"13",0.182014177771303,0.215266558363058,0.210705981302189,0.0945474491550248,0.200800790782388,0.0866410483168657,0.149916003407711,0.0860657571707774,0.161221644309872,0.151082181747719,0.277835944622801,0.386751956310071,1,0.0408431700476925,0.242525467261806,0.345235965323649,0.324860886882464,0.473885246675554,0.304810471755142,0.375006913039277,0.445346472521854,0.420846149366283,0.506894260833639,0.25333834595068,0.105299815414166,0.0381829018431143,0.402098266610443,0.468989934105886,0.370354399362344,0.350629681626906,0.45778268575658,0.394064851177204,0.446961623049537,0.0669379873935226,0.270104359177805,0.0391092859024546,0.0332013757649704,0.209666426036177,0.125929208073619,0.464460556446402,0.434735491125828,0.16509486058008,0.130462303138971,0.186817442097462,0.282759990643275,0.45747002718167,0.168464086359096,0.12473478756121,0.0860800706793696,0.432997604523049,0.363476984283016,0.0177488572092847,0.179876166940017,0.375845834801436,0.338018403298429,0.444124393578373,0.421995966332217,0.276934047177788,0.224227925920597,0.378268484546499,0.393838197219027,0.387253657578052,0.503172236325466,0.351244327083285,0.39766823579994,0.423980747107571,0.211250993767427,0.402968707470672,0.335028843645727,0.305757463629199,0.17522512188746,0.345798524481876,0.104553806552643,0.312562226452138,0.130306708443108,0.00183122778106792,0.00372092423056597,0.118251582152135,0.25376202175765,0.0130371320997511,0.370836686286527,0.494328830885209
"14",0.236011471551457,0.163958765179606,0.103488178767865,0.280145172862441,0.161373677193682,0.342004874914523,0.0787066302520565,0.151607636357994,0.233861567222884,0.0773124149636133,0.118263272687786,0.139028539848622,0.0408431700476925,1,0.00609179526675744,0.0637045108812608,0.332392115546175,0.311880243350491,0.040410130851891,0.0102668694651747,0.151103153784962,0.248673863700686,0.181008377477745,0.129422164031346,0.143319724271298,0.0863266111486839,0.106027746880345,0.0696323816650579,0.0724039361827942,0.322096239605141,0.312750259993339,0.0793434295166685,0.159712960484363,0.125834784414177,0.00117798267050331,0.0331800652971022,0.0903974572000853,0.119090988182463,0.21664694386905,0.211183780965388,0.255397106254835,0.204602226500821,0.00281125912763889,0.349115771612735,0.127279435609433,0.235010759767942,0.0205473948022209,0.111540870519448,0.257456051027548,0.202381726142482,0.0649445211035216,0.0510623361149114,0.185280306082805,0.103204529968086,0.00891262354717256,0.0774132504076032,0.0507272125386669,0.104823093776701,0.317363741037214,0.163283525062184,0.143990005502267,0.117860193303006,0.0149049194274086,0.103076120930235,0.00564809652038356,0.22115297163005,0.109554726618351,0.046917125433985,0.116503364820742,0.0117491233263035,0.111393013709153,0.00265479561367472,0.134568618734023,0.263305263710014,0.204346132659895,0.279305005387117,0.0565306214971873,0.0310370391234189,0.0355979140187451,0.0319382146678077,0.0899227226472984,0.0827057749253125
"15",0.0945923561554086,0.124738800264111,0.181078897214237,0.0518054445633362,0.0991654520708783,0.084985498175684,0.262358733302176,0.0681185834350671,0.131169390709536,0.0623699117725575,0.16580938399536,0.318301885701245,0.242525467261806,0.00609179526675744,1,0.147578393500626,0.2047836143992,0.355724751225213,0.208103281241636,0.266980741197241,0.272656578585097,0.313199701828814,0.376259780298021,0.237192886407161,0.0887111136638416,0.10560766461885,0.261264586442469,0.212616631237572,0.234219108081654,0.30607695927565,0.283067312581671,0.357863897120436,0.259137727998567,0.00956188605027962,0.234341344717452,0.0662182249470539,0.00286673639804568,0.0271146000257896,0.132276315088841,0.21791896432024,0.26101886443278,0.153278906573483,0.0782038525826648,0.0718601584240753,0.142010045030523,0.257396762272433,0.111678118558915,0.128937553285782,0.155343789642635,0.262668082774678,0.198715186319896,0.0418385410444505,0.0529141510954979,0.153987764204467,0.153171373605614,0.304226609833469,0.295618934908639,0.287257515323252,0.229738256583822,0.394927310535802,0.305703949842186,0.36789723831059,0.361843853053277,0.247959661508475,0.319322333660795,0.233313358467239,0.285280699029416,0.15707569394853,0.194281282461298,0.253832232380683,0.0234303729323515,0.21532070975224,0.071467004988221,0.157129726946584,0.0171298237259789,0.0456425769955587,0.00782600203484806,0.0603214310140019,0.0597547773061569,0.123409032088754,0.173435949963044,0.337830937814681
"16",0.0230550496400331,0.0105539009907652,0.0819601775333655,0.0198768379604825,0.175621395766011,0.0104058258416644,0.0506596756150168,0.010642741894199,0.203595706857148,0.119920154212011,0.207088070735768,0.15711180349294,0.345235965323649,0.0637045108812608,0.147578393500626,1,0.275370122489518,0.301935149885306,0.205851416960175,0.244065658859232,0.361702243966006,0.255106995104666,0.393446569225909,0.338171564459312,0.150917638922656,0.10161060080654,0.211759432121289,0.345859927009764,0.279198446932986,0.172462893813359,0.236238565531151,0.244720741608204,0.331355169058844,0.194129601268451,0.174826087851368,0.0148817518545357,0.0208077275045337,0.134291456985085,0.0769542672745076,0.227343926354414,0.27072039274324,0.197950316173274,0.0983562439277047,0.124730608090177,0.158731021075769,0.227602426679093,0.0486894336333469,0.00574146017145336,0.0102697844165939,0.294033548224708,0.182312975595856,0.0505760881802244,0.146022136186799,0.162456203406782,0.227910408135518,0.260857294050757,0.213335803318406,0.110951655022048,0.153671422050751,0.18176125965282,0.254188596510807,0.22612053409213,0.314232827007312,0.112743975140781,0.244091705651542,0.290199054205677,0.129285274782819,0.280615243539354,0.24982065844507,0.131804281330924,0.0381379867744005,0.246752625823568,0.0120621206298331,0.136714626833443,0.148872750430958,0.0317057884393603,0.0477294916353145,0.214177056871349,0.152456817527694,0.0335459420391549,0.269416124207441,0.318226710106373
"17",0.0500320701818383,0.0220548615744718,0.316053678149746,0.142308263214748,0.186830403683743,0.0976097882093173,0.106637584578361,0.114966873129162,0.0453216571619399,0.0873200919913078,0.395615728056062,0.355996304317925,0.324860886882464,0.332392115546175,0.2047836143992,0.275370122489518,1,0.562210609734738,0.442564413605522,0.422746715413952,0.351361135028859,0.432204059063716,0.417848786378062,0.343466750933313,0.392426247664917,0.122450967062737,0.485999245168289,0.36026828002243,0.463069886391073,0.447724073270617,0.660391063775854,0.414863419351172,0.370948718804495,0.164411626045313,0.433321311522631,0.040090700388261,0.0935224639976966,0.186282502784647,0.248141770551273,0.248693571114408,0.205317246910268,0.125556193301328,0.0758103778210659,0.380698821166578,0.406987829699686,0.13455748179833,0.0848645562447922,0.0831724170338725,0.0106727522632644,0.304191594186985,0.349098709958621,0.0824334294444097,0.0225887794376586,0.254939328161332,0.243251774269796,0.390445268636539,0.306508791918625,0.358473828061702,0.599116115242201,0.341188003049579,0.474578199798206,0.406774563083461,0.493096713530729,0.252928164335399,0.274312812273208,0.567614010670418,0.225323652048306,0.393628987498945,0.419747720576652,0.354856765991772,0.0138462118362754,0.289696857259129,0.139235106519526,0.12868282433116,0.0278627777342557,0.377408289718985,0.0387264981659718,0.0892840265833306,0.0920156800408094,0.158196315333032,0.514000920684182,0.417821981892632
"18",0.0779306740995755,0.325923754129178,0.376502876904042,0.136790514667863,0.351469227327675,0.32103282842521,0.22920074861644,0.0385404135734943,0.148418574655657,0.00178664713040734,0.379089579765976,0.456779767652033,0.473885246675554,0.311880243350491,0.355724751225213,0.301935149885306,0.562210609734738,1,0.402258319995798,0.404334096842115,0.41668664347235,0.595042868009581,0.460722889478379,0.435891572817191,0.248562964432725,0.000181421828801758,0.354879165492526,0.508929730357964,0.432904279638752,0.702725097181239,0.700349282839123,0.552982731156685,0.407861442067564,0.229195409016194,0.35085864844652,0.0650925186846057,0.0713726563546339,0.290536394864442,0.250904330724711,0.388782250870017,0.334929063190326,0.0869984612719315,0.0783912328878955,0.334154153439182,0.363064275497577,0.353335027602859,0.200958068704069,0.0650232975743708,0.052211100597487,0.355180611788027,0.461795662915897,0.0766020980540088,0.101473601052384,0.196688878150101,0.367725455803748,0.524443238473986,0.482477930681634,0.578247157134707,0.587077253312694,0.562447763484286,0.520986239536613,0.555073717196205,0.558733173844667,0.403966772888559,0.454901527498476,0.546727999879124,0.287544264525638,0.386188716438112,0.388723718226001,0.441763518123339,0.0274459583042739,0.406998522466929,0.279190603769231,0.107123971474391,0.0496794821437157,0.239481590502233,0.127250616276847,0.209746067667569,0.150562492239783,0.0520385157397677,0.430719431746728,0.530959190081699
"19",0.184943815540011,0.129049830662126,0.332547947996037,0.0658118497572178,0.0721522331891986,0.0897590261129968,0.195522140006105,0.0597971231625423,0.109196258108852,0.14706709515926,0.321236765194181,0.346025027624216,0.304810471755142,0.040410130851891,0.208103281241636,0.205851416960175,0.442564413605522,0.402258319995798,1,0.420554649733951,0.417059523281936,0.340524298592266,0.496835261842223,0.145812361766396,0.201957865841822,0.231997880461982,0.502860479353604,0.481888373800952,0.35265584154783,0.281109246491091,0.475850727637114,0.431797885013264,0.43730083228459,0.0834009731294321,0.293996555454465,0.0754535586671071,0.11483356354777,0.156556980593803,0.214725346912381,0.377023590102521,0.405566299813074,0.151167943289191,0.100678261002647,0.167958058977235,0.267940874081786,0.355485512179852,0.215687442387809,0.0758730305953825,0.130785236635245,0.472814183416138,0.477515870141257,0.118878266180474,0.0996243326681379,0.292478564903161,0.223390967089578,0.482133473155599,0.393752148863457,0.432237065637483,0.399680383443804,0.403583935116362,0.378581119810178,0.454615869796311,0.422740284422374,0.370109205873933,0.37816425982984,0.366416857994933,0.292283661100817,0.417314144531403,0.352297135102967,0.345088123458099,0.0577230062539543,0.384750258343589,0.269032693229483,0.266681641674521,0.0903727711579275,0.10583933796816,0.00814007101527596,0.0687731782647675,0.102399911297579,0.133362995699285,0.41642863858561,0.387208240567689
"20",0.179901072804361,0.0137566402126984,0.214467779992965,0.189895123989208,0.0669668949992323,0.0519419730680483,0.0752836137236264,0.123078720936787,0.16716911893418,0.211197788201411,0.455524784706947,0.46225201507016,0.375006913039277,0.0102668694651747,0.266980741197241,0.244065658859232,0.422746715413952,0.404334096842115,0.420554649733951,1,0.525801480034398,0.346217619355905,0.590596193111255,0.268492012285414,0.220796324242778,0.0565672569367128,0.426093446465868,0.510658255338945,0.587439915825551,0.352554271343149,0.42600248647724,0.511813326124984,0.515066846825051,0.234975470816818,0.299953641696437,0.0434097569474607,0.0883864147716686,0.162520744056647,0.0987163106069363,0.356074806188656,0.384443585245493,0.130989455003977,0.0940852473872545,0.252047155173036,0.330878910210496,0.435118344784105,0.152861408129305,0.153598327334205,0.0824345528044977,0.556088318050552,0.500290620937096,0.169976495348544,0.242298100610187,0.399161821217235,0.307913046569387,0.449959132177491,0.363264272218621,0.409972417065555,0.405644291894619,0.414050796925841,0.328121713031199,0.506888943067731,0.480931376075283,0.329002385895858,0.389592237852373,0.384505372883733,0.263185395184284,0.445050196246386,0.274857172294094,0.320654964335982,0.013340756933436,0.3564074588879,0.25022867392147,0.338336152366021,0.0476691037343298,0.0912475514267957,0.0601157062527559,0.00860276940484684,0.221674470189859,0.102749133495582,0.486930830150484,0.496391974150922
"21",0.314212441660138,0.00578768850476354,0.238464131404424,0.10980624481731,0.0844062073598274,0.0224618188078941,0.123268301305203,0.0707351366778177,0.0382450833200042,0.287336430649699,0.418308079138114,0.333165833201571,0.445346472521854,0.151103153784962,0.272656578585097,0.361702243966006,0.351361135028859,0.41668664347235,0.417059523281936,0.525801480034398,1,0.317732062959711,0.654208006483918,0.224846432102743,0.145719772319259,0.0780707025343302,0.474099957070568,0.498315193156671,0.456282761663522,0.32412981938776,0.395867668455649,0.541233832968181,0.54692883831969,0.138328145794482,0.359179887855877,0.177558881883349,0.150125067917486,0.181629969826483,0.0878834353363333,0.472361801337582,0.450435660493548,0.226886196070431,0.0409054623148895,0.086033182321484,0.275404306229334,0.392884708390426,0.210568701109654,0.137538786996473,0.0723630035536027,0.605251917521397,0.408051198884162,0.00310204505044847,0.198074954042061,0.398838338170106,0.354771268981701,0.432917664329488,0.397924969971924,0.400044960066901,0.32621806970075,0.431439558096173,0.368115447888329,0.511636900321605,0.513558622409487,0.379854852595358,0.412339338298086,0.308827828031359,0.36888374114113,0.313418163370407,0.290928452775336,0.382334590414668,0.0625824027592009,0.30321470289236,0.0930475231042816,0.394122361179705,0.138091789128462,0.0820314973825518,0.066716674456122,0.0783799529337927,0.319085427046407,0.114549903673891,0.401248100294705,0.547477134649519
"22",0.0366006203421237,0.241685079067752,0.339506872501237,0.108730711838259,0.276709519783396,0.203329417540636,0.175554706203594,0.0373156127484483,0.136283192637516,0.0265227290190015,0.290719389819806,0.347050413845563,0.420846149366283,0.248673863700686,0.313199701828814,0.255106995104666,0.432204059063716,0.595042868009581,0.340524298592266,0.346217619355905,0.317732062959711,1,0.429179473587712,0.307322478508235,0.131077734503849,0.0239213993873,0.374499163449717,0.356507674400287,0.369397819973544,0.513610414213717,0.53814253390539,0.503547204852844,0.345486839730468,0.0898182688652685,0.270854710853116,0.0105854339208294,0.003108918377132,0.211249370800699,0.22128015573966,0.305957121583369,0.211448991925942,0.0596894819646156,0.0365984875681625,0.219927872091779,0.342957614474452,0.273340197300894,0.119432716216951,0.0390272344178847,0.0545800167558908,0.266228982676173,0.380244035550071,0.0229179172901218,0.105907958783508,0.228553260404718,0.289602994758088,0.39185546516996,0.411225071621049,0.408557933012456,0.390129102495766,0.440805739602095,0.525145465536278,0.450260277170412,0.489876105683952,0.349825069039044,0.368508487743066,0.488971719334833,0.239082981197717,0.328676215726545,0.318739044359623,0.388569320067703,0.0248057089967628,0.319536572606138,0.297807852475595,0.130761897233596,0.00419778247926013,0.219366954599509,0.0554292836243574,0.0739631610711262,0.134144199315026,0.0143344813324235,0.351753233514166,0.453676773296187
"23",0.24900591897264,0.0316102119086694,0.269686820965915,0.18302622698119,0.120166806241486,0.033314449380699,0.183256763099346,0.116557243343142,0.0748344170110535,0.29158429596744,0.422906798207997,0.384988323610139,0.506894260833639,0.181008377477745,0.376259780298021,0.393446569225909,0.417848786378062,0.460722889478379,0.496835261842223,0.590596193111255,0.654208006483918,0.429179473587712,1,0.317665594665613,0.182924605024631,0.0719287525062215,0.575410685422048,0.589585055068689,0.566384991631262,0.353973798470175,0.466336385498127,0.599055764754436,0.659618348202636,0.168785772757297,0.469204320440601,0.116273599079851,0.232227319205688,0.142643345314837,0.0808172828373969,0.574197478922343,0.528741807884644,0.244157086773717,0.0171836946813681,0.140839453898902,0.326834909956235,0.529180755726136,0.197327517550272,0.167444442864374,0.201652860554694,0.694029707851786,0.450691588555891,0.0269728924969398,0.247771419354278,0.478006405942909,0.412397496346431,0.560593854060317,0.484038647609922,0.408905790537773,0.37682215184299,0.470123129064525,0.447667642147599,0.566453408649179,0.626074551144241,0.469254365788904,0.487419886648724,0.375133745224139,0.460385771755447,0.429513988505365,0.413196914277729,0.432718392356695,0.0860559725702083,0.4000440097218,0.154169292162757,0.446553506385221,0.119320914891639,0.0497267337507265,0.0642522408871381,0.175051858489304,0.268408235449796,0.165654919982565,0.518245229905644,0.64366428756071
"24",0.112611876890804,0.0951743454759797,0.192300900702268,0.0948427550950871,0.171282191308275,0.124996528719468,0.032692154418411,0.0712276766006257,0.132436850072183,0.0030954392544804,0.262049804462888,0.232498598766372,0.25333834595068,0.129422164031346,0.237192886407161,0.338171564459312,0.343466750933313,0.435891572817191,0.145812361766396,0.268492012285414,0.224846432102743,0.307322478508235,0.317665594665613,1,0.128275821454724,0.141390342712069,0.161767521397354,0.303475089292948,0.408054094927524,0.367999869586488,0.312338705654003,0.334010027342642,0.237678768941396,0.185196945572156,0.281034178680655,0.0565248171951746,0.0405835949506219,0.136865224127806,0.0639248151385422,0.126864268037575,0.168878870983362,0.0437237803755616,0.0199871130305602,0.266343557093407,0.12939907889052,0.0918838340021702,0.0126562665319384,0.113032677981264,0.12133749568243,0.294073687308779,0.176741575997105,0.0156116143216265,0.226084568458296,0.134129253239857,0.282982315799989,0.2966929692282,0.151457778719922,0.21722214918392,0.310719449028588,0.249139278156871,0.218503914966858,0.337360388738906,0.391667011355918,0.0576443513428705,0.240504958718663,0.348047882020455,0.167717573907198,0.106509533750175,0.271188996615253,0.226976863738574,0.0120824515459502,0.23254237482533,0.0516715079431543,0.100802685668903,0.0536519992031393,0.0203693613506576,0.0191021483683253,0.102198960176018,0.0864533248736764,0.0205409446385044,0.28309434752826,0.304000078052672
"25",0.0191709211917584,0.124785093205354,0.123549440411713,0.0567581168986653,0.190036043370405,0.140096616180126,0.101117368883594,0.0244490693367427,0.0451295966623254,0.0391334652327898,0.178471236986411,0.16249911817641,0.105299815414166,0.143319724271298,0.0887111136638416,0.150917638922656,0.392426247664917,0.248562964432725,0.201957865841822,0.220796324242778,0.145719772319259,0.131077734503849,0.182924605024631,0.128275821454724,1,0.0205274150342019,0.178667677287978,0.200455656804416,0.188601973284697,0.0640229774009198,0.271418979192044,0.201741807651081,0.188016596895876,0.284184047318757,0.185230627945461,0.042582602433912,0.105695020500372,0.00515243224989012,0.0554517357270176,0.0672761801640975,0.0444222001927038,0.0397312569347333,0.0834790998655075,0.188803951036936,0.154319199797698,0.0103599543571536,0.0856914730349636,0.0269644075331299,0.0411007700803832,0.183910298853685,0.268474828330745,0.144615639820522,0.0543010423106982,0.174745805923691,0.00830019635166439,0.190493717152611,0.0947426623702094,0.227844145256088,0.375816388736017,0.203270538825199,0.206211837742332,0.22011492716472,0.227934495636069,0.0464652483075408,0.0660013497534436,0.232575593745938,0.135211962755522,0.175864486280455,0.173595699536375,0.102617497714177,0.105241751105213,0.121676853865296,0.0467786710589239,0.00315364427143303,0.0226939752724564,0.154021800092314,0.0942652633988651,0.0344757253955416,0.139791893534056,0.0238935696027301,0.155933083370653,0.153909346198713
"26",0.271092187348203,0.00141205321839412,0.151267356168729,0.0983031582644392,0.128864945019879,0.141916994742576,0.337146124985619,0.0849887616829145,0.237046316556633,0.158547549185207,0.0779872806388405,0.111063828680284,0.0381829018431143,0.0863266111486839,0.10560766461885,0.10161060080654,0.122450967062737,0.000181421828801758,0.231997880461982,0.0565672569367128,0.0780707025343302,0.0239213993873,0.0719287525062215,0.141390342712069,0.0205274150342019,1,0.0465809375284545,0.204605805688083,0.0568598059421826,0.11814965509859,0.144415233116594,0.142149069846641,0.154461937891236,0.0284192074056471,0.0650191251677775,0.00143401250256717,0.0649923000461199,0.0637386343366945,0.00322629906497115,0.147259137012335,0.191618807290886,0.0345370261112107,0.0218802352814586,0.113633743525967,0.086589246557168,0.201846349782997,0.189837429611465,0.0315251753229415,0.00340515482174073,0.188282075719936,0.155713857483222,0.0861030073859922,0.0685365595046048,0.0209139890370916,0.131501099726345,0.161186622871666,0.0931376216578776,0.154689840472655,0.00367584602559494,0.248238278312153,0.011243577488005,0.217351737369249,0.145483569650966,0.102253370320667,0.134646978875241,0.132583125154717,0.119963506028933,0.133881299204645,0.00233494907309893,0.0414393925528469,0.145766507789006,0.0904647142801358,0.0760944530811431,0.147486244800544,0.120305100637022,0.264941121650093,0.020169042913582,0.0679455141073916,0.0108517789887188,0.0800600486747582,0.00300898986297576,0.0292396101324354
