"","1","2","3","4","5","6","7","8","9","10","11","12","13","14","15","16","17","18","19","20","21","22","23","24","25","26","27","28","29","30","31","32","33","34","35","36","37","38","39","40","41","42","43","44","45","46","47","48","49","50","51","52","53","54","55","56","57","58","59","60","61","62","63","64","65","66","67","68","69","70","71","72","73","74","75","76","77","78","79","80","81","82"
"1",1,0.0513069209513416,0.177134641179262,0.278358640421583,0.0603092629824009,0.0170734802721148,0.0939796143951963,0.0896627684006179,0.0768066121237999,0.167529699014922,0.298290429463263,0.250793643716122,0.207724440434279,0.0756021736517461,0.0663059830043486,0.101631632271242,0.383962556728773,0.327778331152591,0.300096944883167,0.320727777031802,0.327379053693974,0.301800654744621,0.310406102234836,0.101794976093664,0.0712915283257686,0.301874033306355,0.00521551710581375,0.253507467437007,0.253399739919838,0.300505943119587,0.214705804927917,0.375813158140892,0.347842324220954,0.062288123595966,0.0032044329102668,0.0971841587899799,0.285088909937041,0.31062940203078,0.306038519058329,0.129101404507274,0.151007003136373,0.261005738001433,0.140379500868866,0.213648339049812,0.28254909849644,0.25046219341925,0.242202488993311,0.303855009763063,0.0310289128363258,0.237094529757436,0.173340884412332,0.16534634387063,0.179114466476241,0.0904578798151101,0.261281116211294,0.24365700695874,0.152572599238317,0.3692000649846,0.150165237746061,0.3035189853478,0.20959222922642,0.26562661485842,0.328821218963147,0.30393257465667,0.0832753909570113,0.0618383454309943,0.219598920636711,0.19035722102324,0.0118167637838455,0.117381554507288,0.142640075950035,0.24295201594194,0.0782093874541898,0.206766547239356,0.163899406243534,0.241456116521881,0.102625543840686,0.114846575155584,0.177807572578689,0.140119406030747,0.0705326910251707,0.0372470534813346
"2",0.0513069209513416,1,0.108405090237934,0.200345803974923,0.023037705351212,0.131274727502691,0.0270301845500776,0.0656773770511712,0.0442318165576872,0.160542384890798,0.136830186334287,0.153376611931326,0.137855611390972,0.136770853980111,0.0138552170907786,0.0516605244714248,0.0948341628780195,0.0539586808846015,0.179738934380572,0.0372942294197213,0.0581056334911035,0.14441084592414,0.0232672084424886,0.161429537401254,0.206655250388711,0.152288682906931,0.113022448467094,0.00822677277422543,0.0783822531754961,0.134462119794173,0.186334979161596,0.130356206970546,0.152491580301832,0.143566649433136,0.176714979879766,0.0183809351840347,0.209161004457733,0.0112859987076881,0.036801936774199,0.0663764202703135,0.0471149676210044,0.0697460122725599,0.0855065960827552,0.194733732940559,0.179024968680177,0.14449293025526,0.0359938262823407,0.174524635104118,0.0386785974358924,0.137847093728409,0.0219246935677062,0.209866718359338,0.168085780132062,0.06101534565114,0.1959106311945,0.0873842118490115,0.063587137702848,0.0897368505901747,0.0706515917375816,0.0714787123669058,0.0716806371845504,0.0343691032878443,0.0946064620021794,0.012676922521261,0.130629636600963,0.0293959451089564,0.00193947726989644,0.0239508589425206,0.0304170416895908,0.121788994219532,0.178094439847614,0.0169524909179833,0.0377141458603692,0.0956138118008185,0.145406130780234,0.068744846036428,0.0514326458539387,0.132165347594498,0.22881862012774,0.134698597188632,0.118533556574701,0.0936800030849112
"3",0.177134641179262,0.108405090237934,1,0.213088177409339,0.148698534370854,0.00586959439451288,0.035453487373772,0.112333186194054,0.0645697145917985,0.245951891041525,0.389709440845515,0.341064520231323,0.298484897745749,0.00102093036467701,0.113891503606317,0.0308694898500764,0.381587141195115,0.284691130365386,0.378286533750139,0.211057908064266,0.288709532813153,0.339029214384812,0.325969839070713,0.366978755628185,0.0636231126199945,0.221386601706516,0.0375100384558274,0.242962040679841,0.299009069797257,0.326033267318701,0.335397011053275,0.294645381224332,0.303991517673982,0.0536411180175338,0.192878706352026,0.0710601939893233,0.254321040059831,0.192841080120632,0.269371554692029,0.0840715806042956,0.0644113350414171,0.216301352314888,0.197952438657682,0.282314758523745,0.297416997915487,0.197337264728029,0.225371808413452,0.178771036303222,0.0759304275602927,0.319318495846172,0.279227786135688,0.0308638067460963,0.139171090475264,0.0569197409731371,0.214861628759341,0.354321493590198,0.272149247049177,0.333217324685353,0.132781046284975,0.285819589554566,0.264542993699813,0.239932544007621,0.28535978048076,0.271226149213232,0.0358958804049907,0.100457973862025,0.259011517403908,0.185529483816565,0.00533703146003929,0.0185633565718154,0.0614753594307591,0.0722516757746389,0.0625194903829547,0.241987546796377,0.173217729089012,0.130853339420517,0.171375023017982,0.180906855438332,0.115269428113158,0.0965235843321357,0.197714354765436,0.0337872949955235
"4",0.278358640421583,0.200345803974923,0.213088177409339,1,0.16414671385957,0.189760098099732,0.120397095132069,0.0798153984003177,0.0316051900717631,0.410596854149098,0.396285751422852,0.381219185675431,0.24361697017569,0.186413148187316,0.128421702179585,0.313474864998564,0.456161193274849,0.506201355227216,0.506034787970496,0.201446710505284,0.549951697272537,0.409226490680141,0.311251121279796,0.276713846752267,0.407288901402691,0.555780728776262,0.258181134141912,0.273429272745738,0.358911780346882,0.447694856210682,0.413311792406645,0.545995158321985,0.588620879658928,0.323619652696515,0.120615139354224,0.175510682394161,0.651908017437674,0.307190366588286,0.344783882412421,0.249840344856671,0.397789980962732,0.248940017337325,0.400686594050357,0.504656342924603,0.433620347349481,0.469034916755448,0.266463334477258,0.572740131068545,0.132936713376234,0.436260084693819,0.115888549312129,0.0106189465082176,0.496695888673949,0.183748645073584,0.447090922730482,0.282701381542661,0.159403481604567,0.430124422677962,0.230715248378697,0.234416583430615,0.24240044706051,0.405848598017834,0.434300000879142,0.211097229714622,0.0812153648701621,0.112651526692469,0.274285862538777,0.271557599499508,0.0919001860692656,0.0715303395465091,0.00930802258403461,0.194252286412564,0.0934081649328328,0.398754838520643,0.35013595862334,0.258350498633686,0.0773522584814098,0.283240735827716,0.475762861862466,0.143321530369826,0.127333241305482,0.301974800265
"5",0.0603092629824009,0.023037705351212,0.148698534370854,0.16414671385957,1,0.055892423490472,0.0593737507692287,0.123263674559644,0.00979257348980612,0.0841624321131791,0.205793772247851,0.237640960618113,0.197545971914783,0.0418220680363273,0.137838892487879,0.017432010033127,0.282762625846081,0.249807994536175,0.174308148843652,0.165068322455243,0.201429417575859,0.238247812374723,0.200515386152032,0.218739470069095,0.0470639510837742,0.14846856296959,0.0335503166667957,0.24952986527711,0.271335987246401,0.264092602295346,0.272367468246928,0.185855116491424,0.249977319714038,0.0530982429893051,0.204109137492869,0.0485829397937788,0.14732190031335,0.0968243889387718,0.203184817408581,0.0689685470392256,0.00570882426825559,0.122240841433154,0.0326445122516919,0.198014084373059,0.189928716980567,0.162645480056967,0.0207119684002815,0.134426126676608,0.00497480526413599,0.235160080823895,0.264787412693886,0.0120489985044933,0.0746647188333015,0.0235761838142648,0.209042938068886,0.247521702695391,0.234426538268113,0.260429797150491,0.083576332536178,0.112616160295434,0.220736797447867,0.238668162322431,0.253914781481011,0.237681893497201,0.105675931919794,0.0572101371904476,0.21764134303828,0.22838567823299,0.0272837608230501,0.147003563700289,0.0722352187740359,0.0414952019792814,0.0563124236263068,0.114609433162603,0.0541949349864041,0.028558602763244,0.0427332931307234,0.202391137690925,0.0279648661226409,0.0105707456218692,0.103035656474248,0.0708904772450533
"6",0.0170734802721148,0.131274727502691,0.00586959439451288,0.189760098099732,0.055892423490472,1,0.148122366236926,0.0292036010387415,0.113909834942557,0.119410973118828,0.0119857891733521,0.141253536990731,0.156354453364337,0.283718816873089,0.0491854560887105,0.00210976857004916,0.1688621330314,0.167381490152839,0.0173850265643069,0.339891565576565,0.0384924344263615,0.0870528957932687,0.0789650546252062,0.0760412355012178,0.289120418742345,0.0583299597553704,0.261065371371864,0.225613615956468,0.188670211180462,0.153340227245574,0.115286016200573,0.0368690577809928,0.0343477967464276,0.292055821191463,0.0747366518683225,0.077579311872283,0.168762966115726,0.098466946808585,0.0280138489468424,0.0921295813393019,0.211742611650747,0.0110229354454727,0.116295631330011,0.0722937243976078,0.0111673781048661,0.00694937103480139,0.0867649552074396,0.155275095230598,0.0107918046918717,0.122677691279474,0.232061376876503,0.0995746641690636,0.189882052967749,0.0473621171481417,0.0143923479459316,0.172006214909686,0.176803242866914,0.092394322180728,0.408019235656195,0.240072455102672,0.214111120655575,0.215270812886497,0.182071171167839,0.0619352815916423,0.190367326998256,0.317311151510309,0.185817825766295,0.022444512278596,0.208558131858104,0.0732042260058585,0.221925435884289,0.142606940458007,0.230079686879304,0.142614627895591,0.00240669441695412,0.0878733516647122,0.0630141833950616,0.10451522334744,0.191940019560708,0.0102636977514567,0.18566356886679,0.222461091845742
"7",0.0939796143951963,0.0270301845500776,0.035453487373772,0.120397095132069,0.0593737507692287,0.148122366236926,1,0.00310865867552949,0.0397389098195419,0.157915949696195,0.0996301217189123,0.207513365276922,0.0800692193528749,0.0812496510227662,0.0660795756943085,0.0717645571687055,0.249454888613626,0.246510177403496,0.170131408456328,0.211679924188485,0.233870996167953,0.283436344090167,0.162631262559279,0.150014807263652,0.0420740839991393,0.184139539033615,0.0177020395665531,0.213907484837179,0.162433497247589,0.198423787635572,0.160760168829968,0.192867461261262,0.174504935152348,0.014511735650486,0.0702096931521067,0.0913172494964364,0.150963631972541,0.147083011572411,0.0837885637307844,0.0055204607594081,0.15362967634365,0.211699492838616,0.145832372086096,0.116235562867406,0.229731655258312,0.165596259740715,0.144994436693412,0.126520450845801,0.0145045932883789,0.192410990390613,0.0232591344066434,0.0638893852277182,0.125842504649489,0.0369914609412439,0.204603665124139,0.156104497327673,0.0902153529055993,0.263400932849639,0.1576727679872,0.224119371569626,0.163436766726819,0.254409814479832,0.23629839939883,0.150883367082113,0.0900903661938931,0.176412567222806,0.125588780651367,0.102901800918083,0.0744760225628365,0.0930863441541873,0.219194670280321,0.0864967203512013,0.0314183401967215,0.0236890468876656,0.133467300268565,0.174100084189069,0.0629252946104524,0.146834452529724,0.0824235136106274,0.0672820865921908,0.0535610819348175,0.0957948563685294
"8",0.0896627684006179,0.0656773770511712,0.112333186194054,0.0798153984003177,0.123263674559644,0.0292036010387415,0.00310865867552949,1,0.0127250374483494,0.249479783964481,0.260323727325754,0.246267488862863,0.283772073520659,0.0361921216245193,0.0410571661086754,0.0671234302841048,0.283812226474911,0.272874243727628,0.238861238418072,0.220836160104773,0.218782392218454,0.260309539254747,0.214896538069906,0.320290044137296,0.105975769353159,0.174836747827377,0.0225158737319139,0.240910905543888,0.235029519499692,0.245370552185795,0.302393935430113,0.30480554111381,0.292668677355282,0.0067165002180333,0.19410458322176,0.160458332490117,0.156598573168954,0.111544012059119,0.212112250569551,0.0730768268894505,0.0317908677889604,0.175050985352321,0.105186325593077,0.181095311739482,0.166688624783961,0.233644871392301,0.136975361164789,0.16596544631173,0.0618704663685814,0.307021888438998,0.117091004708631,0.156917046666217,0.179468547169989,0.047548141257936,0.30783993446447,0.250677278559232,0.19934306200197,0.287219878002397,0.161476198704665,0.146596600525979,0.139784676973235,0.232542898612842,0.264962557590316,0.233178348066396,0.0445728485229516,0.0372734226150848,0.172923087105793,0.00444290716634757,0.101146371219886,0.00817559739886491,0.0289111782053413,0.125360207626673,0.00542180928586154,0.0987527362861234,0.10328960790471,0.0512967277171554,0.051254270999629,0.292537423515218,0.068418638892089,0.146708650934395,0.138011908755581,0.0335097673701355
"9",0.0768066121237999,0.0442318165576872,0.0645697145917985,0.0316051900717631,0.00979257348980612,0.113909834942557,0.0397389098195419,0.0127250374483494,1,0.159505714850518,0.0292066057142894,0.0760401379975309,0.14746088218215,0.0614941340597983,0.103685032961129,0.114172638705615,0.0845075609006359,0.128400726734564,0.132397819490343,0.0607404847703702,0.0588923331250566,0.103906761595394,0.0499660405171355,0.120695818638624,0.126510837796049,0.144564107006906,0.0398415752974629,0.0172010566352101,0.170377455873447,0.0887113617752721,0.138643104431053,0.105904737518036,0.101585941540035,0.0316617986163628,0.215225733182092,0.0240319678114759,0.0644268596919995,0.0532310459550017,0.0461423286021204,0.0356583468861146,0.0740616648634745,0.0237862887696659,0.142715888961304,0.157506483044406,0.0719469263501752,0.0298510324512519,0.0788791455852446,0.0890397057703974,0.217397003043247,0.169597856894458,0.115110425373975,0.145712677388969,0.0598502323148323,0.0130965883427676,0.106206983702312,0.0337612191540037,0.0777972386706878,0.0383327498148906,0.20462009709479,0.106678720072431,0.137541902100373,0.199347066505431,0.117031029287682,0.0669290092645707,0.0127578351540668,0.210739498738261,0.0120489383206003,0.0191292214539402,0.208463930981863,0.0223429431686323,0.0582813227508525,0.0901387278503765,0.0508170999349976,0.0158999811698544,0.0509319518729249,0.0698269616855289,0.0209474872076754,0.195962760583197,0.0596078289997351,0.0259733978623248,0.180041500897504,0.00644488026372268
"10",0.167529699014922,0.160542384890798,0.245951891041525,0.410596854149098,0.0841624321131791,0.119410973118828,0.157915949696195,0.249479783964481,0.159505714850518,1,0.460094246791136,0.513739887709449,0.561800413027705,0.136441869769333,0.141590568770358,0.325143682131786,0.601595439861123,0.63068856064403,0.645379544063887,0.407367984078521,0.551754433556251,0.519641586271551,0.367612692536168,0.43135941644241,0.361926408385653,0.495166620472326,0.126639738066173,0.37663206927451,0.510007429459508,0.550038975082998,0.560621093564466,0.64761711713946,0.636214643912634,0.0865654594977557,0.269585232579944,0.169222342648924,0.558278842572823,0.265809324551382,0.471956236517878,0.257966694189089,0.340973596743967,0.370235840293352,0.383509136359463,0.513163209345966,0.53924075922985,0.50375701472405,0.28649961091949,0.415370296200212,0.00322175532634937,0.630695860449348,0.244792527184962,0.290656147947827,0.545849777934678,0.279065911017541,0.640439133989073,0.439300825900663,0.314982215001363,0.529374918964159,0.450790300691749,0.484842589462979,0.282501079876342,0.522246342488097,0.637154979478298,0.244172554453637,0.0275281592032333,0.0883847324556913,0.333421240786659,0.159065913884717,0.314633234160526,0.0618803128291906,0.0359940168167533,0.283185242548439,0.0223738064025711,0.340987880734646,0.315527035518476,0.282797827104753,0.182486624001842,0.443511847019398,0.448523347825373,0.175367723102742,0.317562100500065,0.216613368020116
"11",0.298290429463263,0.136830186334287,0.389709440845515,0.396285751422852,0.205793772247851,0.0119857891733521,0.0996301217189123,0.260323727325754,0.0292066057142894,0.460094246791136,1,0.582440575811378,0.504028744225669,0.0776118560264549,0.218126738721464,0.121121813907368,0.67398310682927,0.641247830773569,0.586245751218641,0.421246674020609,0.582553380716184,0.608653484798225,0.613315575269989,0.553065919823985,0.233642660432907,0.528653958467021,0.00413954620486029,0.40777016308073,0.581359839114514,0.604248844330247,0.633515387345203,0.626263780795989,0.643155713370013,0.0261673354947935,0.256090095449696,0.139353520118852,0.515075334844748,0.365242963915645,0.378064126180455,0.254133449170224,0.186438824253912,0.363116924699162,0.270236550542944,0.557074335080227,0.516598797359034,0.493663776696451,0.364129169434976,0.451408195745802,0.08192273855955,0.612485640051168,0.418440692112689,0.000616548069006227,0.395085277428905,0.240886874214649,0.492078937613014,0.535063151927781,0.322168814910792,0.607698505554117,0.310378712958121,0.458106263367237,0.433066787156762,0.581157020078755,0.544505764177621,0.469632178834147,0.126731829524558,0.0525887569117896,0.397987201648511,0.294708143710726,0.195428785160037,0.102362266170583,0.090699468093305,0.188536726886756,0.100082266727469,0.393837752109424,0.298438985005898,0.235161872696282,0.164424392973356,0.354887752196616,0.290248664979757,0.141750466734892,0.291406630512647,0.137652705950171
"12",0.250793643716122,0.153376611931326,0.341064520231323,0.381219185675431,0.237640960618113,0.141253536990731,0.207513365276922,0.246267488862863,0.0760401379975309,0.513739887709449,0.582440575811378,1,0.55998757842406,0.00136995193277108,0.159232103150331,0.184546083762283,0.676554839317504,0.675750635151869,0.590058687114498,0.476102560433097,0.571501258529198,0.596866637585986,0.530066308101235,0.567042893669042,0.204392359361723,0.468629188596784,0.0200819164934051,0.507327416267426,0.596031345484262,0.604313157541836,0.609448417142579,0.633059292803589,0.63925501790316,0.0286162283402678,0.330852057683524,0.263453921371637,0.481650292424855,0.398082092876411,0.40053920742415,0.306118695266458,0.22923132741513,0.444653914825732,0.29703803971608,0.550908315302534,0.519673891191925,0.494957919034305,0.33387208516651,0.371443133065536,0.0529849359979469,0.641611145271515,0.358390323743539,0.0948057513821778,0.412061881323721,0.242907510508145,0.522607050755768,0.546707245933813,0.367143209016605,0.614861020560858,0.443331277356655,0.47360098017932,0.412681566506241,0.620096037200891,0.624122572101837,0.433364042233646,0.173499446918632,0.142193121696035,0.365706278729515,0.261553949952072,0.232923158349517,0.0645550226370943,0.147507105200147,0.225872514249169,0.162233899551637,0.375919949890571,0.288313290898684,0.295425902687778,0.142076505348554,0.452798498739644,0.244061618874111,0.148634867020786,0.263700083438808,0.0979184324580615
"13",0.207724440434279,0.137855611390972,0.298484897745749,0.24361697017569,0.197545971914783,0.156354453364337,0.0800692193528749,0.283772073520659,0.14746088218215,0.561800413027705,0.504028744225669,0.55998757842406,1,0.0566598271737612,0.171927770602329,0.132570103279437,0.627540180705559,0.640658888690526,0.587547558548589,0.497114325203074,0.516148726549103,0.555587833871544,0.48026958521953,0.590827178195755,0.283495231970017,0.422809835515089,0.00338280252177052,0.393010182385487,0.62230921437115,0.575155410056946,0.642989773979446,0.594516237691836,0.594896072951423,0.0540872879031177,0.421255618327841,0.17555213028983,0.439271038931771,0.297730154981686,0.51002109429423,0.255411224909119,0.158485137304866,0.384186372356325,0.313675506351238,0.478958473962779,0.461351939453021,0.438794425010568,0.292852019154134,0.330414324195841,0.0752645132424409,0.682962451494646,0.365759159388783,0.311689361448882,0.436044371828002,0.281104994789659,0.608782625877232,0.531134680668435,0.466057730109101,0.531340082636485,0.415396502786356,0.524180959356258,0.362561171103632,0.54900531517649,0.619380033226745,0.436314327206707,0.0917125521279222,0.191442043021132,0.330145270793444,0.166042176992021,0.299577387754099,0.0754044624689198,0.00692293945921928,0.267290113841834,0.109787303867559,0.33755459229607,0.201684243145507,0.221807208989796,0.235281219010868,0.479346083392126,0.281202498762692,0.192984562564548,0.366801008276108,0.0984845095835083
"14",0.0756021736517461,0.136770853980111,0.00102093036467701,0.186413148187316,0.0418220680363273,0.283718816873089,0.0812496510227662,0.0361921216245193,0.0614941340597983,0.136441869769333,0.0776118560264549,0.00136995193277108,0.0566598271737612,1,0.114017284706608,0.0771825294618665,0.00973987475519363,0.0126444892131069,0.138836341424422,0.0439217851497292,0.090921879751122,0.0868467451410543,0.0413222392350383,0.11525611814704,0.353153152368755,0.120983485285619,0.352044815173908,0.222996098687778,0.108949053755544,0.0481851853338979,0.0185828244615628,0.0655905093465721,0.154774699364079,0.249750483487226,0.00978981985422172,0.207742279353002,0.212263311353792,0.0932312705897713,0.140452001762065,0.123421858972743,0.257820437167895,0.188016777676219,0.230160693468686,0.197556671929349,0.0878348913942459,0.241122284517824,0.137211923391215,0.253937533708047,0.0391890312082552,0.0386847723048112,0.335925474069101,0.107250351456972,0.351694210192827,0.0136592236540056,0.323286595363106,0.0372430161242785,0.0367429958325869,0.0268885097216782,0.267385346436051,0.0459961170794958,0.233595607971686,0.134843613419432,0.10594459972858,0.0381177298112485,0.231188797048585,0.208052399186941,0.121070181255144,0.059289558583268,0.182435107847909,0.207442461377389,0.197333471266135,0.0159159412887964,0.216708086076272,0.121700876624509,0.0533493305991943,0.0684972504984544,0.00919017576361617,0.0657526985629324,0.371040708773006,0.119059027331098,0.0065079060303306,0.394900862523142
"15",0.0663059830043486,0.0138552170907786,0.113891503606317,0.128421702179585,0.137838892487879,0.0491854560887105,0.0660795756943085,0.0410571661086754,0.103685032961129,0.141590568770358,0.218126738721464,0.159232103150331,0.171927770602329,0.114017284706608,1,0.0471160713418227,0.179907752958915,0.234281172711899,0.167321888339237,0.210178993457573,0.189903528598267,0.161029424969116,0.240234400173694,0.242643595858073,0.0476464099101447,0.135661637746623,0.118953612624754,0.117577314230093,0.207605124759441,0.185579201104501,0.241282555661259,0.18313724910934,0.190481005891184,0.107995181752291,0.113668984798997,0.0358086366696906,0.126792460422641,0.160121469296304,0.0664762321548592,0.131543751616169,0.0194184170313866,0.00739785641883558,0.102715619252277,0.214144229939471,0.146439750134794,0.0669199749125052,0.0541475950813134,0.111996696772156,0.107170084857647,0.227712010432702,0.237690866785735,0.0749482462816124,0.0965655860542859,0.0833542593244338,0.154679615551213,0.219019508909387,0.174843135032397,0.165175757976412,0.185899446491354,0.158318959510643,0.191625851700972,0.244089188379349,0.157186380620745,0.154574082407386,0.058328475491352,0.134155596753661,0.0856133258506443,0.114195969988777,0.103667317367248,0.0985417010730888,0.0295884872957679,0.044822659081623,0.0570244336105497,0.066996894694531,0.134441653626004,0.0082661315324051,0.0253593245724996,0.0870772180700142,0.0151020106043516,0.0483533562323719,0.124517074033712,0.141449709141781
"16",0.101631632271242,0.0516605244714248,0.0308694898500764,0.313474864998564,0.017432010033127,0.00210976857004916,0.0717645571687055,0.0671234302841048,0.114172638705615,0.325143682131786,0.121121813907368,0.184546083762283,0.132570103279437,0.0771825294618665,0.0471160713418227,1,0.268688279424281,0.323785417712436,0.307029325345715,0.163815956270495,0.289182997318578,0.204613569947213,0.0686849756609574,0.0343931972476319,0.228700929274781,0.334480377607827,0.131193360053809,0.145204970654842,0.117465253497481,0.213829323913726,0.141114577650201,0.336426158205614,0.314931295899664,0.142987991584959,0.00244477198784584,0.116834721421469,0.367682825775132,0.146664685768178,0.344068973451055,0.151985046413946,0.313933315411067,0.213265835340862,0.314077100206435,0.16721202891418,0.26533532560266,0.272661822278165,0.134227044611534,0.251915183529735,0.0148513718781826,0.230226058723294,0.0323502718798424,0.111734209159452,0.343355575261332,0.0706070360983676,0.320865540028302,0.123252733445389,0.0875857687840153,0.23829908949164,0.386424052173694,0.146153576078487,0.0986305534783073,0.252391586506263,0.328039236294356,0.0178920343023953,0.131461181721505,0.000967964246161405,0.184662278491218,0.047947637947148,0.214051820812994,0.0596566900777002,0.0169897008922177,0.315725670486695,0.138983721962119,0.195720051135361,0.128592475368055,0.288468802883884,0.0360990625824286,0.234567527824622,0.329465269975993,0.13240277231321,0.0873190613646941,0.191659933280709
"17",0.383962556728773,0.0948341628780195,0.381587141195115,0.456161193274849,0.282762625846081,0.1688621330314,0.249454888613626,0.283812226474911,0.0845075609006359,0.601595439861123,0.67398310682927,0.676554839317504,0.627540180705559,0.00973987475519363,0.179907752958915,0.268688279424281,1,0.850794474381505,0.761406530211013,0.603795528100202,0.706072616620206,0.740497831615041,0.629586211251061,0.537263390229749,0.194410440382806,0.620446590474187,0.0399874272039727,0.622625344576856,0.694679344637978,0.754286100908847,0.709146071512304,0.805297708367045,0.773194495954568,0.0384113047054986,0.293925659866801,0.219214273220215,0.645131267945882,0.484872907119879,0.559133778230217,0.347068185311782,0.286788792898409,0.504752315598299,0.372832795323252,0.603812964158572,0.639007011465067,0.612647314081096,0.424541208408932,0.500693892806654,0.0612210064179347,0.764173041897226,0.495475969169126,0.0525476875990198,0.491368260973032,0.281308276835275,0.637424954331463,0.627176026910932,0.480897998682404,0.771754931191797,0.620897743267984,0.608105715519619,0.502885775404839,0.741876390168439,0.739557666430366,0.569796078912792,0.0922789746555219,0.17676228550296,0.511219556315235,0.338969006943825,0.323646778933352,0.10137339818029,0.162804410866356,0.389268630371109,0.0821736299237773,0.458064769978746,0.375982414043523,0.437833028321893,0.185945739886594,0.507854090514578,0.392190824673889,0.14429669382698,0.402454538724727,0.165697576242185
"18",0.327778331152591,0.0539586808846015,0.284691130365386,0.506201355227216,0.249807994536175,0.167381490152839,0.246510177403496,0.272874243727628,0.128400726734564,0.63068856064403,0.641247830773569,0.675750635151869,0.640658888690526,0.0126444892131069,0.234281172711899,0.323785417712436,0.850794474381505,1,0.764900793072828,0.611741709592829,0.787839594535244,0.7223710090856,0.608163197306865,0.494336864597287,0.280541996620061,0.695083741152309,0.0314910834498176,0.66755205618345,0.708971339858134,0.773292942615982,0.733286359498787,0.822824870933562,0.813623692191297,0.0404673844097274,0.244010741940553,0.207540207768741,0.670516500848787,0.455402635880191,0.581628879317837,0.405111763771472,0.311354527754809,0.494345015795007,0.405203386416497,0.603239635663873,0.686871380142062,0.66008720048004,0.429091126378547,0.515978733070175,0.0347443387909729,0.781353176519977,0.455857595146588,0.0390731772520796,0.543042824321384,0.364196374023215,0.675293707506496,0.620927162748454,0.498230453111327,0.765340741974636,0.653844960560983,0.604648589347886,0.548814626848501,0.800971354074173,0.7903905217425,0.507869863020201,0.0837185188985117,0.143923466221148,0.555772020914145,0.36884315495549,0.367234482728688,0.100250615750891,0.153631011294736,0.440655203434215,0.0708488196443341,0.460504027643502,0.385065091721029,0.45187148376253,0.166923392048594,0.563842104581542,0.405880226150921,0.182866496568157,0.355076539335246,0.124882404199331
"19",0.300096944883167,0.179738934380572,0.378286533750139,0.506034787970496,0.174308148843652,0.0173850265643069,0.170131408456328,0.238861238418072,0.132397819490343,0.645379544063887,0.586245751218641,0.590058687114498,0.587547558548589,0.138836341424422,0.167321888339237,0.307029325345715,0.761406530211013,0.764900793072828,1,0.477438692256798,0.656013660762228,0.673976411418437,0.521731781711501,0.506524737977188,0.392844246240391,0.594681438830007,0.167758245103655,0.489927581228576,0.575375802738177,0.676727178565135,0.657702188836069,0.737236664332054,0.733080632099334,0.103368770226804,0.292707417803272,0.231678433023925,0.722519556787592,0.373352030131577,0.5295290090914,0.253787974384478,0.409482061456543,0.486796175735766,0.467463650646665,0.609573602174231,0.638102429960279,0.582876731716024,0.320214681407734,0.556767239635605,0.0606756681489573,0.72921076229338,0.338008876764271,0.210347543375707,0.599962348714144,0.250388195718281,0.682033493960727,0.507144621044802,0.417871069733309,0.665085769674241,0.526759858457142,0.532191097168721,0.371024041090802,0.606428759057697,0.725224343641946,0.388009084597865,0.0674079229052596,0.0793678291861966,0.442104834270408,0.213773337959795,0.234739080744471,0.0895992605123093,0.0358188559636806,0.341533545417261,0.0404852435739517,0.516263673558731,0.343842508364249,0.397386849125771,0.186492589745415,0.50743045288575,0.535335646316602,0.209674986687575,0.423530831882287,0.293118274448429
"20",0.320727777031802,0.0372942294197213,0.211057908064266,0.201446710505284,0.165068322455243,0.339891565576565,0.211679924188485,0.220836160104773,0.0607404847703702,0.407367984078521,0.421246674020609,0.476102560433097,0.497114325203074,0.0439217851497292,0.210178993457573,0.163815956270495,0.603795528100202,0.611741709592829,0.477438692256798,1,0.514393670423913,0.492423473221127,0.492835353340764,0.389021970063945,0.0652559165294467,0.38339076370415,0.051975366759515,0.502622475666777,0.549653500594421,0.501608310287729,0.494939048500363,0.535509088182714,0.507175191453644,0.104612470844941,0.158689693838222,0.165046172805555,0.354626961674587,0.423220249837208,0.391745682929058,0.376033105899214,0.104116523840455,0.365487790255355,0.262430930997925,0.382141296322811,0.379501015596765,0.391896576912442,0.343441377037558,0.2733156514256,0.131270784541939,0.570638700202018,0.336206920912761,0.0268469340263631,0.27738843851462,0.206275034141851,0.396814684349583,0.475698947802051,0.374102032460717,0.527540341745461,0.508055565872281,0.490907395030385,0.399845463981697,0.599711864730151,0.538510191044279,0.391800390817325,0.198099936318543,0.163058613361943,0.368179261794467,0.200806159265236,0.301119089894983,0.165932926098059,0.249034690820808,0.354751690954655,0.159611201908124,0.207510266373142,0.26340983220332,0.278056419621006,0.144753951867715,0.306180099812061,0.127444913154896,0.132417166539771,0.272953049766134,0.0477820193600809
"21",0.327379053693974,0.0581056334911035,0.288709532813153,0.549951697272537,0.201429417575859,0.0384924344263615,0.233870996167953,0.218782392218454,0.0588923331250566,0.551754433556251,0.582553380716184,0.571501258529198,0.516148726549103,0.090921879751122,0.189903528598267,0.289182997318578,0.706072616620206,0.787839594535244,0.656013660762228,0.514393670423913,1,0.641827267661795,0.563268562640812,0.432026634542611,0.261434377759763,0.66015960729556,0.0923596710310903,0.555043686483136,0.646802316432895,0.636522818956894,0.621141382640918,0.745376541645222,0.771909269823794,0.132616852431465,0.153718141884283,0.245187817338242,0.637290906629911,0.439994677172459,0.522947813819041,0.407555324048435,0.340857237692107,0.411888695175817,0.361382230855129,0.559376151510385,0.593762935967005,0.602705805923938,0.418088641370781,0.51940261872354,0.0545791070451477,0.67541198379887,0.318197101755773,0.0566201595696675,0.485327766727197,0.332598815275686,0.61926522419365,0.529896290080478,0.418148072308175,0.70890926273774,0.488650084535208,0.513801191741408,0.442810395064062,0.699172719878639,0.662627231081676,0.454652684283238,0.0497261351079686,0.0647648204389316,0.443054573062399,0.370901380303086,0.256512940819352,0.131936277210534,0.12154247049899,0.377988974039096,0.00483235073953749,0.427622525862194,0.413132063839669,0.38010102163535,0.175714092262293,0.446049683986806,0.426856352380032,0.11717108361758,0.264259283047243,0.156973236095869
"22",0.301800654744621,0.14441084592414,0.339029214384812,0.409226490680141,0.238247812374723,0.0870528957932687,0.283436344090167,0.260309539254747,0.103906761595394,0.519641586271551,0.608653484798225,0.596866637585986,0.555587833871544,0.0868467451410543,0.161029424969116,0.204613569947213,0.740497831615041,0.7223710090856,0.673976411418437,0.492423473221127,0.641827267661795,1,0.57366323844092,0.554926347177599,0.247724975437868,0.608560412787349,0.0471282721779098,0.512732499565449,0.612071820333942,0.671562499056997,0.645040818270342,0.694973391827957,0.680498767416808,0.0680982833071719,0.287643827931632,0.242560769967326,0.548100569805342,0.349147115041881,0.465522232526709,0.273987934704329,0.235564032391323,0.44189867784951,0.379637100153598,0.57188038170923,0.591523784186041,0.59270977518023,0.368431721246439,0.48086371711771,0.0744537591999946,0.65035411345467,0.407734658043882,0.0519371277078994,0.436517064783817,0.262770347787582,0.584251520713114,0.562374074764243,0.389248534206496,0.667438079652004,0.46675242767539,0.545739430088411,0.401735951895202,0.663094631210403,0.672940229095437,0.488008182434903,0.103331701396961,0.13322272554371,0.36650216323175,0.322339255405827,0.204206450507962,0.0578366850397278,0.18152270677297,0.356344805995418,0.0511310852680329,0.378009626837232,0.372934619572996,0.287567776566157,0.162969052517085,0.424536863180155,0.398647853450998,0.0914350454121266,0.393926258680222,0.138320031011819
"23",0.310406102234836,0.0232672084424886,0.325969839070713,0.311251121279796,0.200515386152032,0.0789650546252062,0.162631262559279,0.214896538069906,0.0499660405171355,0.367612692536168,0.613315575269989,0.530066308101235,0.48026958521953,0.0413222392350383,0.240234400173694,0.0686849756609574,0.629586211251061,0.608163197306865,0.521731781711501,0.492835353340764,0.563268562640812,0.57366323844092,1,0.45245865357057,0.0858221476266374,0.450932711423551,0.0654919103369197,0.486441402794489,0.572442948978031,0.5572193209964,0.593907749914782,0.559266716743992,0.565450959565205,0.0421249783684948,0.286641315031868,0.105792949567824,0.417325862208057,0.367495551205948,0.349769111521272,0.276607036694474,0.083671711923152,0.323261740867217,0.237468348058519,0.520321415487532,0.483627388436085,0.456647080666927,0.318855172697039,0.354784052509006,0.108758661864135,0.588877550888546,0.445164134812184,0.078217320592401,0.244334681318679,0.178046674329412,0.393414816922035,0.491118894119109,0.380041388742795,0.578962490568516,0.361647302545285,0.445613801986095,0.451678255638338,0.612171714578863,0.476179571852458,0.482015863156443,0.264040064237712,0.143981652730099,0.347241987140267,0.329338153134396,0.240531810827078,0.213047005436242,0.183597814248655,0.16965150529785,0.158855236914521,0.332349302983122,0.279317685338849,0.256727820086315,0.164683149609782,0.26777106345629,0.15416731652132,0.0631612215405292,0.293574805752511,0.0346715574807968
"24",0.101794976093664,0.161429537401254,0.366978755628185,0.276713846752267,0.218739470069095,0.0760412355012178,0.150014807263652,0.320290044137296,0.120695818638624,0.43135941644241,0.553065919823985,0.567042893669042,0.590827178195755,0.11525611814704,0.242643595858073,0.0343931972476319,0.537263390229749,0.494336864597287,0.506524737977188,0.389021970063945,0.432026634542611,0.554926347177599,0.45245865357057,1,0.293714763786304,0.364223178092185,0.0271125445523002,0.321282644781033,0.531057855215036,0.495838022575713,0.590621273960529,0.473526429388898,0.540063850965194,0.0372861195501861,0.458111496935809,0.198268467250794,0.357604481652732,0.171952071669348,0.352652400315666,0.0772438608964319,0.123388453124414,0.351893251700886,0.257868140915901,0.527276329622021,0.421665873082393,0.40781471840689,0.285661330021361,0.345640290109323,0.0944347780243908,0.605892316603862,0.235541324923563,0.248147377086901,0.3296141434206,0.172258514637957,0.540144278711397,0.531914741079913,0.394509552775528,0.459673132049652,0.200516264100336,0.416799792840175,0.341247447732231,0.445211407234823,0.499871346477493,0.31596783112012,0.0594254294109022,0.0920186659664304,0.205424455799951,0.17947412234395,0.173191009311851,0.0819643888102664,0.00689213588779002,0.107658948830666,0.137434763736354,0.323665217383967,0.247240570059376,0.0402803313302255,0.152461592088488,0.325433432761045,0.208022832841987,0.129049461949924,0.337077715081228,0.169366786161166
"25",0.0712915283257686,0.206655250388711,0.0636231126199945,0.407288901402691,0.0470639510837742,0.289120418742345,0.0420740839991393,0.105975769353159,0.126510837796049,0.361926408385653,0.233642660432907,0.204392359361723,0.283495231970017,0.353153152368755,0.0476464099101447,0.228700929274781,0.194410440382806,0.280541996620061,0.392844246240391,0.0652559165294467,0.261434377759763,0.247724975437868,0.0858221476266374,0.293714763786304,1,0.411856712724764,0.320691975820623,0.0681286765736884,0.0991280062467102,0.194219082668795,0.276088319411995,0.347104713166956,0.347347195570265,0.256818523087865,0.173662711284766,0.131697243312752,0.572534063357283,0.0455159475324911,0.303879744042498,0.127645195455227,0.398733613590228,0.22347829678611,0.483945022562166,0.417551261387562,0.270951757025954,0.373462661947862,0.0293592881999309,0.428928999386205,0.0353538661681441,0.310084949463112,0.117762492999892,0.273718043157,0.565287607779493,0.0723061765331409,0.482160088328116,0.11596347115954,0.0176946678979463,0.115528707823856,0.0167748361754484,0.0446257714996994,0.00180813573534303,0.120784539510973,0.303231361804564,0.0699439182473636,0.256345528950414,0.237522648679127,0.119845124598496,0.0346799422982615,0.120763756012675,0.305795660699877,0.25960056563623,0.100779547635297,0.116888146083937,0.324958368207569,0.219313784894037,0.150423398039225,0.0120265955687249,0.176239770013038,0.4872347462591,0.221338043169916,0.0821137300295226,0.406569619027301
"26",0.301874033306355,0.152288682906931,0.221386601706516,0.555780728776262,0.14846856296959,0.0583299597553704,0.184139539033615,0.174836747827377,0.144564107006906,0.495166620472326,0.528653958467021,0.468629188596784,0.422809835515089,0.120983485285619,0.135661637746623,0.334480377607827,0.620446590474187,0.695083741152309,0.594681438830007,0.38339076370415,0.66015960729556,0.608560412787349,0.450932711423551,0.364223178092185,0.411856712724764,1,0.165157571369804,0.444082476141146,0.490799581931472,0.57180134473755,0.583556202460897,0.703848757687792,0.709633837483605,0.236420822202104,0.132382039777885,0.184389374142876,0.694688301943018,0.32843048273326,0.43487588439374,0.372294421924028,0.468654495189662,0.418651933592228,0.456743258323844,0.59331587220185,0.604396556334733,0.618599870178243,0.332208565579459,0.586823049163982,0.0972464877532227,0.580354635140546,0.247348403627756,0.006750602866156,0.560916607859851,0.268992217147021,0.583223116996074,0.424814923395455,0.237373374371436,0.559086608617752,0.423189808068573,0.390712290058803,0.331023972889055,0.574998833475793,0.575828514100317,0.341177919429679,0.0593378354772578,0.0146085422477438,0.414395454093802,0.259989729702672,0.278233149441593,0.0133909934214772,0.0258295077438636,0.346602725998053,0.0857560283032671,0.475245022466696,0.402360112802175,0.3709854340767,0.137389406952068,0.339881326771586,0.530560824458577,0.123326667191516,0.247668094601081,0.297776057841298
