"","1","2","3","4","5","6","7","8","9","10","11","12","13","14","15","16","17","18","19","20","21","22","23","24","25","26","27","28","29","30","31","32","33","34","35","36","37","38","39","40","41","42","43","44","45","46","47","48","49","50","51","52","53","54","55","56","57","58","59","60","61","62","63","64","65","66","67","68","69","70","71","72","73","74","75","76","77","78","79","80","81","82"
"1",1,0.47142273426954,0.427891383845448,0.242573019087609,0.474351316249908,0.547505536962764,0.372723161217276,0.0744155265439755,0.434412620049349,0.486341125158357,0.446682980807506,0.475146549930444,0.169248690548849,0.286610843201182,0.161808017569035,0.384255602110439,0.422279578086626,0.494584194259503,0.433842710156473,0.217128648473707,0.474522468583709,0.519671399857926,0.381299592863961,0.149642157329187,0.334480245956283,0.074522331462683,0.309885784621932,0.375175049484198,0.458012448966348,0.411250467073188,0.358440116911192,0.404729022652899,0.339348416932422,0.0494395759850144,0.10723931593185,0.46835003224364,0.284102185472169,0.347413417722189,0.19524076262661,0.289524223272946,0.483042056182651,0.483239325924472,0.334229055442232,0.36451907110488,0.210293711810484,0.420893042197839,0.122454670954842,0.159817236087598,0.379207906133293,0.488520085565629,0.440891250445154,0.250466718454496,0.519324174000662,0.238832360682725,0.13065206846381,0.505408588975996,0.281732970145829,0.43962038852997,0.337986818804498,0.412738938479654,0.491657848557441,0.407221261205683,0.431898409667344,0.0398042056517277,0.35353065488788,0.341537626380285,0.454254535249049,0.170797157333517,0.424992734048287,0.379398864487421,0.281377515093989,0.514457458392901,0.430575167641384,0.364174939701457,0.421362041931246,0.412141289155209,0.490081492331339,0.232849282215538,0.0196395991303695,0.193317058087514,0.298114358850534,0.278155109916834
"2",0.47142273426954,1,0.580630309152814,0.150445588417117,0.690940348608666,0.663286764157897,0.606433187803047,0.169701547844664,0.571722771414256,0.750373672322189,0.71628338100208,0.708331932685945,0.469567213804393,0.60056626173142,0.396921298315319,0.54219654090459,0.718103722653603,0.746684586813594,0.628078721319209,0.48032448337867,0.692453725657695,0.74931922827845,0.69747342163274,0.172049536083442,0.525487291495247,0.153597316224982,0.615452887098152,0.664104880461277,0.733352163881239,0.695215410515454,0.678399549903047,0.748692769187096,0.640144086286628,0.400561341206285,0.105001146001854,0.598120733275991,0.271409913834149,0.52079178472458,0.521207341353974,0.0189602919922775,0.57569833688917,0.453369609992831,0.374022430768,0.641274197222042,0.416354649731166,0.678368276127102,0.282004222661009,0.126175953775236,0.657591158681836,0.722746134948939,0.68893442957948,0.338904895556932,0.726077312337576,0.37963177780474,0.115265626198054,0.656379117246491,0.522872637361769,0.699506521757015,0.651956937442572,0.689103307540273,0.721811530454719,0.642971604436407,0.718189147572604,0.301169653672295,0.627840868350783,0.579458963010703,0.687990516833943,0.485304852977267,0.658183530578926,0.537555609808336,0.625004953441161,0.686581206989283,0.61357759376434,0.290099335441668,0.455715612586173,0.507584294229782,0.540683004896235,0.206354199691977,0.350350193738317,0.256240414443893,0.24863660319502,0.614564206089629
"3",0.427891383845448,0.580630309152814,1,0.359421931159885,0.699618124601937,0.710319941557391,0.532082777224021,0.187218186748567,0.577440111687926,0.684087616835028,0.683520828656142,0.73526330722641,0.467903441537853,0.573633413488299,0.283780506414823,0.571867177239313,0.711340589095034,0.762061676471864,0.701152728052353,0.44504234120391,0.705809521723478,0.750491623776138,0.657276339737446,0.11925476116207,0.544370084699148,0.160821523238585,0.635608918991201,0.681317417696918,0.705295396618797,0.709787226863125,0.671640822199411,0.707278829763939,0.624944533296638,0.272907826893767,0.121623831229702,0.505654015805927,0.302115859446264,0.540790967495259,0.399418740456019,0.138647137359188,0.642245981021079,0.616269338124138,0.456977866102215,0.6391253870683,0.401556648243619,0.62100822322816,0.283218173632168,0.138692580033114,0.56410608249515,0.755460977126925,0.685032006793467,0.372986991616025,0.686112985745547,0.41307091873182,0.0174019209610611,0.713694970074007,0.578689443123723,0.727423480174139,0.644868377352182,0.711003344009474,0.755191680356295,0.687655295561387,0.736417384894996,0.294441107668813,0.612327994739592,0.617151031791985,0.705274788645671,0.501834965566754,0.683618828502347,0.569184930864744,0.511391295926763,0.670681109873794,0.659725898043916,0.417956285618578,0.413736550164766,0.478712808777029,0.560410160125837,0.308820014380287,0.239501112958809,0.290836932095029,0.141971663861475,0.626486741282183
"4",0.242573019087609,0.150445588417117,0.359421931159885,1,0.329090741778829,0.38183700195279,0.112217087983944,0.145725533880362,0.325545134426522,0.219797612736971,0.189254083951397,0.290906563029215,0.0683224621558547,0.165842561719492,0.172516190430485,0.169773028779227,0.231711673747454,0.305532689437728,0.278423078908881,0.165415824685203,0.252712577299909,0.317298695521187,0.204577419325743,0.0142764645823741,0.290452824892576,0.175783438695828,0.188190460167771,0.220893411055866,0.266711300234354,0.272403407305768,0.249232084203908,0.205074130150032,0.188568091186477,0.00426408381478078,0.0265314185494926,0.128841401127701,0.270056506705537,0.357609477388303,0.0185963437463042,0.186840827506343,0.417608745797305,0.388424028545712,0.24051835778781,0.269766624495359,0.10642713483689,0.220610545535265,0.076971582044264,0.244495583896916,0.0128623263617336,0.296763968703793,0.288974671956558,0.103452930799931,0.306222862933693,0.263753103789039,0.172516617143083,0.335301809391113,0.225810852989005,0.215392095707105,0.136839795670696,0.249521539073051,0.302196986682707,0.260096991395738,0.25723657996793,0.0345910535972062,0.154158508170522,0.189211107709451,0.310799414253149,0.193925487713162,0.279644202179838,0.272774812293299,0.150806020840557,0.295484459669942,0.262206324239474,0.20735383769909,0.12661864817671,0.164123101578278,0.288645081093325,0.0118503436349737,0.0477526782722617,0.0948837524889665,0.0316260653353245,0.162422817454514
"5",0.474351316249908,0.690940348608666,0.699618124601937,0.329090741778829,1,0.79123180314651,0.6407483573107,0.276919571131113,0.587466093377453,0.779682847273661,0.780842870648457,0.809275454991977,0.588400803152273,0.670902100916152,0.471808402862442,0.578201921370625,0.850646949782547,0.852381102334984,0.765701633617796,0.53397687325037,0.784898737286181,0.865838774813989,0.787841076524605,0.236661226352452,0.719103549338473,0.106370631715587,0.724407622456886,0.793004129626972,0.84375245795524,0.840716147151279,0.776423529312149,0.812024198241506,0.77002127134627,0.449742918299831,0.154812353438551,0.573062202080363,0.352848437644415,0.63783233814828,0.465111715845484,0.0408253489463706,0.69003428986156,0.573123581720687,0.40712124211693,0.751479327340438,0.435914003678194,0.732626265898135,0.239133037264104,0.162628612622702,0.608117733164427,0.810429227603467,0.763270462612643,0.514705515979312,0.800551898994401,0.489549197407777,0.0277605817354422,0.771937265804197,0.741978973800162,0.811964062142773,0.70927598461987,0.790345257388239,0.853594805226793,0.805161493353662,0.826192974843381,0.393708701125983,0.661234506518079,0.683488541938562,0.801694875440497,0.598261260006756,0.767662644406011,0.632825062873924,0.614555642733244,0.769194318624707,0.650518156543975,0.387271141372418,0.404477397603953,0.585576584894932,0.54698276429249,0.208323336592263,0.23127904534663,0.249199242004137,0.177820101979067,0.730189757381456
"6",0.547505536962764,0.663286764157897,0.710319941557391,0.38183700195279,0.79123180314651,1,0.612696145606737,0.235807909946771,0.693426038677,0.796947120478937,0.772945896662903,0.833698655604705,0.541602137461323,0.663919666557336,0.376915943410101,0.61686047253987,0.822464371957939,0.875826658717413,0.805672033664179,0.598968502637622,0.792028226138073,0.87773022877079,0.772233925816269,0.182013441213367,0.658776481277189,0.222088917231633,0.696106819596398,0.792290930917304,0.841294458804282,0.820970832381597,0.760064689926498,0.787906184233005,0.757653768034999,0.317170024724501,0.236941519528872,0.608122397389447,0.404895929819351,0.635754095419738,0.370068673583869,0.156697553845089,0.726753381623843,0.642605362806298,0.500941061864052,0.704426680229948,0.477633610608889,0.699501019647418,0.290448142824428,0.211946838174995,0.625415858024482,0.862976634400455,0.814846286331254,0.491922378011518,0.803190111260631,0.486571530000608,0.00198536259718834,0.801664194892782,0.646176900015868,0.833792688504727,0.760154623565257,0.826236989156351,0.814104219669141,0.829520047181496,0.824517246079342,0.271102227375035,0.67169598453243,0.664374567086701,0.818264830833651,0.543462247983977,0.76330232272407,0.67989224372698,0.535685789711889,0.781801099094,0.678890262510495,0.455762534091523,0.458784660167318,0.559848228661433,0.644514269989668,0.262220240458128,0.230180155326657,0.224689301514239,0.163235274744945,0.692561629711863
"7",0.372723161217276,0.606433187803047,0.532082777224021,0.112217087983944,0.6407483573107,0.612696145606737,1,0.193612094699875,0.47242616807059,0.682124446420081,0.681293598725452,0.655114884838686,0.546206850560743,0.563166767457463,0.347591552152546,0.513361920720959,0.700126527382386,0.699074767530517,0.634804175026342,0.466879510098617,0.62488200969863,0.695861080606972,0.674474146985378,0.213349162311457,0.573909344100216,0.0620801146116478,0.628462412389184,0.672941990900318,0.688921556623455,0.681154100018568,0.643764496607489,0.674191069572355,0.66129809768435,0.31410005578543,0.245997342940218,0.528087923296028,0.227426783067287,0.434581648777992,0.471870449461955,0.0544477563392419,0.479740169178994,0.423861498105172,0.311430017566706,0.636683633484485,0.362679337227545,0.531464898557196,0.225225014693183,0.0619785993668143,0.59110093727037,0.670596731278711,0.641524404060469,0.410983936787035,0.64261930497125,0.352690381035253,0.061604271243167,0.613546515961562,0.572024756079933,0.70894732412089,0.644955418230111,0.678501865830533,0.698474180131848,0.661804006259046,0.696150207193557,0.331104677526846,0.61843864077935,0.588163714066273,0.640449702206229,0.504111039656815,0.64590790558041,0.483343888753331,0.592384471112832,0.606419933282292,0.578646979686923,0.313080375869966,0.316353521622294,0.475697161838728,0.424179372866368,0.220724474532185,0.256623630346162,0.225341376666783,0.10917357869479,0.640986566017596
"8",0.0744155265439755,0.169701547844664,0.187218186748567,0.145725533880362,0.276919571131113,0.235807909946771,0.193612094699875,1,0.107557818953059,0.221432635860121,0.261371131151273,0.295451597132874,0.294308036722655,0.290272817447028,0.212364925004615,0.249616516874987,0.327858289028659,0.318429092699063,0.267927895201878,0.285073205932097,0.273645667751562,0.260810571784072,0.314910312817933,0.296874319267177,0.329285280102311,0.127653115082022,0.326429715343407,0.34712568681812,0.275430825877729,0.349090219717991,0.342025776576519,0.283671154188462,0.28274677091329,0.324340968863594,0.116272370117662,0.144364729329406,0.158378250326964,0.245749594585459,0.124422715000333,0.0600735604511951,0.297282320777308,0.0976573670681966,0.113813909809147,0.375907310564275,0.351251994885048,0.283292980456491,0.0311283992839906,0.0161458634812274,0.208905626914276,0.304539493465078,0.306072423979612,0.175735924450471,0.210117446547616,0.15159329789343,0.0828943953522842,0.307606554701954,0.299310058533675,0.309550229537315,0.294917480733079,0.294442477541677,0.261319581144855,0.33537979385639,0.301231198548353,0.226999669367756,0.211450690510022,0.268393813103236,0.298469440037016,0.238714344505408,0.266258357659825,0.287352926236961,0.253302189346411,0.271205652628202,0.196480530575587,0.0823167883119509,0.0337008891122173,0.151951656887944,0.10432827691337,0.0618994501754279,0.164583162307154,0.10052794246146,0.153811845498009,0.303837293500114
"9",0.434412620049349,0.571722771414256,0.577440111687926,0.325545134426522,0.587466093377453,0.693426038677,0.47242616807059,0.107557818953059,1,0.661264257272378,0.686830630882347,0.731689038467103,0.373917813850966,0.503380583143568,0.324174295982524,0.506104688881841,0.641625446605337,0.705364146257449,0.636113208473665,0.571936975446966,0.628509839256305,0.718537228371185,0.594609960345625,0.127116460705517,0.474270691626739,0.362108574182722,0.534332951457501,0.637554000104336,0.690251368023148,0.625301820630587,0.600013655258417,0.650068626534666,0.629378492517442,0.198246705046719,0.191517157413268,0.498889509990941,0.256347930993345,0.588281182372804,0.289222482647285,0.127515303190997,0.619922961429704,0.499993633774013,0.331630950261467,0.565947628326917,0.451085084523369,0.553295217813179,0.201321127866293,0.25006521454936,0.587495850534394,0.727770941318347,0.714174994021283,0.149904503574075,0.628848073489022,0.377625217317345,0.125982438168989,0.676594600395735,0.354530671880242,0.631417548086187,0.638106218302125,0.654837810661989,0.630668528244317,0.656812681276671,0.685796736552011,0.12005140965616,0.507717799147497,0.554817520276049,0.628052903017338,0.419780078174648,0.637675459695751,0.558814868095419,0.457231303555772,0.613913547224093,0.569950885365756,0.369607126140446,0.412909853245119,0.337289619582118,0.464219448854017,0.272246534536705,0.242547521045973,0.218398471860355,0.00564905937013703,0.591020173466485
"10",0.486341125158357,0.750373672322189,0.684087616835028,0.219797612736971,0.779682847273661,0.796947120478937,0.682124446420081,0.221432635860121,0.661264257272378,1,0.819159735173115,0.831870139008961,0.614026027310672,0.662440179973955,0.44564929113018,0.675606692626175,0.834857425993936,0.867166389691296,0.798057627340661,0.613269708220537,0.79706708961762,0.859771396933119,0.809660516880528,0.266426379646817,0.65415086106414,0.196398152585642,0.738434856792636,0.807335679119472,0.850924250712386,0.838406125431562,0.782155722699224,0.838635550682776,0.787481037945781,0.424496455966158,0.207305840528789,0.621356997872437,0.294283597446024,0.598822416815889,0.492679971206159,0.00449633204015446,0.668251623479784,0.532607860041702,0.435894664153318,0.737848634438442,0.496950531243222,0.724562539082954,0.32783204809643,0.129848940074835,0.694199264377149,0.865966847054668,0.816486168202338,0.375667496712886,0.794428907412316,0.463352097959428,0.0157047160057353,0.766519736479394,0.623862119313184,0.844371248983817,0.773970264097758,0.830513851815727,0.841086787344284,0.808125706385733,0.857153454156193,0.368260666112991,0.705879370355198,0.706830703278126,0.799513320456588,0.617610425485639,0.786911794714591,0.635907023202573,0.671070978258136,0.777010738883075,0.720752063152448,0.366860528726509,0.416529671582027,0.559082492007011,0.569269561127131,0.306086305440991,0.36395778536556,0.32209796915708,0.184376288080089,0.765532251213115
"11",0.446682980807506,0.71628338100208,0.683520828656142,0.189254083951397,0.780842870648457,0.772945896662903,0.681293598725452,0.261371131151273,0.686830630882347,0.819159735173115,1,0.856934924483809,0.625256844870615,0.704675080017016,0.451891517270051,0.650674992155629,0.863772559484611,0.879324163921977,0.77485533901837,0.6262075363731,0.787134680834598,0.879826132814258,0.820599706030463,0.291904185957597,0.681156764055572,0.259567459232465,0.780674519201561,0.852669897447245,0.877538785621578,0.839348434720401,0.811135045602631,0.854110540674208,0.826299769372953,0.410287564573338,0.204102834395988,0.620825357387722,0.29165912634492,0.606077971579809,0.509475201071702,0.0122517304879168,0.686820630418354,0.553304429352558,0.434262263165518,0.764136795736685,0.522663534493059,0.730887358828301,0.344943932505004,0.115363076789648,0.705589528978745,0.875425347973885,0.859650946632762,0.40366343452781,0.793769445468577,0.488195952838494,0.0365871922382094,0.796529975224202,0.631347605796258,0.852866837165744,0.825779191366414,0.823514344461826,0.861591891382685,0.841025056385665,0.877534933199855,0.411060323860673,0.701323489034577,0.717957974687566,0.813254125141345,0.617501072379428,0.802013981871859,0.682706807420415,0.659861332726438,0.797063591333892,0.717332396245597,0.362805413281518,0.375410159245278,0.570559002581835,0.499990692357847,0.310670280469125,0.337083680519321,0.258135219855081,0.111609598146913,0.779430355788751
"12",0.475146549930444,0.708331932685945,0.73526330722641,0.290906563029215,0.809275454991977,0.833698655604705,0.655114884838686,0.295451597132874,0.731689038467103,0.831870139008961,0.856934924483809,1,0.625972465615328,0.706304838991285,0.443073768467705,0.675730909527789,0.877563040238199,0.916886704766244,0.816364034505801,0.629938635968164,0.831859621192216,0.9043754369229,0.834057778833842,0.263819007345266,0.678066417469926,0.256969880276433,0.760298098550696,0.866219412975421,0.871933324095908,0.861435232207065,0.827031326569577,0.853093526696468,0.826168746963878,0.413026746209291,0.233042309463004,0.626212405760644,0.32770069468007,0.671582139412529,0.475945502965091,0.0494810506224844,0.748878552529617,0.593897813285083,0.456805792438534,0.79229009501592,0.540440504468557,0.746751594874591,0.309368549825811,0.16703057849448,0.71478223478731,0.91132796604722,0.88016813950277,0.415220386573709,0.824588645516806,0.525478718220125,0.0476633662732108,0.845681354291335,0.650991993259339,0.879980905388981,0.819733590663978,0.855684610546788,0.851040657080229,0.861268986961194,0.889190698101341,0.368708362366807,0.708180344967871,0.729778169235188,0.844942768620737,0.595031608975753,0.837486813044239,0.709301212507039,0.629405653254838,0.809691634131858,0.752277072230695,0.416907665699411,0.422397178351592,0.55681798297475,0.571733304219056,0.293975868055268,0.334388028612827,0.249005032061596,0.0825098160962085,0.792660422243194
"13",0.169248690548849,0.469567213804393,0.467903441537853,0.0683224621558547,0.588400803152273,0.541602137461323,0.546206850560743,0.294308036722655,0.373917813850966,0.614026027310672,0.625256844870615,0.625972465615328,1,0.609566727724388,0.377319621076907,0.449798456755474,0.70815081024477,0.677614953349507,0.586052472901372,0.547746431823383,0.565301389257073,0.642500753313721,0.674930939818708,0.460206333630523,0.58211744861531,0.178704706493317,0.643263816136873,0.709522526122155,0.668227253755624,0.680746138530281,0.636414402918517,0.669747022745072,0.671671526324367,0.370614374522385,0.124287704579101,0.394973400578066,0.162547859807518,0.416462257591556,0.35559289573527,0.133456655808317,0.441103448178816,0.359183115574372,0.302560564407187,0.595213628875586,0.382219152283134,0.552984106691185,0.350065765811171,0.00280695382459421,0.46013250526533,0.660259518875094,0.611004873146099,0.470539674479583,0.54522675952907,0.405453636961114,0.167520636421874,0.564121829070573,0.603686015863525,0.688953657575662,0.694255128540868,0.696415420343042,0.647541335227674,0.6817481039988,0.686420241994572,0.483900131322076,0.593186148108535,0.621683279788537,0.638532058198516,0.598312862341019,0.610055816069288,0.518907607416788,0.500898372009237,0.523218447130598,0.467834794203743,0.144403431037432,0.178739537438653,0.481695278771484,0.280278782609628,0.139924542719281,0.291653820893214,0.202720392906978,0.0642877993922372,0.668173149479331
"14",0.286610843201182,0.60056626173142,0.573633413488299,0.165842561719492,0.670902100916152,0.663919666557336,0.563166767457463,0.290272817447028,0.503380583143568,0.662440179973955,0.704675080017016,0.706304838991285,0.609566727724388,1,0.408130231705411,0.557142437864052,0.77400511384557,0.772640648274203,0.664831526861689,0.571011542562271,0.697711493331655,0.739453397255604,0.748464761465053,0.377287166685737,0.636938152870767,0.17558451416002,0.707545628693329,0.759008698927745,0.744990880789466,0.753307522877368,0.728002735444759,0.750491883532364,0.713838187209262,0.475423107353754,0.211959613479509,0.496770949502799,0.275555351107644,0.544849960455023,0.474659684322594,0.0990781923544049,0.586875308580925,0.398003661191666,0.381574017252681,0.660192781806961,0.467199712667283,0.628978621515692,0.309499261202092,0.0541762853510551,0.555147687166405,0.741071421952566,0.741315796189033,0.400538642506468,0.636873810296466,0.450412666492508,0.0281861019119853,0.687835177535827,0.629915568420781,0.755177205657178,0.747364107183518,0.748448294795908,0.732049560404577,0.759946698543124,0.744216785491866,0.493484209295718,0.619879871455829,0.629731654258362,0.722203145027455,0.608451941331112,0.687920339702847,0.603705952037185,0.589902358081239,0.64427169510179,0.560420612961257,0.24144194981953,0.258513868079578,0.498478959614377,0.419637849348792,0.181896411366645,0.310222464839086,0.158237549425555,0.00422852496531927,0.696337931587528
"15",0.161808017569035,0.396921298315319,0.283780506414823,0.172516190430485,0.471808402862442,0.376915943410101,0.347591552152546,0.212364925004615,0.324174295982524,0.44564929113018,0.451891517270051,0.443073768467705,0.377319621076907,0.408130231705411,1,0.359028850970106,0.46654942463857,0.474265677410049,0.417312967219851,0.423614945133844,0.431112517137781,0.460769006764223,0.440355718458983,0.322058286093958,0.42115968838412,0.152941601135562,0.417915746599884,0.447391723410085,0.467614087477458,0.467479261536875,0.431565680810783,0.447511175255591,0.454289733022013,0.311146428139816,0.181710996158639,0.26354497519765,0.183602932594543,0.37476126519741,0.227298535788616,0.0704449834064528,0.426713513519484,0.200172948971248,0.176337204695635,0.421786434786575,0.323227585360551,0.419895023128475,0.165590010792358,0.201339249614826,0.253385632276312,0.459850654953886,0.468187400421455,0.196665442061041,0.393805043315766,0.241535833273773,0.075261974480706,0.436133641279788,0.395729345644247,0.43274262961084,0.421631683687547,0.462356666124567,0.453769773033245,0.485002499051552,0.459286722948847,0.221458681894331,0.364799604998158,0.358011350924132,0.438101905249139,0.33324698330693,0.431078672637489,0.373664385043777,0.35052355911761,0.407404586887352,0.325903814360664,0.0648281174084129,0.146220945671138,0.330298277765082,0.202948614854688,0.0416756582446726,0.152774588054865,0.125431657368852,0.0421293648354311,0.474260224372446
"16",0.384255602110439,0.54219654090459,0.571867177239313,0.169773028779227,0.578201921370625,0.61686047253987,0.513361920720959,0.249616516874987,0.506104688881841,0.675606692626175,0.650674992155629,0.675730909527789,0.449798456755474,0.557142437864052,0.359028850970106,1,0.663680998407826,0.703678732534014,0.613253345947915,0.546361597686344,0.629085957753016,0.698072103610236,0.614881234751372,0.197983050090889,0.49087650353435,0.284209225536625,0.575993852210782,0.660468989386419,0.670270657503139,0.679113779882044,0.636133737431544,0.669995074328877,0.612455142757917,0.351818286901252,0.131525504948012,0.502612909623615,0.270731679062549,0.519596245838549,0.424746777502818,0.00765067341775076,0.544580644126247,0.395092995609773,0.374387705290699,0.610891288809419,0.448486684056116,0.571494101687953,0.274300587262488,0.146795654238307,0.544498542900668,0.703322911450922,0.687205071107603,0.221957513135948,0.614670730879805,0.291395912403747,0.0309134455563385,0.635682101734834,0.426070440780551,0.679246596086753,0.675546395200123,0.659559732380008,0.651827625370488,0.648923427682064,0.695215201547232,0.350397846465248,0.584781464151682,0.547279231093995,0.666366093415046,0.440153923589407,0.629872977964479,0.528628895507301,0.589670697710679,0.638542945904614,0.570391128671439,0.290154144252302,0.302484413838498,0.435492071056434,0.435243800261203,0.297370002996141,0.342765445795469,0.205678874277344,0.0899340542602438,0.598252599356607
"17",0.422279578086626,0.718103722653603,0.711340589095034,0.231711673747454,0.850646949782547,0.822464371957939,0.700126527382386,0.327858289028659,0.641625446605337,0.834857425993936,0.863772559484611,0.877563040238199,0.70815081024477,0.77400511384557,0.46654942463857,0.663680998407826,1,0.937037044853726,0.813501366689989,0.673840457661336,0.836029794786026,0.906453864219846,0.881252811214756,0.383803170339162,0.759583898060915,0.192499850668502,0.832939855286855,0.921205647762341,0.920317781306955,0.909703230514955,0.85593098318654,0.910166640900336,0.866313207387832,0.50821264337291,0.241196738649433,0.590433419524736,0.302657548714984,0.641973616402393,0.496413127435235,0.0673687999099993,0.695876450361511,0.523554493025704,0.469219213646408,0.819979280140944,0.558697566329499,0.768925999265015,0.321587552504324,0.0946832951271505,0.707289645659708,0.898787891755398,0.872390332236685,0.559070262044341,0.807503446155568,0.537640447918856,0.053709036467259,0.820866198890234,0.775870545532395,0.914396808550038,0.866464303055592,0.906771075562606,0.886970077318744,0.907580415854768,0.920269373727245,0.489599631309056,0.767633704333524,0.771803619595597,0.852265014130163,0.681113018401101,0.849935902233378,0.684027832438252,0.655048135521048,0.809407058741,0.693191285067486,0.318080865412344,0.359940061730741,0.598242750803841,0.542196162604681,0.229547331678574,0.360004693356926,0.252144134165516,0.0840002053695449,0.826463661003555
"18",0.494584194259503,0.746684586813594,0.762061676471864,0.305532689437728,0.852381102334984,0.875826658717413,0.699074767530517,0.318429092699063,0.705364146257449,0.867166389691296,0.879324163921977,0.916886704766244,0.677614953349507,0.772640648274203,0.474265677410049,0.703678732534014,0.937037044853726,1,0.850491427279188,0.666848223552716,0.857482007834654,0.943627369609978,0.880140588201734,0.330849887758761,0.756061715973395,0.25112582452536,0.834883048395758,0.91141200042415,0.930560274832269,0.921910050984534,0.885271017038056,0.91067106549767,0.868052627311626,0.473121718014538,0.211873018115017,0.631228036446309,0.370186717398985,0.68587742802883,0.505663222196151,0.0106151097222343,0.756866424854792,0.623813955123321,0.491840399914075,0.829368856182047,0.559041386800289,0.797762415936585,0.326367126366764,0.172328685889693,0.701579700379413,0.94515916813104,0.90377100670213,0.495661669833934,0.85077303150128,0.544039520231152,0.0310635597741077,0.871001354679368,0.735501554532714,0.925621932856495,0.864992134337061,0.901231678590862,0.91597828383464,0.914016200041744,0.938131843896733,0.444745447758606,0.753613309566659,0.770633507145331,0.882770313563948,0.651765920061658,0.872500707587981,0.750223345215341,0.680405164089227,0.855284539346415,0.746569677489637,0.397550527149677,0.436308308246693,0.620864105963434,0.604674070192211,0.274938263093124,0.357223232307805,0.284864173406992,0.11375194959826,0.834262917127885
"19",0.433842710156473,0.628078721319209,0.701152728052353,0.278423078908881,0.765701633617796,0.805672033664179,0.634804175026342,0.267927895201878,0.636113208473665,0.798057627340661,0.77485533901837,0.816364034505801,0.586052472901372,0.664831526861689,0.417312967219851,0.613253345947915,0.813501366689989,0.850491427279188,1,0.596479820950011,0.783372129826647,0.830960663271484,0.767818656575897,0.29999987937099,0.622208788973541,0.181686759372655,0.715756031673663,0.791822161583827,0.815691656973195,0.819162339791189,0.763402603294828,0.78919623139655,0.784867272271495,0.364293985177123,0.244187864329288,0.545361352255287,0.341290119411336,0.567918189714848,0.450029142603892,0.0425073761668979,0.680467747079894,0.597625970307156,0.475094015758386,0.737841055311645,0.511676787983249,0.687140208037747,0.319210285746327,0.155112964520177,0.652127907271529,0.845697088164906,0.800364776278671,0.404974316604511,0.745952988745655,0.459324644776534,0.0586437080224455,0.757989952631558,0.643219313035989,0.826843489109904,0.753358496831995,0.81955597663277,0.801646199327456,0.810027735225567,0.8281919090522,0.383176361587614,0.670431129799818,0.680120980275424,0.778962630554477,0.590791483236859,0.760646776262384,0.631234264143518,0.593293340198177,0.734890170236944,0.688587367329715,0.369385437223603,0.379488379964572,0.549460851562165,0.529568608554324,0.265024702843551,0.275982595722238,0.236623284300521,0.0336391245935121,0.730980621233723
"20",0.217128648473707,0.48032448337867,0.44504234120391,0.165415824685203,0.53397687325037,0.598968502637622,0.466879510098617,0.285073205932097,0.571936975446966,0.613269708220537,0.6262075363731,0.629938635968164,0.547746431823383,0.571011542562271,0.423614945133844,0.546361597686344,0.673840457661336,0.666848223552716,0.596479820950011,1,0.575850617414481,0.633399442770214,0.635823368950631,0.379711043894567,0.515844868156363,0.347717954879974,0.620040338580338,0.679725682992909,0.643685072180786,0.65880107107794,0.621014784392048,0.657630615105737,0.628562368352579,0.36902810452012,0.220440166707239,0.417064270469245,0.162615430612028,0.538189058454738,0.299064826325266,0.0740644112415954,0.480389062045648,0.331968335391813,0.305572240325932,0.576710784034839,0.473503216113558,0.506824136151238,0.302951206559659,0.128604003375109,0.541573651128379,0.677308107981212,0.681238470960148,0.24691658022867,0.523483265323445,0.386725677698179,0.161173075884699,0.628994314162225,0.456574584324926,0.668680858005075,0.708319817042427,0.654003477901547,0.593428297392288,0.686534079384394,0.66526788612216,0.378086059686227,0.553538022911651,0.541956574149823,0.598404256670805,0.540637336564157,0.569053186176331,0.548394702162358,0.482554133246115,0.536942719542261,0.482537916187313,0.158272687246516,0.183378452480069,0.343947414220624,0.327491058278325,0.0911268582100493,0.403470607511091,0.153288690179221,0.128600966784255,0.635987375317525
"21",0.474522468583709,0.692453725657695,0.705809521723478,0.252712577299909,0.784898737286181,0.792028226138073,0.62488200969863,0.273645667751562,0.628509839256305,0.79706708961762,0.787134680834598,0.831859621192216,0.565301389257073,0.697711493331655,0.431112517137781,0.629085957753016,0.836029794786026,0.857482007834654,0.783372129826647,0.575850617414481,1,0.857424960333179,0.797906509584566,0.231272533457997,0.649390467437072,0.188648441614025,0.740564953367792,0.808531179777393,0.819469246688122,0.821592496868414,0.786695525888494,0.826452375568263,0.75636892138887,0.429377978592217,0.216246160341069,0.624657392010037,0.278353369119501,0.60816233051524,0.512288050810255,0.0495316423485326,0.72093670884528,0.569353098860965,0.453321575102485,0.757366959012551,0.511196343820099,0.701915135791198,0.294636403970111,0.0951197039915053,0.705281695086416,0.851797588737277,0.83407163068196,0.425708556794652,0.778145610299812,0.503220331639535,0.0203103170844505,0.807975923197153,0.651682675771745,0.850461617866314,0.779003096967387,0.813465961013349,0.808386624236266,0.807430540796622,0.835962580598111,0.41533933767275,0.69817656014302,0.714568365377507,0.798218608894965,0.559742055225477,0.766340652403008,0.661854627895406,0.584267267122113,0.769865425106528,0.701230353508032,0.387463572181998,0.42721680751656,0.57444619899321,0.570038416367081,0.223395930578097,0.326035574199744,0.240034504670389,0.128646444319226,0.733360733449312
"22",0.519671399857926,0.74931922827845,0.750491623776138,0.317298695521187,0.865838774813989,0.87773022877079,0.695861080606972,0.260810571784072,0.718537228371185,0.859771396933119,0.879826132814258,0.9043754369229,0.642500753313721,0.739453397255604,0.460769006764223,0.698072103610236,0.906453864219846,0.943627369609978,0.830960663271484,0.633399442770214,0.857424960333179,1,0.863315767182899,0.231066540316991,0.70277437687945,0.24903464011754,0.791388161750696,0.88546703049674,0.927674699153658,0.898596042894761,0.838460095273956,0.881929708243816,0.846591515649671,0.416426173870705,0.203030023472407,0.667144581925171,0.404314159695144,0.678899190531769,0.480904454999976,0.0506977694151598,0.754159209259098,0.616030055459355,0.442840084835212,0.818870575602669,0.522922458822228,0.781759662243365,0.295487686497864,0.200744441492754,0.703269665784827,0.923196558924109,0.895116074708887,0.47101744785282,0.87272326972894,0.517927102303848,0.0259817557608095,0.858930305275462,0.691675221179465,0.892169441170211,0.824952279289281,0.890706337753715,0.907985827981298,0.87960458510695,0.920523480013279,0.3790300447452,0.728549783778443,0.743944813820935,0.864298445356588,0.618754855887503,0.850284546991069,0.710683014787778,0.687594424357283,0.860641912619616,0.743057128956738,0.42187154271706,0.446363637568154,0.626498957677897,0.602428710804998,0.283024269782845,0.304548805323347,0.280510244825642,0.143697748900576,0.792057421860665
"23",0.381299592863961,0.69747342163274,0.657276339737446,0.204577419325743,0.787841076524605,0.772233925816269,0.674474146985378,0.314910312817933,0.594609960345625,0.809660516880528,0.820599706030463,0.834057778833842,0.674930939818708,0.748464761465053,0.440355718458983,0.614881234751372,0.881252811214756,0.880140588201734,0.767818656575897,0.635823368950631,0.797906509584566,0.863315767182899,1,0.382588865882156,0.694590770202397,0.190386552559526,0.79435086582445,0.870325567539522,0.880222603708909,0.867083743499654,0.810744441544918,0.878450197416766,0.859471600249084,0.533840514557268,0.240233111839013,0.584347253130143,0.274632797075507,0.610853366733268,0.487954617599978,0.0534102680157615,0.661583583755745,0.47241006561998,0.470615064326768,0.777220129442586,0.513009276830945,0.72085630852682,0.330428261795762,0.0719609371461885,0.672494918153765,0.862648408847845,0.837157095127825,0.497034140513018,0.781358096077998,0.491691400546406,0.001511234553265,0.781614630585585,0.746568873142395,0.863549394355025,0.832813781063223,0.858094748156391,0.832947136908074,0.870407965296101,0.879894433796924,0.479990210245709,0.723896015390806,0.735543674089398,0.793770692199779,0.645187599139416,0.811229416196233,0.651359694053921,0.686130870396881,0.756519933751204,0.668770978400634,0.314713495716621,0.329121146317644,0.57523263774069,0.511098342332242,0.161556786176002,0.355115702065732,0.225550004657983,0.0950948860046829,0.77479482382579
"24",0.149642157329187,0.172049536083442,0.11925476116207,0.0142764645823741,0.236661226352452,0.182013441213367,0.213349162311457,0.296874319267177,0.127116460705517,0.266426379646817,0.291904185957597,0.263819007345266,0.460206333630523,0.377287166685737,0.322058286093958,0.197983050090889,0.383803170339162,0.330849887758761,0.29999987937099,0.379711043894567,0.231272533457997,0.231066540316991,0.382588865882156,1,0.343978922723766,0.073332376290074,0.402862728637636,0.377285231001472,0.308669364366829,0.360630965701841,0.356238245827504,0.353016685613208,0.422068727260894,0.444764643129274,0.204592438169874,0.049406094633837,0.0148320461953357,0.175485438903427,0.216873818957944,0.354117768508583,0.161347370217932,0.00571629834502275,0.157435859381605,0.304695662756723,0.313049206164776,0.246902283341279,0.154768358378388,0.0987287067770942,0.159006403349232,0.286173480224753,0.303546843634825,0.100137673194312,0.151016651112934,0.25219265871594,0.22599330388952,0.248801348033724,0.378926389072475,0.339485925903112,0.422181644502951,0.364311593232149,0.276948054825276,0.410223064436633,0.36596187097678,0.448248197525035,0.334204737623697,0.31414028783206,0.255774835900805,0.446075402688181,0.298658190046838,0.27368283904338,0.302147380925506,0.161669740171104,0.15654530978958,0.183238376289115,0.0579736866190243,0.104669726464462,0.00699050831578,0.0549613786971202,0.369383140762268,0.000625291225337509,0.341946869299092,0.38291539319265
"25",0.334480245956283,0.525487291495247,0.544370084699148,0.290452824892576,0.719103549338473,0.658776481277189,0.573909344100216,0.329285280102311,0.474270691626739,0.65415086106414,0.681156764055572,0.678066417469926,0.58211744861531,0.636938152870767,0.42115968838412,0.49087650353435,0.759583898060915,0.756061715973395,0.622208788973541,0.515844868156363,0.649390467437072,0.70277437687945,0.694590770202397,0.343978922723766,1,0.103065043142112,0.668499973145789,0.723044986122671,0.738867512361946,0.746968228745024,0.710279621811832,0.700460375359931,0.695446450333388,0.415663593788026,0.236774228799546,0.448429398160185,0.278076437832513,0.541455359293118,0.358356523110587,0.054397372204002,0.567365159807747,0.465176055071367,0.369931566536819,0.678223947684348,0.381222958563017,0.635123674409704,0.241665232272078,0.0596232091762556,0.441814592606894,0.707733358898638,0.687194149498326,0.507966003662167,0.631973416795175,0.506305273221727,0.0836566025278035,0.688527553536582,0.72705027879625,0.716971695079706,0.658792643499309,0.71893078679562,0.763763799513748,0.751873120255707,0.742731294038915,0.47026258157129,0.591876090626801,0.614928466897901,0.701641373202232,0.59649542877114,0.690342480800128,0.571789099055762,0.540985263229495,0.674626680847351,0.501508155722054,0.286919808857167,0.25033826908056,0.521206967161973,0.406840602455205,0.186877190983814,0.177553095937016,0.171889866040478,0.073857883340497,0.66251071212461
"26",0.074522331462683,0.153597316224982,0.160821523238585,0.175783438695828,0.106370631715587,0.222088917231633,0.0620801146116478,0.127653115082022,0.362108574182722,0.196398152585642,0.259567459232465,0.256969880276433,0.178704706493317,0.17558451416002,0.152941601135562,0.284209225536625,0.192499850668502,0.25112582452536,0.181686759372655,0.347717954879974,0.188648441614025,0.24903464011754,0.190386552559526,0.073332376290074,0.103065043142112,1,0.190621981712291,0.243999493529941,0.249394607615708,0.218551468594037,0.288870538048117,0.229498427018,0.215437248888152,0.00634008796636417,0.206808045776256,0.167066461562339,0.0632696365530748,0.285559913196126,0.129976675022002,0.0122210898614136,0.240898454700346,0.0916164327153276,0.076155062261622,0.169661459382056,0.309458103430339,0.194327884443942,0.0480356272677955,0.239196339700812,0.158023512213959,0.306483333166718,0.331885743131083,0.0733350895935144,0.182601271863356,0.0394268465443364,0.078571990201862,0.285059037878237,0.112019669250707,0.223470931332539,0.355149388195105,0.233528135258361,0.173562353700805,0.218831015734898,0.26865192966563,0.0973223436817647,0.179454399282023,0.171832181418086,0.258983726661827,0.153925718621148,0.231908234951458,0.276347595337297,0.195656723836549,0.216102625431767,0.136849772148287,0.0292247227913797,0.115883261473527,0.144127530864384,0.108545865366407,0.0628265087543892,0.257388436549648,0.0522933708248814,0.154320897783749,0.223870860287502
"27",0.309885784621932,0.615452887098152,0.635608918991201,0.188190460167771,0.724407622456886,0.696106819596398,0.628462412389184,0.326429715343407,0.534332951457501,0.738434856792636,0.780674519201561,0.760298098550696,0.643263816136873,0.707545628693329,0.417915746599884,0.575993852210782,0.832939855286855,0.834883048395758,0.715756031673663,0.620040338580338,0.740564953367792,0.791388161750696,0.79435086582445,0.402862728637636,0.668499973145789,0.190621981712291,1,0.826444130709517,0.796546469185736,0.810810686643413,0.797807917075169,0.811737835363496,0.775657374557456,0.479167495653283,0.163503543915853,0.504138399274099,0.236600760845464,0.537217904005773,0.488850292185645,0.111174658425174,0.578304511661475,0.458137283854389,0.40927015598098,0.751856436947479,0.46777859587454,0.678656142319586,0.337590010580596,0.00752584591399644,0.65221643601121,0.795205049412973,0.784787585164414,0.511051220704836,0.698230329112131,0.497575291233051,0.0576009907105267,0.737305745402688,0.697003679960591,0.835802377034318,0.812365845310223,0.794133204277484,0.779972906387358,0.802448052458019,0.814057439309534,0.484476449560957,0.685044361108697,0.692680959108048,0.752862651563695,0.608595777755712,0.755467029817293,0.626064297037291,0.623300690046226,0.691186917921119,0.59733596449927,0.281853625094676,0.245271591075906,0.545176374502119,0.435669498304873,0.18625620078705,0.354111207781474,0.213976978504821,0.0492547583561296,0.754759105534609
