"","1","2","3","4","5","6","7","8","9","10","11","12","13","14","15","16","17","18","19","20","21","22","23","24","25","26","27","28","29","30","31","32","33","34","35","36","37","38","39","40","41","42","43","44","45","46","47","48","49","50","51","52","53","54","55","56","57","58","59","60","61","62","63","64","65","66","67","68","69","70","71","72","73","74","75","76","77","78","79","80","81","82"
"1",1,0.0610113702224098,0.157797333627542,0.155411863467702,0.148514426275534,0.0654889340329993,0.0132810797385875,0.0278743323816698,0.254369018092666,0.212718826786145,0.0740477682342672,0.242529028645162,0.359264504478323,0.250060639832871,0.184338501997272,0.0971648217340141,0.201526543365939,0.269482193547762,0.163919110567759,0.289542293307454,0.271915554166653,0.299361600806212,0.306470938462451,0.220229862441403,0.0514388718410824,0.0057938733271666,0.241943966925512,0.234321703829908,0.309820857037278,0.24106053718273,0.217931928120494,0.208892579795766,0.317218181328796,0.208159416170967,0.259497533421059,0.112267681255343,0.124916895642216,0.169391082797268,0.0389051006154949,0.18084785089339,0.0735506934601925,0.0703121913962755,0.0337414260117546,0.24642578274795,0.19788984172173,0.273320831885151,0.183482853961021,0.0445105178042322,0.210996923087724,0.25187184677749,0.271325426164496,0.0402252487002259,0.101001963236492,0.0115521653432366,0.138158646989246,0.286882346331347,0.0361260658778917,0.243758470062961,0.307689787986418,0.238825264605532,0.241166288272276,0.353670785996653,0.263246691359225,0.146664682244549,0.233835083519743,0.155159779369227,0.0839387691660025,0.226679047982993,0.0273650476584873,0.0103973138974523,0.201385105521683,0.00239156802824997,0.028909672949867,0.167806130670696,0.0456044556484485,0.117284761482965,0.0973466989099745,0.136717185070594,0.216805722766863,0.13214068230891,0.300873445605451,0.207854217494536
"2",0.0610113702224098,1,0.042718307863742,0.213200769698349,0.240398353933453,0.077646847604978,0.039851515944481,0.121256096217821,0.133090486398644,0.127738148324287,0.0352906774841183,0.197890757433662,0.0456510788098425,0.187290613414011,0.18253163900462,0.225061034456643,0.0695723292814558,0.00205914246109222,0.0394094641987969,0.0766387909563186,0.220010831924248,0.154353542389788,0.178956846128805,0.30380113264372,0.106316248742449,0.349574928754479,0.0224830996470579,0.229763382502816,0.0257368913542423,0.0599235315511024,0.165136098652366,0.220050417444094,0.081491600422653,0.171999389903618,0.0174594130822721,0.195048956436606,0.209434435484795,0.130266922983563,0.13751803069332,0.180732876270534,0.0303293639355452,0.118167342972418,0.20209035236668,0.186976746656847,0.168768528554433,0.151214387700444,0.12238490259701,0.106451120651992,0.192364922636411,0.175364221675796,0.00409138247602313,0.026974507669569,0.258450129413138,0.105103251680254,0.0617752643684032,0.301498860216809,0.176121236337217,0.156305179464033,0.0452968078135153,0.171554684974339,0.30310346245974,0.128593805644512,0.148994888031894,0.241254606034888,0.202649004777329,0.109699763100633,0.229742312225664,0.0981563403003039,0.139399624201746,0.229898607867194,0.17999679285674,0.0348188876183084,0.0325572762387479,0.0559432010499255,0.0317740182077286,0.255936682789688,0.211330893487735,0.215577059110857,0.170887086529324,0.2243431772525,0.0654552112488885,0.0726745386449554
"3",0.157797333627542,0.042718307863742,1,0.0580321738797606,0.150724831004587,0.0287270005501861,0.10128725263351,0.0029187736880611,0.0807904386663547,0.12389578028384,0.152287999872306,0.237210131899375,0.236882048805834,0.166349466368246,0.0867268911741463,0.0452304642336775,0.219424385285824,0.225890301759197,0.0926752320860637,0.186362924567057,0.15216397547208,0.219837568483473,0.167702851746798,0.142884740296926,0.0443066858205205,0.0617229773112459,0.212918437862778,0.195369611470355,0.176228350686204,0.156264872517511,0.171157604761071,0.211800167793244,0.154498885348816,0.124485687322663,0.13715318552695,0.0440867001000207,0.00571440716612607,0.157296727491539,0.0034291706040635,0.146750379257649,0.108519653220045,0.0444919495454041,0.0367015777860843,0.109754350579365,0.100848221001105,0.152578523910647,0.0850190812932871,0.0387889788215709,0.115022600847889,0.171781464931482,0.109401645482414,0.0590525749999341,0.0183284646958392,0.0464464702377741,0.0982178553340678,0.203504525241001,0.129226043619729,0.267591411438022,0.18053158349312,0.12750801742315,0.12195949047805,0.218714177092424,0.175502430262052,0.177741124178852,0.156934654654711,0.0638205359707891,0.0389794350777865,0.282789149900984,0.0567012672986817,0.145508626622259,0.0453735485362462,0.0331366903328909,0.0447523395353002,0.122963310211676,0.062488443038372,0.102378331442056,0.0745684812911128,0.0470783097433024,0.0950290627523207,0.0341090680770336,0.186000809301136,0.214352762791434
"4",0.155411863467702,0.213200769698349,0.0580321738797606,1,0.196597940660312,0.544582064239327,0.345053922836668,0.407709626587551,0.640690004690582,0.523553025165401,0.309530484808147,0.642849177004372,0.280568341643089,0.605496046134263,0.0445573204999836,0.343861198417543,0.233166206722945,0.107862660477354,0.237850187761407,0.547689232093751,0.710847573473909,0.48736241695462,0.693800747476348,0.642053521700551,0.31480258836291,0.416041346958746,0.407887378919206,0.0611964741120503,0.263482497134133,0.127353850973774,0.400328179855271,0.103491547272028,0.377528346106497,0.73385647989901,0.469659905320243,0.528452582559314,0.62721736610649,0.191216652208894,0.537633046631475,0.461899610132178,0.594368074151154,0.678133528989342,0.562843426628026,0.669348649429553,0.548116386129012,0.611017216002907,0.520245319377335,0.276613312106016,0.831830674410977,0.542968415275861,0.351320956692618,0.239180633570181,0.802038834804724,0.289365244767715,0.132869348684786,0.584168838851143,0.574900327475755,0.427213153520282,0.415771785438631,0.224579184627276,0.512476418025662,0.446631321354042,0.447154089136218,0.19094480753214,0.640177515648188,0.204933697540527,0.750318400326427,0.489007638120558,0.000407718002130568,0.588853535214092,0.520972062013635,0.394999558673678,0.368686582614547,0.253389729154836,0.0877693911807178,0.548240902385564,0.808099963662974,0.56045107505956,0.769252847388509,0.711944383188117,0.617717367752708,0.0782704161730281
"5",0.148514426275534,0.240398353933453,0.150724831004587,0.196597940660312,1,0.184357200394819,0.0713378837827216,0.00598051060112901,0.230883324722987,0.155874169594172,0.280741458663357,0.221587359492931,0.230717460008639,0.215340843473413,0.106571443935828,0.322215864276913,0.12735806413344,0.251264830658017,0.0609396275500161,0.228826836026075,0.305385297027818,0.246069451755574,0.29174252927468,0.437087271315684,0.27271928305979,0.0676022366632127,0.310037127167782,0.0194310245690951,0.242563984749472,0.283658931064774,0.376841364906094,0.295995792041913,0.257707168472146,0.144166860393073,0.340881542090402,0.143039901227918,0.247082373758348,0.222174170646719,0.114417881038715,0.424631153340059,0.0877167227546858,0.139534878145373,0.283711747208654,0.262426176120522,0.381685531826476,0.351058543723882,0.154952686922676,0.209735390298726,0.240566661073621,0.0888626535229759,0.0676317646738373,0.396873181586217,0.165700099392943,0.0138003490188061,0.0239490949683375,0.34877230436568,0.173920308098535,0.430441578214707,0.250121263797151,0.130564656628849,0.387692836028516,0.404800255045742,0.0731929393036681,0.0579886977964611,0.226211726599646,0.194280746902797,0.183739606541403,0.32445676197485,0.189835399229204,0.225723974636764,0.159341271007156,0.157980566474848,0.118641456275625,0.216930205485128,0.149447599252479,0.139479684168303,0.153670798108265,0.0659909136534328,0.20444945786388,0.201518297007649,0.241282883320268,0.195363201881847
"6",0.0654889340329993,0.077646847604978,0.0287270005501861,0.544582064239327,0.184357200394819,1,0.254288834484629,0.345376026325736,0.33308652912011,0.266117359979571,0.474913520891688,0.272264287030293,0.0342438478545876,0.25352428471569,0.105317570550629,0.07989328147234,0.409734787632216,0.398485497640257,0.0369783211595899,0.158625688379631,0.280244426208804,0.13934877562175,0.248196388265387,0.176671787635259,0.498514653782241,0.256394734199181,0.121851331353386,0.205986750170509,0.10225046465633,0.363600317172949,0.032327842047724,0.319818690966719,0.0494671966872497,0.408492284568547,0.181735673982629,0.321230471688681,0.302958751852002,0.0412677855978148,0.319401291208614,0.221546472675451,0.478050595722068,0.501190954577482,0.361199949266748,0.318465823689627,0.15134178978589,0.246980098338238,0.358704331202956,0.00964345290017854,0.516261014358634,0.221473119054579,0.0709955091265849,0.420439544171783,0.512728199343277,0.323253908360325,0.119690145085921,0.180640016781931,0.599535275759769,0.0116130768375994,0.0254249700317746,0.0813503154841315,0.0855998116384885,0.0172251897535945,0.15730937217716,0.177028395598138,0.274207681423233,0.0110256392556672,0.520553313099452,0.151366096455161,0.0186127396951389,0.331174940007587,0.266401565243942,0.277331837395886,0.484278373906939,0.0381493781744254,0.105502576307749,0.289152440324447,0.528469825917092,0.343701345906064,0.445352505833354,0.421726338215258,0.247082055943604,0.195229109096197
"7",0.0132810797385875,0.039851515944481,0.10128725263351,0.345053922836668,0.0713378837827216,0.254288834484629,1,0.112804118599823,0.170589711339899,0.116713997600107,0.161624310329077,0.139646940417531,0.00585657777462171,0.117979835403997,0.108684584915213,0.0628425972796058,0.300759140746052,0.255241372127881,0.00354778827318484,0.0568007324933605,0.193988291175655,0.0483536057383974,0.152653921002552,0.139210203939721,0.216665433864732,0.132042691523146,0.0598927033484042,0.22021267607561,0.0877194115062303,0.230463713007323,0.0300106685084385,0.0833956779133558,0.0304659721252634,0.188838057252749,0.243616733148767,0.217134035550077,0.337605615187685,0.0262258018510556,0.226878747912108,0.134849165341386,0.350616403332828,0.253237647013104,0.327085638786219,0.161629761591662,0.156772649602888,0.12202887178429,0.137677633422278,0.0865958223534673,0.299184992228837,0.0374420570151639,0.0116722275849737,0.0524459131499213,0.370690577625526,0.154142069264231,0.00385514053001927,0.0264000334207194,0.272985251872539,0.0440624379096699,0.029954676929012,0.1573413284607,0.0271654701170815,0.0693598364428998,0.0358568733320004,0.0665218943915569,0.12095096118538,0.0246809391824063,0.28796217182436,0.114078819293228,0.0411106458650631,0.306440482338738,0.0345520089327594,0.332556403074586,0.245901102144197,0.0450174129831665,0.075873688399822,0.0719599135789409,0.283621517472479,0.125828974739117,0.238017421583958,0.218793643483448,0.124517249436638,0.190189838327106
"8",0.0278743323816698,0.121256096217821,0.0029187736880611,0.407709626587551,0.00598051060112901,0.345376026325736,0.112804118599823,1,0.165864585904951,0.1369065552887,0.249923160385994,0.269265254848493,0.00788066822889585,0.202164809354809,0.0661769300245379,0.044938156404919,0.290253546134758,0.237788815421163,0.011124940252061,0.162716953023263,0.199838502499647,0.160154430102568,0.185278395595839,0.182036822009121,0.26448523811533,0.276971410470572,0.153999329102723,0.183121589891184,0.0277253782918948,0.164456253328868,0.0511190708353823,0.158706039104325,0.0571908534847487,0.19649260553432,0.124215446819068,0.161705146774869,0.247540293455947,0.0919824143736548,0.238765668358713,0.255039946657936,0.426742856281386,0.331152142547622,0.341090613581987,0.200868097272975,0.172771735915916,0.19682787153025,0.177700544492772,0.0108976294895783,0.362527005522892,0.129761205730773,0.0120125324052496,0.172848828412925,0.327042975202569,0.213036562007157,0.00684732880451886,0.140574558218344,0.347206466543205,0.0138432136663486,0.0102767612351517,0.0827295882068001,0.0819134583181508,0.0575511524562106,0.113927124757332,0.054847733531413,0.218419251901353,0.0358728738142869,0.411075650575946,0.130594997502819,0.0987854574710731,0.235742691763007,0.196028247982305,0.24403315868726,0.287850107223386,0.0559768221088961,0.0530169188447657,0.181936799024752,0.390904867245476,0.256744147700597,0.271665094969049,0.304384993418894,0.206226812518604,0.143689645505433
"9",0.254369018092666,0.133090486398644,0.0807904386663547,0.640690004690582,0.230883324722987,0.33308652912011,0.170589711339899,0.165864585904951,1,0.497300496438358,0.179120803877409,0.584490368219364,0.39645551037043,0.583460704084238,0.0535810194218387,0.303841222317014,0.00665108616313069,0.169391929075132,0.279404440460511,0.59143493409615,0.637073249635928,0.492030513494242,0.675487806045667,0.542069244413356,0.235075976608283,0.274122016206814,0.390241192278354,0.133613706299493,0.408566809174707,0.0183852320225315,0.389291933834334,0.0506546207797878,0.442197835490761,0.676056542525485,0.470302821336835,0.4707295637568,0.470250743859166,0.190777052116665,0.392884322305022,0.351155268873316,0.413489649428695,0.464355277258234,0.471027069893997,0.607136073733092,0.543948023668557,0.572777959250655,0.460938734356013,0.2582560052501,0.656838477227784,0.59276874273872,0.477981821215664,0.181029273566141,0.611536210251703,0.0947493335570362,0.246382608878377,0.562183517060933,0.367003897137839,0.47517035901681,0.534438842160283,0.376277831311201,0.484377830216908,0.533229502932554,0.533503555854642,0.0968638128862927,0.594406382068441,0.299858870877329,0.512057958504044,0.436264024169187,0.133842735119885,0.428659990700333,0.521102599822358,0.272928645211968,0.262549958043642,0.203730517884858,0.0320286656951763,0.419353435482047,0.651844526310395,0.507856004654847,0.670489825291075,0.553961567123657,0.614451757671142,0.0653584481626553
"10",0.212718826786145,0.127738148324287,0.12389578028384,0.523553025165401,0.155874169594172,0.266117359979571,0.116713997600107,0.1369065552887,0.497300496438358,1,0.0956600403121969,0.555867647117998,0.389360737142125,0.529799478217179,0.226397177793929,0.218367217905479,0.117028125952696,0.240645438038317,0.376142501243089,0.491606767080925,0.546547508904519,0.466195674838746,0.581723946254761,0.514701736798265,0.123218080700002,0.23848347833594,0.369862341281423,0.230125362490535,0.352424314703616,0.155409800051921,0.430270718459594,0.152103351977245,0.421450377143944,0.612245196583069,0.334686886050934,0.313057527579346,0.412240460729993,0.271174790954331,0.263298230321385,0.307394420589781,0.294596022013445,0.334008522195532,0.281498716327074,0.551849852614899,0.423457533096315,0.431933104827686,0.366921732613712,0.104878862553928,0.532358923571292,0.541788556412303,0.465021739649373,0.10607554499563,0.41424600353101,0.0436985181764879,0.127848940723314,0.463883616625989,0.242583124570966,0.498525805685443,0.452815546473372,0.401950665776217,0.400743198260533,0.486267328632029,0.564441976465772,0.0127835616821479,0.591844857623146,0.269809501586749,0.38863499858378,0.415527872745712,0.189477111575864,0.219142226921114,0.47473187799453,0.113407964942328,0.17097851156143,0.259965374726642,0.083875408099431,0.394532029343395,0.491489022838076,0.492777298487292,0.526096867320672,0.460625388838117,0.526442972445804,0.128562544536616
"11",0.0740477682342672,0.0352906774841183,0.152287999872306,0.309530484808147,0.280741458663357,0.474913520891688,0.161624310329077,0.249923160385994,0.179120803877409,0.0956600403121969,1,0.0979860871541779,0.0549603664250353,0.106547724349334,0.239149094142087,0.0882166653498267,0.348716036322967,0.347171107733265,0.0313338244629365,0.0179214710591202,0.0931530401583788,0.0289422261711032,0.0544966261423544,0.0740685013084368,0.505265789753815,0.146049646561209,0.15046977921271,0.138669787413679,0.15624518334017,0.361724535190025,0.117094812359713,0.362684635294043,0.0835722521895562,0.205242183477705,0.0319534080879035,0.153862531101149,0.182617770796846,0.212918006244214,0.161947145096558,0.00792366424079081,0.214928555497046,0.27299604142126,0.14015268997875,0.118895970524913,0.0396052629298981,0.0498798327832992,0.192836738404958,0.0142208651818733,0.250861654567476,0.123739465719833,0.0406185418822592,0.500579513185624,0.281756142290063,0.175580324212024,0.194904230217674,0.00397783707586118,0.531984146004787,0.229046603794207,0.103817432313025,0.122792734342852,0.111683570792271,0.135815358238771,0.117622496980588,0.150040795941162,0.0946470051109776,0.0880038701582166,0.26473514970494,0.137546539393546,0.0301801566826791,0.155671039025003,0.192919602731109,0.0988658677077489,0.415074643084589,0.079683329330461,0.114616838299471,0.239664664667,0.274194858820772,0.251089701418218,0.241745781096498,0.247958467271039,0.086651586613841,0.196539681515022
"12",0.242529028645162,0.197890757433662,0.237210131899375,0.642849177004372,0.221587359492931,0.272264287030293,0.139646940417531,0.269265254848493,0.584490368219364,0.555867647117998,0.0979860871541779,1,0.469528761537226,0.651190153234888,0.159945268922434,0.316248793417502,0.193587888336817,0.327360080124555,0.340508200409356,0.583919242607443,0.675231377485176,0.666136328058085,0.722349400805482,0.66666857338776,0.12584000294206,0.298288648486238,0.453979157852567,0.208260170926815,0.437232618172364,0.201121289834677,0.536947482165171,0.159110595371277,0.493256316332453,0.693631125501113,0.449478530183457,0.321495712606144,0.453394454379744,0.290611955629372,0.357261619223757,0.452609818981568,0.4109405114943,0.466641170649104,0.337449119341888,0.617197449093932,0.533712056508553,0.526121602926013,0.391941927879852,0.237121938493642,0.644168612567652,0.662649963161342,0.467482331353363,0.100471253395151,0.512621246313363,0.155166352172327,0.201932712935015,0.624791399191788,0.254175471273635,0.533036178017894,0.554751841011811,0.435290068612411,0.580267958933833,0.649875442971295,0.634100783749454,0.0468648548057646,0.680648771604415,0.369179855860855,0.475160888532327,0.560883877564663,0.115613134313017,0.279148352057037,0.523716794570989,0.0788728061845623,0.131331401989101,0.174283335305819,0.000617044529522801,0.493326015057134,0.60541494227133,0.531915041059546,0.650267553363882,0.560052472153918,0.6647571139815,0.235514449412347
"13",0.359264504478323,0.0456510788098425,0.236882048805834,0.280568341643089,0.230717460008639,0.0342438478545876,0.00585657777462171,0.00788066822889585,0.39645551037043,0.389360737142125,0.0549603664250353,0.469528761537226,1,0.424563220363678,0.240589897953087,0.235247774972096,0.329047674262316,0.497265107925895,0.297807760133309,0.447126757682764,0.438321159471724,0.511170280999925,0.482778096101822,0.455082393577914,0.00911932949813921,0.00476158935300508,0.329186988924993,0.344755984035884,0.465578872603957,0.376317350056719,0.458572834450055,0.279666075645364,0.468869779370029,0.413689872688097,0.385130010736722,0.183263374502414,0.212977672881892,0.244821326739403,0.139157930372523,0.316945672500693,0.0757152061472976,0.160387447347838,0.16322479077814,0.440229642266294,0.350997015266303,0.352420303933241,0.283347487746988,0.169584210505081,0.315160431358024,0.468581348339051,0.421209445058576,0.0188757392445074,0.207545619463199,0.0394204839915083,0.230124558833053,0.511487944765353,0.0738045960660625,0.478579714591266,0.528387465854057,0.429213735269796,0.405486862108112,0.582089292326471,0.486381369715982,0.122358081419056,0.456599925006639,0.317979567205667,0.134713552512591,0.424985055018787,0.162871743770882,0.0693396328183586,0.40418311830359,0.0586220747395104,0.06966821908271,0.155026099764533,0.146508842031505,0.251548059994198,0.274095624472352,0.287487801392627,0.38114053941188,0.299689094889869,0.437627813994554,0.327700183180173
"14",0.250060639832871,0.187290613414011,0.166349466368246,0.605496046134263,0.215340843473413,0.25352428471569,0.117979835403997,0.202164809354809,0.583460704084238,0.529799478217179,0.106547724349334,0.651190153234888,0.424563220363678,1,0.120648695529307,0.354209837708787,0.161642084619341,0.278050432595946,0.341641188571329,0.574023478203615,0.658538134232003,0.623948349021198,0.661702514446608,0.600029412914294,0.1680477255533,0.260118537599068,0.379715907004273,0.224437323383784,0.46456574850496,0.143213859892471,0.52911973966809,0.13923897473101,0.526674751948366,0.646847382242459,0.469874292997359,0.415350477870261,0.448435768607153,0.247669348625338,0.429875488846944,0.37651226083406,0.402644534341569,0.412817369718461,0.332661481560821,0.59135372701082,0.580677722510868,0.530173503087249,0.37147964791745,0.169840406142244,0.584707993372693,0.633800087412886,0.538766531399093,0.202285230595752,0.549180229422704,0.166729087409565,0.169700905755144,0.614044531570636,0.284474908903845,0.528843392610855,0.529344028816359,0.421744579716209,0.520028482946298,0.620994826111839,0.612683016649581,0.00353630177014192,0.642400287771187,0.340015149155804,0.43459555949691,0.503576345976563,0.118481028202283,0.326214380441961,0.534267857566204,0.12942122941774,0.123022242911524,0.189269010157038,0.0574972084215951,0.438130082363175,0.576344402126473,0.517656881955943,0.620048729311028,0.52077800386228,0.634084408960963,0.22889440262117
"15",0.184338501997272,0.18253163900462,0.0867268911741463,0.0445573204999836,0.106571443935828,0.105317570550629,0.108684584915213,0.0661769300245379,0.0535810194218387,0.226397177793929,0.239149094142087,0.159945268922434,0.240589897953087,0.120648695529307,1,0.00271484554605197,0.21760297929522,0.360613983281348,0.196427885338272,0.171906437143029,0.100258792400237,0.243241596562707,0.169584465694087,0.151690702863852,0.0952204622216988,0.0992684990851878,0.217653410431428,0.26320387414969,0.25390409254162,0.311076525691947,0.179451096522901,0.308638295837005,0.239300941907755,0.0746763413495362,0.16927475695618,0.0407116645104951,0.0570009082558067,0.173930761485178,0.00151230032582051,0.116458126719656,0.0105784532196621,0.00173813152646135,0.0408176327587299,0.103561173141337,0.0746588804554877,0.0904230734470501,0.0676717847945493,0.0270812816244604,0.0417926089370074,0.144108333674654,0.244789351599165,0.12418995077631,0.0719120581813586,0.0853998118520199,0.0789383800262132,0.128516357100512,0.192324804273693,0.276815198391811,0.178769026027196,0.211354008746679,0.172747276045074,0.259252198329371,0.195485321523329,0.142512220059884,0.145153029870489,0.139662988449609,0.0222037906299866,0.246522074544889,0.101580284539349,0.117933558203996,0.13892762675511,0.0488402592501353,0.092005525577048,0.199443965346313,0.056650281978647,0.047030858324916,0.0103309456198807,0.0318582497691698,0.0467791182959996,0.00663414261250287,0.230847107541616,0.330225921369281
"16",0.0971648217340141,0.225061034456643,0.0452304642336775,0.343861198417543,0.322215864276913,0.07989328147234,0.0628425972796058,0.044938156404919,0.303841222317014,0.218367217905479,0.0882166653498267,0.316248793417502,0.235247774972096,0.354209837708787,0.00271484554605197,1,0.0349822575786841,0.136156270773487,0.147310773119782,0.294323148969603,0.40836136928809,0.306340098460778,0.394349350601489,0.459192453750516,0.105448679716143,0.239397145669572,0.324495041874772,0.0250496888337565,0.271052614450119,0.128600798390574,0.362776652275043,0.134634560664918,0.250482064379134,0.360449496573719,0.277083128981173,0.247580374797759,0.331391129017262,0.172879608901372,0.256764959799035,0.324393852727083,0.216969655307248,0.24523288784096,0.303948764440661,0.376647415855459,0.401109839429789,0.359454333399683,0.186460516116061,0.254647653914795,0.362088673128522,0.248490772984582,0.23844434273845,0.116685389320044,0.338083451982824,0.214021490960053,0.0022197010143023,0.396616222899744,0.141138341334607,0.370051287486154,0.295869141351427,0.167674245156078,0.372335070355816,0.362534288716805,0.27217923925984,0.0925379419805072,0.370918557853718,0.216420589143947,0.299010059050091,0.363048690185911,0.0654792429049914,0.28842559030366,0.242717652358577,0.136358058104868,0.0310945746881016,0.0777334159181546,0.0117015217824347,0.253986581733513,0.346490709915558,0.254619452956849,0.350008084550532,0.316133445524473,0.324378192405205,0.0624946161845411
"17",0.201526543365939,0.0695723292814558,0.219424385285824,0.233166206722945,0.12735806413344,0.409734787632216,0.300759140746052,0.290253546134758,0.00665108616313069,0.117028125952696,0.348716036322967,0.193587888336817,0.329047674262316,0.161642084619341,0.21760297929522,0.0349822575786841,1,0.712086741793818,0.301992414106887,0.156583270276674,0.0854425875994757,0.303621169329455,0.122238769324796,0.157954306836839,0.400836347312098,0.120997023271578,0.0828585116998149,0.527293401216127,0.355101357942676,0.572759408101166,0.33662196161737,0.386393376160863,0.284980601807361,0.1044710776802,0.0461155854828055,0.159207266423208,0.166531197464596,0.14914471711821,0.176424885452139,0.0105742797286663,0.331422474625465,0.253557827629974,0.343300789726936,0.0106510764392012,0.0119887005195365,0.0147079722461069,0.11967815777514,0.0114829074898846,0.20531474171312,0.316291665114758,0.340077242257917,0.225784984934688,0.271561775490846,0.240729676300312,0.0788088975516817,0.277018306632907,0.452532309126195,0.343490025534125,0.379045751734819,0.480312171430676,0.25158817095159,0.345879026629091,0.374362818021629,0.205356167693116,0.0765020614880038,0.31956814298582,0.289714496194504,0.166684579145432,0.201091416865562,0.331677304100606,0.108621828438321,0.507524349144683,0.40480663554766,0.0245373738287016,0.0455310174460831,0.00305676584801708,0.238032817410256,0.0640275587399669,0.0500569072278668,0.0950310270267808,0.174209852079643,0.391870367592179
"18",0.269482193547762,0.00205914246109222,0.225890301759197,0.107862660477354,0.251264830658017,0.398485497640257,0.255241372127881,0.237788815421163,0.169391929075132,0.240645438038317,0.347171107733265,0.327360080124555,0.497265107925895,0.278050432595946,0.360613983281348,0.136156270773487,0.712086741793818,1,0.387372486905657,0.319627470246296,0.263050170787968,0.426359013438629,0.305312622865734,0.282490533197306,0.308114277219999,0.197762771809249,0.253066285489682,0.637013751536747,0.540004585110532,0.633994577180714,0.468602335480278,0.492739617359624,0.447549950382281,0.219669207019933,0.175353131183449,0.085684965263164,0.108704898784757,0.290817679166166,0.0829305074332493,0.143094517203402,0.230469797927522,0.155040107684359,0.154919058563634,0.210453883641023,0.191529980842777,0.137685347775369,0.0267093775372112,0.0309874447813064,0.0548899189453668,0.401478102238164,0.437056683493911,0.226630862336292,0.194820090973739,0.17897700383424,0.108590238570935,0.365564082686426,0.472089496094959,0.468860952694377,0.556621719791116,0.519198870205874,0.314595218427138,0.582663546720884,0.467963639030636,0.317853617110362,0.251472156974823,0.356479615940798,0.232262792378985,0.263766541653375,0.173699104025661,0.296546178207924,0.213996886065311,0.359264565423223,0.275796459790609,0.117016923190298,0.131333157877625,0.0397663425707516,0.138174998980976,0.134150002275766,0.0729562716755693,0.00535883301361741,0.324149974419178,0.522894805467524
"19",0.163919110567759,0.0394094641987969,0.0926752320860637,0.237850187761407,0.0609396275500161,0.0369783211595899,0.00354778827318484,0.011124940252061,0.279404440460511,0.376142501243089,0.0313338244629365,0.340508200409356,0.297807760133309,0.341641188571329,0.196427885338272,0.147310773119782,0.301992414106887,0.387372486905657,1,0.346716295904396,0.332867944183676,0.333571308492109,0.387803429194158,0.336891644182897,0.0383902413805094,0.0154117834636186,0.286085022895067,0.351388674741787,0.425712118941649,0.292360849584788,0.259204817409346,0.19696548829214,0.363560864456709,0.334414595880567,0.263076908903549,0.12971269335633,0.119874916697693,0.173009415043808,0.0803764319084809,0.108178280437959,0.0524217187360499,0.0756811148505052,0.0345350162726998,0.335371658750053,0.227502275564258,0.250156354490215,0.110536967762498,0.0167700474888994,0.249302107800117,0.41579593787593,0.510205510052803,0.0818960432612526,0.140397446895786,0.0722220131108886,0.170036863390039,0.339086473628843,0.00557294882633196,0.426299318270599,0.444594232959697,0.41059671109537,0.311984783290712,0.405542874989322,0.463141530226707,0.115708329462728,0.355475302200121,0.224225601129752,0.0962531977376453,0.293557790522375,0.234732423841481,0.00267056244320238,0.351962457842383,0.0349680601227912,0.016330293000369,0.128633684353402,0.00340817005476123,0.180431633268375,0.169889012581939,0.272529719139053,0.300356732878844,0.218006022771061,0.383929048180374,0.18104252618085
"20",0.289542293307454,0.0766387909563186,0.186362924567057,0.547689232093751,0.228826836026075,0.158625688379631,0.0568007324933605,0.162716953023263,0.59143493409615,0.491606767080925,0.0179214710591202,0.583919242607443,0.447126757682764,0.574023478203615,0.171906437143029,0.294323148969603,0.156583270276674,0.319627470246296,0.346716295904396,1,0.649528121980471,0.525798982587417,0.684568061449271,0.499218478679227,0.153704167145949,0.118726933607743,0.441685498640312,0.289679533580614,0.555716168917765,0.183680437103645,0.442815408153451,0.222100106936037,0.547351182302943,0.596189321031597,0.512388703199136,0.381999676737677,0.392063005380656,0.294607897850969,0.389287632263451,0.393497465751591,0.345988433342369,0.338335175673331,0.410964996834616,0.550718492612818,0.485184910790088,0.513671233711875,0.382860288521399,0.223391854261011,0.571500829783017,0.595818557552976,0.504697029942043,0.149535254867811,0.499181609193318,0.0770614727227003,0.194186929038058,0.54054911534261,0.214765249055487,0.541500972221259,0.612203624220152,0.437261428427942,0.488244116471008,0.634476642733676,0.579356102174173,0.0868985147794083,0.630536205174637,0.345584285429121,0.424069256884316,0.514170572799857,0.173703919969229,0.325141834345073,0.52162948585437,0.152407281876594,0.192333353050437,0.139013408486955,0.0226532413881618,0.34762870802061,0.541048247307078,0.506321254452259,0.605216140424469,0.490748347199419,0.5958967963187,0.165572447654631
"21",0.271915554166653,0.220010831924248,0.15216397547208,0.710847573473909,0.305385297027818,0.280244426208804,0.193988291175655,0.199838502499647,0.637073249635928,0.546547508904519,0.0931530401583788,0.675231377485176,0.438321159471724,0.658538134232003,0.100258792400237,0.40836136928809,0.0854425875994757,0.263050170787968,0.332867944183676,0.649528121980471,1,0.603419193405293,0.76269410993685,0.679269535526324,0.115242594683107,0.341698070540866,0.439709506140754,0.161962681230184,0.515115254978601,0.134603077743222,0.544998046415399,0.130232306508584,0.560723811213828,0.710221144533187,0.489101975791969,0.501282409055555,0.519603225856638,0.303757830925657,0.476930326424686,0.460533742183586,0.391165826961591,0.462269356220705,0.507670154983496,0.712835646106287,0.592978924018907,0.626065468099339,0.401453707343179,0.320752511191774,0.683653127050993,0.674315919245062,0.504922906846023,0.163199584185871,0.65744154545054,0.185077348179374,0.204932439220371,0.647875352384905,0.348399488629981,0.559659132843402,0.589126859043508,0.426211478169,0.611753186826146,0.6606966331723,0.598108075190779,0.0737163475555825,0.66906661130783,0.343678834550711,0.547465795518981,0.554619316604339,0.126714795098521,0.445457622979122,0.579267569408866,0.221997340756789,0.221491089534115,0.155456523048787,0.0229456900794762,0.483836119843181,0.65065617505714,0.595348557434496,0.745545866939945,0.653629980427542,0.618148202601658,0.128005798044473
"22",0.299361600806212,0.154353542389788,0.219837568483473,0.48736241695462,0.246069451755574,0.13934877562175,0.0483536057383974,0.160154430102568,0.492030513494242,0.466195674838746,0.0289422261711032,0.666136328058085,0.511170280999925,0.623948349021198,0.243241596562707,0.306340098460778,0.303621169329455,0.426359013438629,0.333571308492109,0.525798982587417,0.603419193405293,1,0.637174385819862,0.568835716626152,0.101156023934117,0.190860587188219,0.411322530295727,0.295880031829748,0.448520469563638,0.377931956864459,0.601992506385069,0.23257354064961,0.549747086600534,0.579871592579976,0.408969995650038,0.234324613580266,0.285832273346774,0.295306306277559,0.302821663282114,0.478436789912211,0.300880902506151,0.370056255035824,0.24840702029094,0.586323810066544,0.492426702516705,0.453761211969098,0.358511351962759,0.173540155961334,0.477485269057484,0.618429631850043,0.48198868170707,0.0935887877981259,0.3388676552268,0.130941086196835,0.217382789591719,0.624830702635587,0.166949281046157,0.518710835370383,0.515785399910394,0.451143002249145,0.527525702301599,0.633547496392949,0.598479030269187,0.0820171175707738,0.586523816174132,0.323463470257898,0.29014987085649,0.49458801615723,0.0252869364091763,0.13018786516462,0.488891223230994,0.0328106328899181,0.108275018204248,0.238747098005232,0.0287096534177136,0.396088253528019,0.454607875417892,0.49687012439383,0.481118431721272,0.406310772635569,0.594938662696701,0.361267614435884
"23",0.306470938462451,0.178956846128805,0.167702851746798,0.693800747476348,0.29174252927468,0.248196388265387,0.152653921002552,0.185278395595839,0.675487806045667,0.581723946254761,0.0544966261423544,0.722349400805482,0.482778096101822,0.661702514446608,0.169584465694087,0.394349350601489,0.122238769324796,0.305312622865734,0.387803429194158,0.684568061449271,0.76269410993685,0.637174385819862,1,0.687866062504982,0.105278962744082,0.300917869260305,0.472729585172708,0.246036528438258,0.535984084972034,0.20052108732857,0.559629795436189,0.205811192075948,0.598697922933366,0.743152512173432,0.586892595371204,0.517025896557568,0.552926464671151,0.332790190978518,0.445829629971079,0.483586834653608,0.384884316316506,0.428654800429415,0.46587348142297,0.729880597417509,0.63840478757767,0.620230404762721,0.460757870198516,0.308468546865165,0.686089504189935,0.678797618610152,0.554434491154157,0.141028251351682,0.663710598780632,0.113408669904879,0.231798641725504,0.648534810025482,0.315107023178172,0.599558510478982,0.642718078755421,0.500421487340766,0.623860197627739,0.704774220240412,0.638703425960467,0.0266655801986268,0.720000813092499,0.370356721958558,0.503999191782144,0.571050601021991,0.121783991544589,0.444503931446478,0.616265585894513,0.225656708870753,0.226964358894729,0.198827264671034,0.0635397210421483,0.464825984175931,0.64860125950171,0.60498391514151,0.736159684566136,0.616905296943349,0.686136527569272,0.138488553740024
"24",0.220229862441403,0.30380113264372,0.142884740296926,0.642053521700551,0.437087271315684,0.176671787635259,0.139210203939721,0.182036822009121,0.542069244413356,0.514701736798265,0.0740685013084368,0.66666857338776,0.455082393577914,0.600029412914294,0.151690702863852,0.459192453750516,0.157954306836839,0.282490533197306,0.336891644182897,0.499218478679227,0.679269535526324,0.568835716626152,0.687866062504982,1,0.0755853262377955,0.361541516046286,0.455491850597186,0.105693780057425,0.433742446533217,0.257225446926325,0.615559599619604,0.160469777222527,0.511276374137787,0.673285167769376,0.472293756844958,0.443345074802329,0.522890022730822,0.264075861965677,0.382700196753589,0.484825999026408,0.341819054025504,0.473571461500134,0.426854887024579,0.652932456407151,0.569404454594752,0.58496392000459,0.3582024658992,0.313900874158236,0.632018521402128,0.525317753259737,0.415572026593964,0.0889912152277484,0.573167067641473,0.229196657630714,0.128384083077645,0.703719386391345,0.174114036498102,0.632773823658163,0.564325589349374,0.416675311484694,0.668219732628277,0.627741506796141,0.548848488946799,0.170645743294949,0.622639447038953,0.414536486355714,0.496511380538897,0.58957650106342,0.0335470976331942,0.459606603348399,0.528020027600835,0.176283107653427,0.0178798552268338,0.241807233077567,0.00924040301699332,0.503055878681239,0.590028868413914,0.521234188937021,0.612443346903772,0.576152210026742,0.579942939841078,0.150120409752372
"25",0.0514388718410824,0.106316248742449,0.0443066858205205,0.31480258836291,0.27271928305979,0.498514653782241,0.216665433864732,0.26448523811533,0.235075976608283,0.123218080700002,0.505265789753815,0.12584000294206,0.00911932949813921,0.1680477255533,0.0952204622216988,0.105448679716143,0.400836347312098,0.308114277219999,0.0383902413805094,0.153704167145949,0.115242594683107,0.101156023934117,0.105278962744082,0.0755853262377955,1,0.0774871217826443,0.0664172348409149,0.0723268339175468,0.0445198057233037,0.409510367899918,0.127615272268697,0.256896970213775,0.0217301646966149,0.205419183947433,0.166310805508036,0.199855549792342,0.0977232766048138,0.0917397817432829,0.277718613750798,0.0710652195007594,0.407888252125914,0.297695023976241,0.232717993741997,0.163563622110695,0.0454557038744601,0.0989031964749529,0.199839659755877,0.0850618376776027,0.32534762151181,0.153073124324552,0.100576984856,0.439578567447264,0.271734661924912,0.197009416244087,0.15547264976993,0.0117358239447392,0.483280589083351,0.152841408591898,0.0666770785221392,0.121652769514564,0.155341896704033,0.00397801413937724,0.0800985173874866,0.0641486053912331,0.158180767934673,0.0818357121350668,0.29230372766602,0.0626720081504703,0.131920114944597,0.133198003275156,0.103682943690545,0.234891929340733,0.466102374268688,0.0324260928247556,0.0481005544436854,0.100138195329016,0.352825318414715,0.249581899874045,0.265156992313568,0.175836797159579,0.190799583063484,0.130060151395624
"26",0.0057938733271666,0.349574928754479,0.0617229773112459,0.416041346958746,0.0676022366632127,0.256394734199181,0.132042691523146,0.276971410470572,0.274122016206814,0.23848347833594,0.146049646561209,0.298288648486238,0.00476158935300508,0.260118537599068,0.0992684990851878,0.239397145669572,0.120997023271578,0.197762771809249,0.0154117834636186,0.118726933607743,0.341698070540866,0.190860587188219,0.300917869260305,0.361541516046286,0.0774871217826443,1,0.149350096323543,0.271489565098827,0.0549074629259063,0.101885699238929,0.135340033210797,0.17867889744234,0.140535601713946,0.327929004320172,0.116338205833713,0.435174796783773,0.439146221285886,0.0453462301753038,0.290091798985209,0.160957120017942,0.197682357119239,0.227514765228977,0.268277104717654,0.308691391565014,0.193567689065616,0.294334423475382,0.240522451735096,0.211507396698563,0.339814838775237,0.231977926826289,0.0434415485708513,0.0718852992797687,0.454302464396368,0.254598227346509,0.00218416599173855,0.237126384151319,0.456727317352251,0.0375677992540418,0.0555577623128928,0.107505354190161,0.362567014418206,0.0541813540540173,0.195998641687032,0.392298549226066,0.253971649382085,0.0431138399695519,0.408771264750126,0.188764241456712,0.0150446495518005,0.443997500503872,0.283369330349659,0.251157703045256,0.121764779123355,0.0784684619103687,0.0953469977542853,0.282146939676572,0.391423413275612,0.319568834028406,0.38710570579498,0.347264100715345,0.193404110496677,0.174148191191355
