"","1","2","3","4","5","6","7","8","9","10","11","12","13","14","15","16","17","18","19","20","21","22","23","24","25","26","27","28","29","30","31","32","33","34","35","36","37","38","39","40","41","42","43","44","45","46","47","48","49","50","51","52","53","54","55","56","57","58","59","60","61","62","63","64","65","66","67","68","69","70","71","72","73","74","75","76","77","78","79","80","81","82"
"1",1,0.129721644315681,0.154637896708366,0.158238227702401,0.317718991089028,0.284851276379845,0.0365272685956255,0.185195247456447,0.268326531271379,0.105773808364067,0.296929105546995,0.0743989833236514,0.0824866739199704,0.185416913632141,0.0729496947287517,0.0401254884851886,0.0415200589817365,0.108813395584515,0.131007661087087,0.269595633289929,0.0942342089291996,0.2221702356532,0.162236818594904,0.16469157573519,0.0935488497319775,0.293921578684308,0.2395495122123,0.0774900471710993,0.0211258128159307,0.0802594108305685,0.0218720228865707,0.130523277302262,0.0130917819153534,0.252115041949856,0.117932501313783,0.121811946137047,0.221722030270189,0.258818750781249,0.131789169617553,0.107658356827323,0.284920739833485,0.333227503330515,0.206207003121944,0.283088363742387,0.131573676031038,0.196538328532651,0.00705528894140087,0.0317580373426941,0.192443135152286,0.135568447236045,0.0480701423994124,0.0533912255722397,0.298636396067864,0.154300562272419,0.0229508735896362,0.050548791883331,0.165390178511739,0.00157011394255954,0.116687700527494,0.0718658532856277,0.0378372112396854,0.0699955785309675,0.0260485877665153,0.207803414619289,0.0753011302561539,0.110651211082047,0.142731201734658,0.141090275310993,0.0560030637002912,0.284282162542893,0.0745606203485612,0.0218151157265032,0.252457186059092,0.0941199989602335,0.314229325242244,0.0495853468213071,0.212554018739382,0.113637219853167,0.312808976477196,0.0596920925932362,0.160798108890228,0.120748215060817
"2",0.129721644315681,1,0.131634191213647,0.354232719892878,0.411251938436856,0.485534135486727,0.26512634748395,0.433141193594919,0.470859700382285,0.13303768718736,0.343957899966253,0.371306952042149,0.37886266451728,0.38010051004491,0.195160268025826,0.0393243827257715,0.257288007350232,0.30596743770666,0.425788336877786,0.241457410727105,0.335724026291473,0.496636500826256,0.0231449925604482,0.0891177068437021,0.174007466885102,0.450235499111127,0.405137475710166,0.0266688801402651,0.149461416107084,0.272210994432848,0.0636872459273856,0.0356528627179191,0.0555569086972564,0.461904711333135,0.275235527027956,0.143146087502834,0.459676899624355,0.42964993347863,0.346876719339613,0.00725193903313476,0.418488699748899,0.501284633697441,0.253498481675711,0.382848864943078,0.152516197080738,0.0613483297565158,0.0910253365075371,0.12285248921761,0.428416162924133,0.309100614662618,0.115932917189464,0.203943260342221,0.437943027061184,0.183931866996903,0.0186712233700934,0.298798203482509,0.210277751291633,0.160225517267377,0.389459451994251,0.33596436913888,0.00267377757131482,0.225230971406678,0.277104061862827,0.0923414294669326,0.152592303570413,0.337675226190462,0.334524202368489,0.174608629074031,0.0492137808180166,0.285634434040871,0.0650370106744171,0.171262264224667,0.437283040906056,0.172609174490538,0.314953104619645,0.05348784480856,0.27052743743651,0.00572834354710326,0.533353890961804,0.216520239846471,0.205459219559025,0.475207027240019
"3",0.154637896708366,0.131634191213647,1,0.0201145465848419,0.210405107278314,0.237881028754269,0.25352775443862,0.40028555926234,0.401605310147928,0.427564888564151,0.121609093494745,0.438370675138836,0.344181627812473,0.413569208018287,0.319295363873502,0.0965130069525293,0.524554023652702,0.62080063535261,0.523933275429304,0.00834061058377376,0.582137577761102,0.489467592854203,0.446275491388779,0.223139281399976,0.511748497782864,0.130547346394423,0.0137426482240813,0.523272810408724,0.508766999518716,0.560011364228814,0.363402704812256,0.372805831366914,0.428483259523193,0.17516896382995,0.209001695453787,0.106777429287669,0.299780200211744,0.102671383767245,0.479882371852746,0.285749684329861,0.18131094256926,0.363372918776757,0.426381754700436,0.0117004090564809,0.261237328068392,0.320824481253493,0.0796771727650529,0.168332930317288,0.207601276105817,0.512089505726855,0.386739302383834,0.0373324977035346,0.242657991436541,0.243988764544233,0.296488669776788,0.407963424590651,0.101804226172107,0.338135961471721,0.438784604820926,0.46555582545761,0.333330925762822,0.520496542885316,0.502777350515458,0.301308100256121,0.344344897664101,0.413930106886158,0.478147656109645,0.20898089529086,0.333831847880361,0.0673864865078196,0.267565057907563,0.182347865757295,0.29585109716286,0.0644910422284647,0.269237623712927,0.00868451079883565,0.0786122064016593,0.181295492694813,0.34099405908687,0.0130788820641015,0.106462369221217,0.535016355155986
"4",0.158238227702401,0.354232719892878,0.0201145465848419,1,0.337044815722181,0.429673356819362,0.20906610274843,0.351999985751654,0.367934346475692,0.189764546245957,0.314405035663681,0.278418348783483,0.284058661423237,0.246447457032315,0.0410574264783147,0.0240750286685353,0.10898696009619,0.200318304119153,0.339397811500953,0.249455393766092,0.200041506858084,0.356573461991237,0.0591580129231257,0.122915632837943,0.119279465383848,0.345123840377523,0.337099876093779,0.00102482313166635,0.021014050036165,0.162279077938944,0.0404029084179385,0.0629406490528343,0.0145318273861213,0.389650010928163,0.255149226179825,0.141963816654988,0.317194947317404,0.326455968506997,0.264911751667296,0.0247236497349827,0.361105972478893,0.413351521889391,0.16008152471937,0.33144097624164,0.0261459505088304,0.0475560545485564,0.136899734571615,0.100962879608123,0.402374125815673,0.2367942734836,0.0118678784884741,0.135783538252635,0.440067703752409,0.171291318216555,0.021359097849296,0.149487836504304,0.207375804735134,0.0809853164721522,0.270549915981527,0.272389195876265,0.067954535291197,0.101554931092271,0.157055961483555,0.183502068431967,0.104456221198943,0.293457658878087,0.213684923654029,0.247399271109106,0.0737541516398774,0.234481044089705,0.0992700536415055,0.11479585077421,0.387582557621524,0.0961229249829722,0.172116455380387,0.0644801398027975,0.187281722966719,0.0245521544005373,0.436289070684552,0.275463328880203,0.164141092450978,0.317117809572257
"5",0.317718991089028,0.411251938436856,0.210405107278314,0.337044815722181,1,0.737782546070102,0.126307929640164,0.507824939498915,0.361603326563643,0.113207044209471,0.406762684061832,0.249929213353356,0.26953043570605,0.189559895546813,0.0971472399146379,0.144189608328544,0.0271431963788672,0.204416823243348,0.448308016913247,0.552866117475356,0.220668931122388,0.363629926586081,0.10464534559252,0.197042855840354,0.209097627656765,0.548770794365838,0.531773594546572,0.106715136039107,0.0237428984710455,0.0966540303868861,0.16151928125139,0.247154480950122,0.148976462577804,0.640060256634347,0.24653280974364,0.100225422506868,0.483823174464066,0.657434039391957,0.476663861181172,0.154489690639212,0.634076774040757,0.615232190123687,0.264633500293922,0.495437009270768,0.0739340233098991,0.096748634785055,0.0185070319265705,0.297589774642424,0.558036351949149,0.16396913999508,0.00885538050682248,0.0143305652448641,0.648023590333789,0.186631380452406,0.155648774383889,0.121195988455069,0.393635852821485,0.111103929344678,0.196547397065859,0.104911719907127,0.243281634652943,0.0014021402892519,0.137764525442955,0.152509655213218,0.0201674027373864,0.251688098141127,0.180655850838471,0.273396371675549,0.0146580800468307,0.363211002623296,0.0575062992395303,0.00636412284371795,0.581514618761127,0.00158863671843023,0.400391521632882,0.0297537077061502,0.323818154442069,0.159248921471872,0.697128803848552,0.269001723068699,0.383648761612066,0.503062183199633
"6",0.284851276379845,0.485534135486727,0.237881028754269,0.429673356819362,0.737782546070102,1,0.209673355545911,0.653444984547265,0.479356265847636,0.172274025252471,0.475790657076341,0.376695658699402,0.350663382703981,0.298648096532449,0.12351227272731,0.129681862456734,0.0999955300206704,0.305499198699403,0.552490291177579,0.591497778982314,0.346534325798814,0.517318959774876,0.081293438486096,0.179155267749708,0.30474598923756,0.600357262357236,0.619494356841324,0.030351945138306,0.0496015583188531,0.207751712755561,0.0760605030747726,0.163546041305029,0.0872167224546136,0.763171463132635,0.285470973124506,0.166979304328341,0.627740761708014,0.690688127835449,0.601217341528577,0.161046062620274,0.759043024869515,0.756874259760808,0.337112285055846,0.624426312801512,0.0188061291779794,0.0079285031558724,0.119592068299841,0.315873882767564,0.698290607579895,0.329899790641841,0.0225487440935505,0.0246828841970038,0.751940295295904,0.194535957307943,0.154241900859236,0.217899034270393,0.439795122687143,0.074739632571477,0.251438247310452,0.245165202796419,0.233036108457914,0.086262930031848,0.25325763988578,0.134088492664821,0.10223657500844,0.416941512350327,0.301670267670187,0.266054139505843,0.00303563901720526,0.473347897447305,0.0448418946489274,0.078514282725347,0.665960788104082,0.0680344390447387,0.497707711777673,0.0716437637758258,0.423573350262481,0.129289491099603,0.833221499693351,0.362577743318237,0.412973016976191,0.587711445298432
"7",0.0365272685956255,0.26512634748395,0.25352775443862,0.20906610274843,0.126307929640164,0.209673355545911,1,0.321908596844163,0.313621452956434,0.255068027481282,0.0303970273658863,0.415621612448581,0.307965674342145,0.299337393940023,0.261944361451916,0.0430030154990484,0.420911571418673,0.424963822930724,0.414943861895093,0.020698774474751,0.363081924351288,0.451119591682923,0.390441480518105,0.221953510950327,0.324346872703613,0.131807943040777,0.102425832573732,0.28696000930364,0.36286760855561,0.418023804023432,0.286504719849576,0.254276473676126,0.283114479510325,0.251728879955417,0.292860146624565,0.177454268912211,0.333413024755689,0.100912031138657,0.431700237700835,0.178938138365962,0.201558776484742,0.318661490894172,0.153362379060798,0.0982735001013334,0.209687338721601,0.255354816593267,0.179306204808952,0.108413194589847,0.26053806297077,0.431541987121171,0.318939735903768,0.149764353380584,0.190085553196086,0.18279111837088,0.139577868590109,0.376533169048776,0.024957276657723,0.204014986586189,0.386242152216815,0.415590948752921,0.178286301667422,0.444826513898955,0.406605201383233,0.176639237044216,0.342542830504059,0.408685395750023,0.331472920316105,0.0522295410728137,0.205124531149193,0.0986642831627964,0.150526557802086,0.242804443150589,0.20113731612308,0.264505819330191,0.156734867524763,0.0347243084916243,0.0719069769628081,0.0433746073938135,0.300610284889297,0.141103836760677,0.120937873226246,0.444691602336338
"8",0.185195247456447,0.433141193594919,0.40028555926234,0.351999985751654,0.507824939498915,0.653444984547265,0.321908596844163,1,0.631244710622057,0.37424165317325,0.29073898338712,0.599284345202673,0.512939804715922,0.55542903338995,0.343995594360887,0.047339965438102,0.511020841261924,0.632146321107746,0.687890320863861,0.312395376980952,0.543481418455719,0.699756090893735,0.30508743500054,0.100543790684433,0.396191514323738,0.415829887418508,0.360238061294442,0.300270033533962,0.340153617992663,0.521373316448496,0.227354861725406,0.166357973130813,0.278396355731345,0.534508288763018,0.333486718001083,0.16934199721939,0.586735210568811,0.493538434563459,0.694566796740133,0.0943663594361063,0.560530798935541,0.69223371717267,0.398671233982139,0.438993202288863,0.351575536052134,0.267022688020952,0.160674927931806,0.271516667483461,0.643823077353463,0.628936157401875,0.331450561797329,0.0725612365821004,0.540954749715395,0.354577510699322,0.133742373169568,0.497128499069939,0.146540595492757,0.2408928179954,0.497153720975533,0.521633973964047,0.137574050888693,0.457802788012585,0.563903806582672,0.0708432843534653,0.372483559739521,0.634191179213797,0.549779601217821,0.0998819642704002,0.19849618244254,0.323140010687404,0.112030196843799,0.248269708828338,0.516762568010345,0.233769754750225,0.432439823541291,0.125447631952821,0.378735941316327,0.134622966890721,0.721186788750663,0.228547707026532,0.0675938206832827,0.701784729251267
"9",0.268326531271379,0.470859700382285,0.401605310147928,0.367934346475692,0.361603326563643,0.479356265847636,0.313621452956434,0.631244710622057,1,0.457962566390067,0.333194926211593,0.636641841506195,0.52582014424097,0.693338553971403,0.459566830446808,0.00894284425172949,0.576922449508599,0.702192457264027,0.680616898882811,0.173336825976667,0.541085896948918,0.739738161879102,0.372429245829286,0.200440695074394,0.448889312023518,0.287455271853465,0.270633944339025,0.366090784230757,0.481443384293207,0.608597960684953,0.281395506712262,0.271379770187758,0.432158283385152,0.303697380657222,0.373381526530858,0.0730187177063897,0.515273166644235,0.369853755149964,0.644576460893458,0.251206503650476,0.440532526747972,0.609114729620829,0.493180240899303,0.323299382264745,0.490935071967266,0.251977346631217,0.229559701898613,0.134476361182979,0.611543759143437,0.591922933622126,0.4306486968103,0.212046275737559,0.392817426496,0.289875227581454,0.0508670474242469,0.486378200384523,0.11682103726772,0.435804525924843,0.584453031520739,0.584718384891927,0.259607566519272,0.527793657998416,0.684082001990913,0.0781099406089679,0.419337140004016,0.756194354576882,0.697883346896546,0.0447479192427041,0.17309065821811,0.371892433769866,0.11964120472591,0.316767294718381,0.538556445243187,0.412761859063562,0.431693641403514,0.100274247673432,0.259800790409009,0.242009214290517,0.594542693580642,0.00286960008911366,0.0365251606663917,0.643769623885371
"10",0.105773808364067,0.13303768718736,0.427564888564151,0.189764546245957,0.113207044209471,0.172274025252471,0.255068027481282,0.37424165317325,0.457962566390067,1,0.0697963059373786,0.4459915508076,0.233897115566628,0.487998450473077,0.327737844220414,0.0444177825591354,0.502707755445664,0.543217534821784,0.488281142429133,0.041274404801044,0.41651562066567,0.452486439903321,0.375115884105812,0.2266739076099,0.27350877951889,0.0247954520459846,0.0957355658083857,0.420281837728429,0.450708945095583,0.489539875468298,0.324368541783515,0.384441450375703,0.465146098456382,0.0449972443822845,0.151698442020604,0.0503050394131025,0.247048728278247,0.138148084077867,0.467572896416805,0.375562158865884,0.125842968255585,0.249214540679253,0.298962878466216,0.0260939627672323,0.353972921379737,0.245842322045798,0.148888528281639,0.0526465346524188,0.237849570571384,0.429296510409232,0.403446575704738,0.0795053588543993,0.154327658861025,0.195085615668151,0.104308079016064,0.35386667134924,0.124617522676163,0.349806878754488,0.388289886993692,0.418394557718086,0.372690454908323,0.442604871981363,0.51018603651739,0.155569118934862,0.423043793127851,0.465691954876793,0.485838811688096,0.152834677567478,0.241516584756513,0.244625072949234,0.289059505534737,0.226205189287953,0.218495881593952,0.241506315443299,0.187860075183581,0.0192777260050053,0.0383240625842154,0.175267961169701,0.285737579029053,0.0246119715403293,0.153856066551968,0.423471955133453
"11",0.296929105546995,0.343957899966253,0.121609093494745,0.314405035663681,0.406762684061832,0.475790657076341,0.0303970273658863,0.29073898338712,0.333194926211593,0.0697963059373786,1,0.14119979690193,0.137738640238947,0.217102464868175,0.0575505258333589,0.16896333560643,0.127153332301619,0.0592739012234248,0.241875158035476,0.468809612221859,0.00104866521567094,0.246101921441745,0.21375615770086,0.234652468329678,0.00515377295499007,0.479106701765523,0.501249336881768,0.201895641522029,0.0697901140869491,0.00938478746705378,0.257820740976929,0.224451528531709,0.182166019529345,0.454171125596183,0.189847786515271,0.0557954112835653,0.361889141389665,0.419500913567768,0.230773444828265,0.0892073640698821,0.467054297384747,0.521126495016772,0.284456797123431,0.516569256447435,0.0535595222190369,0.194914797985626,0.0157105897091678,0.0608943019685433,0.503360520135472,0.019134208522383,0.0775684276336198,0.144987173951287,0.389310790482479,0.129937690693624,0.0971285802296363,0.0352882680764161,0.384423452618879,0.0913224703404949,0.189966865277228,0.11631777743359,0.256891438340986,0.0926793708744961,0.0973702295852155,0.425153001847452,0.0775252898192284,0.26484676684794,0.1708512540809,0.300438474701415,0.215228308986747,0.437855847045677,0.237882139641197,0.00410499867086269,0.463067656016849,0.269711358997417,0.347666963023921,0.0875431500564389,0.183386213930766,0.113939371808575,0.442062977926655,0.0366604685935151,0.293041877089265,0.194283218974465
"12",0.0743989833236514,0.371306952042149,0.438370675138836,0.278418348783483,0.249929213353356,0.376695658699402,0.415621612448581,0.599284345202673,0.636641841506195,0.4459915508076,0.14119979690193,1,0.618814236409242,0.648188602435866,0.455760989750598,0.108962915412605,0.651772293301376,0.762198103950103,0.712370067963114,0.012358203840292,0.65590243333344,0.666550564549184,0.572082396766463,0.395493172861149,0.546303075822834,0.256389329931357,0.138824041220054,0.493511152493003,0.615384836124724,0.700964981287446,0.484138269096191,0.484341567916212,0.478098994626436,0.272111757020249,0.558814182487902,0.166780607804028,0.463022405883513,0.242095707977973,0.61808350650511,0.416042142809,0.358969991918318,0.469505213049771,0.49744951103706,0.119497628100379,0.440590685667443,0.353634702738345,0.23054519629665,0.127425932931892,0.463385749455147,0.648526264239567,0.624168327415624,0.409096924646966,0.363045511257538,0.336108028387681,0.0746627034261562,0.559827862683695,0.133170722422655,0.51659478131992,0.726884851184578,0.718532314984783,0.327459086396408,0.644423044740535,0.664912493557627,0.16404180109628,0.515643912064265,0.664589652606643,0.602356707005644,0.0911871202253817,0.321343352136419,0.113450470335325,0.225983509921429,0.329199187467292,0.349376251766485,0.413406128109693,0.37349839880681,0.0472409333870321,0.293805540794084,0.157160051560514,0.51801136455675,0.0717651560590283,0.142379484648166,0.681202188327396
"13",0.0824866739199704,0.37886266451728,0.344181627812473,0.284058661423237,0.26953043570605,0.350663382703981,0.307965674342145,0.512939804715922,0.52582014424097,0.233897115566628,0.137738640238947,0.618814236409242,1,0.5072196902144,0.390041282491296,0.162254264980339,0.580171844163462,0.682607299100319,0.636510289853979,0.00771213168899087,0.608035812684965,0.584486907655529,0.450346249614645,0.284980108024905,0.593162968701163,0.341337009431317,0.193231938841793,0.441474014226692,0.552806451965198,0.577449919356367,0.410331811822686,0.312593062432206,0.323644599318727,0.323046253367915,0.55412390999805,0.104350414271224,0.455183660056375,0.174400098700949,0.471430577108716,0.202797823750867,0.325179308063266,0.511172782111303,0.414890404718703,0.184439338401197,0.312940569521786,0.253726630083643,0.227417515308685,0.125232171486817,0.441180182186065,0.638974390003767,0.476892663471006,0.360774215554134,0.294995802724491,0.342603197320043,0.14948380686163,0.532808515625342,0.180542194753075,0.455633005107038,0.679336812342823,0.647664926523736,0.298546005980334,0.644512199574376,0.557091422948726,0.143517860247079,0.376769906913133,0.501394417027929,0.530841742784897,0.0320319102254561,0.232051672235254,0.00230953827896407,0.175312053199676,0.387876597029783,0.31382088187005,0.185223860826756,0.281870183701448,0.0536192259395248,0.302545072388052,0.192198690966671,0.425481190698618,0.116001491355673,0.135851083576165,0.636759636692719
"14",0.185416913632141,0.38010051004491,0.413569208018287,0.246447457032315,0.189559895546813,0.298648096532449,0.299337393940023,0.55542903338995,0.693338553971403,0.487998450473077,0.217102464868175,0.648188602435866,0.5072196902144,1,0.434214824730932,0.00917432608604091,0.635447726227783,0.724924523006145,0.641803642510031,0.0625151557570688,0.569508807719411,0.691722969363691,0.50306009874312,0.26667906312913,0.42291830132102,0.168500057232726,0.0953595115747872,0.458848865197022,0.553335391059347,0.625500050846785,0.419226290997518,0.438104573773021,0.537619816353638,0.236451003155685,0.335557920358868,0.105051863101688,0.502942068666736,0.198238611900223,0.553706765273618,0.378575868981017,0.235891559022268,0.518512128245843,0.515702362452471,0.140401579112639,0.560345567125178,0.323951565704853,0.216269346237916,0.0123220811206906,0.445296997178794,0.629178254418985,0.565480092889976,0.232561012635656,0.254529652091578,0.371408893165358,0.0159505170988157,0.558101931548544,0.0563604541929312,0.44756608374277,0.641648571212346,0.65156219599785,0.428638601418867,0.626496971742374,0.691681229946913,0.0963943896149959,0.4463011064397,0.696907660665239,0.668560213900782,0.0482805192433812,0.297126524628115,0.28553296335969,0.155201076082044,0.335846110857955,0.356606051636091,0.415529207763908,0.415568371263873,0.0242592459781894,0.194887890473653,0.183355758367563,0.455609777300583,0.0552991811127559,0.183749706353439,0.554378053890113
"15",0.0729496947287517,0.195160268025826,0.319295363873502,0.0410574264783147,0.0971472399146379,0.12351227272731,0.261944361451916,0.343995594360887,0.459566830446808,0.327737844220414,0.0575505258333589,0.455760989750598,0.390041282491296,0.434214824730932,1,0.0285670917589786,0.507548886463267,0.558547319342776,0.418708559174929,0.10007040089485,0.467448719051436,0.479093503817797,0.436079073200492,0.294175212024119,0.466753819322179,0.0461963208614326,0.0360518489488097,0.378709792756142,0.479624173427526,0.501846181898273,0.357916623778329,0.334168015567169,0.412426261399513,0.0403208343711744,0.220679795091983,0.0111139357046209,0.225254452679286,0.0478783753961891,0.374546622327115,0.276302234233731,0.0989230770050528,0.248442042130999,0.298985358487125,0.0268803700775084,0.411600789716421,0.301370444521619,0.181693239418225,0.0571904140688101,0.238355028206818,0.425903789922499,0.436914032590366,0.244071105893266,0.0674309955729473,0.212765332982455,0.0959816791667126,0.411132185645389,0.13163596727137,0.40616534912133,0.396730378472172,0.423550013700944,0.328586638655584,0.530516741629261,0.482442368160483,0.235050017776299,0.376729823366738,0.440975907572238,0.460028770288362,0.0918878832574514,0.187958174722337,0.0410107582802635,0.283815202646652,0.31179001574808,0.106711252164752,0.211060620539177,0.196918272614418,0.0690328084129272,0.185113536124217,0.150312183515208,0.249702552128355,0.0152009207237742,0.152976784279948,0.447446313942034
"16",0.0401254884851886,0.0393243827257715,0.0965130069525293,0.0240750286685353,0.144189608328544,0.129681862456734,0.0430030154990484,0.047339965438102,0.00894284425172949,0.0444177825591354,0.16896333560643,0.108962915412605,0.162254264980339,0.00917432608604091,0.0285670917589786,1,0.0506806067636306,0.0228142128798505,0.000120572434902997,0.230834001309043,0.0596549590392439,0.0618228778727375,0.089436281259055,0.105661820245233,0.0131905483584453,0.0730634627271446,0.113170192823541,0.0400540073943628,0.022305279669557,0.0525024032754731,0.220349558006986,0.115341190449135,0.00499527168339924,0.117699194859669,0.242403483878706,0.084776518570034,0.141651282141871,0.0502049065922798,0.102572363010306,0.048530894995619,0.0462813915191328,0.16672899358784,0.14675809360434,0.160013765362123,0.0608670003059848,0.0324731034646878,0.0547764103056121,0.056807469936477,0.137220148496291,0.0211479777274632,0.0888443541977163,0.267534211197462,0.0751339420754302,0.0304510824498792,0.0805410822395174,0.0256187249899699,0.14887641304766,0.239748648424565,0.201085108196591,0.119603524506652,0.00581240306062432,0.0670539378417035,0.0312002698597341,0.00915410710070294,0.0397230397436081,0.0558899691326718,0.109106629979272,0.0605754198032728,0.0340462047650896,0.239390597244369,0.0209535718201847,0.0432253042796814,0.162063152622377,0.0427702062023022,0.0474338479437558,0.0739020569836798,0.0587379937633535,0.0611756118791187,0.085345041248268,0.00781152586309275,0.0866660384295419,0.001646841935749
"17",0.0415200589817365,0.257288007350232,0.524554023652702,0.10898696009619,0.0271431963788672,0.0999955300206704,0.420911571418673,0.511020841261924,0.576922449508599,0.502707755445664,0.127153332301619,0.651772293301376,0.580171844163462,0.635447726227783,0.507548886463267,0.0506806067636306,1,0.813911673226697,0.638262922591919,0.218249347873653,0.656970512585392,0.655342286129863,0.685924407987729,0.486655329773899,0.543721750598984,0.023546041665256,0.116441231530028,0.720477847211588,0.664060844576874,0.725422481640895,0.536612094566138,0.578262186041407,0.590188150820478,0.0243230327096487,0.275446387041599,0.119870165305985,0.304598454878017,0.0221417499777033,0.561120754756824,0.430948792334273,0.0615667118551724,0.308524580023246,0.343603340178794,0.050253617546853,0.548169501894445,0.497525519281581,0.252482786785089,0.0733125305202001,0.335937383159696,0.714123750736143,0.675527211694917,0.200074524659973,0.0506818915431997,0.354606493284414,0.152904113913126,0.625738308655135,0.265792738504068,0.602451171376528,0.612010723466054,0.692519019186026,0.535161299533305,0.762498781161762,0.798420207498512,0.4146479883951,0.593523421055904,0.653529796934505,0.700077510046203,0.328636294306319,0.449844091191826,0.0227434349143756,0.279903633306471,0.44980601761393,0.214835576355085,0.415674818460463,0.227771184602682,0.0629278351114457,0.0977680795573416,0.212963936312019,0.262034233298327,0.0172114702830998,0.357209570284427,0.63666785858904
"18",0.108813395584515,0.30596743770666,0.62080063535261,0.200318304119153,0.204416823243348,0.305499198699403,0.424963822930724,0.632146321107746,0.702192457264027,0.543217534821784,0.0592739012234248,0.762198103950103,0.682607299100319,0.724924523006145,0.558547319342776,0.0228142128798505,0.813911673226697,1,0.77997010098215,0.0721882052773054,0.768386673151766,0.784279932623342,0.676710305341195,0.467803736536952,0.689055376801896,0.171241894339246,0.0267511056043845,0.676414746179833,0.735161645159111,0.818045381002817,0.54952679639009,0.546805621024199,0.658907403401889,0.221596993958945,0.415966512647297,0.107408280634908,0.488824826769665,0.127047044364686,0.675571409442441,0.408748013243497,0.277681785554421,0.526900330390593,0.566354271835037,0.0925929852985944,0.57723140931596,0.444978308610177,0.225842738400141,0.15855623957149,0.466454009451268,0.829694791401169,0.689078465842493,0.241092809301705,0.251896447229589,0.39263675424019,0.16777578604336,0.678583909971152,0.214633094359702,0.613414694748314,0.743840760988421,0.774123144897636,0.509254836914698,0.829786778105224,0.807854275465554,0.343632753182712,0.574249859143879,0.742539009855514,0.767520000636888,0.219869283054203,0.368076574481087,0.116035302818716,0.294683694660587,0.428922547136933,0.340112172194508,0.336339879029668,0.367796512242143,0.0181912681755035,0.26626987705599,0.26792971079631,0.47155410807265,0.0140584105154849,0.271519603180098,0.732184427171509
"19",0.131007661087087,0.425788336877786,0.523933275429304,0.339397811500953,0.448308016913247,0.552490291177579,0.414943861895093,0.687890320863861,0.680616898882811,0.488281142429133,0.241875158035476,0.712370067963114,0.636510289853979,0.641803642510031,0.418708559174929,0.000120572434902997,0.638262922591919,0.77997010098215,1,0.184272983842513,0.683120964545645,0.750940930520567,0.484983033474732,0.26832023362708,0.571579643229273,0.3960881842224,0.240677954219729,0.473372994984633,0.578732097156918,0.685349734379477,0.392283955072601,0.353290357330172,0.443320034954172,0.477536208358663,0.512004867237513,0.142435914298371,0.62307386472563,0.389831078777097,0.725856354418676,0.286322998159816,0.456205659156711,0.685254941441243,0.551518586771263,0.24141129336464,0.353164108549499,0.343801280361911,0.213654104389771,0.25366905826448,0.614537339767281,0.681910888304936,0.517490378647387,0.295440055851177,0.445508251918638,0.3566456905898,0.193380017536306,0.595491323755884,0.0015303590888141,0.442099598184497,0.711201679012915,0.676257849159849,0.30137434461323,0.642345757921523,0.659027404372272,0.144596281726712,0.449435002625022,0.670377045337129,0.669064559041299,0.0452808274995421,0.306370980919475,0.232559479850474,0.216396057873734,0.350329478201618,0.518041376701976,0.304237907666742,0.431609752249084,0.0328180083344882,0.312807793385563,0.257884701678864,0.658072153774599,0.123709608951225,0.0285122476162145,0.763836064802361
"20",0.269595633289929,0.241457410727105,0.00834061058377376,0.249455393766092,0.552866117475356,0.591497778982314,0.020698774474751,0.312395376980952,0.173336825976667,0.041274404801044,0.468809612221859,0.012358203840292,0.00771213168899087,0.0625151557570688,0.10007040089485,0.230834001309043,0.218249347873653,0.0721882052773054,0.184272983842513,1,0.00762870020899365,0.139926859035834,0.327117408176843,0.324829017639671,0.0130142164703611,0.430792243890829,0.506998115559108,0.285335128986083,0.194863801066893,0.149064687845835,0.320942739295017,0.317271785862891,0.220698580363541,0.527507394813884,0.0905754645177704,0.0848962517551992,0.359100672016671,0.556772643022873,0.249700675417573,0.247249196483758,0.536346013547329,0.49183195958041,0.166971523532014,0.456766335963766,0.191169532067518,0.192476205873883,0.0441425630068587,0.271121895294019,0.473565330696124,0.0586512385812216,0.229358267315862,0.099816574500199,0.477250058483991,0.0404559530274359,0.037974053746841,0.0397435542322969,0.476821969280878,0.299917592330477,0.0160961642334725,0.0852966754045861,0.360202975703628,0.219514309637645,0.100183382439821,0.324484184159716,0.137491832356572,0.0953289750154351,0.00368800196925718,0.32754987049497,0.221852470989074,0.3637153362485,0.164618599002628,0.128223925039704,0.481093117203632,0.0122407450230296,0.337356461718386,0.029350659433519,0.210132390924731,0.123721205796928,0.514299403085622,0.181710052854345,0.410998775520223,0.195554845711092
"21",0.0942342089291996,0.335724026291473,0.582137577761102,0.200041506858084,0.220668931122388,0.346534325798814,0.363081924351288,0.543481418455719,0.541085896948918,0.41651562066567,0.00104866521567094,0.65590243333344,0.608035812684965,0.569508807719411,0.467448719051436,0.0596549590392439,0.656970512585392,0.768386673151766,0.683120964545645,0.00762870020899365,1,0.666773021805394,0.572357405809671,0.296144980766592,0.573440611201925,0.241025319523011,0.0614465276140458,0.529255336873466,0.638426807859725,0.696614134785368,0.530945938540416,0.485119346034708,0.45342661724477,0.30317674149388,0.423394279759812,0.213683984069134,0.469366958500437,0.150286005538132,0.580539893426518,0.309898060127686,0.276707602359083,0.505407244527019,0.46839760755358,0.119028442584165,0.369780179779663,0.345488539910642,0.229101945410095,0.158120264106365,0.365104081850116,0.698154141851915,0.538036197479885,0.253928754008374,0.301177737449107,0.337106801793035,0.170880728849576,0.598273498420068,0.148179129026575,0.452709761782991,0.647822507624551,0.684983360842475,0.411734883636515,0.684989259224684,0.645706979376507,0.241442307912863,0.447615262919845,0.553009732015603,0.601721400782541,0.19247347841932,0.337289745099908,0.0977052706731709,0.295447353067267,0.336140070866856,0.299873489373463,0.162325380280405,0.35596843387257,0.0787112204165952,0.269282417437027,0.178247678727511,0.458994211105643,0.0863211262779362,0.157645990304717,0.687078489582226
"22",0.2221702356532,0.496636500826256,0.489467592854203,0.356573461991237,0.363629926586081,0.517318959774876,0.451119591682923,0.699756090893735,0.739738161879102,0.452486439903321,0.246101921441745,0.666550564549184,0.584486907655529,0.691722969363691,0.479093503817797,0.0618228778727375,0.655342286129863,0.784279932623342,0.750940930520567,0.139926859035834,0.666773021805394,1,0.463897729252607,0.226383379000694,0.519716432559396,0.384590942568063,0.218459444797891,0.493249038389916,0.571103655701313,0.677138528235588,0.410217370186384,0.331394311404686,0.495226468864306,0.445265807516217,0.351773449182202,0.142599721260852,0.609603762250326,0.311326989731974,0.678931431123901,0.251376695639889,0.397384236431259,0.700733263241814,0.51973030782697,0.363618688784846,0.502670799888401,0.334798419093968,0.226243412848766,0.201107107123826,0.618501703693437,0.73858372477466,0.477000728404036,0.141796781636189,0.426599569212884,0.354581949763644,0.15429288234091,0.589404554658562,0.0798061361046287,0.381697994400363,0.593400655939178,0.689211762095535,0.364718608630671,0.688245327455037,0.727056519643607,0.123650958577697,0.440627845817977,0.702773850358805,0.722247604715949,0.0535519369485868,0.280897127009834,0.324934468214403,0.19339781957195,0.378407942815169,0.531201508266711,0.31564837474402,0.399502672398918,0.0189483980279101,0.289805775620767,0.197953904396982,0.635622966823166,0.111945759690294,0.0655223687284843,0.735386732631652
"23",0.162236818594904,0.0231449925604482,0.446275491388779,0.0591580129231257,0.10464534559252,0.081293438486096,0.390441480518105,0.30508743500054,0.372429245829286,0.375115884105812,0.21375615770086,0.572082396766463,0.450346249614645,0.50306009874312,0.436079073200492,0.089436281259055,0.685924407987729,0.676710305341195,0.484983033474732,0.327117408176843,0.572357405809671,0.463897729252607,1,0.544919548871508,0.524714939685533,0.115363572411938,0.290268453851695,0.616681968913579,0.640894431334179,0.646165707616283,0.539301982642643,0.623457387183502,0.598116961064183,0.0950971482834102,0.253976503579608,0.113349849922983,0.162220746609814,0.16947297278923,0.411821987043025,0.496769886163126,0.08295166479406,0.119760986115207,0.34741958094661,0.204708276322215,0.467533609265788,0.484936368663077,0.177461498024242,0.0408758299978331,0.13372328579981,0.565097228618309,0.664480992512973,0.299384451092796,0.0600472319604538,0.251902120244872,0.123417879967344,0.527961215191405,0.360368075601689,0.533975200244842,0.548513331056468,0.596623674160924,0.535588024842885,0.656135979325695,0.63337273296036,0.409495990136001,0.457074115898846,0.532565651064085,0.507508657067196,0.325383575204173,0.396541829125726,0.140659397804496,0.332624565432189,0.352865660719953,0.025421124620974,0.309268482058977,0.040517537689348,0.0771126683318354,0.000142804868715914,0.121201002226509,0.0665327151995623,0.0957367080782927,0.388696316533728,0.454582348432457
"24",0.16469157573519,0.0891177068437021,0.223139281399976,0.122915632837943,0.197042855840354,0.179155267749708,0.221953510950327,0.100543790684433,0.200440695074394,0.2266739076099,0.234652468329678,0.395493172861149,0.284980108024905,0.26667906312913,0.294175212024119,0.105661820245233,0.486655329773899,0.467803736536952,0.26832023362708,0.324829017639671,0.296144980766592,0.226383379000694,0.544919548871508,1,0.439401522701827,0.159939219067791,0.227361368198053,0.435820227694558,0.410063738638265,0.426518064249856,0.352198912232376,0.414566042970341,0.411341352293473,0.192427517981243,0.232334726422938,0.0120748294095933,0.0454003119478545,0.191215247704036,0.168967883069658,0.267277194563207,0.122056625617571,0.026937320860456,0.172530768399458,0.213492731188405,0.330594883213854,0.340231897257886,0.0880331205046272,0.0257483003479332,0.101027008413844,0.380982066387393,0.480083074710441,0.283048970642418,0.221330775301204,0.0402171965686294,0.00949211794722823,0.308534667089878,0.362305259132703,0.443612700819511,0.370432459148711,0.438753864266731,0.408469807303828,0.517531486337246,0.407525800609928,0.389545288142313,0.326522300064551,0.340946604473612,0.320070111192758,0.309743858444152,0.281419067526135,0.187512614097209,0.109129770590851,0.237287221846757,0.116147789890529,0.185574238406182,0.0267300127881074,0.0471322000314022,0.0636702721813977,0.0804205836163085,0.0945227286987353,0.126959639192557,0.384689591125219,0.2119939445187
"25",0.0935488497319775,0.174007466885102,0.511748497782864,0.119279465383848,0.209097627656765,0.30474598923756,0.324346872703613,0.396191514323738,0.448889312023518,0.27350877951889,0.00515377295499007,0.546303075822834,0.593162968701163,0.42291830132102,0.466753819322179,0.0131905483584453,0.543721750598984,0.689055376801896,0.571579643229273,0.0130142164703611,0.573440611201925,0.519716432559396,0.524714939685533,0.439401522701827,1,0.203491060198357,0.0812060782634941,0.525666757930695,0.53764261208942,0.594352274052049,0.344078715606596,0.334740936627329,0.383661433288109,0.215220078735526,0.425465506741241,0.0338820706722593,0.336163071063808,0.111948342914319,0.468634788767871,0.238239400541194,0.270396318743592,0.388977071933724,0.444972680858234,0.0151007677485657,0.340126652844925,0.280065080243479,0.169134587332314,0.181690492378817,0.398196486064414,0.584531116155524,0.472042461579677,0.281108083535624,0.209531901978676,0.247473678605707,0.223976540433364,0.474725149991975,0.161216667306088,0.445840706872684,0.519827086457368,0.556234786691078,0.27568436588738,0.639613906339737,0.554593235180713,0.394077341690371,0.371345190772378,0.523170187927712,0.524399438140454,0.150040721234654,0.224843913666725,0.0739374407041442,0.191101764025339,0.264173093468459,0.260915338687499,0.160832541740855,0.243021395565483,0.0197016314689532,0.307285248180187,0.194411757896978,0.354055052954744,0.0735660656770697,0.118430654802123,0.576616967716234
"26",0.293921578684308,0.450235499111127,0.130547346394423,0.345123840377523,0.548770794365838,0.600357262357236,0.131807943040777,0.415829887418508,0.287455271853465,0.0247954520459846,0.479106701765523,0.256389329931357,0.341337009431317,0.168500057232726,0.0461963208614326,0.0730634627271446,0.023546041665256,0.171241894339246,0.3960881842224,0.430792243890829,0.241025319523011,0.384590942568063,0.115363572411938,0.159939219067791,0.203491060198357,1,0.513030723422209,0.0521595533870353,0.0637040438757833,0.110323132270457,0.100476607858107,0.198492253885909,0.160265268668953,0.606038552978206,0.326261278098701,0.130411102476287,0.496639771596962,0.495328399883362,0.327150399125263,0.176603577443685,0.50280037242325,0.60881518687764,0.282319502207357,0.489587480469174,0.00915428854374235,0.0405328274554315,0.0384074644833347,0.210703814885826,0.507996796335024,0.226414755396763,0.0918954341033361,0.175146983574841,0.590907734580413,0.124064189129134,0.0941637155477399,0.199657597047227,0.277907967160388,0.035279746417319,0.281390404472352,0.226161319155802,0.168270268542763,0.0888036144950974,0.13479794464555,0.246601334988175,0.0566406331711024,0.19138039725181,0.183339982157105,0.164840692623409,0.0713672372300978,0.282275705330312,0.136293562867978,0.038450157905096,0.482051415293363,0.0523652477554315,0.333090183272552,0.106342743481002,0.355754762715048,0.0662840845095571,0.588584155200018,0.248972779087074,0.377586559700852,0.416077212896056
