"","1","2","3","4","5","6","7","8","9","10","11","12","13","14","15","16","17","18","19","20","21","22","23","24","25","26","27","28","29","30","31","32","33","34","35","36","37","38","39","40","41","42","43","44","45","46","47","48","49","50","51","52","53","54","55","56","57","58","59","60","61","62","63","64","65","66","67","68","69","70","71","72","73","74","75","76","77","78","79","80","81","82"
"1",1,0.048853108143707,0.206320916938578,0.165909069964562,0.00174475190837366,0.0671658974378672,0.0682895319927577,0.0685104172300569,0.0212791752755293,0.0833525233279516,0.00281419605644323,0.0965011547371002,0.0608811118447604,0.0728364423634563,0.0644736898603369,0.00336090054241292,0.0181538273028365,0.2116836296834,0.110379955915749,0.0659365293340007,0.00912132595026782,0.0156492098438152,0.0259368859045341,0.0099376811979481,0.037282696361391,0.128125899318995,0.140997608732055,0.0552673366238864,0.0369784167224527,0.0740239901405414,0.00410713235565005,0.0116214635296205,0.110437880642996,0.0783836887630043,0.175783353986471,0.104642087943621,0.0561562455279738,0.160737265969558,0.00660698297311974,0.0106638608480246,0.0777274654520132,0.119799363273477,0.096518934481631,0.0778707616465659,0.12190035386516,0.101445431186546,0.0618956553830173,0.00820861266642216,0.0510437191010654,0.0264855355321656,0.0887472046946251,0.0277678366822329,0.0390875566632422,0.0650661216800187,0.0311067076460682,0.167409675331955,0.00922794357522318,0.0944853287995999,0.112009680107702,0.0401467574960686,0.0618738386094969,0.0387402497127871,0.0396095432378702,0.135385794137371,0.0934350737841009,0.0813715946848938,0.0136902871731089,0.0307094764999834,0.0576896338166648,0.0243270018903899,0.0290534455878338,0.105862289654201,0.0806193154900103,0.0483912642990511,0.0177598020349488,0.00308941934059399,0.00121864414971669,0.167563813372937,0.0104156283375239,0.0739845423430515,0.12568730995137,0.0332171590423383
"2",0.048853108143707,1,0.161936008699822,0.0863210191632704,0.222873962234661,0.123872951947498,0.0607632020745846,0.221740501940282,0.108785162452611,0.357088286129232,0.0769758434112412,0.0504455566192382,0.233863850224569,0.0858412154372963,0.111787212903927,0.289416769030097,0.166668907673498,0.138850706072775,0.068019316527643,0.246986147552472,0.253481087902745,0.365034513246533,0.26528670220828,0.0399673522663698,0.134271565733735,0.125084608641772,0.0452559663198101,0.209743816344828,0.0370706733995178,0.0632555296339626,0.254052573305755,0.0632578922977018,0.238427943483984,0.136205330967956,0.193436172004528,0.188577660987268,0.347234887539631,0.139263954905145,0.09391243721234,0.0638474907543727,0.0843339405928372,0.443431729690348,0.416141500394647,0.417507831252117,0.209037918001188,0.391827476747213,0.369151991039265,0.231690335795949,0.157395583620556,0.0954638863894803,0.0842162525112463,0.0887783023480869,0.142103074277766,0.0352730326545428,0.349227694666489,0.0692185190454865,0.0911547847054567,0.0478540314340292,0.107424698461165,0.28691783392104,0.318643660268202,0.0598178348140891,0.0927159920413705,0.328457969482475,0.203250865642227,0.148324260587451,0.269997953045466,0.209305462709012,0.308671767943297,0.0823501918831208,0.0258455095421965,0.160329405698445,0.034065502912318,0.0626137419636211,0.149224096637893,0.0854387699746044,0.136948590197746,0.27811506831338,0.242129614586572,0.151926497211898,0.109556288048368,0.0180732162275163
"3",0.206320916938578,0.161936008699822,1,0.211117032771454,0.169984762410768,0.324670065810564,0.0205890177520923,0.222221548607706,0.0489894343367703,0.289869046810018,0.299668464003517,0.20686284053771,0.272083577947594,0.238591962528295,0.105753443746193,0.274653067263415,0.137251534805981,0.318398786611485,0.140778610907684,0.30658404949066,0.0809565981904756,0.296463093325373,0.243779999561358,0.0312127282751441,0.0621982068607496,0.153790265245291,0.0594020599698951,0.297441523006593,0.0082018419733851,0.153405182996612,0.185429330533536,0.165454967061985,0.293809909971294,0.163018260802616,0.317054197753446,0.279330324196861,0.422721743426233,0.0184488289285217,0.0855470721067639,0.0385925629562015,0.0370480915884284,0.381533334103265,0.330700104004444,0.328648621715199,0.299180214820781,0.285651137369556,0.358212393759167,0.164836178704128,0.195175926221738,0.141389077208613,0.063120889543133,0.102427570060077,0.146422516704157,0.0469738732480722,0.314962202627595,0.0664044062450231,0.171028247618698,0.00807541973533646,0.00632127163917338,0.195033793719522,0.348560759291308,0.0225135210334269,0.110954598514619,0.471111334934512,0.102454436045776,0.0743657552232471,0.221998043452161,0.112545685791065,0.265279934953884,0.130447174909172,0.0925954113681771,0.0713408481440372,0.0316219908806173,0.0517475801315858,0.181637005725061,0.119011728064916,0.133977074835511,0.373910915521071,0.278174655438888,0.243413564777062,0.0190908437276433,0.139987397085292
"4",0.165909069964562,0.0863210191632704,0.211117032771454,1,0.103621004735019,0.199724197826937,0.0914607452317628,0.114858863320793,0.0866616495662447,0.105501042207645,0.184913616823853,0.145916234414789,0.170534268842826,0.0958520850134335,0.0369382104451384,0.171368022149925,0.00515880687986884,0.279986946511497,0.0236451894483585,0.203628127648399,0.00778616804210925,0.117236892217547,0.0692427306194551,0.192483991660622,0.1019204743357,0.157585456905116,0.0992038556095182,0.16140809643335,0.0188306184493272,0.0516951488605494,0.0545168630755457,0.131380962877944,0.284086546951705,0.10690881606687,0.104480557203758,0.193275666292888,0.304065059967543,0.0850774962979237,0.074932560916003,0.180302941636055,0.0196340570045508,0.179575694121708,0.169603879935297,0.164808272854034,0.130009061359638,0.115420621001349,0.241939982254985,0.18922130138664,0.21509025196881,0.0901345914659506,0.0430987419849386,0.232936526831654,0.171936041391389,0.0412955954375714,0.169221772767582,0.116557047236552,0.139077343027138,0.138995872224932,0.0131060158373612,0.074335898086965,0.312267233430855,0.0487787467868846,0.0209803559632194,0.220618429073949,0.0653474817398325,0.103902743812013,0.207078609416282,0.0250776510535427,0.166124329938389,0.0199458624486409,0.0803495251656278,0.0176576255551407,0.0606640713070407,0.0695012987737523,0.158014145682903,0.00349036411673147,0.0294890889919695,0.245551591539291,0.161536205863316,0.136335023401005,0.0885968078143681,0.0544514244062427
"5",0.00174475190837366,0.222873962234661,0.169984762410768,0.103621004735019,1,0.104097766031636,0.0267541241714669,0.0576453928271346,0.00999775332754047,0.244102512800921,0.211772651387586,0.145816549307564,0.0155118423244638,0.112109729222222,0.0244234969575134,0.163910543513482,0.0286416126111836,0.303578445419672,0.0194095523774939,0.312447858412973,0.0544113639573941,0.0880794947407999,0.0588505162174741,0.145552687106078,0.0853945068643922,0.0678725062657895,0.112333753118053,0.232809875804381,0.1362314873762,0.143785219750183,0.0237697813901399,0.0143863789272378,0.230469607830932,0.0230839856024755,0.139053761819372,0.0354371292307157,0.276085662417486,0.277756807803129,0.00968762282746557,0.216776483099712,0.152418472893477,0.256944272690856,0.323849859216325,0.201921149448526,0.314871010686824,0.174248974655161,0.145800814961705,0.0179153105071789,0.107728011418644,0.0676224413060578,0.0380590931607139,0.172265245193441,0.314725454007715,0.057921576598762,0.297867323894888,0.0210020063435928,0.132074890310779,0.18705168884633,0.0872800672357342,0.0181779661024921,0.357474771074853,0.0256952487720075,0.0662770108751394,0.312242038800257,0.0107344973404931,0.135783280204902,0.100312180038458,0.0429404079441848,0.199556826197989,0.00418137356707112,0.083626531810738,0.0342141684577335,0.0228170979665783,0.00644025416461494,0.155317513459224,0.016571064559577,0.0207691067579927,0.201542852412101,0.0676424525187115,0.114915578731844,0.07868601604685,0.135814684903987
"6",0.0671658974378672,0.123872951947498,0.324670065810564,0.199724197826937,0.104097766031636,1,0.0459692127993775,0.120919369089741,0.0232944532240847,0.0213691618214972,0.387405927178874,0.389745407977744,0.0999363764388623,0.221349370025014,0.0664004075720201,0.252933618848736,0.0679674006514955,0.484653506373027,0.00405001429303189,0.365486148558004,0.00314291919083143,0.196085488942485,0.0522866454329262,0.259031868429418,0.22678253457939,0.132489653759298,0.198976370315281,0.351630583411459,0.328883283459236,0.090327378540961,0.0416770754554784,0.375838664485489,0.441305641995,0.133787656254155,0.250797093377902,0.21671713354133,0.34989765159712,0.138831800980768,0.057185182824251,0.0070879398709819,0.0138087015638148,0.408811791945165,0.360382549246758,0.136366832046496,0.405183658364996,0.1752315923707,0.341368319796982,0.262319245289935,0.0800175889038968,0.345480674127495,0.313045359462103,0.282366807755171,0.0808121821354618,0.0143299896027483,0.232923238224348,0.256304280863595,0.307510531409013,0.189060302477034,0.243520423521571,0.151425970940267,0.365377354912293,0.299310569871404,0.0588454443874669,0.448465211714782,0.0617908766490475,0.300341701055855,0.0945983862553646,0.0153864548291151,0.393784700736574,0.11830124864613,0.0147980313082847,0.0353792998244003,0.0289799411129325,0.0048579111800935,0.289641484110288,0.123275643435764,0.111165701647322,0.152079668087883,0.299031586986469,0.0658925107665196,0.0447588651135491,0.0520090101411818
"7",0.0682895319927577,0.0607632020745846,0.0205890177520923,0.0914607452317628,0.0267541241714669,0.0459692127993775,1,0.122172180854525,0.140491941030214,0.123272449751235,0.124275557433956,0.0904523811305929,0.13185203151,0.122512306329924,0.192335616780452,0.05540870537513,0.0649933490382417,0.149424347212897,0.227557334496667,0.165055534522835,0.296751294182712,0.0234585749184189,0.0898585975439877,0.13151306384635,0.14112849214577,0.195208008058916,0.0321593754280401,0.106700566294245,0.143150407355002,0.118171720519831,0.0927745002830842,0.143137140189576,0.0944791361953748,0.00200180618317248,0.013579372488727,0.0873832844079876,0.0963374789883317,0.0854280481003492,0.174244137005666,0.001227089591409,0.00860579242090605,0.105217288276392,0.0290573619373189,0.079879233698016,0.0451240593008328,0.0254530930410637,0.0196438771357989,0.069567737592731,0.244621894930371,0.11575962669537,0.0849555433165668,0.151988773105689,0.0691923840107173,0.0153468617330945,0.190251719907102,0.0237299373899602,0.120385435349149,0.0593900479385582,0.0903207426725761,0.166307831329127,0.227980467233561,0.140531360178452,0.171364297021065,0.0541338160410572,0.0379798380465482,0.233223874715033,0.0173054191085249,0.00142838028361123,0.119780959403755,0.0170282063277698,0.108661876915304,0.0597309055524908,0.109598008531391,0.0706047850355638,0.0170889521852138,0.0930070706023657,0.0678605521980721,0.00719251967752936,0.00881823026105697,0.0265802207134627,0.053846439382653,0.0243263466070071
"8",0.0685104172300569,0.221740501940282,0.222221548607706,0.114858863320793,0.0576453928271346,0.120919369089741,0.122172180854525,1,0.0633749401049861,0.319616406422826,0.0342037404036317,0.0383007516196107,0.43809166443902,0.125470999888139,0.215391671740263,0.195055100924121,0.373245025198801,0.0335407178201163,0.240708432530025,0.0549840050956998,0.216237683657241,0.403303952981417,0.402726833325111,0.0602372114884495,0.00567698047202625,0.216094431669147,0.0413256453930774,0.0240600694228905,0.118377593604012,0.20743860941878,0.349086472795905,0.0276294242784901,0.138042414421446,0.15107882952314,0.197800762791925,0.314257726277237,0.398571446033507,0.094967328148255,0.108721519429923,0.0716027767815448,0.122930789242578,0.390692017387754,0.202199457537561,0.466419977530931,0.105303392528165,0.352742079670895,0.36555294930333,0.257627289287376,0.243374780960617,0.00359915352315332,0.165894039004194,0.104483157664337,0.118304528455007,0.114008652739097,0.274043755019842,0.102761309019328,0.166773389583717,0.162964019742093,0.280965027322763,0.311196982484504,0.223624111799784,0.130560369314975,0.304165396814351,0.347722565331403,0.325713281840505,0.00245852758652915,0.280810925917019,0.183930625430228,0.231740096984186,0.213163990733751,0.0952440816704931,0.0539988671682535,0.100254136807758,0.0821629476685898,0.203912572069087,0.181276257783469,0.110105423293689,0.377001746112356,0.333851358887248,0.286584405475528,0.166039771810759,0.150329360335648
"9",0.0212791752755293,0.108785162452611,0.0489894343367703,0.0866616495662447,0.00999775332754047,0.0232944532240847,0.140491941030214,0.0633749401049861,1,0.160337833882307,0.0320611533232799,0.0896692447301232,0.063150380343234,0.0102156737719725,0.190872143376703,0.0855942288252839,0.0581962550497403,0.091259827940827,0.0256921112233006,0.0472551553074476,0.284777161718073,0.173030558881383,0.221490914881459,0.163409099847569,0.0519577388972565,0.0293166050752304,0.140562405595137,0.0144073016845379,0.00817661555679692,0.198378943494597,0.150004588904409,0.23858985045752,0.137492058407947,0.0212574537627599,0.0755035914314731,0.0613767810689464,0.0914428138248749,0.0126971426455611,0.143751384252254,0.107431713574546,0.0382001130878865,0.128980317382838,0.1182516170337,0.118674419523019,0.0409763885083122,0.120295780624227,0.0623246871166179,0.000378695677249476,0.0695424189647976,0.0883831905039915,0.10127613226819,0.136619677033165,0.00118165023164305,0.0694208795190292,0.0252589359347448,0.114595754955706,0.0690279835771082,0.0485985368817743,0.107608513046146,0.106283285259999,0.0165289377273533,0.136068824112463,0.12939545106497,0.0187220550312208,0.123943440756309,0.0565078743790218,0.00362325217180746,0.183424253117243,0.16290880822854,0.0338132191078377,0.0575579800858859,0.157237070515036,0.193361403644299,0.0864682434490173,0.0683657314232321,0.0870018213409907,0.0183279372181817,0.110592674642879,0.0220795269098371,0.0469953815971854,0.0559722380355709,0.129881286626159
"10",0.0833525233279516,0.357088286129232,0.289869046810018,0.105501042207645,0.244102512800921,0.0213691618214972,0.123272449751235,0.319616406422826,0.160337833882307,1,0.029054174683034,0.0792695540343746,0.436654581615951,0.0898727639491685,0.339329849599878,0.196006830661405,0.340491178188601,0.0188726667301733,0.286439472830469,0.1859688574957,0.430247636659619,0.479440843893927,0.472513159498099,0.0865740719626159,0.0474943802093873,0.338691361736677,0.000264529187886956,0.103813822291049,0.148283585748815,0.293788265114131,0.453752770910596,0.244437003731175,0.126828552056125,0.268132003399497,0.280976683728195,0.269970715229301,0.38470193188597,0.0223341990395525,0.119990642454753,0.0366279270218005,0.07434173505951,0.492435959425292,0.463998091094242,0.508777533238623,0.136067697558016,0.413755072120289,0.349810847572183,0.116382448115283,0.0916424677984783,0.0563523077752304,0.227009792024543,0.0198486642291253,0.182252945974554,0.0468894821465235,0.416927749498127,0.187455944030814,0.00672887255402765,0.117922999580842,0.278746232061876,0.362157473508895,0.261675961814159,0.300095859522141,0.328347816191096,0.382767962107089,0.317702587661244,0.000195831453252989,0.334267173806634,0.33669542785771,0.33459900907417,0.15350266291353,0.15470175805225,0.21884683791827,0.212692002311164,0.16745886909153,0.207318769991991,0.158475458971136,0.141593022329399,0.495792601526012,0.315032072194398,0.225713179452845,0.105292390206629,0.10737836083013
"11",0.00281419605644323,0.0769758434112412,0.299668464003517,0.184913616823853,0.211772651387586,0.387405927178874,0.124275557433956,0.0342037404036317,0.0320611533232799,0.029054174683034,1,0.2952899270424,0.0740111376738166,0.251871575863926,0.171335819165692,0.248038574901048,0.217418049122342,0.453165418885333,0.217012975924303,0.412653468736856,0.112324589451958,0.0302856200368046,0.124092463162217,0.325559748578557,0.20279940891636,0.122699852164888,0.157533772502192,0.435716974924901,0.311209949450484,0.239050960121854,0.210908923394583,0.288452582898842,0.426019221240869,0.0474424041084579,0.107615422789916,0.107742743018922,0.314805838801986,0.213661522281739,0.0912573430577147,0.114544388978277,0.0844902700703319,0.23516651415013,0.283569238103476,0.0258433815165274,0.335821540644113,0.0554858774414554,0.204773152840348,0.119510425058065,0.146952364103142,0.299690409572444,0.323786886171929,0.243419130285694,0.126519359974246,0.0207133260035653,0.116367899895519,0.303741085115274,0.249581633576592,0.281416989099822,0.25933336357898,0.0386077177807496,0.418138381090476,0.372973786786744,0.251213705411796,0.324149782373879,0.00557811077943231,0.289539077124375,0.0146547543596321,0.117954391082185,0.251108127704638,0.00678648609944634,0.0237077666300741,0.0966623479819626,0.0839474648509004,0.0350002671953575,0.199546413895839,0.036012341703865,0.0483622919521483,0.102196028808872,0.139204034311993,0.0074587607813263,0.0332532557628968,0.0880623572598577
"12",0.0965011547371002,0.0504455566192382,0.20686284053771,0.145916234414789,0.145816549307564,0.389745407977744,0.0904523811305929,0.0383007516196107,0.0896692447301232,0.0792695540343746,0.2952899270424,1,0.00142839594505706,0.0928738821652329,0.0957210267110452,0.121379775758555,0.176620726701522,0.44102988564037,0.0323049951646781,0.30079450332705,0.0648731568366445,0.0364256242764996,0.0874058058523336,0.274049435158479,0.143552778039575,0.034295206980711,0.156478683175778,0.344229351258367,0.2800708547982,0.204339258357193,0.225471709257286,0.265909356953873,0.319696707447486,0.0746876787919121,0.116113224110452,0.0396480177226853,0.176799287885222,0.231220735695975,0.0861342848366419,0.142761535486797,0.151925370384657,0.206840553024842,0.2542032798693,0.0084582619199767,0.307099229280663,0.0973068833703342,0.150422124200123,0.0960761462935136,0.0349247458772782,0.2626005538434,0.311157497010631,0.266891287240396,0.0989690146939273,0.0462398273502773,0.109867238891733,0.2488171877276,0.218552602401768,0.254480458628087,0.29626136469497,0.00502572777391068,0.257428341768003,0.354410514076256,0.200421787383687,0.285560822052748,0.0293489169849553,0.224305397158848,0.0139076012724837,0.148021042488325,0.269765737445713,0.00998406405035607,0.00194608638345599,0.0400579916717495,0.0394070682815617,0.0558792367263047,0.19345274262326,0.088204151270969,0.0206372527359123,0.0343158778455779,0.0520564600159181,0.0252436650920082,0.0544981742894268,0.023477119802652
"13",0.0608811118447604,0.233863850224569,0.272083577947594,0.170534268842826,0.0155118423244638,0.0999363764388623,0.13185203151,0.43809166443902,0.063150380343234,0.436654581615951,0.0740111376738166,0.00142839594505706,1,0.112871058065965,0.187898466380339,0.0366778915675675,0.473751342754479,0.0240949249478337,0.333115587283507,0.0247875633162425,0.376556327120773,0.48177579419906,0.493910587066007,0.0837947161774305,0.140000790432554,0.346425073935593,0.0113448894714215,0.0022785968415201,0.221732857785448,0.354666519503518,0.415174929101078,0.102057653810956,0.131342951502581,0.266530131801007,0.199677518560475,0.33076387200889,0.446803410998039,0.128856790928763,0.118707778292344,0.0437404284685041,0.0915575937906594,0.445716557799933,0.265020807993518,0.526907655233366,0.136861509052468,0.419385132799293,0.421780479457102,0.248676260898527,0.239529468987726,0.0344811900438166,0.323038268913339,0.0403125153337418,0.117149683391137,0.137677875852208,0.336165313752808,0.151327697677633,0.106633470458474,0.21144847382946,0.337228565033965,0.393190094522303,0.158013347945272,0.30024747565042,0.374393096317187,0.321018771378345,0.380117216462949,0.100970881319321,0.34102858187767,0.260273680581736,0.227610170549393,0.16383576953294,0.0809312686184148,0.162417231237287,0.175834451392865,0.0979468647052896,0.182561735213239,0.167377541826532,0.134190629663314,0.38320201055539,0.432622747857565,0.286056946255517,0.225706871585863,0.241888681810366
"14",0.0728364423634563,0.0858412154372963,0.238591962528295,0.0958520850134335,0.112109729222222,0.221349370025014,0.122512306329924,0.125470999888139,0.0102156737719725,0.0898727639491685,0.251871575863926,0.0928738821652329,0.112871058065965,1,0.000731410979838691,0.23080710896954,0.0753376100303702,0.335212852084836,0.0851224555284584,0.277255797494199,0.0324848718710692,0.0543376183630979,0.0185278519733595,0.164681998524744,0.135391397272231,0.113375470201268,0.175498188233456,0.220369786188765,0.0778936470404767,0.108488094693552,0.0873588327601865,0.207031296718925,0.338149426260169,0.0350268366768929,0.294630967531168,0.208038068421518,0.294095805915273,0.0730564685182239,0.0712092389250686,0.10281753817731,0.0119113236510297,0.330022420214078,0.278562773098777,0.176271646422365,0.305134511689858,0.0941376545500312,0.160972976015301,0.213609361366334,0.0543317248587195,0.244010158813827,0.186056010544454,0.189070886285629,0.0920971130152621,0.0534900243538821,0.23650190106034,0.242781611637046,0.239584475555125,0.0963374035708915,0.0666944750925749,0.0883413416254597,0.273862694427981,0.148771120213512,0.0499563569147882,0.335981440596371,0.00977768796653034,0.0104870635435583,0.0107615994460853,0.0472466905644941,0.267763744816307,0.0287216020090096,0.0721584918101975,0.136612443623068,0.0901206607381286,0.0884453638592245,0.170522634227867,0.0705582668714946,0.0948080574222024,0.204399752325321,0.159570645330301,0.136449259727473,0.0253484506404395,0.0931715301538013
"15",0.0644736898603369,0.111787212903927,0.105753443746193,0.0369382104451384,0.0244234969575134,0.0664004075720201,0.192335616780452,0.215391671740263,0.190872143376703,0.339329849599878,0.171335819165692,0.0957210267110452,0.187898466380339,0.000731410979838691,1,0.102536602313868,0.262234416206548,0.160508429324498,0.241774403141533,0.0582487440544008,0.258092428157461,0.315553160395214,0.350236918904961,0.2309075207977,0.115958717776569,0.113359161265643,0.0808252828617763,0.033320592818516,0.075696208489363,0.246083106755726,0.293399080498278,0.206834706938249,0.099490608511834,0.117172119228299,0.195167483839926,0.089910169709526,0.0993825058038317,0.0372060735927783,0.0674789790752655,0.0453294386274263,0.0736660711311393,0.208924199550093,0.143117178004749,0.285800046136316,0.0919372878129937,0.145396354383099,0.15713773769567,0.0190681201776908,0.0132246126713811,0.114929733553543,0.27443936699894,0.0866355697106126,0.0227196105108718,0.00967262693603417,0.154604172383315,0.185368463033459,0.0908817129876866,0.251236141222621,0.256579670412011,0.284795234307397,0.0121890813337504,0.342031336342577,0.246932142505473,0.115950513911236,0.167937034713569,0.0351968639049129,0.265081405946022,0.225185483900915,0.166298342752992,0.144021455721333,0.190487281768333,0.129455452242955,0.140134041283316,0.179237357656853,0.100009756477983,0.105077114100337,0.0567768955305618,0.272995024462738,0.173185541195089,0.169718751982419,0.120679401511171,0.128466651117154
"16",0.00336090054241292,0.289416769030097,0.274653067263415,0.171368022149925,0.163910543513482,0.252933618848736,0.05540870537513,0.195055100924121,0.0855942288252839,0.196006830661405,0.248038574901048,0.121379775758555,0.0366778915675675,0.23080710896954,0.102536602313868,1,0.00383080264699781,0.353188889682333,0.0612597113398417,0.313230649506267,0.0369218634548014,0.204685054479911,0.122494452087253,0.0620428963410366,0.292654787655757,0.0721694822870259,0.0823370547301153,0.395895939137193,0.0502930003066052,0.063235035937589,0.00771858338508339,0.190081130621114,0.398395381902002,0.107143668926936,0.191681974954753,0.190860771717282,0.433777402222499,0.166856536947965,0.020752378685685,0.114184583223409,0.0128532973888925,0.364171723024975,0.383271887873176,0.269614085025089,0.306825673356293,0.22995668188861,0.226461681960838,0.183262837934445,0.234639372286161,0.195279667009276,0.093409841300206,0.244540724077639,0.12530000706933,0.0139547394368534,0.273496582088428,0.188108334245394,0.217980892767658,0.083462532834869,0.0748127005466777,0.173649295099363,0.42815880149025,0.0795847486186782,0.0459840564738429,0.373015500499278,0.0787097558608466,0.161541959816795,0.21881969666931,0.0467583391517208,0.289240937115824,0.0126355355016951,0.0378650862433999,0.0551713110717698,0.159243376872893,0.134101510984602,0.229870389362124,0.105412188950872,0.057318416584565,0.251632572806933,0.17803316954155,0.119993148988043,0.00164680175384403,0.0364557934151335
"17",0.0181538273028365,0.166668907673498,0.137251534805981,0.00515880687986884,0.0286416126111836,0.0679674006514955,0.0649933490382417,0.373245025198801,0.0581962550497403,0.340491178188601,0.217418049122342,0.176620726701522,0.473751342754479,0.0753376100303702,0.262234416206548,0.00383080264699781,1,0.382569743363968,0.32243264407223,0.120871526640736,0.272582966373679,0.495007247080246,0.568543412923762,0.245136060990291,0.261267576459149,0.231841732822323,0.133145068867952,0.139309521853445,0.316203556144594,0.472422207776217,0.575687012648637,0.260404886579513,0.101095113881191,0.379221856733429,0.06061975340463,0.325606942264432,0.332323561838264,0.224318407546923,0.0638126542378784,0.052434368065973,0.106223196242475,0.230972925135496,0.0456964510058453,0.468595334016632,0.00395886840534554,0.304598155520444,0.31985113164947,0.174679487301492,0.36076256701326,0.370324712447115,0.385522295246854,0.0997795874353823,0.0664159934128231,0.219294642934341,0.134618885054168,0.322454643784647,0.0740648911323554,0.436125285013901,0.507951176398473,0.452870472879492,0.078388764656707,0.513274495008391,0.514875381991368,0.170888658382836,0.336997801924944,0.0247714623373536,0.374210912244647,0.428440634318853,0.0140294761622798,0.251554721674517,0.154247497816051,0.200890852189096,0.238952498868636,0.110226381473097,0.0958051745315124,0.176032499989473,0.186592154969672,0.417539100101973,0.386385790734995,0.2091533203768,0.37919964696981,0.439349035451065
"18",0.2116836296834,0.138850706072775,0.318398786611485,0.279986946511497,0.303578445419672,0.484653506373027,0.149424347212897,0.0335407178201163,0.091259827940827,0.0188726667301733,0.453165418885333,0.44102988564037,0.0240949249478337,0.335212852084836,0.160508429324498,0.353188889682333,0.382569743363968,1,0.150506703574854,0.54290528583726,0.108959627404437,0.0222018148493285,0.186573477139304,0.391202712650816,0.371076835951575,0.0160477486860377,0.273685328582204,0.507387918455309,0.31950069879028,0.317077331151247,0.256220829482478,0.407533351726668,0.619490521086007,0.0271971630320437,0.297875753098036,0.147394682238546,0.395276399414687,0.317602977954432,0.0243472328369308,0.191657864805314,0.155258425803452,0.388145572982014,0.435405326318227,0.0826786195160384,0.483153163465791,0.138889073943906,0.255804278313063,0.254044302595836,0.0836361697372235,0.49234262278527,0.400083514484342,0.367075430585146,0.188581086801682,0.109555304678192,0.22576130819057,0.391082525524246,0.307810668101075,0.418951529528129,0.469050211629782,0.0833790012303858,0.531946126312451,0.454683023831008,0.266799972349741,0.473402576775593,0.0522011352974867,0.236836470727712,0.047030841713668,0.172093504192097,0.451662234175325,0.0135203972118979,0.0773557775689715,0.0721427275139485,0.173706070444266,0.0366669929305944,0.229746655193193,0.0125599425080618,0.0311302017936378,0.126108383380373,0.0960546290611846,0.13858584223641,0.182964168445543,0.180672978823271
"19",0.110379955915749,0.068019316527643,0.140778610907684,0.0236451894483585,0.0194095523774939,0.00405001429303189,0.227557334496667,0.240708432530025,0.0256921112233006,0.286439472830469,0.217012975924303,0.0323049951646781,0.333115587283507,0.0851224555284584,0.241774403141533,0.0612597113398417,0.32243264407223,0.150506703574854,1,0.0969545495373616,0.271500068808536,0.255194740686003,0.395272849432085,0.215723742908341,0.17704438936481,0.323898833717014,0.0525223707481397,0.232802707686631,0.228126057383642,0.265718240435479,0.299991880822701,0.131258098915731,0.0998485344053852,0.288993785127283,0.104868290517805,0.266349941129182,0.167156741149366,0.178621205918467,0.191314880922112,0.0525200253438224,0.0277548884433832,0.207722524674377,0.0781271729520989,0.348771526385195,0.0369811861802695,0.194204488893785,0.162259913337776,0.126947148756884,0.0370047126902358,0.0732107705806671,0.243411772580493,0.0963355145579032,0.0453129260356903,0.0924357031548058,0.273971338870885,0.15456216217526,0.0420813713713462,0.227538801532407,0.262367568555567,0.33504164890426,0.133677112439294,0.206856213160292,0.343551880436747,0.171181915443494,0.176711936827934,0.218055754830464,0.141452632149592,0.206346789500262,0.0763264759158437,0.131661833845167,0.00146725678313593,0.107390375540205,0.247269111173673,0.117868219468707,0.028982543804183,0.205716726284926,0.209036367738324,0.238363173282754,0.20841365323641,0.064689079092626,0.125364292145918,0.186674971203439
"20",0.0659365293340007,0.246986147552472,0.30658404949066,0.203628127648399,0.312447858412973,0.365486148558004,0.165055534522835,0.0549840050956998,0.0472551553074476,0.1859688574957,0.412653468736856,0.30079450332705,0.0247875633162425,0.277255797494199,0.0582487440544008,0.313230649506267,0.120871526640736,0.54290528583726,0.0969545495373616,1,0.0373875413756621,0.171641251359243,0.00644238438674558,0.207617111403633,0.295559801389493,0.0381857878544326,0.223297106182694,0.465144410951326,0.248538382545003,0.24884625480781,0.0646747105848804,0.260320242428054,0.500207068198033,0.0835968502310561,0.251443341797368,0.198567186555127,0.398620752156432,0.318621361874536,0.0632172323616647,0.163138260016146,0.00833149522318536,0.408519996488385,0.432423668849395,0.212539508768482,0.454186678225198,0.230071622462507,0.223472013757605,0.270878166218163,0.163041508431832,0.348478303496214,0.238852153451618,0.254180899784423,0.161143639437419,0.0333927455465682,0.254866447040558,0.241578618937955,0.262736497782868,0.2632690466052,0.210955589431716,0.0288554678274513,0.563478590353428,0.220335375032962,0.11349759103853,0.466010016753902,0.0718834132695982,0.282404144357285,0.17176460433535,0.0350697809047532,0.331923367652664,0.0353219072732077,0.0140460059405325,0.00568340141231479,0.0920243905934413,0.0614030729207854,0.260359634324989,0.0252560549744015,0.120251692585532,0.233165568548264,0.178854415821517,0.1263254021127,0.106715041943903,0.0627070791775804
"21",0.00912132595026782,0.253481087902745,0.0809565981904756,0.00778616804210925,0.0544113639573941,0.00314291919083143,0.296751294182712,0.216237683657241,0.284777161718073,0.430247636659619,0.112324589451958,0.0648731568366445,0.376556327120773,0.0324848718710692,0.258092428157461,0.0369218634548014,0.272582966373679,0.108959627404437,0.271500068808536,0.0373875413756621,1,0.318843281653475,0.445037621631846,0.144792535300041,0.105460793591838,0.235408364613817,0.0508351764464464,0.0341828144607743,0.0995813662369985,0.344592262298706,0.370679391247973,0.252823230848802,0.050070416582397,0.209875046052739,0.220263369778624,0.117380795934912,0.101137761128351,0.0985568178155568,0.292622633066259,0.190122939128394,0.139707118033713,0.311172876780574,0.224497070227739,0.37402375473992,0.0501839513330324,0.315629263946904,0.249622258651591,0.106298464640896,0.112522216921031,0.175400679404012,0.133544727474494,0.12511461363088,0.103123877555536,0.0234209731523122,0.366689416327669,0.232548486187129,0.0686752052148199,0.0990898494300637,0.135480296950354,0.35629046786983,0.0325333929259993,0.23572896646182,0.339380120701376,0.220745153321283,0.273482931463289,0.0859859840078446,0.241182645733952,0.322964470544448,0.29067002677375,0.192219617959105,0.0701995953256391,0.275833751084735,0.320133492059474,0.0984926963440371,0.0631687220431855,0.121317909028949,0.00564873250771082,0.237191396340524,0.212604868527738,0.19901171519756,0.0429121100935841,0.175810416705633
"22",0.0156492098438152,0.365034513246533,0.296463093325373,0.117236892217547,0.0880794947407999,0.196085488942485,0.0234585749184189,0.403303952981417,0.173030558881383,0.479440843893927,0.0302856200368046,0.0364256242764996,0.48177579419906,0.0543376183630979,0.315553160395214,0.204685054479911,0.495007247080246,0.0222018148493285,0.255194740686003,0.171641251359243,0.318843281653475,1,0.590612117599166,0.0962944556528889,0.0411975546527421,0.11705082810185,0.113328820800097,0.202432616998674,0.0292661151025677,0.305921025924707,0.499325105291392,0.0790189715919029,0.194144484391804,0.370255005021743,0.2224031589865,0.378398361201837,0.532831890953009,0.0461409160144637,0.0861240650128749,0.0611814585168289,0.148506840445923,0.561665346413879,0.415150462360504,0.600742329626514,0.249269160947784,0.453325083024906,0.45355099081293,0.249807282998117,0.346176114011768,5.80714229187269e-05,0.19192197694972,0.0592214200913832,0.013603289907336,0.111183846164997,0.294365372205703,0.155962290813283,0.0327691866776164,0.291319155401613,0.322803283958084,0.506036586636479,0.361051020659753,0.303061757459,0.343047658218518,0.410622895455255,0.412689449537308,0.150416432497857,0.443675384171595,0.36000688359418,0.340584289785016,0.226582909062362,0.183247467870321,0.221107712662903,0.185142049455476,0.142635313160928,0.315812289040274,0.206877807205454,0.182126048182753,0.460233640771758,0.478008840272402,0.315380698137985,0.327289120948966,0.248940277024073
"23",0.0259368859045341,0.26528670220828,0.243779999561358,0.0692427306194551,0.0588505162174741,0.0522866454329262,0.0898585975439877,0.402726833325111,0.221490914881459,0.472513159498099,0.124092463162217,0.0874058058523336,0.493910587066007,0.0185278519733595,0.350236918904961,0.122494452087253,0.568543412923762,0.186573477139304,0.395272849432085,0.00644238438674558,0.445037621631846,0.590612117599166,1,0.241057590243796,0.0829635939743301,0.226778874643187,0.0859109141149889,0.0439007654379466,0.177401234613319,0.424449600867579,0.570497850118083,0.279610151934937,0.0634181069417144,0.340413823628306,0.190530405080283,0.305396856116606,0.37244665635196,0.0916430197830058,0.151233383586809,0.0596264871498738,0.118679112019918,0.397590073984227,0.268879071984796,0.574503912169603,0.075041911741867,0.384132314936678,0.384967653512002,0.176919726373703,0.214085785783489,0.210538609069661,0.368161067708354,0.0191688867079854,0.0481715961159995,0.140940091500875,0.304013671307201,0.275951032604079,0.0519831667611838,0.329270612129699,0.455347761909765,0.481052761594489,0.165129228022698,0.441029898950981,0.43962982692214,0.301630886618915,0.424239488052489,0.0310015655622524,0.386887685208061,0.43344633174514,0.230259867735282,0.276384128191507,0.217390499080366,0.278310496779318,0.262975638050085,0.185561285800904,0.206221845833891,0.199679542087524,0.242518340157781,0.489766249826215,0.381503499215398,0.291597839440648,0.261393445262394,0.327128549050361
"24",0.0099376811979481,0.0399673522663698,0.0312127282751441,0.192483991660622,0.145552687106078,0.259031868429418,0.13151306384635,0.0602372114884495,0.163409099847569,0.0865740719626159,0.325559748578557,0.274049435158479,0.0837947161774305,0.164681998524744,0.2309075207977,0.0620428963410366,0.245136060990291,0.391202712650816,0.215723742908341,0.207617111403633,0.144792535300041,0.0962944556528889,0.241057590243796,1,0.231618358372607,0.125756704923383,0.17345902273215,0.265841087296068,0.259744981360882,0.196895955631649,0.182801305230742,0.27425962495595,0.377398656719489,0.11263734126702,0.0384253519106211,0.0158823565529361,0.130701846439292,0.15441036968961,0.0307446605088886,0.104815542837256,0.0346793557305039,0.0744682104168018,0.134647035163926,0.0602096805513135,0.209070903326267,0.0072494059717284,0.135192796396574,0.134869412102561,0.100974983881545,0.254681008991324,0.286186997393714,0.265152874890444,0.105241121043904,0.0291071001731407,0.0544123241528003,0.201515780788771,0.2345938410936,0.319105720079005,0.216627962026132,0.128940973354975,0.285190082592716,0.332521043710987,0.241690073692746,0.17966467326048,0.083892395280935,0.20353245159432,0.0751823341311329,0.226668661471341,0.205157516596432,0.0716996152996571,0.0136391577274622,0.103287310111338,0.167250556613393,0.0737091020056855,0.194173610443564,0.132260981579663,0.034057210749829,0.0874452502881556,0.0253552345300398,0.0278426818634007,0.102284347706122,0.160333062917126
"25",0.037282696361391,0.134271565733735,0.0621982068607496,0.1019204743357,0.0853945068643922,0.22678253457939,0.14112849214577,0.00567698047202625,0.0519577388972565,0.0474943802093873,0.20279940891636,0.143552778039575,0.140000790432554,0.135391397272231,0.115958717776569,0.292654787655757,0.261267576459149,0.371076835951575,0.17704438936481,0.295559801389493,0.105460793591838,0.0411975546527421,0.0829635939743301,0.231618358372607,1,0.111339848006614,0.122855597239456,0.273211617477893,0.249230128886961,0.177366080897015,0.218492586732037,0.30288317960583,0.30933009912305,0.0588448353217524,0.117780946252474,0.0362194786191501,0.211302283552373,0.166832804477265,0.055026508558707,0.0618159080702184,0.0176293396103489,0.143106542207769,0.262350927495408,0.048441667260627,0.234666692324878,0.0798763058704361,0.0991825577562312,0.136647755598357,0.122782375253627,0.419848185880754,0.196756370406603,0.249052124084603,0.0441639698995245,0.00642391277051766,0.0988561732593565,0.210344620119149,0.175735510120895,0.221218221449446,0.202668826703235,0.0144143907534324,0.285428075193701,0.251101510192671,0.229665610132942,0.200023468889206,0.0341381454540651,0.167784500736451,0.013587126820675,0.107119384359951,0.211504531942371,0.0089732479752118,0.098663213373302,0.120218472884923,0.15495401644095,0.0312331100170532,0.0603465158229795,0.086669193406313,0.000424077458467276,0.0439802915374966,0.0493224640385745,0.0477718171414177,0.0829761316617559,0.171007840494438
"26",0.128125899318995,0.125084608641772,0.153790265245291,0.157585456905116,0.0678725062657895,0.132489653759298,0.195208008058916,0.216094431669147,0.0293166050752304,0.338691361736677,0.122699852164888,0.034295206980711,0.346425073935593,0.113375470201268,0.113359161265643,0.0721694822870259,0.231841732822323,0.0160477486860377,0.323898833717014,0.0381857878544326,0.235408364613817,0.11705082810185,0.226778874643187,0.125756704923383,0.111339848006614,1,0.151952098355357,0.144329177056482,0.346277171250317,0.229353996878246,0.224972705506693,0.120658283691567,0.0653150108248963,0.184235230508143,0.101828231599058,0.186477893349119,0.215760694396391,0.0990363926130161,0.1693227322217,0.067819761116313,0.0285173147541274,0.210256770253223,0.183542573419182,0.371826985379733,0.0191063516327391,0.184250233416827,0.202652260329484,0.131653361049996,0.0636033999865842,0.128487261178436,0.220864299371255,0.0210396552580838,0.276875356238549,0.0377799035586062,0.325081732468982,0.0423944255113506,0.0286785583081448,0.0802183627195762,0.186923209905749,0.264579822362033,0.021674116948823,0.234690574354883,0.293099138005489,0.217167376319964,0.128376991396324,0.263257504915263,0.197417032041598,0.149416908842846,0.0955268283747943,0.0346068991586016,0.076259498260342,0.0556744304236315,0.145588059108516,0.0755368789762878,0.0518796825735404,0.164322619715843,0.067601398687557,0.279991633290374,0.157651634682607,0.232062525272979,0.0145121003507819,0.0639623110199103
