"","1","2","3","4","5","6","7","8","9","10","11","12","13","14","15","16","17","18","19","20","21","22","23","24","25","26","27","28","29","30","31","32","33","34","35","36","37","38","39","40","41","42","43","44","45","46","47","48","49","50","51","52","53","54","55","56","57","58","59","60","61","62","63","64","65","66","67","68","69","70","71","72","73","74","75","76","77","78","79","80","81","82"
"1",1,0.0922646576496982,0.200785192892711,0.0244850304316147,0.179301517591268,0.105334258146879,0.0834402815971791,0.193849290605986,0.307170044431328,0.351965801932141,0.355521388585551,0.47282105416473,0.229609449065293,0.184652137037663,0.270430262586345,0.288306322673645,0.386232209645619,0.334074238143823,0.160406047403289,0.230921874063855,0.0805930972361968,0.394821633772763,0.421495449599673,0.196957467698992,0.0926359732171753,0.308982795574637,0.367649468474175,0.480723084553267,0.413798944231621,0.387025119533472,0.112573360232348,0.424105732683895,0.403437211599684,0.21015508681855,0.294855584380221,0.0904950301073657,0.299809853778144,0.0391831649910933,0.193957670966384,0.258378399915524,0.24872856898189,0.27790812944065,0.287776394060786,0.342833489751877,0.00330335320860155,0.332349632539125,0.2544596675677,0.144710611549247,0.0309499890474696,0.446483385078321,0.442234868241114,0.388528038360062,0.018933895752743,0.0479648874818187,0.229448988010345,0.533773770296793,0.298038724153822,0.33361492552991,0.097235751730207,0.474564102663006,0.264252619417828,0.452142322485317,0.420477177800127,0.293960068958602,0.531312046858013,0.208194488672068,0.332599994041006,0.249027799493955,0.171477978125407,0.287327570116609,0.368413634501594,0.122316934896733,0.124992867939177,0.266986267357632,0.0899710750008285,0.252077378014601,0.0827560452961376,0.102006254750409,0.0631546275998262,0.113105653341541,0.377671790606053,0.413422854025253
"2",0.0922646576496982,1,0.116689701517903,0.0192596799567822,0.064045188101407,0.0873151584201221,0.0406604997360758,0.0669176891676711,0.0321978540550142,0.0654882152755687,0.119921688706764,0.0129735617670474,0.0765568549624822,0.0147504275303446,0.0378653255805749,0.0349975716312022,0.0789222067118089,0.0974988915101004,0.00757040287538142,0.0154639059352778,0.0156037569298921,0.0532664008428298,0.071378410852031,0.0872129544075047,0.0622610005949726,0.083961553778919,0.0974556486159784,0.0190472659887903,0.0779038439876369,0.0697794489837331,0.114415798545389,0.0730220045514652,0.0102477039650747,0.186674920142286,0.0375043585454205,0.0271641320053357,0.0267625419693959,0.147132363422454,0.0143807329917917,0.00957258187782394,0.0203408855353866,0.0120167138643623,0.0424567399270787,0.117326320880588,0.054105426601475,0.0165097522312477,0.0521118627434741,0.0453602512042335,0.0161422867331209,0.0417832756582252,0.0220458065293522,0.142935088239883,0.177478491429771,0.0230408432680122,0.149756341087678,0.104693250020554,0.00696063921151323,0.0022768597195416,0.111566649268148,0.00470475616236438,0.0124477211162921,0.0130427224674864,0.0316503707695262,0.000852024044625646,0.0785996304288509,0.0172566476187197,0.0235539456351689,0.0232750631851816,0.00376543721513332,0.121226900774016,0.0603990132346645,0.0287100005369315,0.00918030152144122,0.102393439708811,0.0809943752282265,0.194175434811552,0.0713596762659494,0.0462861259757169,0.0322699907354128,0.0942051336565755,0.0199225721739885,0.0295933254625947
"3",0.200785192892711,0.116689701517903,1,0.0726242712940022,0.149551603768621,0.0137948142778843,0.194181436974546,0.0430089564281877,0.0105833094187687,0.21898276671796,0.381206737496065,0.371888204876956,0.0534222185371567,0.308163965941138,0.227746316919275,0.131572334029685,0.346564353208121,0.276346421743654,0.125509806554139,0.308049406571379,0.328419863970612,0.288010648280664,0.31147911931715,0.267028651132186,0.0501055649040631,0.0635396956990417,0.14428574779083,0.260553742379078,0.121845218442729,0.235561930048054,0.123877027222641,0.415330644530148,0.200263318765249,0.116015862216042,0.000979263697510697,0.0707243662813693,0.232955296309485,0.0706408629366369,0.0867184334617946,0.279616006771145,0.272476274443296,0.270879964507482,0.35772540420823,0.217464628641659,0.010067448176508,0.205884185854087,0.11400883842229,0.0647210515554388,0.0727764307531223,0.481684445683743,0.380204614500013,0.234535422427493,0.022055883929781,0.045599092714473,0.1461599399597,0.451671924950398,0.409838430482828,0.406599381700024,0.322625035453945,0.372902480861679,0.235375017707687,0.409485773697537,0.473905185940206,0.254953333592534,0.456759419579917,0.282565134815994,0.342822619227007,0.420607985993941,0.0830846059605549,0.216827516547235,0.323763623794622,0.0692230629568808,0.0410395814163879,0.123220424513088,0.184409154559946,0.340184927841405,0.0140727354366175,0.0615584911029555,0.0297347075309135,0.196680059139147,0.266043598053745,0.426269120526199
"4",0.0244850304316147,0.0192596799567822,0.0726242712940022,1,0.0662735921287724,0.145700699277749,0.0793752735333624,0.0127386989478086,0.0413782073223654,0.0200827927254054,0.130207332908184,0.0345072330952017,0.100482882257687,0.0321124379152587,0.0374357635822843,0.000828610931547526,0.107925936339842,0.13853222842966,0.00187878815119638,0.0926159019524758,0.0662624170454221,0.0359557783512893,0.119748028694274,0.117972399296045,0.0865094021922823,0.0648757569240024,0.01623455781621,0.0217784929954565,0.0303440883115491,0.0917856679642668,0.0737882315013078,0.068526708773367,0.0891060040226716,0.12429796112484,0.077773178622013,0.05332846933742,0.0249798957609198,0.000399301652651137,0.125677514644742,0.143598712328474,0.0106642714098836,0.0709518890815726,0.0412726326919467,0.000616233539936182,0.0608100975296657,0.127332079984608,0.00500730093810574,0.104173543268351,0.0562033583375953,0.0538450679694826,0.118607422542319,0.0422227876374137,0.0403971519651406,0.0686768969329946,0.0292394829164763,0.0757265794559307,0.115931238821441,0.0785629585003676,0.134069680836288,0.0687284108409629,0.111598279128742,0.0588496086442201,0.113339160931241,0.110104170690834,0.0203859399091639,0.0317927315523433,0.0592978637281435,0.0258041831632239,0.159157522680244,0.142423264247466,0.0103147395593995,0.02166964253617,0.120106314139619,0.0735259592172093,0.0243595601185351,0.00918105227769116,0.0174384975673147,0.0618059249606136,0.0204265115062737,0.00796578762919446,0.00375839013313122,0.12101020706408
"5",0.179301517591268,0.064045188101407,0.149551603768621,0.0662735921287724,1,0.123892922823784,0.0440481295292834,0.058750324108693,0.0941253972730816,0.10856742236285,0.0458474200571514,0.0628478297786931,0.0557850768527418,0.0917055633318284,0.183851255113678,0.00913131626065744,0.136853346385604,0.259068218255393,0.0171302656107969,0.0784373950590652,0.198956048547418,0.22125822770928,0.108665164472963,0.00168431873795342,0.0308251225957425,0.243411878516509,0.0454259723382281,0.173633836280485,0.155600530046986,0.169152723207262,0.145995296958763,0.157772353327208,0.154258049777105,0.0623109300777016,0.285708371576506,0.0408292417973588,0.110302200406232,0.017753646406835,0.0169045883571966,0.0730757990253034,0.0278266505221039,0.0221785258120073,0.0823321207588322,0.245147956774792,0.0662714961077544,0.182270036343308,0.146917922702513,0.00130159887838844,0.0116430990116989,0.128726932916232,0.182893920335578,0.345469219593889,0.157858915493204,0.0649547902857602,0.33753354577295,0.160232764792133,0.206504858037265,0.110366765020781,0.00562514786337236,0.137911207150538,0.246177948200249,0.110336544060114,0.0822501865251502,0.0195617904603362,0.15447972673391,0.174166136891484,0.170500645061268,0.0951262308517688,0.0890506528298072,0.0255728034560784,0.0968478830241013,0.21997529594328,0.306503697606759,0.0847350198588614,0.00104197717527244,0.111462185469064,0.017061791398223,0.14398723091539,0.0918767010083833,0.111139015139129,0.180863132769461,0.208968899765009
"6",0.105334258146879,0.0873151584201221,0.0137948142778843,0.145700699277749,0.123892922823784,1,0.110208468579983,0.158346192692252,0.0210812474131511,0.0625432698230897,0.107399292581087,0.00207476953407754,0.134373292752494,0.0621555090627348,0.0979971057389669,0.166725069217866,0.293635095153026,0.39082067400485,0.0693350592161946,0.119700964613985,0.234249482539917,0.136958259296217,0.21532557507175,0.214413860481616,0.137048325600325,0.0198312430868485,0.085805335232044,0.156932440942944,0.203875913191174,0.163554796999016,0.207362249653329,0.123187686560791,0.156810233155182,0.277148209576111,0.123151106976269,0.0384454658501336,0.0467710145071764,0.181296904807298,0.107957884671616,0.0773474319950395,0.105193666329684,0.212702178535066,0.07201652610525,0.0386395944754938,0.205873703724434,0.16504401354789,0.0520622953580635,0.0267710882789981,0.0201291411281135,0.115830966137566,0.208863501902468,0.0333416812756099,0.175733048982582,0.133920917909402,0.121166014705083,0.0333178031253926,0.162735913896373,0.16801469441066,0.251868157148945,0.11034286335852,0.136389852964879,0.214159990428417,0.0844615758997964,0.0675989106727984,0.0351036115766861,0.167657378843713,0.033972397329576,0.0893438100473047,0.186992050685309,0.148553213554398,0.00563735344427311,0.212369248956531,0.0887847221773063,0.11904421071561,0.102580968976957,0.0973500312183245,0.121468203840008,0.0525465754969679,0.00416334181035914,0.211577897727813,0.182665139274811,0.161365076523824
"7",0.0834402815971791,0.0406604997360758,0.194181436974546,0.0793752735333624,0.0440481295292834,0.110208468579983,1,0.0835901916788639,0.118970295883881,0.0754938847602858,0.134519974692412,0.0544602979908047,0.0142563131030361,0.153370784283202,0.0652245222157422,0.00486770889099675,0.178856293133283,0.219894787418175,0.0165158083884969,0.181717483915056,0.204955882126989,0.214984426036802,0.106000252215447,0.149755896232914,0.00742305636558125,0.0566634400527707,0.0627600085537215,0.0967456390178515,0.128644129504165,0.232937636764297,0.128694916084721,0.212385964377753,0.151056749771382,0.110396734107703,0.0302644035674616,0.0978148045821867,0.041315585052275,0.130016236630738,0.00902071151644109,0.178091662324407,0.0321997059402155,0.070186804030363,0.0252544540421101,0.0670716339341797,0.0974887224979618,0.0832846778032147,0.0312604069834711,0.184239294213453,0.0936458828650843,0.183711066863546,0.176365360467242,0.0883405859352587,0.0258200394889891,0.0677459057491876,0.0957737406795653,0.142704731410852,0.165336727754209,0.113990635233725,0.0888624687495796,0.0715566031616396,0.101011622552708,0.193717808031728,0.104063852894354,0.0651516188584347,0.116689829660312,0.13665714467714,0.133723366124593,0.194284477700066,0.0681630757759826,0.060409447555948,0.0680234953793304,0.0762824802689924,0.0447003512528253,0.0408948226008018,0.0159587430473632,0.00636121078321476,0.0264727846757903,0.0891456728469253,0.03732297566903,0.13304498047362,0.0353877497576769,0.165056744157956
"8",0.193849290605986,0.0669176891676711,0.0430089564281877,0.0127386989478086,0.058750324108693,0.158346192692252,0.0835901916788639,1,0.181849222661855,0.185981041676579,0.165710138363012,0.144937207496442,0.187365940877992,0.0292414910259571,0.135326293240302,0.0744097749617268,0.157797299979667,0.231631589993052,0.00112460367396996,0.00925380406128166,0.00734333456289796,0.107590116257423,0.216828300366284,0.119381808604287,0.00142192876107434,0.147858758417156,0.122633678605587,0.302379183469073,0.29693087345597,0.188416279395399,0.0772374798331896,0.131492271238515,0.19331570875749,0.0908031971205206,0.192805276538889,0.00822127050094383,0.134160243747753,0.0611358365277986,0.0242849579697725,0.16249300912304,0.0443860233156383,0.0254699186006634,0.017109974366716,0.137992370037134,0.115757303735303,0.157422120403486,0.0513651533283897,0.0774008196149574,0.0198665095434376,0.147016489601672,0.210536194896012,0.126824596922274,0.0372871516676268,0.0239869875753882,0.195448309485896,0.234745193311934,0.0802176726948723,0.0783568198195164,0.000958718129565553,0.157942187593035,0.0998668591624498,0.192953867888517,0.10935261522311,0.0764281773134067,0.175445236269165,0.105938648789094,0.119516864987848,0.104650005514649,0.149673735640678,0.0861593537096566,0.0427862226838854,0.0531938862774271,0.0516014383035172,0.050035068262351,0.0278480636478737,0.0695806269831032,0.000238465308192319,0.0507374791699953,0.149798140838661,0.0464908186817489,0.173543874447845,0.171866700278191
"9",0.307170044431328,0.0321978540550142,0.0105833094187687,0.0413782073223654,0.0941253972730816,0.0210812474131511,0.118970295883881,0.181849222661855,1,0.310705455194001,0.341857116741963,0.264226219331705,0.322271824302976,0.14409971647519,0.211561401878454,0.0117162641015612,0.376007579301142,0.39825190349875,0.101607526874876,0.143821053930423,0.13417919907756,0.25963605876403,0.397932682689932,0.32055479110441,0.145627167983787,0.126327883660967,0.301744548567407,0.358218939989438,0.522077379424936,0.365504631216077,0.237249936430022,0.367192952526305,0.335191154047458,0.269761262587479,0.262451035583037,0.0291483499272143,0.200882186451627,0.197148276616777,0.170708710334947,0.256827650519931,0.137098758964074,0.139381101951714,0.104657549810528,0.138522847075158,0.167013902005292,0.279632988565139,0.204824944301972,0.050806267965763,0.07205749420751,0.319815106372248,0.359010986950137,0.0780765833697418,0.16431254216393,0.0811408259017991,0.10775183673672,0.332878806442347,0.143112267736828,0.235921206645086,0.180042215462205,0.302396847592112,0.0946411672022956,0.4125603318208,0.2461657240069,0.289163997619546,0.290912497133317,0.199089867558413,0.257159890741601,0.103582858438182,0.190133213914509,0.343813189420972,0.186574809378182,0.106423930838539,0.174403825263568,0.244601228366817,0.0193296403795773,0.0154869382005869,0.00252165921207714,0.0790528963483773,0.00846056481474483,0.0421101416593606,0.247962961568431,0.238767110296517
"10",0.351965801932141,0.0654882152755687,0.21898276671796,0.0200827927254054,0.10856742236285,0.0625432698230897,0.0754938847602858,0.185981041676579,0.310705455194001,1,0.42186905824322,0.404152942590101,0.244467561360041,0.228167579056347,0.237907776038406,0.146604347181457,0.44283204772742,0.425927093079778,0.195461436040564,0.314408831332179,0.159469292931581,0.331064198383126,0.368224238220647,0.192779065350636,0.191869841536888,0.10708290476626,0.294572762501319,0.473979772330512,0.429969096434623,0.360503018893854,0.127342115353947,0.437106168352522,0.46363113973375,0.356875377354426,0.21529545570396,0.0389905137422493,0.255936899801056,0.165996925468185,0.145085736567513,0.231096543855773,0.171455112486998,0.112063803462167,0.16228399571568,0.32449625558015,0.150314103219048,0.285089838006991,0.154865779812398,0.156458091845693,0.0522343317002211,0.455947319573468,0.442470212094546,0.265715610441598,0.155331703671349,0.0310297567209455,0.121400106806649,0.451201620110808,0.320982054969939,0.384674588518518,0.217177158891864,0.366196725185676,0.334329589521719,0.454274088980862,0.406337020007832,0.298608177161089,0.408721096402796,0.14720640775513,0.328028101056741,0.349109731736305,0.133841420371364,0.298132419175407,0.30127315739278,0.056443885676482,0.0150154896155739,0.183395611299804,0.11156385947332,0.156427998121681,0.0392371179602359,0.170787360749102,0.0223266761955465,0.0916047770925048,0.27948749195467,0.38588042673269
"11",0.355521388585551,0.119921688706764,0.381206737496065,0.130207332908184,0.0458474200571514,0.107399292581087,0.134519974692412,0.165710138363012,0.341857116741963,0.42186905824322,1,0.608156679138513,0.291631062134397,0.352358282216561,0.421148434503222,0.128513887690197,0.658978904552338,0.567647461988155,0.273829761121468,0.446928350703598,0.382126701591884,0.464682815038409,0.637196675109034,0.4789531035606,0.208569263117044,0.0163218211623384,0.428754454383623,0.545126819162692,0.504709589807817,0.511723067399132,0.292557050543031,0.609072437115118,0.509327868436943,0.373829586475356,0.173942389268177,0.11179681527662,0.346590061093171,0.267066323855826,0.0279142095153866,0.449952593174067,0.285580364045345,0.312125111321585,0.3693621108063,0.278296146274168,0.115108476450468,0.397045318950601,0.269754086137339,0.133331285596452,0.0421450223862471,0.709947185500012,0.667368210926637,0.221804652579148,0.263949437090874,0.0236549759319296,0.138352352938591,0.644854137804312,0.514179660292202,0.607900650518537,0.54433366263213,0.588982804853121,0.312298468931837,0.682045481673805,0.641381233559617,0.507308308557386,0.587917239957367,0.266225331184758,0.487408601054446,0.458717286344779,0.246530045597721,0.521686054056863,0.421982690403746,0.0765521649764261,0.036067944276394,0.368998531823817,0.224684321851484,0.119139375897703,0.0919535089783171,0.0782653564240458,0.0139990511248042,0.215308216414647,0.368630910306792,0.612656905228512
"12",0.47282105416473,0.0129735617670474,0.371888204876956,0.0345072330952017,0.0628478297786931,0.00207476953407754,0.0544602979908047,0.144937207496442,0.264226219331705,0.404152942590101,0.608156679138513,1,0.26549697923394,0.310901767947127,0.325531228153611,0.111470177467703,0.620520149721234,0.467767485090361,0.30219882273375,0.410013963659987,0.330418584672525,0.430637661756258,0.604658156844043,0.328620811190571,0.150405425296205,0.0308947229223727,0.422047085371624,0.536174644664444,0.471117264439346,0.458146414970256,0.173519073489861,0.602271132134991,0.503232640031403,0.308435660931724,0.135307435506145,0.138496783218171,0.37961085607269,0.157469959368233,0.0660690528622981,0.368256456431099,0.352332981930241,0.309483972529702,0.454147604235036,0.381687294435362,0.0594991336948211,0.409637498193369,0.170524948160851,0.202796182268901,0.113261099712947,0.650999211693748,0.622367379207559,0.241613846405792,0.217583033388596,0.00376756231348821,0.142649577025173,0.612968559532336,0.502874677490797,0.632831602469913,0.477046318110858,0.591071862055196,0.352580739885135,0.635415895810491,0.637367589920652,0.499625938949811,0.609443516691095,0.19824239111182,0.518015916290508,0.402716864415474,0.171431140561754,0.475624538108799,0.462394038841484,0.113836809314396,0.0104918433216345,0.401333018045963,0.236708503428181,0.221941445912318,0.1050008262439,0.042000653821467,0.0308714207889987,0.2078367177072,0.507206516926055,0.586011716059034
"13",0.229609449065293,0.0765568549624822,0.0534222185371567,0.100482882257687,0.0557850768527418,0.134373292752494,0.0142563131030361,0.187365940877992,0.322271824302976,0.244467561360041,0.291631062134397,0.26549697923394,1,0.259786902206646,0.186637660856082,0.0394231953345636,0.325704259644884,0.362193443746882,0.248969179471106,0.148427432689814,0.135768227786304,0.289157921079669,0.444882461616583,0.350297515824109,0.196132670345501,0.0542124436921713,0.300737841674883,0.358744730895209,0.426011526397923,0.271990678855903,0.276193443346964,0.267866851005574,0.276472918521246,0.364975446246356,0.194403114743924,0.0111223834833968,0.160681468494616,0.240140346699036,0.0282095109910534,0.215893087419318,0.115780418449238,0.191010557359897,0.172191198068148,0.0538645650745188,0.0518597334157917,0.303450729072154,0.184246945939195,0.12789780605829,0.0533035036078528,0.296721171757379,0.338398581980803,0.0744501653988186,0.29188447164902,0.00406008652326777,0.0593794777800171,0.292901800242721,0.191458020504028,0.23305841594027,0.263865404892452,0.411780324316977,0.207129019474328,0.373345170520123,0.266362050209442,0.308698977978158,0.218402517899873,0.217724088272935,0.158900195226584,0.0713521959896205,0.218219857298075,0.378044139443595,0.144696542863244,0.0846198464621438,0.0233972708998128,0.213554565607909,0.114953475459418,0.0876735556289406,0.0271450022357912,0.0162701583464393,0.0259659850158767,0.0206475555408502,0.114556891417688,0.208681495702422
"14",0.184652137037663,0.0147504275303446,0.308163965941138,0.0321124379152587,0.0917055633318284,0.0621555090627348,0.153370784283202,0.0292414910259571,0.14409971647519,0.228167579056347,0.352358282216561,0.310901767947127,0.259786902206646,1,0.2472629104682,0.0715120258423726,0.320461761376314,0.37594185263144,0.224652175976951,0.342285879383104,0.355911698218726,0.362601127509969,0.367482260159869,0.201845660637917,0.234325528298468,0.0398241190887701,0.254684084964267,0.34556029491819,0.347695630540612,0.358014569644798,0.24340572894256,0.401348683461056,0.285576347786278,0.197656240101216,0.134553765173029,0.0563475171162227,0.197345513405037,0.0860423058673915,0.0906498939151632,0.259881765783043,0.255315545999066,0.121170364297318,0.325604993005882,0.135535822546771,0.0373195274150882,0.21594169933746,0.210284639231565,0.00691617146802491,0.0748525539173229,0.422378529509683,0.356549194541937,0.134142353018378,0.146553652541916,0.0813089951192031,0.045046506944443,0.345051458322944,0.355216632873766,0.40767914340993,0.409425746817158,0.373514715928011,0.295506281933314,0.38926431810248,0.440120941005289,0.32721879580709,0.327404910444062,0.23493650734644,0.245302021192829,0.292281299809375,0.142277735845156,0.3131361164059,0.198558179403693,0.00699026475127008,0.0060069971978539,0.118120869286909,0.24524786750415,0.183733199692082,0.0963386099522167,0.0349689036310838,0.146392530258633,0.168359943069206,0.250019859778236,0.362754637833611
"15",0.270430262586345,0.0378653255805749,0.227746316919275,0.0374357635822843,0.183851255113678,0.0979971057389669,0.0652245222157422,0.135326293240302,0.211561401878454,0.237907776038406,0.421148434503222,0.325531228153611,0.186637660856082,0.2472629104682,1,0.0372377904815464,0.388073853124099,0.337230994951117,0.167902093153535,0.249373866460881,0.291271820251001,0.351156654587963,0.428871214608587,0.260359972555078,0.165102643132309,0.109241155991966,0.305483800052886,0.414205507598629,0.354976016975763,0.316482487237835,0.194059988111008,0.389757960672226,0.41526245214936,0.293745098628043,0.182336576532153,0.0976908214019048,0.152994711107019,0.102436537486162,0.0471215688061839,0.273717821970999,0.26613590202253,0.203550283643649,0.22764446027572,0.19624505519357,0.137987758114511,0.338783373974856,0.174186109436075,0.173970006602828,0.0300607547561448,0.426986762491129,0.480931802885407,0.194686602469988,0.0794622184297239,0.0266625366342024,0.194399001499016,0.431753517685066,0.325579969094438,0.429084355234076,0.317006572798139,0.475370901954484,0.231337404754806,0.443107200707303,0.44857599737359,0.323029341873492,0.400272206247657,0.248645009487006,0.275426420800582,0.338056428542484,0.137308949493271,0.298693678170733,0.36052617273715,0.0260860429195211,0.102573171442727,0.215039299320235,0.0488924206589227,0.170700292760012,0.00718820062647863,0.0411416919120046,0.0251302058495711,0.16232059866591,0.270043662075206,0.418665685055817
"16",0.288306322673645,0.0349975716312022,0.131572334029685,0.000828610931547526,0.00913131626065744,0.166725069217866,0.00486770889099675,0.0744097749617268,0.0117162641015612,0.146604347181457,0.128513887690197,0.111470177467703,0.0394231953345636,0.0715120258423726,0.0372377904815464,1,0.00959936015278477,0.033228482292683,0.0337450719844132,0.00236158396002723,0.140621084096005,0.0430860272336076,0.00386298892097423,0.116849360301701,0.0758807489972062,0.195721296417078,0.0186109256729287,0.184361629384711,0.0336809859710888,0.00481746319820518,0.170528232379674,0.0666965016896885,0.108797354428456,0.00643919342207958,0.135794518428036,0.0292357785693821,0.0726890650731124,0.114555122932998,0.153459566095315,0.0791041936970413,0.00126509617400595,0.193161313871422,0.00749798160503026,0.221321712506887,0.146254471498876,0.0335008141349525,0.0560240576539131,0.0924818098030176,0.000390729074901839,0.123808486828387,0.131147626038941,0.281641501645223,0.0970179361079749,0.0408310577436193,0.163232946590815,0.229818407406893,0.0434424251353217,0.032987264976519,0.196771489072747,0.163555817812243,0.155899762876249,0.0297585621116579,0.0811460920466935,0.00349169067000987,0.15523420135569,0.0200368581222087,0.0680634080368255,0.196878425784695,0.155841102748498,0.000633495095858721,0.0662130942806276,0.0697758542931536,0.0235126314595673,0.146211170553961,0.0595275685584253,0.184849256116978,0.111893239869939,0.0554361891548814,0.219272253323482,0.014183149124631,0.0353974119561964,0.0629615072946611
"17",0.386232209645619,0.0789222067118089,0.346564353208121,0.107925936339842,0.136853346385604,0.293635095153026,0.178856293133283,0.157797299979667,0.376007579301142,0.44283204772742,0.658978904552338,0.620520149721234,0.325704259644884,0.320461761376314,0.388073853124099,0.00959936015278477,1,0.666863570258951,0.293933172850495,0.456609264552323,0.408646863334053,0.497522554562816,0.694603849735225,0.507792565120435,0.228640812123119,0.00366141861898201,0.423960919467461,0.567742188315915,0.579241453183345,0.573048645693107,0.350521084729219,0.671653499848741,0.508526133037941,0.489949373030626,0.188775439778613,0.111667001299461,0.324766673758557,0.324775482202784,0.0347118195710114,0.455658114863598,0.327331614262968,0.198204762478733,0.305546695134928,0.322087815550841,0.288434911074117,0.458730610888635,0.264881778446812,0.110839784255522,0.0187435481987528,0.712314862697556,0.71008133857625,0.177971354478819,0.326910971368718,0.000273883384314947,0.0782059443233194,0.598841460011186,0.507260723539028,0.695100525819833,0.593795523801493,0.570469014497427,0.360402634772237,0.723716034955575,0.640748862957093,0.519173479855212,0.561168342060228,0.377005245216549,0.487377842798944,0.456954224153435,0.349449786016844,0.533239630255702,0.416014831378475,0.0457129370455947,0.0409691337092447,0.329864911666527,0.165928440564945,0.111887883564814,0.0361712892624912,0.0264771077624335,0.0694949047992489,0.290382603178908,0.482714087901475,0.6214297463064
"18",0.334074238143823,0.0974988915101004,0.276346421743654,0.13853222842966,0.259068218255393,0.39082067400485,0.219894787418175,0.231631589993052,0.39825190349875,0.425927093079778,0.567647461988155,0.467767485090361,0.362193443746882,0.37594185263144,0.337230994951117,0.033228482292683,0.666863570258951,1,0.305421613547463,0.436933262439517,0.473465318714017,0.539992411647154,0.657763295241854,0.478516590949585,0.299985780631225,0.127056430637843,0.410137681514084,0.636126570215888,0.606955372510025,0.614373219257667,0.42905683112408,0.589101323685694,0.591014640129062,0.489898677556193,0.343552411045142,0.079100222780734,0.200377565864148,0.355981410934486,0.0130326746235899,0.427942315097461,0.252830255568591,0.140777141239258,0.290678837340565,0.333807541175481,0.220687970909049,0.425752488953987,0.315452277397384,0.0808809729103601,0.039155911365032,0.635241803050812,0.652752854256422,0.357592652927413,0.239184434596317,0.0703065062451919,0.261047105055778,0.576265029354918,0.584452674368466,0.579255694261314,0.501884166233774,0.55525077743431,0.487156681413324,0.680623113469826,0.554018957322654,0.374185074979268,0.553728037368368,0.35406376202854,0.433740607953968,0.435662974492834,0.332665304400458,0.468108054610944,0.3313217755962,0.0937142937662007,0.117672424321124,0.2346180236223,0.106427898747304,0.12277856897852,0.03810324412833,0.076812140537904,0.0503841653636283,0.258041161731498,0.463874152551331,0.602075612721698
"19",0.160406047403289,0.00757040287538142,0.125509806554139,0.00187878815119638,0.0171302656107969,0.0693350592161946,0.0165158083884969,0.00112460367396996,0.101607526874876,0.195461436040564,0.273829761121468,0.30219882273375,0.248969179471106,0.224652175976951,0.167902093153535,0.0337450719844132,0.293933172850495,0.305421613547463,1,0.263750255594854,0.224012280099438,0.277194267301429,0.288422725349754,0.0811078260766062,0.287404604065862,0.0250643521686518,0.208784698536347,0.323691166347775,0.275015504651231,0.258925858798369,0.124767881324637,0.297780798091931,0.264580991610369,0.213478567334929,0.0148560902937564,0.0428005685464147,0.10521773110224,0.181817157688497,0.129483358854274,0.089640011138267,0.205393658202888,0.0584384330341629,0.31583664427097,0.162654113598873,0.0917739523353046,0.141099858105801,0.117045975211232,0.0217997993348627,0.153233366973884,0.315365474849708,0.279530037517789,0.037064639274609,0.171624619604157,0.0617780266971084,0.0321074980267528,0.229760200998742,0.235323917891476,0.357574235621794,0.357880544946726,0.279996217021977,0.328393001050112,0.255689652418025,0.369374349891326,0.239860885892371,0.260341314496784,0.0833289012019772,0.194494186994634,0.219081173569545,0.131818462997709,0.253159929560004,0.156250756700734,0.0248604199510331,0.0448487628659284,0.143458495049095,0.115287424852713,0.0226603286922012,0.0492436962046148,0.120653909724972,0.188529999604273,0.0197145995163912,0.264391999479164,0.200338145978204
"20",0.230921874063855,0.0154639059352778,0.308049406571379,0.0926159019524758,0.0784373950590652,0.119700964613985,0.181717483915056,0.00925380406128166,0.143821053930423,0.314408831332179,0.446928350703598,0.410013963659987,0.148427432689814,0.342285879383104,0.249373866460881,0.00236158396002723,0.456609264552323,0.436933262439517,0.263750255594854,1,0.402633018577644,0.402850929991493,0.377205758433953,0.244028027271976,0.160175775858014,0.0264440686366387,0.22658600068896,0.326791934666501,0.308482980205669,0.408798134666461,0.303762794649432,0.428689733196499,0.416203682404399,0.25110683701684,0.102014741327878,0.0539527975110639,0.182518802329597,0.314624899384058,0.00242484594237769,0.207833882002997,0.276018037792754,0.129765250219207,0.375706054049889,0.321298011747686,0.0801490349243911,0.209334960936138,0.217174506676134,0.0663598157427699,0.0846646571275232,0.520358306771294,0.443064203385591,0.153447868919378,0.18812861716291,0.0851403285751008,0.0836485660312137,0.374897697963392,0.490890082339285,0.525011616074629,0.440338680850798,0.384629776704114,0.3813551660456,0.423195349320447,0.46743249621476,0.355712602399554,0.373479086617967,0.114895414913345,0.342106851927772,0.390676747279519,0.126463993889403,0.452812393222913,0.249664842935615,0.0704330107171052,0.0177231687327619,0.191356886719348,0.229944646476451,0.205099397371395,0.0271540052391053,0.00495084281937834,0.0306734199293858,0.17441817677439,0.297376862582388,0.458910648995434
"21",0.0805930972361968,0.0156037569298921,0.328419863970612,0.0662624170454221,0.198956048547418,0.234249482539917,0.204955882126989,0.00734333456289796,0.13417919907756,0.159469292931581,0.382126701591884,0.330418584672525,0.135768227786304,0.355911698218726,0.291271820251001,0.140621084096005,0.408646863334053,0.473465318714017,0.224012280099438,0.402633018577644,1,0.323032854039802,0.374554608310194,0.372844763992824,0.190596894361985,0.0283857070641015,0.247708941597697,0.282029121609029,0.283490981844223,0.382818225352445,0.337611388487278,0.442214520203788,0.335798899861573,0.279600805004602,0.0854950187452568,0.130661822880232,0.0543802580817193,0.257785409986852,0.112156874319173,0.297913991049293,0.131139302564677,0.0731285420768361,0.247789845660842,0.265236464536148,0.0993307391350128,0.176790583106691,0.0838384072604833,0.0194233464313047,0.0113957871699506,0.419250788611731,0.403695008823157,0.200058403998951,0.156406710239326,0.112941359078612,0.131462959351664,0.312559638516027,0.410890603629002,0.434466795730151,0.434379965939949,0.317929544364072,0.31480876999798,0.486635177803784,0.38734210204992,0.298851844831995,0.315288937599901,0.282713973894219,0.269308729671249,0.298673392227032,0.202189408767826,0.354715729198894,0.197821465821078,0.162916511203846,0.112130583439934,0.0435369257171641,0.132092801195335,0.107002918286301,0.00753210497921827,0.0496768136560136,0.0947187701963175,0.216932663141643,0.308667082908407,0.444290350408853
"22",0.394821633772763,0.0532664008428298,0.288010648280664,0.0359557783512893,0.22125822770928,0.136958259296217,0.214984426036802,0.107590116257423,0.25963605876403,0.331064198383126,0.464682815038409,0.430637661756258,0.289157921079669,0.362601127509969,0.351156654587963,0.0430860272336076,0.497522554562816,0.539992411647154,0.277194267301429,0.402850929991493,0.323032854039802,1,0.478008960972694,0.362865052843885,0.148624210207903,0.179677919081422,0.40926541598617,0.531481649573764,0.45158489413562,0.478911123016263,0.290167208534721,0.474095634904801,0.480190008051461,0.379380435282638,0.24926757181276,0.101040579276675,0.23984332870023,0.248808631649572,0.0881039772538408,0.307855745710575,0.397384903414504,0.295484148707376,0.395891894571762,0.315946793733353,0.169599397633751,0.368851897602684,0.246358201849251,0.0928425279637123,0.00132009711357741,0.599366905377031,0.555515945983135,0.243112239167237,0.160968747414676,0.0479047387746238,0.216846091582244,0.566883035093337,0.45211258870199,0.521134418730778,0.354687817416305,0.522124627971769,0.381516038968046,0.561396599107847,0.457557314579877,0.36323948722437,0.53655245578384,0.313292296836472,0.370962426061381,0.324217230058352,0.225099297296045,0.442940462236516,0.328633194786792,0.0157085109896833,0.034114399392495,0.183864967016818,0.224464905030255,0.192200510737154,0.00549826635007532,0.0346839406460672,0.00524837607183502,0.212805922840895,0.426875819402871,0.560749880210413
"23",0.421495449599673,0.071378410852031,0.31147911931715,0.119748028694274,0.108665164472963,0.21532557507175,0.106000252215447,0.216828300366284,0.397932682689932,0.368224238220647,0.637196675109034,0.604658156844043,0.444882461616583,0.367482260159869,0.428871214608587,0.00386298892097423,0.694603849735225,0.657763295241854,0.288422725349754,0.377205758433953,0.374554608310194,0.478008960972694,1,0.525586426609498,0.273308814911229,0.010334377048697,0.506807398348724,0.602794808714992,0.606421123314186,0.534833066620607,0.336590401363946,0.65754403653343,0.497066958565867,0.462599452804455,0.233420324178216,0.124032640091402,0.333536212923448,0.259436921899623,0.0819948118626984,0.459964284528483,0.305517874292302,0.287919817303882,0.331579757820097,0.290265342578118,0.202802429210684,0.541409882691246,0.26560920300454,0.132248478046878,0.0799878322224597,0.685324528614916,0.692648974953583,0.173666327554011,0.322497051299628,0.00636527468362663,0.104910208197575,0.656314340710559,0.522505171922562,0.606665874161128,0.584090758885709,0.657001107657811,0.326835972353835,0.730443483434363,0.667237873765707,0.503883329062175,0.617699321650492,0.39619661565872,0.451975454505945,0.37602420676101,0.371502117770834,0.52613959064239,0.430280484038884,0.10191543938234,0.0783421075180239,0.413683474523819,0.225167117128381,0.0917753244754914,0.00757874252661996,0.0077769265753168,0.0782805018695365,0.230746030129764,0.410197739839311,0.627907813212753
"24",0.196957467698992,0.0872129544075047,0.267028651132186,0.117972399296045,0.00168431873795342,0.214413860481616,0.149755896232914,0.119381808604287,0.32055479110441,0.192779065350636,0.4789531035606,0.328620811190571,0.350297515824109,0.201845660637917,0.260359972555078,0.116849360301701,0.507792565120435,0.478516590949585,0.0811078260766062,0.244028027271976,0.372844763992824,0.362865052843885,0.525586426609498,1,0.136547731985302,0.128516347988671,0.247296113643098,0.344067803288299,0.365639393443305,0.421955765361797,0.384502541526739,0.465136041804066,0.280901323341407,0.356070974864289,0.065990002834189,0.127987086981653,0.26379177001729,0.316041648112269,0.0128048648729634,0.404312732994739,0.242321682559835,0.227399293806275,0.224950038813885,0.0215492200585021,0.163979175973912,0.274650649548275,0.193682253549393,0.0534597540708788,0.0868615269364709,0.497325102966871,0.488115007760334,0.0179123120129841,0.275332697665171,0.0225927377017348,0.0424785764880572,0.456604362865717,0.360371415265708,0.405583604109797,0.457908443448541,0.372695118316925,0.0495846594321503,0.583295133552242,0.409901496472425,0.341388186658469,0.352515162230285,0.432472494341899,0.280985095151685,0.188822947071202,0.298438287445603,0.417112498509523,0.235299535886342,0.0343781570800831,0.0226547807124536,0.177397542058782,0.123675504802131,0.053920285485659,0.0358931028755041,0.198093522445372,0.0665045543680379,0.187213422603334,0.198832861355199,0.449778802697658
"25",0.0926359732171753,0.0622610005949726,0.0501055649040631,0.0865094021922823,0.0308251225957425,0.137048325600325,0.00742305636558125,0.00142192876107434,0.145627167983787,0.191869841536888,0.208569263117044,0.150405425296205,0.196132670345501,0.234325528298468,0.165102643132309,0.0758807489972062,0.228640812123119,0.299985780631225,0.287404604065862,0.160175775858014,0.190596894361985,0.148624210207903,0.273308814911229,0.136547731985302,1,0.0673852087217791,0.208420968934061,0.201708484769609,0.219451530266856,0.219012343292676,0.255559255156657,0.217696816643084,0.154292294123962,0.155194078852151,0.0829891975011082,0.0425510571541462,0.0419552032269204,0.172973188069727,0.0602878579348177,0.109368818749549,0.0848913453743812,0.00980771415149558,0.123783455236829,0.137225656018875,0.0509878579761276,0.106876516362947,0.187430344281376,0.0217676422749479,0.0700431760743646,0.167047481740396,0.184426067642386,0.00298447053954686,0.219710751847144,0.0260093410693929,0.0642244627217295,0.108448131462468,0.160781892115525,0.231060133282193,0.330740805701397,0.171107857906754,0.177656196570672,0.209346487166097,0.191477429252729,0.174551110849039,0.138052634173367,0.128428102731723,0.0972365364876348,0.0657880270554127,0.176103864630622,0.220405836295599,0.052033423207135,0.00224567129795542,0.165319337877041,0.0886189325935744,0.0504832555183261,0.0922866720792666,0.034936741142345,0.00712390266742676,0.142156401200577,0.0338076746814232,0.158792458070132,0.0923462763888552
"26",0.308982795574637,0.083961553778919,0.0635396956990417,0.0648757569240024,0.243411878516509,0.0198312430868485,0.0566634400527707,0.147858758417156,0.126327883660967,0.10708290476626,0.0163218211623384,0.0308947229223727,0.0542124436921713,0.0398241190887701,0.109241155991966,0.195721296417078,0.00366141861898201,0.127056430637843,0.0250643521686518,0.0264440686366387,0.0283857070641015,0.179677919081422,0.010334377048697,0.128516347988671,0.0673852087217791,1,0.0502563238684676,0.154514627472451,0.188876194189237,0.069765448800282,0.00623100990422201,0.00151469189470887,0.180409864831662,0.0678304008078242,0.140269371138562,0.0558919079911493,0.0568358064324531,0.00471725468567719,0.235981960621517,0.0389452787144316,0.00483989385940468,0.0214287896028426,0.016848359176283,0.244880283282895,0.109423545483104,0.0900581136791353,0.0840848432313787,0.103842259292519,0.0374049295217697,0.0379398074551921,0.09019969372618,0.296070720017887,0.265133506741051,0.00794847241212707,0.185390020405687,0.182824806871681,0.0345679972827013,0.00594027429221328,0.206845197922803,0.125567238119383,0.155204813585408,0.05550160249769,0.00177045719010249,0.0879449972005478,0.149529929239548,0.00858957075791971,0.111020657049277,0.0819366583809703,0.0129299016713723,0.056218946129259,0.0919889451312549,0.0141199878268417,0.0869982502269697,0.0107879352320922,0.0695434337595783,0.21203613054791,0.0386941569215965,0.188002173122048,0.173540333192495,0.0456264755715019,0.141929558798605,0.0698057526440145
