"","1","2","3","4","5","6","7","8","9","10","11","12","13","14","15","16","17","18","19","20","21","22","23","24","25","26","27","28","29","30","31","32","33","34","35","36","37","38","39","40","41","42","43","44","45","46","47","48","49","50","51","52","53","54","55","56","57","58","59","60","61","62","63","64","65","66","67","68","69","70","71","72","73","74","75","76","77","78","79","80","81","82"
"1",1,0.0487840529867234,0.0830705199747799,0.247826601470973,0.0380720625514539,0.312694968665724,0.271259014673795,0.27919944912766,0.11984413610203,0.302853645510991,0.00492213804455271,0.402598751214992,0.228120160492363,0.0906274152800731,0.189798115499155,0.164714833734943,0.0310078579364963,0.280598795811178,0.179855505557884,0.326453214669777,0.0608971529193036,0.215468421930746,0.0506272785280041,0.117282897256597,0.206431531058524,0.00282318819199617,0.181577835022169,0.258537055738039,0.230885798732214,0.166965950646904,0.240595197431987,0.105520937447478,0.300086514827803,0.390481405548508,0.192598571461377,0.316230982757006,0.402782230105753,0.220674736895013,0.271952289495157,0.153875203840895,0.358937563901347,0.465193179445074,0.216100282613993,0.0258829162843863,0.0181907881906951,0.116231245332248,0.185843459807037,0.031845073386726,0.229378611599338,0.301385735290072,0.179010122429598,0.111778832952977,0.132312679786414,0.13312480589319,0.202866790518688,0.198830766070535,0.213757558140909,0.0895847277216741,0.0875827530413438,0.228123687204334,0.0037002237929751,0.244430280811154,0.326691053762214,0.108235154351986,0.311103161135443,0.243132352132092,0.430938027040506,0.0219097298502569,0.0888242843663248,0.0431863148585451,0.199094704930324,0.288747925825659,0.0673452013769793,0.272721320018755,0.364826889454686,0.160342093468498,0.203609959030838,0.294680389429571,0.390452565106076,0.0131771866761592,0.209136935998587,0.282488501306411
"2",0.0487840529867234,1,0.00887310626508592,0.096285118368804,0.0238508102573705,0.0275428830614354,0.0760426606087888,0.011959665243278,0.0694166363363348,0.0517358294494687,0.180990337067284,0.0854141634973334,0.0288421661732749,0.084896430002734,0.115835028024746,0.109372431285176,0.10947697835789,0.0866375692428647,0.017192126989117,0.0486103661800066,0.0257039348215357,0.00830299806584299,0.021481473202867,0.0555254239878555,0.0610768029639233,0.0937841408868116,0.188243034483968,0.107740343219143,0.0309036118481317,0.013969583744845,0.0751002844005269,0.159990061464979,0.102864980855176,0.0527649096142614,0.0444273746442788,0.0314050460620582,0.0280312418983588,0.0697161338737144,0.0864303631321525,0.0227162028369515,0.0438549061468055,0.00684509883973972,0.0557671342510771,0.022352373480328,0.215777054791317,0.10389722984761,0.0282866655006062,0.0561397183121324,0.0133924159394839,0.0590147448972723,0.094155311129662,0.000810351611597741,0.0647707292640761,0.0355311674980736,0.0878290598565547,0.0473064170044061,0.0582872864796263,0.14495285090313,0.0173845364480832,0.0142919716778759,0.182315031745882,0.0614067435000512,0.0144252319858171,0.00913345511732249,0.0640651531157587,0.0559041709264663,0.00175894613493346,0.108923133064932,0.171952853524129,0.0193610560107751,0.0165394087807565,0.0447263013636575,0.0430660861713579,0.0330021741634607,0.103345116507259,0.15155917020624,0.124982437169025,0.0134594489897144,0.0108422342000347,0.000965032529035728,0.159557965370028,0.0935620945877047
"3",0.0830705199747799,0.00887310626508592,1,0.200923411326052,0.00219678284558963,0.145105235118778,0.0935766984906688,0.211788075186256,0.0731145866231048,0.00155661306837135,0.201136050416575,0.0739926313332811,0.00733822967403981,0.0592384965522983,0.0326670836931179,0.0972466080721224,0.24158265662918,0.212832776564101,0.202359698345468,0.0409938237722368,0.028944566620771,0.0277504703748006,0.174621793659367,0.130881615722163,0.00308862398478395,0.0538577228048495,0.0354592676045587,0.170421149484349,0.246199169004694,0.218521979542842,0.162273150488702,0.230964948400524,0.0764866333354975,0.000520212931475635,0.110554777926389,0.0953872377978558,0.0641992532137829,0.0209665812586595,0.0297677318126539,0.109910061986352,0.0360060548921386,0.10816987319264,0.0695562485334788,0.182679836264629,0.135692493619819,0.000113004326931725,0.0339160789664653,0.0585605701057898,0.0343812382823299,0.0994308366465159,0.261897770287666,0.210361896684457,0.0577195309458248,0.171937924397092,0.148663817141549,0.103446844224783,0.0289701466654443,0.294591009142512,0.30478118958655,0.0788597488658612,0.225001001255674,0.112426560660388,0.0674577068230696,0.192341391577963,0.0179615875616134,0.0848148626408794,0.0462153703581271,0.217421226710007,0.209054155952932,0.248976002412181,0.0782100234825167,0.0995119238583958,0.0177401688251483,0.0110339003939972,0.0130618820858733,0.0130687174536064,0.000964310739580724,0.198769315915739,0.00608583398872313,0.0534154344494747,0.0308749810835837,0.118181018788593
"4",0.247826601470973,0.096285118368804,0.200923411326052,1,0.212056257517378,0.458450802422856,0.500704911084516,0.155238869752848,0.300902674533001,0.254192866997101,0.123262162489234,0.506838432804014,0.213972407848722,0.0492359665893947,0.252322005492148,0.329966116704253,0.0558930133325386,0.462459896185125,0.40463543611783,0.307164647787373,0.291069812905082,0.172972754711432,0.0850200479671561,0.182475368381357,0.000551818386383192,0.0759232204828622,0.190007606889686,0.472392111054106,0.660995902069779,0.298469285292433,0.285004692637632,0.471256985313245,0.401341349330295,0.452206414481662,0.243239545956613,0.37242626909381,0.506398168068342,0.335408682787281,0.351854201289408,0.164283879819593,0.361682405808164,0.644802646368972,0.591289541248207,0.267502381367462,0.148137691499701,0.0259045066854118,0.313943053085362,0.170024805995339,0.486573399373512,0.518861018130279,0.530956512807071,0.352312886199837,0.123422483550663,0.0908756871308451,0.165092700342609,0.326025836575576,0.140236281176332,0.278499295352838,0.254192710057345,0.343838465858596,0.115036262646403,0.385940181572215,0.503564575834929,0.257502687721558,0.195267975712191,0.289459579096293,0.560991849230414,0.354277758866563,0.0451839110948178,0.395742200092433,0.411646849523316,0.223577081058397,0.254982437575692,0.44997629157392,0.549619162151592,0.234643497242306,0.465367165903607,0.190853873638478,0.638996527548603,0.251101460437226,0.363979568462163,0.551912217272153
"5",0.0380720625514539,0.0238508102573705,0.00219678284558963,0.212056257517378,1,0.179049580983227,0.0783037371152678,0.0794677420619059,0.117269781468101,0.0536261564538735,0.0025808312567766,0.0971271045939319,0.116586056868104,0.333368906574007,0.0289967199150841,0.1113386462814,0.0749744906259454,0.19736856517679,0.0572218955735925,0.0166188651529646,0.311796505151601,0.0682248889014585,0.300067555795342,0.203160243236078,0.334492902135032,0.088244740323485,0.285641355690297,0.0111823146153777,0.0847898467149877,0.0873278763437535,0.302553761617786,0.000137616489744296,0.162948507990913,0.0237321242522542,0.0892769149335543,0.20327620992753,0.0565726118834741,0.126877895106675,0.00806362065758208,0.0695238216924324,0.124513285317749,0.14956059510124,0.0928117202489005,0.123747671071046,0.239783402577614,0.320004162119371,0.0527094878226587,0.0292939216139183,0.0178300593154833,0.0910533984251324,0.00284649268071198,0.408303412045159,0.196385056834789,0.140564147381022,0.0771230469892164,0.235371235174084,0.346884513786839,0.0186296570426696,0.225066278041448,0.0417648137737105,0.156321168036751,0.0316474173582656,0.162971017622843,0.0212225678930609,0.100303754062905,0.129787380849008,0.125275393008922,0.216787143140059,0.0644567777798729,0.0268447853990453,0.0562415918292851,0.127372766382878,0.329168961161257,0.0420466800508164,0.121770948068213,0.0495712853605375,0.0572468446813568,0.0542098636379211,0.113377806543783,0.0737795882718632,0.0461702017008532,0.0340926765509772
"6",0.312694968665724,0.0275428830614354,0.145105235118778,0.458450802422856,0.179049580983227,1,0.325399830691266,0.491545325403553,0.359895079975432,0.230793140163333,0.285767269800846,0.305671758223745,0.057300387666606,0.170694371730901,0.157468394740953,0.266292865022674,0.489268756290372,0.0333652175795986,0.095331087941991,0.0406818276164939,0.416875794122599,0.0208749548893413,0.34766536435427,0.127232480275715,0.0124283127617142,0.111255533440907,0.0618552193486865,0.0501685898183446,0.160904616184863,0.0983158105505271,0.0652658959662096,0.0654702169305114,0.122558409926738,0.316528626193857,0.0917367431212119,0.395351087598206,0.54490553495519,0.0327311662085116,0.293508672678874,0.0625891673834204,0.243801666583664,0.730317083790084,0.495920528279545,0.151552756604203,0.237845556610252,0.0624551208812137,0.203998393728922,0.225516223442424,0.37476810102022,0.116610258862383,0.0486172825772972,0.10949972594341,0.264999503479258,0.398421411197943,0.383063168800961,0.0997708306894357,0.0149573383303598,0.200374473070343,0.133939887618493,0.0152644678997562,0.31809610450398,0.0701994409886339,0.217808791283005,0.498714550615608,0.0518563714675816,0.131404159653151,0.488243550759533,0.101026667734627,0.278466189212051,0.0445598308444272,0.192360176197807,0.138308426898818,0.388297472218983,0.415539307825835,0.534734966994726,0.163563569532229,0.354377954766002,0.43358437351168,0.496424894709064,0.122285332039006,0.121452751623822,0.155448617681323
"7",0.271259014673795,0.0760426606087888,0.0935766984906688,0.500704911084516,0.0783037371152678,0.325399830691266,1,0.238966905292565,0.165728632432306,0.240518370980321,0.0518294136140499,0.37787206510143,0.196591059775791,0.0454545159180076,0.198144700069485,0.300954374363607,0.0382063907105277,0.303086439838363,0.24495915817101,0.333150738493046,0.173275074876456,0.237818022468648,0.039554967485454,0.136535488709736,0.165197413205769,0.0262225577266951,0.0979249069751075,0.340238522849545,0.501912799702537,0.265435970886295,0.216052837585835,0.251678909198133,0.349625660119573,0.360562083352683,0.0899105505646733,0.297362180548598,0.327447070598425,0.211650952124605,0.144676345655704,0.202639211382055,0.37930906078382,0.474800092872572,0.354007260643026,0.112810703228503,0.0490450997835519,0.0501502488908959,0.227550641297115,0.129513673823268,0.330222807045679,0.379198581059758,0.37400263217624,0.173608933935602,0.119306090535906,0.0417403443851241,0.146645345733757,0.262166718323406,0.229964450279555,0.203672959021014,0.180310623695155,0.317967469199023,0.0167738249609449,0.314421014177437,0.364276611275645,0.116458386157738,0.227507548578823,0.303184478418142,0.455306394570772,0.19084975133302,0.0330481084540984,0.274146964864312,0.2677678248748,0.253064753247241,0.169781277424119,0.362744033208934,0.370888480667009,0.145256798585442,0.307293846120869,0.139131363720456,0.492008078419206,0.069883534374096,0.222498218383228,0.395725210427599
"8",0.27919944912766,0.011959665243278,0.211788075186256,0.155238869752848,0.0794677420619059,0.491545325403553,0.238966905292565,1,0.181429564994142,0.2137058888394,0.255687792787479,0.237663372275506,0.0198649529168166,0.0741673885527726,0.139158979953852,0.163290288123563,0.327328614410746,0.00559280235233545,0.0556559930055502,0.0757543735872175,0.248438352848437,0.0249313472651089,0.204587930564841,0.0103755128657321,0.0851464119098064,0.113759894756316,0.0382087391614944,0.0529872241819178,0.0537037643475826,0.042030935027331,0.0462143453192214,0.154436542318872,0.108860418278689,0.243476388515312,0.00726204742457256,0.356845857543321,0.338210062001492,0.0257037837408664,0.134328956484949,0.0034509828576806,0.258565384977655,0.51436362285434,0.195044296723684,0.112119397382448,0.155013414040607,0.0136650459016482,0.163175864831986,0.156429163288022,0.220928592568871,0.0792789956206169,0.000861472857691677,0.134313326351475,0.251255346358545,0.272353822096511,0.229942647133297,0.0967602303377413,0.116628326821645,0.22107123764099,0.135963887395178,0.018357850475964,0.275632301783675,0.0537657879271223,0.163287382583327,0.305402821866421,0.0367914737269836,0.105093556239235,0.335699586700659,0.207026490988573,0.194398425652091,0.130395199066686,0.0445030280168992,0.156199672352891,0.190905363694911,0.27963049655761,0.313439772650307,0.0366030514583418,0.150966354456877,0.288819713624466,0.356331866007593,0.0606047217036383,0.0541775018242858,0.07913390396472
"9",0.11984413610203,0.0694166363363348,0.0731145866231048,0.300902674533001,0.117269781468101,0.359895079975432,0.165728632432306,0.181429564994142,1,0.0646750124343632,0.183250395181811,0.100811872429537,0.0162987662712587,0.058976146100085,0.0486086041630504,0.251443404268054,0.270676090106573,0.0776333833272844,0.116838675962162,0.00340030813767691,0.159098744945341,0.0451742766996626,0.0237819648876339,0.0167087287318249,0.0404482345296044,0.0806676059040129,0.229497166211186,0.00276370889553666,0.0996697548414471,0.0805665551424119,0.146086828520235,0.060941098156843,0.0700729589656777,0.1319814135017,0.127310978161755,0.237516631257924,0.292894962228366,0.136511232653297,0.116433501744203,0.0591739604154964,0.0820779792233628,0.330451322138764,0.378867761645868,0.146761033611371,0.0525857012476813,0.0502195518857365,0.221813177910861,0.0919902095488459,0.285283222259434,0.143007277576781,0.0245330923460864,0.14652128328229,0.0723528985612108,0.212860170914743,0.22831495023972,0.196985136986238,0.205280558871213,0.152282336016196,0.0112300438048611,0.022930760950482,0.152589919257671,0.0209724097488033,0.264316969419568,0.303471791650714,0.0568054963570942,0.22751294786809,0.206679393699176,0.128188644392873,0.205194439119557,0.0325058422448705,0.142452518546478,0.0555289196521699,0.0193171130246139,0.258113975025899,0.286578194586503,0.0888587818556414,0.268246936430663,0.172062116160859,0.26052484344681,0.0994942571203902,0.165901556246721,0.148700575864152
"10",0.302853645510991,0.0517358294494687,0.00155661306837135,0.254192866997101,0.0536261564538735,0.230793140163333,0.240518370980321,0.2137058888394,0.0646750124343632,1,0.0933333771396604,0.425763983919145,0.349198779420017,0.241195886266393,0.326364619398197,0.182482411116109,0.158420401277981,0.442334131286106,0.16933021944431,0.331003219055068,0.0496435793808624,0.333446898231409,0.164230107099216,0.214520420062713,0.195865217677918,0.0125043386489348,0.252073460625351,0.355946745747996,0.321672927724088,0.331147847967175,0.285294935703362,0.312688110554459,0.443431335870842,0.391767934269898,0.206301233266285,0.15626404848393,0.383395350953097,0.262662268004954,0.308224654429057,0.24422378038585,0.247249571528169,0.41680173836392,0.160285006105718,0.193810622046946,0.0911195942090909,0.0596709450696641,0.193725705298461,0.0766288656602807,0.185247431506241,0.462272973132935,0.383683840686975,0.00363424261203519,0.112774854661304,0.0862668614924268,0.110373645674551,0.319578510217777,0.285903876778296,0.272265017384866,0.174614614215516,0.238203090318981,0.246823265458823,0.377024202643468,0.405004286205811,0.127976090757538,0.284569543120171,0.160599052893705,0.433100208237979,0.0448577809728121,0.0200932856650763,0.118760973686958,0.278513678651411,0.376607341561022,0.0295844727166155,0.323554930198488,0.394059875969216,0.0463444576883739,0.17751751905811,0.194622141198556,0.401659333354313,0.00318458685529962,0.337470677425192,0.402280795267654
"11",0.00492213804455271,0.180990337067284,0.201136050416575,0.123262162489234,0.0025808312567766,0.285767269800846,0.0518294136140499,0.255687792787479,0.183250395181811,0.0933333771396604,1,0.204876238469855,0.217833407931956,0.215968614493168,0.0194505212349396,0.0706160264051159,0.518314312966178,0.38440618651149,0.253663357675736,0.231339138473527,0.278295788790901,0.176809762950843,0.394355113132987,0.236017898071309,0.0705775020174159,0.379263970204688,0.250256757811025,0.371614374555117,0.365869835475169,0.351584734397172,0.373736474398665,0.439893293246304,0.321390298694219,0.0743427657616026,0.339157485937492,0.038732955315522,0.0775752473086904,0.20409550542763,0.128293803138893,0.204382487009332,0.0935238904494465,0.153759044157318,0.0202952755918698,0.289922500740597,0.348966174590643,0.119264898756221,0.0147733393373713,0.104358458639616,0.00951338231389589,0.250684509731914,0.344877613376581,0.15509434897774,0.159113096107415,0.191486237050331,0.194680357694486,0.114416199159033,0.0814460522354772,0.441969977958457,0.382383065718238,0.376213103604965,0.377596150571328,0.50377389154387,0.198372996053329,0.364561437228601,0.156824304634879,0.165617194684062,0.12321874954183,0.280394608542547,0.248830296638042,0.306071312609367,0.155148107138648,0.129084599965274,0.069001446661939,0.113909088180735,0.0374878565417505,0.043172033205086,0.0566799309507807,0.203904705131233,0.0359107164895716,0.0244802571716396,0.233423346667248,0.286314181352217
"12",0.402598751214992,0.0854141634973334,0.0739926313332811,0.506838432804014,0.0971271045939319,0.305671758223745,0.37787206510143,0.237663372275506,0.100811872429537,0.425763983919145,0.204876238469855,1,0.385158764659169,0.181429772920285,0.355734715263661,0.172027129722888,0.209803485979957,0.507406453388708,0.289991320445906,0.465006254097567,0.0613180942281694,0.337855932683387,0.178514008658251,0.263064518590492,0.163125935437923,0.0744002756673224,0.229595411770119,0.514029142760073,0.495243291367836,0.388252990531191,0.353918837934899,0.427769412056878,0.50853532467741,0.516260900859234,0.297320725432241,0.291904113666683,0.451158318497776,0.23120312217568,0.382431691054143,0.24383720990376,0.430239622103191,0.538737887742918,0.251661722165745,0.260465805186946,0.114459395048323,0.07716730090588,0.25841306133722,0.132697386042693,0.340242943513717,0.538490625766553,0.516936275665597,0.155937298380324,0.0222179659526772,0.0810185313751531,0.138829322928684,0.352375783379533,0.18563637555967,0.312813508667927,0.305228822147094,0.444065944120857,0.251654390802805,0.486372893097547,0.472701704189389,0.0529459036241556,0.312867903101128,0.225683883590107,0.579088577695439,0.269616055257945,0.0513376449356819,0.290034622554579,0.37186368588194,0.38049465626339,0.13460737011794,0.391205551985067,0.445615827439418,0.130830758683196,0.268045353230016,0.235366816662593,0.560726979169729,0.0871795925037178,0.356932839479216,0.512312227591187
"13",0.228120160492363,0.0288421661732749,0.00733822967403981,0.213972407848722,0.116586056868104,0.057300387666606,0.196591059775791,0.0198649529168166,0.0162987662712587,0.349198779420017,0.217833407931956,0.385158764659169,1,0.291124165823514,0.312399374432629,0.170260456565223,0.39669570662009,0.520525252446273,0.275189215712827,0.441100941913227,0.230274110656928,0.372848140864569,0.339296603932154,0.301119618082028,0.215113986564985,0.00346008534632761,0.245460499504492,0.451561357410866,0.344720778768818,0.345170745198267,0.382306230119109,0.377973869346523,0.41055616177444,0.369806047291873,0.144930277716825,0.1088926976104,0.252726717485553,0.211074453144198,0.235711424857034,0.276900429897604,0.243775977607378,0.214313134272411,0.0672950130320108,0.266953124213806,0.212471558781992,0.17716125842157,0.190602921488155,0.116647150742415,0.122002200046811,0.490808905444945,0.429751591577899,0.0931671076044926,0.0680823546999504,0.117862858985421,0.0694033446071004,0.344073457599511,0.24832877703776,0.317216737478523,0.243191808264809,0.35882732467324,0.401015044995412,0.498208018073952,0.400726873657588,0.103333330482312,0.360708807166362,0.20631238407575,0.274171556573772,0.155682126086029,0.25888141646741,0.288844042176883,0.205271039813916,0.347529337320172,0.109834666745033,0.184651616374471,0.161039056562025,0.030228745511063,0.144887136371291,0.0106261074165739,0.32390779118097,0.0448144715734519,0.310610591464959,0.390975827278688
"14",0.0906274152800731,0.084896430002734,0.0592384965522983,0.0492359665893947,0.333368906574007,0.170694371730901,0.0454545159180076,0.0741673885527726,0.058976146100085,0.241195886266393,0.215968614493168,0.181429772920285,0.291124165823514,1,0.217750115726937,0.0964602456477135,0.29099383554306,0.443669581240681,0.10215913934952,0.277458814784888,0.287654585035525,0.276247914758699,0.455665446848289,0.31359156833988,0.194971928596696,0.0357215646823737,0.392479680716062,0.204797431585328,0.151042206969006,0.220699996762883,0.375025034734216,0.338674739005103,0.15534845182608,0.146232031788854,0.0914041180313509,0.174181542946199,0.0580052736867716,0.22748367870429,0.0892492171492725,0.249093339295514,0.0119240194131597,0.000643622430313051,0.0529640895522331,0.165723306147734,0.281432202367084,0.268385919606365,0.13710848414401,0.102589819563799,0.0184411066036419,0.333773535594503,0.305573501870516,0.038679122164597,0.122021613126829,0.113736967556548,0.200859350930174,0.360672957966195,0.244428333468419,0.14403266024238,0.28074482717087,0.171630415498197,0.324323813179368,0.307737124778071,0.317572786507145,0.150531680537827,0.189165627200661,0.0877655557490952,0.00724778564804482,0.0113056594517875,0.0741928624185885,0.141541930764077,0.15993686144759,0.264303006275087,0.241810766096769,0.206147920960987,0.0913223740425671,0.00475245830903537,0.0125106221363043,0.0459216871700105,0.0805124755664415,0.0971273334522585,0.198055442224946,0.228125165562259
"15",0.189798115499155,0.115835028024746,0.0326670836931179,0.252322005492148,0.0289967199150841,0.157468394740953,0.198144700069485,0.139158979953852,0.0486086041630504,0.326364619398197,0.0194505212349396,0.355734715263661,0.312399374432629,0.217750115726937,1,0.0634369360062908,0.132736682638309,0.327666787632455,0.0529488513884895,0.268772302431109,0.0543617861707136,0.336154411822407,0.157791556960796,0.253804929958538,0.156681632538615,0.0207852777452172,0.134685210080151,0.365110232189581,0.20295136058205,0.244132184950432,0.121025112098686,0.286653028420216,0.404931018210159,0.346700570562443,0.0467945068790423,0.0547493595137923,0.360312652508725,0.191946534633746,0.227045396429594,0.166282729740351,0.132353251846937,0.306219919155013,0.189171747837241,0.144914258933602,0.0296163706047145,0.0211293830773572,0.218381440611322,0.0116064436552191,0.127918790879427,0.426427072101318,0.312013388131669,0.108228148665944,0.0227523986804387,0.0336291876865796,0.16205956786913,0.24996831009543,0.111996901224256,0.190972195331994,0.109875571969065,0.13732582936923,0.291774470510786,0.32144009593786,0.264739914816257,0.115410293233289,0.243583302217632,0.0429735000128017,0.258298048429688,0.20385653269373,0.0230361706502615,0.159630185229365,0.216409268356241,0.290296425829893,0.0406497173402498,0.389920774468963,0.240736219651971,0.0228945796817018,0.116287139126532,0.258846434347071,0.398470999324781,0.056318208419966,0.267485448892899,0.285206213282747
"16",0.164714833734943,0.109372431285176,0.0972466080721224,0.329966116704253,0.1113386462814,0.266292865022674,0.300954374363607,0.163290288123563,0.251443404268054,0.182482411116109,0.0706160264051159,0.172027129722888,0.170260456565223,0.0964602456477135,0.0634369360062908,1,0.0315003760401475,0.33891860921858,0.330242023643872,0.28205117400412,0.112474810075674,0.287211842595508,0.219938997591494,0.278780290640916,0.259729568736516,0.325534553968986,0.15552024456324,0.175369227828923,0.357631953263534,0.26763849965207,0.234002930289144,0.143632406566252,0.134368960663127,0.287050707007135,0.0484001221227489,0.211126173526125,0.224540140130564,0.146723746080425,0.12677016675298,0.10856895343353,0.350391834406216,0.324579794773287,0.308273061565696,0.233916074670746,0.0564460887655713,0.0894400121151342,0.212195431824667,0.12353579329046,0.302981650064343,0.290700021307625,0.352500017194885,0.154307967464516,0.0296137785410189,0.0320301546099613,0.021719678443932,0.36688153738485,0.254721318990568,0.0646947954400072,0.209514370169173,0.135199321481807,0.0412341710563556,0.206896545393826,0.418875834687225,0.0950827971243149,0.253701624843501,0.212069515923887,0.250451053952622,0.0330550302602687,0.0223262371439828,0.27522538855217,0.243720475216305,0.205495922667759,0.00533314378605848,0.311953232164291,0.178189315026273,0.0806354152371035,0.286773681690047,0.0535680586670787,0.309300192451641,0.0651649760536776,0.2213008009983,0.324835293363026
"17",0.0310078579364963,0.10947697835789,0.24158265662918,0.0558930133325386,0.0749744906259454,0.489268756290372,0.0382063907105277,0.327328614410746,0.270676090106573,0.158420401277981,0.518314312966178,0.209803485979957,0.39669570662009,0.29099383554306,0.132736682638309,0.0315003760401475,1,0.48555042982773,0.218887985084661,0.316248617392178,0.327979067717117,0.333669577258958,0.515740295885218,0.395895129370936,0.186668388075677,0.17143672072331,0.207682621092651,0.497925731543144,0.370060483926475,0.491403568661974,0.377730518639421,0.510437036794254,0.397737859860271,0.152288864516242,0.193881092588824,0.153716305522527,0.154613894277417,0.208516562768706,0.0292351397628706,0.351919996451979,0.120178257558713,0.215634232775241,0.149884601785433,0.409850745225059,0.322068567539038,0.141706429740024,0.0367081799625419,0.156547814771459,0.0740978200802878,0.414992597172567,0.436262238929252,0.284328006635979,0.161839998462943,0.320715675257283,0.288718831672214,0.238728412433007,0.237320173356689,0.582641880619522,0.467383645958434,0.36340092448216,0.575913717350222,0.516221203885814,0.233696690726915,0.41889978046466,0.256153900541459,0.126329629524805,0.00863766428994414,0.371431675822843,0.371155455597087,0.431593938613443,0.172535396387043,0.222096143792497,0.183817986657084,0.121550568021149,0.14607223525286,0.040074883204511,0.0548422821912237,0.2395595523074,0.0140648827130508,0.0418279672955322,0.297581840342914,0.349046470190385
"18",0.280598795811178,0.0866375692428647,0.212832776564101,0.462459896185125,0.19736856517679,0.0333652175795986,0.303086439838363,0.00559280235233545,0.0776333833272844,0.442334131286106,0.38440618651149,0.507406453388708,0.520525252446273,0.443669581240681,0.327666787632455,0.33891860921858,0.48555042982773,1,0.534993370362269,0.526816916602095,0.239545540395969,0.489176570430699,0.511811918740104,0.549574970942911,0.366488312710238,0.110182782739544,0.547884100183443,0.621295535851298,0.614376988175484,0.555304382293573,0.64456806134521,0.634908318658987,0.494811662354515,0.501415349731865,0.259819099431312,0.153320156673074,0.309391931733002,0.441628168970854,0.35567592687797,0.391801162142317,0.355362817683051,0.337932443920123,0.227595110925945,0.339684351588335,0.432106947790707,0.282713727838043,0.323181053555762,0.0339269684571154,0.364690317186392,0.734109205395422,0.67354453117626,0.114548355803746,0.0941732364146541,0.198678932719585,0.0928570596005295,0.597639402589652,0.479881326044232,0.549400754414747,0.587799024883773,0.540852238781128,0.57617391821799,0.680689181505467,0.68156913842631,0.098513270710797,0.433797540522324,0.410929455817286,0.453117643203013,0.255850608729845,0.225467416025603,0.442769867210011,0.450345403633119,0.490743761696582,0.141448412855882,0.382757984621511,0.332816052515715,0.0927424874673499,0.347155859978599,0.00714256087833191,0.507090772546243,0.0406849732106355,0.506079916150396,0.657226598711518
"19",0.179855505557884,0.017192126989117,0.202359698345468,0.40463543611783,0.0572218955735925,0.095331087941991,0.24495915817101,0.0556559930055502,0.116838675962162,0.16933021944431,0.253663357675736,0.289991320445906,0.275189215712827,0.10215913934952,0.0529488513884895,0.330242023643872,0.218887985084661,0.534993370362269,1,0.367887724984008,0.0674451425785506,0.296780999874534,0.295121965371568,0.249991347752655,0.26262315402288,0.0411025513458516,0.2515216599678,0.405331455174859,0.453469264213406,0.303864927170137,0.447236627772985,0.380868308623652,0.196567941865158,0.328598226058343,0.229763773762717,0.173563378515091,0.262712764328901,0.268568652886747,0.326328444862211,0.114659681949845,0.313853934112218,0.262353565799317,0.319697951044481,0.220338120555451,0.296931166268589,0.143421295575968,0.237838312157052,0.0720783819071628,0.347059636467599,0.367706271543282,0.459332837429083,0.0866366613593665,0.0132717207704974,0.0814043890057552,0.0896304578941943,0.423157860436735,0.298643506098341,0.378783903154446,0.396904969169925,0.402045068247605,0.260087030806517,0.428107857281227,0.469755629504041,0.0573735625455954,0.254935136964009,0.349963327191162,0.342739351321228,0.222995183005778,0.126196901238846,0.29419872695678,0.340266965003869,0.178348438315368,0.0277721290180873,0.235296416801572,0.254443013431979,0.0278597256364083,0.322631328760893,0.0857339164356395,0.335731249264732,0.0379955561813735,0.298444617256133,0.456362733222758
"20",0.326453214669777,0.0486103661800066,0.0409938237722368,0.307164647787373,0.0166188651529646,0.0406818276164939,0.333150738493046,0.0757543735872175,0.00340030813767691,0.331003219055068,0.231339138473527,0.465006254097567,0.441100941913227,0.277458814784888,0.268772302431109,0.28205117400412,0.316248617392178,0.526816916602095,0.367887724984008,1,0.0866698902656229,0.47887501696999,0.358804693595971,0.311093510357431,0.238031933673611,0.0800822281811162,0.239047811492678,0.417174574802297,0.451457435331424,0.433838466205438,0.342110641262655,0.369969487497319,0.498404270417314,0.414380020566155,0.16390104048513,0.219821979612158,0.190230828017615,0.310736900164204,0.300784035352648,0.283029595086789,0.338268753425191,0.303976759737174,0.186672183418223,0.32528279892828,0.138396649577736,0.11663205950099,0.163836917754217,0.0142176475924849,0.196360285175799,0.498733658937376,0.454420040092511,0.257298630449099,0.0569379020992719,0.0929374182064698,0.0396727552585781,0.383839516784993,0.216626478955376,0.289667932644802,0.206638634176053,0.463942357489316,0.264812799045829,0.551010142178557,0.465743464953627,0.11778105105223,0.415903491442723,0.212731992359393,0.395404239232161,0.264801276107381,0.218227790848282,0.31879526818415,0.365388769595986,0.350741749423521,0.00813062405598027,0.275151666699433,0.248368007955157,0.0605872530696334,0.208691891215962,0.0411044938375272,0.437897953724354,0.0549965431815344,0.329806201973723,0.495832773364703
"21",0.0608971529193036,0.0257039348215357,0.028944566620771,0.291069812905082,0.311796505151601,0.416875794122599,0.173275074876456,0.248438352848437,0.159098744945341,0.0496435793808624,0.278295788790901,0.0613180942281694,0.230274110656928,0.287654585035525,0.0543617861707136,0.112474810075674,0.327979067717117,0.239545540395969,0.0674451425785506,0.0866698902656229,1,0.166540042986676,0.367480317164082,0.183138879232226,0.0998533887641518,0.103776531994742,0.299912279351508,0.0484786414411244,0.0449854364716233,0.124975467350997,0.312495301647908,0.144782496843191,0.0743991697784204,0.139211915150043,0.00501317958585337,0.207591525958979,0.21015525739602,0.16557472031271,0.0741114460663681,0.183495069952738,0.105174514739476,0.355331560741982,0.17208160150512,0.0428209239113278,0.289091502310253,0.295653803284255,0.0739110848526789,0.215850398577523,0.149802029544024,0.151750192703172,0.020519698344324,0.128412631797765,0.163255027576831,0.252785938896027,0.173753642329592,0.0817847584841929,0.115483069005338,0.122638063488302,0.148327646002862,0.0977874987726829,0.363869879578754,0.226638085787717,0.121419342276095,0.229089559701981,0.18887828297555,0.10467086422427,0.135897033010172,0.023080321345323,0.164530041039761,0.0954934332511343,0.0124242531585576,0.10880109966437,0.350399683987868,0.20774110678896,0.222501044507051,0.0210426965887383,0.115169039320556,0.0723403318925173,0.163646944678726,0.169817090904656,0.152390447178299,0.0111539159663598
"22",0.215468421930746,0.00830299806584299,0.0277504703748006,0.172972754711432,0.0682248889014585,0.0208749548893413,0.237818022468648,0.0249313472651089,0.0451742766996626,0.333446898231409,0.176809762950843,0.337855932683387,0.372848140864569,0.276247914758699,0.336154411822407,0.287211842595508,0.333669577258958,0.489176570430699,0.296780999874534,0.47887501696999,0.166540042986676,1,0.346389399074179,0.312463279045192,0.216912210825417,0.0850754781200146,0.234493901220354,0.388281048138499,0.286616097670704,0.344419562974713,0.310840729886644,0.365459013790546,0.372749461347532,0.320959619947262,0.116638529605267,0.0580718473273888,0.166106509524582,0.227718437067293,0.310846339552106,0.227454509949877,0.246114761790435,0.190609167793262,0.14596798968629,0.257059250521965,0.168485244624053,0.132340505901884,0.154049648156962,0.0537396002302445,0.193071372884822,0.430531616649773,0.389563976402043,0.167154874364251,0.0275603759983268,0.189855639799576,0.0906829388410456,0.355917639308621,0.202357486869417,0.285545762115345,0.244346322737898,0.294683663633827,0.320673678715418,0.464579301065881,0.397732676203549,0.146343018879603,0.381843884694972,0.103240661964552,0.299353016407238,0.173566240070789,0.0871680712216285,0.314210093937609,0.335031147102975,0.306488488121879,0.00282655057652574,0.259041929909602,0.137695374697025,0.0189703857926364,0.200080271993542,0.0520593473917366,0.272648969888154,0.0182023102558479,0.310683012217608,0.399239373707048
"23",0.0506272785280041,0.021481473202867,0.174621793659367,0.0850200479671561,0.300067555795342,0.34766536435427,0.039554967485454,0.204587930564841,0.0237819648876339,0.164230107099216,0.394355113132987,0.178514008658251,0.339296603932154,0.455665446848289,0.157791556960796,0.219938997591494,0.515740295885218,0.511811918740104,0.295121965371568,0.358804693595971,0.367480317164082,0.346389399074179,1,0.416238803942975,0.298209284284139,0.0578775797490664,0.366127482327414,0.358756886087537,0.32867976636118,0.49653031062825,0.504579377581091,0.406029144474162,0.238127738262219,0.174929116256886,0.153053044117319,0.169706371322338,0.0310879854458636,0.284422442811531,0.147391323151937,0.27829933720256,0.124089659649409,0.112156586611307,0.0480242600613961,0.270858228181501,0.411069405535727,0.313011993156781,0.122491922069325,0.0646853070404832,0.0433041422331152,0.362602612301481,0.428952656061608,0.0561746457289294,0.17680637079823,0.218972761196645,0.300767281964552,0.407715254447246,0.280188659460957,0.326766101882288,0.472515959211526,0.274909165321524,0.422409941258285,0.473796617570465,0.371977333744943,0.296997192670393,0.314606236887609,0.213652637123385,0.0438157611381799,0.118593650255694,0.278965199685065,0.392262421576691,0.188719378556837,0.255845886349912,0.344339627819215,0.0867660462751362,0.0106855687750155,0.131595308373936,0.0339005306604325,0.20123364464533,0.0732242331181119,0.0711164297714337,0.247811725286633,0.37183690338988
"24",0.117282897256597,0.0555254239878555,0.130881615722163,0.182475368381357,0.203160243236078,0.127232480275715,0.136535488709736,0.0103755128657321,0.0167087287318249,0.214520420062713,0.236017898071309,0.263064518590492,0.301119618082028,0.31359156833988,0.253804929958538,0.278780290640916,0.395895129370936,0.549574970942911,0.249991347752655,0.311093510357431,0.183138879232226,0.312463279045192,0.416238803942975,1,0.270763292899371,0.0528410775805523,0.321028154830618,0.341717133908328,0.319168964831244,0.398405330074332,0.436693113248923,0.363561415522723,0.264687602619976,0.309577706347811,0.0713938887179206,0.00288470268366263,0.122589646329952,0.19023971464006,0.153620042150526,0.243408862540936,0.274473307248985,0.1081882769083,0.0550738913147731,0.189764389360928,0.284567449999084,0.142935456641978,0.105227851755648,0.0180784033818273,0.167596021306073,0.446522927086027,0.44531502310881,0.0855849921711498,0.0552199702582267,0.160048989490709,0.0636843085249288,0.369310198086569,0.346084461952923,0.331799488199198,0.404893503126365,0.233902442662726,0.381721410558866,0.422215810374143,0.384836601684682,0.148070545191773,0.294326889514349,0.236834330131158,0.132336827130411,0.120820078499536,0.141958050656776,0.322122614135174,0.287540715920781,0.308711275459981,0.185645264858402,0.222591780376544,0.0796677596080011,0.0449431269064108,0.136201897571079,0.0528178676183944,0.201231674766362,0.00724138983909818,0.334883416119224,0.357544899523092
"25",0.206431531058524,0.0610768029639233,0.00308862398478395,0.000551818386383192,0.334492902135032,0.0124283127617142,0.165197413205769,0.0851464119098064,0.0404482345296044,0.195865217677918,0.0705775020174159,0.163125935437923,0.215113986564985,0.194971928596696,0.156681632538615,0.259729568736516,0.186668388075677,0.366488312710238,0.26262315402288,0.238031933673611,0.0998533887641518,0.216912210825417,0.298209284284139,0.270763292899371,1,0.0650424959582643,0.190572382566914,0.239502605952343,0.214006709069554,0.284825132703704,0.284114792219355,0.0662047796822028,0.185811186487671,0.313247535007452,0.025162852846586,0.069279289517743,0.204223229897178,0.17769829175502,0.117032432499847,0.0689967672144242,0.184053110090648,0.146477102902491,0.115236469879055,0.0561893913982165,0.143268528938358,0.312924663047437,0.170413752892819,0.0408214572948437,0.131380021584375,0.266942172520379,0.243536767122852,0.234530111549077,0.0439440229327916,0.0845923464051467,8.97399999795613e-05,0.338012107248254,0.443572770549929,0.23095790429638,0.384938170345591,0.147797410974917,0.13406740167985,0.221399241766016,0.351036398313662,0.0611404575674467,0.263795073100571,0.258272372700371,0.218345887064911,0.0843626010327178,0.114042112758798,0.156411465277385,0.238091462562144,0.270070482534934,0.110620063751352,0.194180086315722,0.107896176244311,0.00553725151559241,0.0766907293924768,0.114086415338635,0.221253416610023,0.0465226842332817,0.162964897126531,0.22727688939329
"26",0.00282318819199617,0.0937841408868116,0.0538577228048495,0.0759232204828622,0.088244740323485,0.111255533440907,0.0262225577266951,0.113759894756316,0.0806676059040129,0.0125043386489348,0.379263970204688,0.0744002756673224,0.00346008534632761,0.0357215646823737,0.0207852777452172,0.325534553968986,0.17143672072331,0.110182782739544,0.0411025513458516,0.0800822281811162,0.103776531994742,0.0850754781200146,0.0578775797490664,0.0528410775805523,0.0650424959582643,1,0.081284872754986,0.202827947521413,0.121900019830565,0.103882300360941,0.144102917037272,0.255308996271096,0.203461940783378,0.0231632351131306,0.317009065829213,0.0621319349713449,0.0617446087152635,0.132769141458925,0.0192971978915096,0.0988506509977016,0.102818510553654,0.0207494253916407,0.0129327965838747,0.0301906444864094,0.191731455254696,0.118281724292762,0.0298237561219114,0.103634536142541,0.0513701424754509,0.113752381098245,0.069496005610644,0.0881478056033413,0.0555593592511838,0.0378864008228515,0.00569362430322007,0.140653133722057,0.0312989192105792,0.243685963879407,0.276770404558337,0.178263904500976,0.129453629894536,0.213750081623193,0.0524745906724398,0.0835728571741743,0.0329688940423914,0.0876532585484597,0.175538253102853,0.098834728269236,0.0744431416238153,0.0493767373204663,0.0101417542724884,0.0777725681819993,0.135825174038037,0.119850154907269,0.0299629544311,0.104149875266377,0.00996434068970156,0.00727245130233994,0.0410805074542612,0.0454544635058124,0.0408958486115464,0.1044065239189
